% Column 0: Length, cm
% Column 1: |B.n|, Tesla
% Column 2: Re[B.n], Tesla
% Column 3: Im[B.n], Tesla
0.00000000e+000	4.41106752e-016	-4.41105965e-016	-8.32967331e-019	
1.00178891e-001	4.36021215e-015	-4.36020419e-015	-8.33186503e-018	
2.00357782e-001	6.99891734e-015	-6.99890459e-015	-1.33607089e-017	
3.00536673e-001	1.22439580e-014	-1.22439360e-014	-2.32107403e-017	
4.00715564e-001	1.22439580e-014	-1.22439360e-014	-2.32107403e-017	
5.00894454e-001	1.97381695e-014	-1.97381359e-014	-3.64032354e-017	
6.01073345e-001	1.97381695e-014	-1.97381359e-014	-3.64032354e-017	
7.01252236e-001	1.97381695e-014	-1.97381359e-014	-3.64032354e-017	
8.01431127e-001	1.97381695e-014	-1.97381359e-014	-3.64032354e-017	
9.01610018e-001	5.76424286e-014	-5.76423988e-014	-5.86032779e-017	
1.00178891e+000	5.76424286e-014	-5.76423988e-014	-5.86032779e-017	
1.10196780e+000	5.76424286e-014	-5.76423988e-014	-5.86032779e-017	
1.20214669e+000	5.76424286e-014	-5.76423988e-014	-5.86032779e-017	
1.30232558e+000	5.76424286e-014	-5.76423988e-014	-5.86032779e-017	
1.40250447e+000	5.76424286e-014	-5.76423988e-014	-5.86032779e-017	
1.50268336e+000	5.76424286e-014	-5.76423988e-014	-5.86032779e-017	
1.60286225e+000	5.76424286e-014	-5.76423988e-014	-5.86032779e-017	
1.70304114e+000	5.76424286e-014	-5.76423988e-014	-5.86032779e-017	
1.80322004e+000	6.65571916e-014	-6.65571842e-014	-3.14106667e-017	
1.90339893e+000	6.65571916e-014	-6.65571842e-014	-3.14106667e-017	
2.00357782e+000	6.65571916e-014	-6.65571842e-014	-3.14106667e-017	
2.10375671e+000	6.65571916e-014	-6.65571842e-014	-3.14106667e-017	
2.20393560e+000	9.34370597e-014	-9.34370354e-014	6.73413518e-017	
2.30411449e+000	9.34370597e-014	-9.34370354e-014	6.73413518e-017	
2.40429338e+000	9.34370597e-014	-9.34370354e-014	6.73413518e-017	
2.50447227e+000	9.34370597e-014	-9.34370354e-014	6.73413518e-017	
2.60465116e+000	9.34370597e-014	-9.34370354e-014	6.73413518e-017	
2.70483005e+000	1.10707695e-013	-1.10707429e-013	2.43052734e-016	
2.80500894e+000	1.10707695e-013	-1.10707429e-013	2.43052734e-016	
2.90518784e+000	1.10707695e-013	-1.10707429e-013	2.43052734e-016	
3.00536673e+000	1.10707695e-013	-1.10707429e-013	2.43052734e-016	
3.10554562e+000	1.10707695e-013	-1.10707429e-013	2.43052734e-016	
3.20572451e+000	1.10707695e-013	-1.10707429e-013	2.43052734e-016	
3.30590340e+000	1.10707695e-013	-1.10707429e-013	2.43052734e-016	
3.40608229e+000	1.10707695e-013	-1.10707429e-013	2.43052734e-016	
3.50626118e+000	1.10707695e-013	-1.10707429e-013	2.43052734e-016	
3.60644007e+000	1.63751558e-013	-1.63750351e-013	6.28730386e-016	
3.70661896e+000	1.63751558e-013	-1.63750351e-013	6.28730386e-016	
3.80679785e+000	1.63751558e-013	-1.63750351e-013	6.28730386e-016	
3.90697674e+000	1.63751558e-013	-1.63750351e-013	6.28730386e-016	
4.00715564e+000	1.90168822e-013	-1.90165432e-013	1.13561002e-015	
4.10733453e+000	1.90168822e-013	-1.90165432e-013	1.13561002e-015	
4.20751342e+000	1.90168822e-013	-1.90165432e-013	1.13561002e-015	
4.30769231e+000	1.90168822e-013	-1.90165432e-013	1.13561002e-015	
4.40787120e+000	1.90168822e-013	-1.90165432e-013	1.13561002e-015	
4.50805009e+000	1.90168822e-013	-1.90165432e-013	1.13561002e-015	
4.60822898e+000	1.90168822e-013	-1.90165432e-013	1.13561002e-015	
4.70840787e+000	1.90168822e-013	-1.90165432e-013	1.13561002e-015	
4.80858676e+000	1.90168822e-013	-1.90165432e-013	1.13561002e-015	
4.90876565e+000	2.31751855e-013	-2.31745244e-013	1.75047579e-015	
5.00894454e+000	2.31751855e-013	-2.31745244e-013	1.75047579e-015	
5.10912343e+000	2.31751855e-013	-2.31745244e-013	1.75047579e-015	
5.20930233e+000	2.31751855e-013	-2.31745244e-013	1.75047579e-015	
5.30948122e+000	2.49533756e-013	-2.49523088e-013	2.30733056e-015	
5.40966011e+000	2.49533756e-013	-2.49523088e-013	2.30733056e-015	
5.50983900e+000	2.49533756e-013	-2.49523088e-013	2.30733056e-015	
5.61001789e+000	2.49533756e-013	-2.49523088e-013	2.30733056e-015	
5.71019678e+000	2.04973498e-013	-2.04961330e-013	2.23341960e-015	
5.81037567e+000	2.04973498e-013	-2.04961330e-013	2.23341960e-015	
5.91055456e+000	2.04973498e-013	-2.04961330e-013	2.23341960e-015	
6.01073345e+000	2.04973498e-013	-2.04961330e-013	2.23341960e-015	
6.11091234e+000	2.04973498e-013	-2.04961330e-013	2.23341960e-015	
6.21109123e+000	2.04973498e-013	-2.04961330e-013	2.23341960e-015	
6.31127013e+000	2.04973498e-013	-2.04961330e-013	2.23341960e-015	
6.41144902e+000	2.04973498e-013	-2.04961330e-013	2.23341960e-015	
6.51162791e+000	2.04973498e-013	-2.04961330e-013	2.23341960e-015	
6.61180680e+000	2.25441093e-013	-2.25425881e-013	2.61893629e-015	
6.71198569e+000	2.25441093e-013	-2.25425881e-013	2.61893629e-015	
6.81216458e+000	2.25441093e-013	-2.25425881e-013	2.61893629e-015	
6.91234347e+000	2.25441093e-013	-2.25425881e-013	2.61893629e-015	
7.01252236e+000	2.15158580e-013	-2.15146440e-013	2.28555067e-015	
7.11270125e+000	2.15158580e-013	-2.15146440e-013	2.28555067e-015	
7.21288014e+000	2.15158580e-013	-2.15146440e-013	2.28555067e-015	
7.31305903e+000	2.15158580e-013	-2.15146440e-013	2.28555067e-015	
7.41323792e+000	2.15158580e-013	-2.15146440e-013	2.28555067e-015	
7.51341682e+000	1.51761565e-013	-1.51755748e-013	1.32869765e-015	
7.61359571e+000	1.51761565e-013	-1.51755748e-013	1.32869765e-015	
7.71377460e+000	1.51761565e-013	-1.51755748e-013	1.32869765e-015	
7.81395349e+000	1.51761565e-013	-1.51755748e-013	1.32869765e-015	
7.91413238e+000	1.10066848e-013	-1.10065421e-013	-5.60459607e-016	
8.01431127e+000	1.10066848e-013	-1.10065421e-013	-5.60459607e-016	
8.11449016e+000	1.10066848e-013	-1.10065421e-013	-5.60459607e-016	
8.21466905e+000	1.10066848e-013	-1.10065421e-013	-5.60459607e-016	
8.31484794e+000	1.10066848e-013	-1.10065421e-013	-5.60459607e-016	
8.41502683e+000	2.91501837e-014	-2.88575098e-014	-4.12035623e-015	
8.51520572e+000	2.91501837e-014	-2.88575098e-014	-4.12035623e-015	
8.61538462e+000	2.91501837e-014	-2.88575098e-014	-4.12035623e-015	
8.71556351e+000	2.91501837e-014	-2.88575098e-014	-4.12035623e-015	
8.81574240e+000	8.66059894e-014	8.61876952e-014	-8.50168220e-015	
8.91592129e+000	8.66059894e-014	8.61876952e-014	-8.50168220e-015	
9.01610018e+000	8.66059894e-014	8.61876952e-014	-8.50168220e-015	
9.11627907e+000	8.66059894e-014	8.61876952e-014	-8.50168220e-015	
9.21645796e+000	8.66059894e-014	8.61876952e-014	-8.50168220e-015	
9.31663685e+000	8.66059894e-014	8.61876952e-014	-8.50168220e-015	
9.41681574e+000	8.66059894e-014	8.61876952e-014	-8.50168220e-015	
9.51699463e+000	8.66059894e-014	8.61876952e-014	-8.50168220e-015	
9.61717352e+000	8.66059894e-014	8.61876952e-014	-8.50168220e-015	
9.71735242e+000	2.08200180e-013	2.07726259e-013	-1.40398144e-014	
9.81753131e+000	2.08200180e-013	2.07726259e-013	-1.40398144e-014	
9.91771020e+000	2.08200180e-013	2.07726259e-013	-1.40398144e-014	
1.00178891e+001	2.08200180e-013	2.07726259e-013	-1.40398144e-014	
1.01180680e+001	4.02438327e-013	4.01721449e-013	-2.40100928e-014	
1.02182469e+001	4.02438327e-013	4.01721449e-013	-2.40100928e-014	
1.03184258e+001	4.02438327e-013	4.01721449e-013	-2.40100928e-014	
1.04186047e+001	4.02438327e-013	4.01721449e-013	-2.40100928e-014	
1.05187835e+001	6.63488345e-013	6.62629822e-013	-3.37417056e-014	
1.06189624e+001	6.63488345e-013	6.62629822e-013	-3.37417056e-014	
1.07191413e+001	6.63488345e-013	6.62629822e-013	-3.37417056e-014	
1.08193202e+001	6.63488345e-013	6.62629822e-013	-3.37417056e-014	
1.09194991e+001	6.63488345e-013	6.62629822e-013	-3.37417056e-014	
1.10196780e+001	8.52491928e-013	8.51636551e-013	-3.81794686e-014	
1.11198569e+001	8.52491928e-013	8.51636551e-013	-3.81794686e-014	
1.12200358e+001	8.52491928e-013	8.51636551e-013	-3.81794686e-014	
1.13202147e+001	8.52491928e-013	8.51636551e-013	-3.81794686e-014	
1.14203936e+001	8.52491928e-013	8.51636551e-013	-3.81794686e-014	
1.15205725e+001	8.52491928e-013	8.51636551e-013	-3.81794686e-014	
1.16207513e+001	8.52491928e-013	8.51636551e-013	-3.81794686e-014	
1.17209302e+001	8.52491928e-013	8.51636551e-013	-3.81794686e-014	
1.18211091e+001	1.71450987e-012	1.71330266e-012	-6.43280361e-014	
1.19212880e+001	1.71450987e-012	1.71330266e-012	-6.43280361e-014	
1.20214669e+001	1.71450987e-012	1.71330266e-012	-6.43280361e-014	
1.21216458e+001	1.71450987e-012	1.71330266e-012	-6.43280361e-014	
1.22218247e+001	1.71450987e-012	1.71330266e-012	-6.43280361e-014	
1.23220036e+001	2.59496694e-012	2.59383352e-012	-7.66882523e-014	
1.24221825e+001	2.59496694e-012	2.59383352e-012	-7.66882523e-014	
1.25223614e+001	2.59496694e-012	2.59383352e-012	-7.66882523e-014	
1.26225403e+001	2.59496694e-012	2.59383352e-012	-7.66882523e-014	
1.27227191e+001	2.59496694e-012	2.59383352e-012	-7.66882523e-014	
1.28228980e+001	2.59496694e-012	2.59383352e-012	-7.66882523e-014	
1.29230769e+001	2.59496694e-012	2.59383352e-012	-7.66882523e-014	
1.30232558e+001	2.59496694e-012	2.59383352e-012	-7.66882523e-014	
1.31234347e+001	2.59496694e-012	2.59383352e-012	-7.66882523e-014	
1.32236136e+001	5.02040118e-012	5.01936093e-012	-1.02195141e-013	
1.33237925e+001	5.02040118e-012	5.01936093e-012	-1.02195141e-013	
1.34239714e+001	5.02040118e-012	5.01936093e-012	-1.02195141e-013	
1.35241503e+001	5.02040118e-012	5.01936093e-012	-1.02195141e-013	
1.36243292e+001	5.02040118e-012	5.01936093e-012	-1.02195141e-013	
1.37245081e+001	5.02040118e-012	5.01936093e-012	-1.02195141e-013	
1.38246869e+001	5.02040118e-012	5.01936093e-012	-1.02195141e-013	
1.39248658e+001	5.02040118e-012	5.01936093e-012	-1.02195141e-013	
1.40250447e+001	6.11380255e-012	6.11297328e-012	-1.00693834e-013	
1.41252236e+001	6.11380255e-012	6.11297328e-012	-1.00693834e-013	
1.42254025e+001	6.11380255e-012	6.11297328e-012	-1.00693834e-013	
1.43255814e+001	6.11380255e-012	6.11297328e-012	-1.00693834e-013	
1.44257603e+001	6.11380255e-012	6.11297328e-012	-1.00693834e-013	
1.45259392e+001	9.93279832e-012	9.93219777e-012	-1.09223974e-013	
1.46261181e+001	9.93279832e-012	9.93219777e-012	-1.09223974e-013	
1.47262970e+001	9.93279832e-012	9.93219777e-012	-1.09223974e-013	
1.48264758e+001	9.93279832e-012	9.93219777e-012	-1.09223974e-013	
1.49266547e+001	1.10696937e-011	1.10694187e-011	-7.80249881e-014	
1.50268336e+001	1.10696937e-011	1.10694187e-011	-7.80249881e-014	
1.51270125e+001	1.10696937e-011	1.10694187e-011	-7.80249881e-014	
1.52271914e+001	1.10696937e-011	1.10694187e-011	-7.80249881e-014	
1.53273703e+001	1.22612878e-011	1.22611833e-011	-5.06213461e-014	
1.54275492e+001	1.22612878e-011	1.22611833e-011	-5.06213461e-014	
1.55277281e+001	1.22612878e-011	1.22611833e-011	-5.06213461e-014	
1.56279070e+001	1.22612878e-011	1.22611833e-011	-5.06213461e-014	
1.57280859e+001	1.22612878e-011	1.22611833e-011	-5.06213461e-014	
1.58282648e+001	2.03804951e-011	2.03804879e-011	-1.71629907e-014	
1.59284436e+001	2.03804951e-011	2.03804879e-011	-1.71629907e-014	
1.60286225e+001	2.03804951e-011	2.03804879e-011	-1.71629907e-014	
1.61288014e+001	2.03804951e-011	2.03804879e-011	-1.71629907e-014	
1.62289803e+001	2.09396017e-011	2.09395905e-011	2.16572293e-014	
1.63291592e+001	2.09396017e-011	2.09395905e-011	2.16572293e-014	
1.64293381e+001	2.09396017e-011	2.09395905e-011	2.16572293e-014	
1.65295170e+001	2.09396017e-011	2.09395905e-011	2.16572293e-014	
1.66296959e+001	2.06141812e-011	2.06141194e-011	5.04735362e-014	
1.67298748e+001	2.06141812e-011	2.06141194e-011	5.04735362e-014	
1.68300537e+001	2.06141812e-011	2.06141194e-011	5.04735362e-014	
1.69302326e+001	2.06141812e-011	2.06141194e-011	5.04735362e-014	
1.70304114e+001	2.06141812e-011	2.06141194e-011	5.04735362e-014	
1.71305903e+001	2.00071285e-011	2.00070606e-011	5.21034429e-014	
1.72307692e+001	2.00071285e-011	2.00070606e-011	5.21034429e-014	
1.73309481e+001	2.00071285e-011	2.00070606e-011	5.21034429e-014	
1.74311270e+001	2.00071285e-011	2.00070606e-011	5.21034429e-014	
1.75313059e+001	2.00071285e-011	2.00070606e-011	5.21034429e-014	
1.76314848e+001	2.00071285e-011	2.00070606e-011	5.21034429e-014	
1.77316637e+001	2.00071285e-011	2.00070606e-011	5.21034429e-014	
1.78318426e+001	2.00071285e-011	2.00070606e-011	5.21034429e-014	
1.79320215e+001	2.00071285e-011	2.00070606e-011	5.21034429e-014	
1.80322004e+001	2.54855875e-011	2.54855352e-011	5.15903015e-014	
1.81323792e+001	2.54855875e-011	2.54855352e-011	5.15903015e-014	
1.82325581e+001	2.54855875e-011	2.54855352e-011	5.15903015e-014	
1.83327370e+001	2.54855875e-011	2.54855352e-011	5.15903015e-014	
1.84329159e+001	2.20758272e-011	2.20758171e-011	2.10912575e-014	
1.85330948e+001	2.20758272e-011	2.20758171e-011	2.10912575e-014	
1.86332737e+001	2.20758272e-011	2.20758171e-011	2.10912575e-014	
1.87334526e+001	2.20758272e-011	2.20758171e-011	2.10912575e-014	
1.88336315e+001	2.20758272e-011	2.20758171e-011	2.10912575e-014	
1.89338104e+001	2.20758272e-011	2.20758171e-011	2.10912575e-014	
1.90339893e+001	2.20758272e-011	2.20758171e-011	2.10912575e-014	
1.91341682e+001	2.20758272e-011	2.20758171e-011	2.10912575e-014	
1.92343470e+001	2.20758272e-011	2.20758171e-011	2.10912575e-014	
1.93345259e+001	2.49665906e-011	2.49665905e-011	-2.50443306e-015	
1.94347048e+001	2.49665906e-011	2.49665905e-011	-2.50443306e-015	
1.95348837e+001	2.49665906e-011	2.49665905e-011	-2.50443306e-015	
1.96350626e+001	2.49665906e-011	2.49665905e-011	-2.50443306e-015	
1.97352415e+001	1.94440599e-011	1.94440505e-011	-1.90624530e-014	
1.98354204e+001	1.94440599e-011	1.94440505e-011	-1.90624530e-014	
1.99355993e+001	1.94440599e-011	1.94440505e-011	-1.90624530e-014	
2.00357782e+001	1.94440599e-011	1.94440505e-011	-1.90624530e-014	
2.01359571e+001	1.33407516e-011	1.33407253e-011	-2.65120582e-014	
2.02361360e+001	1.33407516e-011	1.33407253e-011	-2.65120582e-014	
2.03363148e+001	1.33407516e-011	1.33407253e-011	-2.65120582e-014	
2.04364937e+001	1.33407516e-011	1.33407253e-011	-2.65120582e-014	
2.05366726e+001	1.33407516e-011	1.33407253e-011	-2.65120582e-014	
2.06368515e+001	7.26461340e-012	7.26460085e-012	-1.35052984e-014	
2.07370304e+001	7.26461340e-012	7.26460085e-012	-1.35052984e-014	
2.08372093e+001	7.26461340e-012	7.26460085e-012	-1.35052984e-014	
2.09373882e+001	7.26461340e-012	7.26460085e-012	-1.35052984e-014	
2.10375671e+001	7.26461340e-012	7.26460085e-012	-1.35052984e-014	
2.11377460e+001	7.26461340e-012	7.26460085e-012	-1.35052984e-014	
2.12379249e+001	7.26461340e-012	7.26460085e-012	-1.35052984e-014	
2.13381038e+001	7.26461340e-012	7.26460085e-012	-1.35052984e-014	
2.14382826e+001	1.44432671e-012	-1.44419050e-012	1.98356809e-014	
2.15384615e+001	1.44432671e-012	-1.44419050e-012	1.98356809e-014	
2.16386404e+001	1.44432671e-012	-1.44419050e-012	1.98356809e-014	
2.17388193e+001	1.44432671e-012	-1.44419050e-012	1.98356809e-014	
2.18389982e+001	1.44432671e-012	-1.44419050e-012	1.98356809e-014	
2.19391771e+001	6.10918005e-012	-6.10907021e-012	3.66340314e-014	
2.20393560e+001	6.10918005e-012	-6.10907021e-012	3.66340314e-014	
2.21395349e+001	6.10918005e-012	-6.10907021e-012	3.66340314e-014	
2.22397138e+001	6.10918005e-012	-6.10907021e-012	3.66340314e-014	
2.23398927e+001	1.09022766e-011	-1.09021715e-011	4.78560646e-014	
2.24400716e+001	1.09022766e-011	-1.09021715e-011	4.78560646e-014	
2.25402504e+001	1.09022766e-011	-1.09021715e-011	4.78560646e-014	
2.26404293e+001	1.09022766e-011	-1.09021715e-011	4.78560646e-014	
2.27406082e+001	1.09022766e-011	-1.09021715e-011	4.78560646e-014	
2.28407871e+001	1.86088715e-011	-1.86087795e-011	5.85413299e-014	
2.29409660e+001	1.86088715e-011	-1.86087795e-011	5.85413299e-014	
2.30411449e+001	1.86088715e-011	-1.86087795e-011	5.85413299e-014	
2.31413238e+001	1.86088715e-011	-1.86087795e-011	5.85413299e-014	
2.32415027e+001	1.86088715e-011	-1.86087795e-011	5.85413299e-014	
2.33416816e+001	1.86088715e-011	-1.86087795e-011	5.85413299e-014	
2.34418605e+001	1.86088715e-011	-1.86087795e-011	5.85413299e-014	
2.35420394e+001	1.86088715e-011	-1.86087795e-011	5.85413299e-014	
2.36422182e+001	1.97717308e-011	-1.97716910e-011	3.96737755e-014	
2.37423971e+001	1.97717308e-011	-1.97716910e-011	3.96737755e-014	
2.38425760e+001	1.97717308e-011	-1.97716910e-011	3.96737755e-014	
2.39427549e+001	1.97717308e-011	-1.97716910e-011	3.96737755e-014	
2.40429338e+001	1.97717308e-011	-1.97716910e-011	3.96737755e-014	
2.41431127e+001	2.37683139e-011	-2.37683051e-011	2.04313442e-014	
2.42432916e+001	2.37683139e-011	-2.37683051e-011	2.04313442e-014	
2.43434705e+001	2.37683139e-011	-2.37683051e-011	2.04313442e-014	
2.44436494e+001	2.37683139e-011	-2.37683051e-011	2.04313442e-014	
2.45438283e+001	2.35841890e-011	-2.35841867e-011	-1.03420519e-014	
2.46440072e+001	2.35841890e-011	-2.35841867e-011	-1.03420519e-014	
2.47441860e+001	2.35841890e-011	-2.35841867e-011	-1.03420519e-014	
2.48443649e+001	2.35841890e-011	-2.35841867e-011	-1.03420519e-014	
2.49445438e+001	2.41785099e-011	-2.41784974e-011	-2.45513543e-014	
2.50447227e+001	2.41785099e-011	-2.41784974e-011	-2.45513543e-014	
2.51449016e+001	2.41785099e-011	-2.41784974e-011	-2.45513543e-014	
2.52450805e+001	2.41785099e-011	-2.41784974e-011	-2.45513543e-014	
2.53452594e+001	2.41785099e-011	-2.41784974e-011	-2.45513543e-014	
2.54454383e+001	2.37729786e-011	-2.37729494e-011	-3.72965549e-014	
2.55456172e+001	2.37729786e-011	-2.37729494e-011	-3.72965549e-014	
2.56457961e+001	2.37729786e-011	-2.37729494e-011	-3.72965549e-014	
2.57459750e+001	2.37729786e-011	-2.37729494e-011	-3.72965549e-014	
2.58461538e+001	1.44200131e-011	-1.44199815e-011	-3.02191674e-014	
2.59463327e+001	1.44200131e-011	-1.44199815e-011	-3.02191674e-014	
2.60465116e+001	1.44200131e-011	-1.44199815e-011	-3.02191674e-014	
2.61466905e+001	1.44200131e-011	-1.44199815e-011	-3.02191674e-014	
2.62468694e+001	1.44200131e-011	-1.44199815e-011	-3.02191674e-014	
2.63470483e+001	1.44200131e-011	-1.44199815e-011	-3.02191674e-014	
2.64472272e+001	1.44200131e-011	-1.44199815e-011	-3.02191674e-014	
2.65474061e+001	1.44200131e-011	-1.44199815e-011	-3.02191674e-014	
2.66475850e+001	1.44200131e-011	-1.44199815e-011	-3.02191674e-014	
2.67477639e+001	1.66591361e-011	-1.66590990e-011	-3.51583889e-014	
2.68479428e+001	1.66591361e-011	-1.66590990e-011	-3.51583889e-014	
2.69481216e+001	1.66591361e-011	-1.66590990e-011	-3.51583889e-014	
2.70483005e+001	1.66591361e-011	-1.66590990e-011	-3.51583889e-014	
2.71484794e+001	1.61216882e-011	-1.61216681e-011	-2.55035630e-014	
2.72486583e+001	1.61216882e-011	-1.61216681e-011	-2.55035630e-014	
2.73488372e+001	1.61216882e-011	-1.61216681e-011	-2.55035630e-014	
2.74490161e+001	1.61216882e-011	-1.61216681e-011	-2.55035630e-014	
2.75491950e+001	1.61216882e-011	-1.61216681e-011	-2.55035630e-014	
2.76493739e+001	1.21112023e-011	-1.21111966e-011	-1.17196206e-014	
2.77495528e+001	1.21112023e-011	-1.21111966e-011	-1.17196206e-014	
2.78497317e+001	1.07779921e-011	-1.07779902e-011	-6.40144448e-015	
2.79499106e+001	9.91555709e-012	-9.91555699e-012	-1.43680833e-015	
2.80500894e+001	9.14067070e-012	-9.14067065e-012	9.56838726e-016	
2.81502683e+001	8.88472259e-012	-8.88472129e-012	4.80160301e-015	
2.82504472e+001	8.79321427e-012	-8.79321097e-012	7.61797750e-015	
2.83506261e+001	8.85002075e-012	-8.85001105e-012	1.31062865e-014	
2.84508050e+001	9.32516698e-012	-9.32514534e-012	2.00861415e-014	
2.85509839e+001	9.32516698e-012	-9.32514534e-012	2.00861415e-014	
2.86511628e+001	9.32516698e-012	-9.32514534e-012	2.00861415e-014	
2.87513417e+001	8.53476991e-012	-8.53473428e-012	2.46591633e-014	
2.88515206e+001	8.53476991e-012	-8.53473428e-012	2.46591633e-014	
2.89516995e+001	6.18677953e-012	-6.18671277e-012	2.87417839e-014	
2.90518784e+001	6.18677953e-012	-6.18671277e-012	2.87417839e-014	
2.91520572e+001	6.18677953e-012	-6.18671277e-012	2.87417839e-014	
2.92522361e+001	6.18677953e-012	-6.18671277e-012	2.87417839e-014	
2.93524150e+001	5.61593160e-012	-5.61575945e-012	4.39723845e-014	
2.94525939e+001	5.61593160e-012	-5.61575945e-012	4.39723845e-014	
2.95527728e+001	5.61593160e-012	-5.61575945e-012	4.39723845e-014	
2.96529517e+001	5.61593160e-012	-5.61575945e-012	4.39723845e-014	
2.97531306e+001	5.61593160e-012	-5.61575945e-012	4.39723845e-014	
2.98533095e+001	3.94933019e-012	-3.94910205e-012	4.24486280e-014	
2.99534884e+001	3.94933019e-012	-3.94910205e-012	4.24486280e-014	
3.00536673e+001	3.94933019e-012	-3.94910205e-012	4.24486280e-014	
3.01538462e+001	3.94933019e-012	-3.94910205e-012	4.24486280e-014	
3.02540250e+001	3.12820720e-012	-3.12785350e-012	4.70399838e-014	
3.03542039e+001	3.12820720e-012	-3.12785350e-012	4.70399838e-014	
3.04543828e+001	3.12820720e-012	-3.12785350e-012	4.70399838e-014	
3.05545617e+001	3.12820720e-012	-3.12785350e-012	4.70399838e-014	
3.06547406e+001	2.42103113e-012	-2.42051901e-012	4.97942331e-014	
3.07549195e+001	2.42103113e-012	-2.42051901e-012	4.97942331e-014	
3.08550984e+001	2.42103113e-012	-2.42051901e-012	4.97942331e-014	
3.09552773e+001	2.42103113e-012	-2.42051901e-012	4.97942331e-014	
3.10554562e+001	2.42103113e-012	-2.42051901e-012	4.97942331e-014	
3.11556351e+001	2.42103113e-012	-2.42051901e-012	4.97942331e-014	
3.12558140e+001	2.42103113e-012	-2.42051901e-012	4.97942331e-014	
3.13559928e+001	2.42103113e-012	-2.42051901e-012	4.97942331e-014	
3.14561717e+001	2.42103113e-012	-2.42051901e-012	4.97942331e-014	
3.15563506e+001	1.58392932e-012	-1.58338604e-012	4.14814741e-014	
3.16565295e+001	1.58392932e-012	-1.58338604e-012	4.14814741e-014	
3.17567084e+001	1.58392932e-012	-1.58338604e-012	4.14814741e-014	
3.18568873e+001	1.58392932e-012	-1.58338604e-012	4.14814741e-014	
3.19570662e+001	1.58392932e-012	-1.58338604e-012	4.14814741e-014	
3.20572451e+001	1.58392932e-012	-1.58338604e-012	4.14814741e-014	
3.21574240e+001	1.58392932e-012	-1.58338604e-012	4.14814741e-014	
3.22576029e+001	1.58392932e-012	-1.58338604e-012	4.14814741e-014	
3.23577818e+001	1.58392932e-012	-1.58338604e-012	4.14814741e-014	
3.24579606e+001	1.17105812e-012	-1.17046208e-012	3.73581993e-014	
3.25581395e+001	1.17105812e-012	-1.17046208e-012	3.73581993e-014	
3.26583184e+001	1.17105812e-012	-1.17046208e-012	3.73581993e-014	
3.27584973e+001	1.17105812e-012	-1.17046208e-012	3.73581993e-014	
3.28586762e+001	1.17105812e-012	-1.17046208e-012	3.73581993e-014	
3.29588551e+001	1.17105812e-012	-1.17046208e-012	3.73581993e-014	
3.30590340e+001	1.17105812e-012	-1.17046208e-012	3.73581993e-014	
3.31592129e+001	1.17105812e-012	-1.17046208e-012	3.73581993e-014	
3.32593918e+001	8.02995836e-013	-8.02570195e-013	2.61418173e-014	
3.33595707e+001	8.02995836e-013	-8.02570195e-013	2.61418173e-014	
3.34597496e+001	8.02995836e-013	-8.02570195e-013	2.61418173e-014	
3.35599284e+001	8.02995836e-013	-8.02570195e-013	2.61418173e-014	
3.36601073e+001	8.02995836e-013	-8.02570195e-013	2.61418173e-014	
3.37602862e+001	1.01346581e-012	-1.01295567e-012	3.21522109e-014	
3.38604651e+001	1.01346581e-012	-1.01295567e-012	3.21522109e-014	
3.39606440e+001	1.01346581e-012	-1.01295567e-012	3.21522109e-014	
3.40608229e+001	1.01346581e-012	-1.01295567e-012	3.21522109e-014	
3.41610018e+001	7.46408793e-013	-7.46075581e-013	2.23005301e-014	
3.42611807e+001	7.46408793e-013	-7.46075581e-013	2.23005301e-014	
3.43613596e+001	7.46408793e-013	-7.46075581e-013	2.23005301e-014	
3.44615385e+001	7.46408793e-013	-7.46075581e-013	2.23005301e-014	
3.45617174e+001	7.46408793e-013	-7.46075581e-013	2.23005301e-014	
3.46618962e+001	7.69241951e-013	-7.68936619e-013	2.16715301e-014	
3.47620751e+001	7.69241951e-013	-7.68936619e-013	2.16715301e-014	
3.48622540e+001	7.69241951e-013	-7.68936619e-013	2.16715301e-014	
3.49624329e+001	7.69241951e-013	-7.68936619e-013	2.16715301e-014	
3.50626118e+001	5.83910410e-013	-5.83723393e-013	1.47772567e-014	
3.51627907e+001	5.83910410e-013	-5.83723393e-013	1.47772567e-014	
3.52629696e+001	5.83910410e-013	-5.83723393e-013	1.47772567e-014	
3.53631485e+001	5.83910410e-013	-5.83723393e-013	1.47772567e-014	
3.54633274e+001	5.83910410e-013	-5.83723393e-013	1.47772567e-014	
3.55635063e+001	5.83910410e-013	-5.83723393e-013	1.47772567e-014	
3.56636852e+001	5.83910410e-013	-5.83723393e-013	1.47772567e-014	
3.57638640e+001	5.83910410e-013	-5.83723393e-013	1.47772567e-014	
3.58640429e+001	5.83910410e-013	-5.83723393e-013	1.47772567e-014	
3.59642218e+001	6.11955233e-013	-6.11809463e-013	1.33561721e-014	
3.60644007e+001	6.11955233e-013	-6.11809463e-013	1.33561721e-014	
3.61645796e+001	6.11955233e-013	-6.11809463e-013	1.33561721e-014	
3.62647585e+001	6.11955233e-013	-6.11809463e-013	1.33561721e-014	
3.63649374e+001	6.80264505e-013	-6.80139731e-013	1.30285694e-014	
3.64651163e+001	6.80264505e-013	-6.80139731e-013	1.30285694e-014	
3.65652952e+001	6.80264505e-013	-6.80139731e-013	1.30285694e-014	
3.66654741e+001	6.80264505e-013	-6.80139731e-013	1.30285694e-014	
3.67656530e+001	6.66830218e-013	-6.66733082e-013	1.13814362e-014	
3.68658318e+001	6.66830218e-013	-6.66733082e-013	1.13814362e-014	
3.69660107e+001	6.66830218e-013	-6.66733082e-013	1.13814362e-014	
3.70661896e+001	6.66830218e-013	-6.66733082e-013	1.13814362e-014	
3.71663685e+001	6.66830218e-013	-6.66733082e-013	1.13814362e-014	
3.72665474e+001	6.41537237e-013	-6.41461659e-013	9.84713824e-015	
3.73667263e+001	6.41537237e-013	-6.41461659e-013	9.84713824e-015	
3.74669052e+001	6.41537237e-013	-6.41461659e-013	9.84713824e-015	
3.75670841e+001	6.41537237e-013	-6.41461659e-013	9.84713824e-015	
3.76672630e+001	6.20999327e-013	-6.20935556e-013	8.89936308e-015	
3.77674419e+001	6.20999327e-013	-6.20935556e-013	8.89936308e-015	
3.78676208e+001	6.20999327e-013	-6.20935556e-013	8.89936308e-015	
3.79677996e+001	6.20999327e-013	-6.20935556e-013	8.89936308e-015	
3.80679785e+001	5.78420004e-013	-5.78365417e-013	7.94642579e-015	
3.81681574e+001	5.78420004e-013	-5.78365417e-013	7.94642579e-015	
3.82683363e+001	5.78420004e-013	-5.78365417e-013	7.94642579e-015	
3.83685152e+001	5.78420004e-013	-5.78365417e-013	7.94642579e-015	
3.84686941e+001	5.78420004e-013	-5.78365417e-013	7.94642579e-015	
3.85688730e+001	6.14014406e-013	-6.13952612e-013	8.71091392e-015	
3.86690519e+001	6.14014406e-013	-6.13952612e-013	8.71091392e-015	
3.87692308e+001	6.14014406e-013	-6.13952612e-013	8.71091392e-015	
3.88694097e+001	6.14014406e-013	-6.13952612e-013	8.71091392e-015	
3.89695886e+001	6.14014406e-013	-6.13952612e-013	8.71091392e-015	
3.90697674e+001	6.14014406e-013	-6.13952612e-013	8.71091392e-015	
3.91699463e+001	6.14014406e-013	-6.13952612e-013	8.71091392e-015	
3.92701252e+001	6.14014406e-013	-6.13952612e-013	8.71091392e-015	
3.93703041e+001	6.14014406e-013	-6.13952612e-013	8.71091392e-015	
3.94704830e+001	5.52423446e-013	-5.52340794e-013	9.55565290e-015	
3.95706619e+001	5.52423446e-013	-5.52340794e-013	9.55565290e-015	
3.96708408e+001	5.52423446e-013	-5.52340794e-013	9.55565290e-015	
3.97710197e+001	5.52423446e-013	-5.52340794e-013	9.55565290e-015	
3.98711986e+001	5.11144406e-013	-5.11041675e-013	1.02474307e-014	
3.99713775e+001	5.11144406e-013	-5.11041675e-013	1.02474307e-014	
4.00715564e+001	5.11144406e-013	-5.11041675e-013	1.02474307e-014	
4.01717352e+001	5.11144406e-013	-5.11041675e-013	1.02474307e-014	
4.02719141e+001	4.43249252e-013	-4.43125069e-013	1.04915344e-014	
4.03720930e+001	4.43249252e-013	-4.43125069e-013	1.04915344e-014	
4.04722719e+001	4.43249252e-013	-4.43125069e-013	1.04915344e-014	
4.05724508e+001	4.43249252e-013	-4.43125069e-013	1.04915344e-014	
4.06726297e+001	4.43249252e-013	-4.43125069e-013	1.04915344e-014	
4.07728086e+001	2.81613749e-013	-2.81491300e-013	8.30373282e-015	
4.08729875e+001	2.81613749e-013	-2.81491300e-013	8.30373282e-015	
4.09731664e+001	2.81613749e-013	-2.81491300e-013	8.30373282e-015	
4.10733453e+001	2.81613749e-013	-2.81491300e-013	8.30373282e-015	
4.11735242e+001	2.81613749e-013	-2.81491300e-013	8.30373282e-015	
4.12737030e+001	2.81613749e-013	-2.81491300e-013	8.30373282e-015	
4.13738819e+001	2.81613749e-013	-2.81491300e-013	8.30373282e-015	
4.14740608e+001	2.81613749e-013	-2.81491300e-013	8.30373282e-015	
4.15742397e+001	2.46439530e-013	-2.46285448e-013	8.71321602e-015	
4.16744186e+001	2.46439530e-013	-2.46285448e-013	8.71321602e-015	
4.17745975e+001	2.46439530e-013	-2.46285448e-013	8.71321602e-015	
4.18747764e+001	2.46439530e-013	-2.46285448e-013	8.71321602e-015	
4.19749553e+001	2.46439530e-013	-2.46285448e-013	8.71321602e-015	
4.20751342e+001	1.87401683e-013	-1.87222977e-013	8.18215475e-015	
4.21753131e+001	1.87401683e-013	-1.87222977e-013	8.18215475e-015	
4.22754919e+001	1.87401683e-013	-1.87222977e-013	8.18215475e-015	
4.23756708e+001	1.87401683e-013	-1.87222977e-013	8.18215475e-015	
4.24758497e+001	1.23119677e-013	-1.22972599e-013	6.01621787e-015	
4.25760286e+001	1.23119677e-013	-1.22972599e-013	6.01621787e-015	
4.26762075e+001	1.23119677e-013	-1.22972599e-013	6.01621787e-015	
4.27763864e+001	1.23119677e-013	-1.22972599e-013	6.01621787e-015	
4.28765653e+001	1.23119677e-013	-1.22972599e-013	6.01621787e-015	
4.29767442e+001	1.23119677e-013	-1.22972599e-013	6.01621787e-015	
4.30769231e+001	1.23119677e-013	-1.22972599e-013	6.01621787e-015	
4.31771020e+001	1.23119677e-013	-1.22972599e-013	6.01621787e-015	
4.32772809e+001	1.23119677e-013	-1.22972599e-013	6.01621787e-015	
4.33774597e+001	9.48815849e-014	-9.47350958e-014	5.27036858e-015	
4.34776386e+001	9.48815849e-014	-9.47350958e-014	5.27036858e-015	
4.35778175e+001	9.48815849e-014	-9.47350958e-014	5.27036858e-015	
4.36779964e+001	9.48815849e-014	-9.47350958e-014	5.27036858e-015	
4.37781753e+001	6.16336520e-014	-6.15050285e-014	3.97976424e-015	
4.38783542e+001	6.16336520e-014	-6.15050285e-014	3.97976424e-015	
4.39785331e+001	6.16336520e-014	-6.15050285e-014	3.97976424e-015	
4.40787120e+001	6.16336520e-014	-6.15050285e-014	3.97976424e-015	
4.41788909e+001	6.16336520e-014	-6.15050285e-014	3.97976424e-015	
4.42790698e+001	3.78922203e-014	-3.77850821e-014	2.84744225e-015	
4.43792487e+001	3.78922203e-014	-3.77850821e-014	2.84744225e-015	
4.44794275e+001	3.78922203e-014	-3.77850821e-014	2.84744225e-015	
4.45796064e+001	3.78922203e-014	-3.77850821e-014	2.84744225e-015	
4.46797853e+001	2.27915711e-014	-2.27019160e-014	2.01958453e-015	
4.47799642e+001	2.27915711e-014	-2.27019160e-014	2.01958453e-015	
4.48801431e+001	2.27915711e-014	-2.27019160e-014	2.01958453e-015	
4.49803220e+001	2.27915711e-014	-2.27019160e-014	2.01958453e-015	
4.50805009e+001	1.31942582e-014	-1.31084176e-014	1.50261039e-015	
4.51806798e+001	1.31942582e-014	-1.31084176e-014	1.50261039e-015	
4.52808587e+001	1.31942582e-014	-1.31084176e-014	1.50261039e-015	
4.53810376e+001	1.31942582e-014	-1.31084176e-014	1.50261039e-015	
4.54812165e+001	1.31942582e-014	-1.31084176e-014	1.50261039e-015	
4.55813953e+001	1.55783008e-015	-1.31731675e-015	8.31571480e-016	
4.56815742e+001	1.55783008e-015	-1.31731675e-015	8.31571480e-016	
4.57817531e+001	1.55783008e-015	-1.31731675e-015	8.31571480e-016	
4.58819320e+001	1.55783008e-015	-1.31731675e-015	8.31571480e-016	
4.59821109e+001	1.55783008e-015	-1.31731675e-015	8.31571480e-016	
4.60822898e+001	1.55783008e-015	-1.31731675e-015	8.31571480e-016	
4.61824687e+001	1.55783008e-015	-1.31731675e-015	8.31571480e-016	
4.62826476e+001	1.55783008e-015	-1.31731675e-015	8.31571480e-016	
4.63828265e+001	1.53845771e-014	1.53842569e-014	-9.92564323e-017	
4.64830054e+001	1.53845771e-014	1.53842569e-014	-9.92564323e-017	
4.65831843e+001	1.53845771e-014	1.53842569e-014	-9.92564323e-017	
4.66833631e+001	1.53845771e-014	1.53842569e-014	-9.92564323e-017	
4.67835420e+001	1.53845771e-014	1.53842569e-014	-9.92564323e-017	
4.68837209e+001	2.61029021e-014	2.60971249e-014	-5.49154321e-016	
4.69838998e+001	2.61029021e-014	2.60971249e-014	-5.49154321e-016	
4.70840787e+001	2.61029021e-014	2.60971249e-014	-5.49154321e-016	
4.71842576e+001	2.61029021e-014	2.60971249e-014	-5.49154321e-016	
4.72844365e+001	3.22290252e-014	3.22193341e-014	-7.90304105e-016	
4.73846154e+001	3.22290252e-014	3.22193341e-014	-7.90304105e-016	
4.74847943e+001	3.22290252e-014	3.22193341e-014	-7.90304105e-016	
4.75849732e+001	3.22290252e-014	3.22193341e-014	-7.90304105e-016	
4.76851521e+001	3.22290252e-014	3.22193341e-014	-7.90304105e-016	
4.77853309e+001	3.22290252e-014	3.22193341e-014	-7.90304105e-016	
4.78855098e+001	3.22290252e-014	3.22193341e-014	-7.90304105e-016	
4.79856887e+001	3.22290252e-014	3.22193341e-014	-7.90304105e-016	
4.80858676e+001	3.22290252e-014	3.22193341e-014	-7.90304105e-016	
4.81860465e+001	4.66857463e-014	4.66730954e-014	-1.08676928e-015	
4.82862254e+001	4.66857463e-014	4.66730954e-014	-1.08676928e-015	
4.83864043e+001	4.66857463e-014	4.66730954e-014	-1.08676928e-015	
4.84865832e+001	4.66857463e-014	4.66730954e-014	-1.08676928e-015	
4.85867621e+001	5.43524317e-014	5.43408525e-014	-1.12186434e-015	
4.86869410e+001	5.43524317e-014	5.43408525e-014	-1.12186434e-015	
4.87871199e+001	5.43524317e-014	5.43408525e-014	-1.12186434e-015	
4.88872987e+001	5.43524317e-014	5.43408525e-014	-1.12186434e-015	
4.89874776e+001	5.43524317e-014	5.43408525e-014	-1.12186434e-015	
4.90876565e+001	6.33751299e-014	6.33647566e-014	-1.14661063e-015	
4.91878354e+001	6.33751299e-014	6.33647566e-014	-1.14661063e-015	
4.92880143e+001	6.33751299e-014	6.33647566e-014	-1.14661063e-015	
4.93881932e+001	6.33751299e-014	6.33647566e-014	-1.14661063e-015	
4.94883721e+001	5.40563780e-014	5.40496615e-014	-8.52106733e-016	
4.95885510e+001	5.40563780e-014	5.40496615e-014	-8.52106733e-016	
4.96887299e+001	5.40563780e-014	5.40496615e-014	-8.52106733e-016	
4.97889088e+001	5.40563780e-014	5.40496615e-014	-8.52106733e-016	
4.98890877e+001	5.40563780e-014	5.40496615e-014	-8.52106733e-016	
4.99892665e+001	5.40563780e-014	5.40496615e-014	-8.52106733e-016	
5.00894454e+001	5.40563780e-014	5.40496615e-014	-8.52106733e-016	
5.01896243e+001	5.40563780e-014	5.40496615e-014	-8.52106733e-016	
5.02898032e+001	5.40563780e-014	5.40496615e-014	-8.52106733e-016	
5.03899821e+001	7.51639522e-014	7.51584421e-014	-9.10112336e-016	
5.04901610e+001	7.51639522e-014	7.51584421e-014	-9.10112336e-016	
5.05903399e+001	7.51639522e-014	7.51584421e-014	-9.10112336e-016	
5.06905188e+001	7.51639522e-014	7.51584421e-014	-9.10112336e-016	
5.07906977e+001	5.86144773e-014	5.86111208e-014	-6.27274199e-016	
5.08908766e+001	5.86144773e-014	5.86111208e-014	-6.27274199e-016	
5.09910555e+001	5.86144773e-014	5.86111208e-014	-6.27274199e-016	
5.10912343e+001	5.86144773e-014	5.86111208e-014	-6.27274199e-016	
5.11914132e+001	5.15183906e-014	5.15162782e-014	-4.66532297e-016	
5.12915921e+001	5.15183906e-014	5.15162782e-014	-4.66532297e-016	
5.13917710e+001	5.15183906e-014	5.15162782e-014	-4.66532297e-016	
5.14919499e+001	5.15183906e-014	5.15162782e-014	-4.66532297e-016	
5.15921288e+001	5.15183906e-014	5.15162782e-014	-4.66532297e-016	
5.16923077e+001	5.17525019e-014	5.17509548e-014	-4.00161036e-016	
5.17924866e+001	5.17525019e-014	5.17509548e-014	-4.00161036e-016	
5.18926655e+001	5.17525019e-014	5.17509548e-014	-4.00161036e-016	
5.19928444e+001	5.17525019e-014	5.17509548e-014	-4.00161036e-016	
5.20930233e+001	5.17525019e-014	5.17509548e-014	-4.00161036e-016	
5.21932021e+001	5.17525019e-014	5.17509548e-014	-4.00161036e-016	
5.22933810e+001	5.17525019e-014	5.17509548e-014	-4.00161036e-016	
5.23935599e+001	5.17525019e-014	5.17509548e-014	-4.00161036e-016	
5.24937388e+001	2.98684921e-014	2.98680827e-014	-1.56377708e-016	
5.25939177e+001	2.98684921e-014	2.98680827e-014	-1.56377708e-016	
5.26940966e+001	2.98684921e-014	2.98680827e-014	-1.56377708e-016	
5.27942755e+001	2.98684921e-014	2.98680827e-014	-1.56377708e-016	
5.28944544e+001	2.98684921e-014	2.98680827e-014	-1.56377708e-016	
5.29946333e+001	2.98684921e-014	2.98680827e-014	-1.56377708e-016	
5.30948122e+001	2.98684921e-014	2.98680827e-014	-1.56377708e-016	
5.31949911e+001	2.98684921e-014	2.98680827e-014	-1.56377708e-016	
5.32951699e+001	2.98684921e-014	2.98680827e-014	-1.56377708e-016	
5.33953488e+001	2.79166718e-014	2.79164301e-014	-1.16154501e-016	
5.34955277e+001	2.79166718e-014	2.79164301e-014	-1.16154501e-016	
5.35957066e+001	2.79166718e-014	2.79164301e-014	-1.16154501e-016	
5.36958855e+001	2.79166718e-014	2.79164301e-014	-1.16154501e-016	
5.37960644e+001	2.79166718e-014	2.79164301e-014	-1.16154501e-016	
5.38962433e+001	1.76965980e-014	1.76965097e-014	-5.59110782e-017	
5.39964222e+001	1.76965980e-014	1.76965097e-014	-5.59110782e-017	
5.40966011e+001	1.76965980e-014	1.76965097e-014	-5.59110782e-017	
5.41967800e+001	1.76965980e-014	1.76965097e-014	-5.59110782e-017	
5.42969589e+001	1.76965980e-014	1.76965097e-014	-5.59110782e-017	
5.43971377e+001	1.76965980e-014	1.76965097e-014	-5.59110782e-017	
5.44973166e+001	1.76965980e-014	1.76965097e-014	-5.59110782e-017	
5.45974955e+001	1.76965980e-014	1.76965097e-014	-5.59110782e-017	
5.46976744e+001	1.27371178e-014	1.27370750e-014	-3.30205178e-017	
5.47978533e+001	1.27371178e-014	1.27370750e-014	-3.30205178e-017	
5.48980322e+001	1.27371178e-014	1.27370750e-014	-3.30205178e-017	
5.49982111e+001	1.27371178e-014	1.27370750e-014	-3.30205178e-017	
5.50983900e+001	1.27371178e-014	1.27370750e-014	-3.30205178e-017	
5.51985689e+001	7.18399913e-015	7.18398121e-015	-1.60441630e-017	
5.52987478e+001	7.18399913e-015	7.18398121e-015	-1.60441630e-017	
5.53989267e+001	7.18399913e-015	7.18398121e-015	-1.60441630e-017	
5.54991055e+001	7.18399913e-015	7.18398121e-015	-1.60441630e-017	
5.55992844e+001	3.60765995e-015	3.60765202e-015	-7.56473143e-018	
5.56994633e+001	3.60765995e-015	3.60765202e-015	-7.56473143e-018	
5.57996422e+001	2.16155473e-015	2.16154998e-015	-4.52844414e-018	
5.58998211e+001	1.35242461e-015	1.35242165e-015	-2.83089582e-018	
5.60000000e+001	1.38789505e-016	1.38789216e-016	-2.83014252e-019	
