% Column 0: Length, cm
% Column 1: |B.n|, Tesla
% Column 2: Re[B.n], Tesla
% Column 3: Im[B.n], Tesla
0.00000000e+000	9.80232956e-017	-9.80231209e-017	-1.85041460e-019	
1.00178891e-001	9.68935898e-016	-9.68934129e-016	-1.85150052e-018	
2.00357782e-001	1.55531481e-015	-1.55531197e-015	-2.96901392e-018	
3.00536673e-001	2.72087959e-015	-2.72087470e-015	-5.15793892e-018	
4.00715564e-001	2.72087959e-015	-2.72087470e-015	-5.15793892e-018	
5.00894454e-001	4.38625998e-015	-4.38625252e-015	-8.08960781e-018	
6.01073345e-001	4.38625998e-015	-4.38625252e-015	-8.08960781e-018	
7.01252236e-001	4.38625998e-015	-4.38625252e-015	-8.08960781e-018	
8.01431127e-001	4.38625998e-015	-4.38625252e-015	-8.08960781e-018	
9.01610018e-001	1.28094286e-014	-1.28094220e-014	-1.30229106e-017	
1.00178891e+000	1.28094286e-014	-1.28094220e-014	-1.30229106e-017	
1.10196780e+000	1.28094286e-014	-1.28094220e-014	-1.30229106e-017	
1.20214669e+000	1.28094286e-014	-1.28094220e-014	-1.30229106e-017	
1.30232558e+000	1.28094286e-014	-1.28094220e-014	-1.30229106e-017	
1.40250447e+000	1.28094286e-014	-1.28094220e-014	-1.30229106e-017	
1.50268336e+000	1.28094286e-014	-1.28094220e-014	-1.30229106e-017	
1.60286225e+000	1.28094286e-014	-1.28094220e-014	-1.30229106e-017	
1.70304114e+000	1.28094286e-014	-1.28094220e-014	-1.30229106e-017	
1.80322004e+000	1.47904871e-014	-1.47904854e-014	-6.98010875e-018	
1.90339893e+000	1.47904871e-014	-1.47904854e-014	-6.98010875e-018	
2.00357782e+000	1.47904871e-014	-1.47904854e-014	-6.98010875e-018	
2.10375671e+000	1.47904871e-014	-1.47904854e-014	-6.98010875e-018	
2.20393560e+000	2.07637911e-014	-2.07637857e-014	1.49647863e-017	
2.30411449e+000	2.07637911e-014	-2.07637857e-014	1.49647863e-017	
2.40429338e+000	2.07637911e-014	-2.07637857e-014	1.49647863e-017	
2.50447227e+000	2.07637911e-014	-2.07637857e-014	1.49647863e-017	
2.60465116e+000	2.07637911e-014	-2.07637857e-014	1.49647863e-017	
2.70483005e+000	2.46017102e-014	-2.46016509e-014	5.40117501e-017	
2.80500894e+000	2.46017102e-014	-2.46016509e-014	5.40117501e-017	
2.90518784e+000	2.46017102e-014	-2.46016509e-014	5.40117501e-017	
3.00536673e+000	2.46017102e-014	-2.46016509e-014	5.40117501e-017	
3.10554562e+000	2.46017102e-014	-2.46016509e-014	5.40117501e-017	
3.20572451e+000	2.46017102e-014	-2.46016509e-014	5.40117501e-017	
3.30590340e+000	2.46017102e-014	-2.46016509e-014	5.40117501e-017	
3.40608229e+000	2.46017102e-014	-2.46016509e-014	5.40117501e-017	
3.50626118e+000	2.46017102e-014	-2.46016509e-014	5.40117501e-017	
3.60644007e+000	3.63892352e-014	-3.63889670e-014	1.39717893e-016	
3.70661896e+000	3.63892352e-014	-3.63889670e-014	1.39717893e-016	
3.80679785e+000	3.63892352e-014	-3.63889670e-014	1.39717893e-016	
3.90697674e+000	3.63892352e-014	-3.63889670e-014	1.39717893e-016	
4.00715564e+000	4.22597383e-014	-4.22589848e-014	2.52357788e-016	
4.10733453e+000	4.22597383e-014	-4.22589848e-014	2.52357788e-016	
4.20751342e+000	4.22597383e-014	-4.22589848e-014	2.52357788e-016	
4.30769231e+000	4.22597383e-014	-4.22589848e-014	2.52357788e-016	
4.40787120e+000	4.22597383e-014	-4.22589848e-014	2.52357788e-016	
4.50805009e+000	4.22597383e-014	-4.22589848e-014	2.52357788e-016	
4.60822898e+000	4.22597383e-014	-4.22589848e-014	2.52357788e-016	
4.70840787e+000	4.22597383e-014	-4.22589848e-014	2.52357788e-016	
4.80858676e+000	4.22597383e-014	-4.22589848e-014	2.52357788e-016	
4.90876565e+000	5.15004121e-014	-5.14989430e-014	3.88994622e-016	
5.00894454e+000	5.15004121e-014	-5.14989430e-014	3.88994622e-016	
5.10912343e+000	5.15004121e-014	-5.14989430e-014	3.88994622e-016	
5.20930233e+000	5.15004121e-014	-5.14989430e-014	3.88994622e-016	
5.30948122e+000	5.54519457e-014	-5.54495751e-014	5.12740120e-016	
5.40966011e+000	5.54519457e-014	-5.54495751e-014	5.12740120e-016	
5.50983900e+000	5.54519457e-014	-5.54495751e-014	5.12740120e-016	
5.61001789e+000	5.54519457e-014	-5.54495751e-014	5.12740120e-016	
5.71019678e+000	4.55496663e-014	-4.55469622e-014	4.96315454e-016	
5.81037567e+000	4.55496663e-014	-4.55469622e-014	4.96315454e-016	
5.91055456e+000	4.55496663e-014	-4.55469622e-014	4.96315454e-016	
6.01073345e+000	4.55496663e-014	-4.55469622e-014	4.96315454e-016	
6.11091234e+000	4.55496663e-014	-4.55469622e-014	4.96315454e-016	
6.21109123e+000	4.55496663e-014	-4.55469622e-014	4.96315454e-016	
6.31127013e+000	4.55496663e-014	-4.55469622e-014	4.96315454e-016	
6.41144902e+000	4.55496663e-014	-4.55469622e-014	4.96315454e-016	
6.51162791e+000	4.55496663e-014	-4.55469622e-014	4.96315454e-016	
6.61180680e+000	5.00980207e-014	-5.00946401e-014	5.81985814e-016	
6.71198569e+000	5.00980207e-014	-5.00946401e-014	5.81985814e-016	
6.81216458e+000	5.00980207e-014	-5.00946401e-014	5.81985814e-016	
6.91234347e+000	5.00980207e-014	-5.00946401e-014	5.81985814e-016	
7.01252236e+000	4.78130176e-014	-4.78103199e-014	5.07900111e-016	
7.11270125e+000	4.78130176e-014	-4.78103199e-014	5.07900111e-016	
7.21288014e+000	4.78130176e-014	-4.78103199e-014	5.07900111e-016	
7.31305903e+000	4.78130176e-014	-4.78103199e-014	5.07900111e-016	
7.41323792e+000	4.78130176e-014	-4.78103199e-014	5.07900111e-016	
7.51341682e+000	3.37247922e-014	-3.37234996e-014	2.95266114e-016	
7.61359571e+000	3.37247922e-014	-3.37234996e-014	2.95266114e-016	
7.71377460e+000	3.37247922e-014	-3.37234996e-014	2.95266114e-016	
7.81395349e+000	3.37247922e-014	-3.37234996e-014	2.95266114e-016	
7.91413238e+000	2.44592994e-014	-2.44589823e-014	-1.24546634e-016	
8.01431127e+000	2.44592994e-014	-2.44589823e-014	-1.24546634e-016	
8.11449016e+000	2.44592994e-014	-2.44589823e-014	-1.24546634e-016	
8.21466905e+000	2.44592994e-014	-2.44589823e-014	-1.24546634e-016	
8.31484794e+000	2.44592994e-014	-2.44589823e-014	-1.24546634e-016	
8.41502683e+000	6.47781856e-015	-6.41277992e-015	-9.15634791e-016	
8.51520572e+000	6.47781856e-015	-6.41277992e-015	-9.15634791e-016	
8.61538462e+000	6.47781856e-015	-6.41277992e-015	-9.15634791e-016	
8.71556351e+000	6.47781856e-015	-6.41277992e-015	-9.15634791e-016	
8.81574240e+000	1.92457755e-014	1.91528212e-014	-1.88926283e-015	
8.91592129e+000	1.92457755e-014	1.91528212e-014	-1.88926283e-015	
9.01610018e+000	1.92457755e-014	1.91528212e-014	-1.88926283e-015	
9.11627907e+000	1.92457755e-014	1.91528212e-014	-1.88926283e-015	
9.21645796e+000	1.92457755e-014	1.91528212e-014	-1.88926283e-015	
9.31663685e+000	1.92457755e-014	1.91528212e-014	-1.88926283e-015	
9.41681574e+000	1.92457755e-014	1.91528212e-014	-1.88926283e-015	
9.51699463e+000	1.92457755e-014	1.91528212e-014	-1.88926283e-015	
9.61717352e+000	1.92457755e-014	1.91528212e-014	-1.88926283e-015	
9.71735242e+000	4.62667066e-014	4.61613908e-014	-3.11995886e-015	
9.81753131e+000	4.62667066e-014	4.61613908e-014	-3.11995886e-015	
9.91771020e+000	4.62667066e-014	4.61613908e-014	-3.11995886e-015	
1.00178891e+001	4.62667066e-014	4.61613908e-014	-3.11995886e-015	
1.01180680e+001	8.94307392e-014	8.92714329e-014	-5.33557624e-015	
1.02182469e+001	8.94307392e-014	8.92714329e-014	-5.33557624e-015	
1.03184258e+001	8.94307392e-014	8.92714329e-014	-5.33557624e-015	
1.04186047e+001	8.94307392e-014	8.92714329e-014	-5.33557624e-015	
1.05187835e+001	1.47441854e-013	1.47251071e-013	-7.49815671e-015	
1.06189624e+001	1.47441854e-013	1.47251071e-013	-7.49815671e-015	
1.07191413e+001	1.47441854e-013	1.47251071e-013	-7.49815671e-015	
1.08193202e+001	1.47441854e-013	1.47251071e-013	-7.49815671e-015	
1.09194991e+001	1.47441854e-013	1.47251071e-013	-7.49815671e-015	
1.10196780e+001	1.89442651e-013	1.89252567e-013	-8.48432620e-015	
1.11198569e+001	1.89442651e-013	1.89252567e-013	-8.48432620e-015	
1.12200358e+001	1.89442651e-013	1.89252567e-013	-8.48432620e-015	
1.13202147e+001	1.89442651e-013	1.89252567e-013	-8.48432620e-015	
1.14203936e+001	1.89442651e-013	1.89252567e-013	-8.48432620e-015	
1.15205725e+001	1.89442651e-013	1.89252567e-013	-8.48432620e-015	
1.16207513e+001	1.89442651e-013	1.89252567e-013	-8.48432620e-015	
1.17209302e+001	1.89442651e-013	1.89252567e-013	-8.48432620e-015	
1.18211091e+001	3.81002193e-013	3.80733924e-013	-1.42951188e-014	
1.19212880e+001	3.81002193e-013	3.80733924e-013	-1.42951188e-014	
1.20214669e+001	3.81002193e-013	3.80733924e-013	-1.42951188e-014	
1.21216458e+001	3.81002193e-013	3.80733924e-013	-1.42951188e-014	
1.22218247e+001	3.81002193e-013	3.80733924e-013	-1.42951188e-014	
1.23220036e+001	5.76659320e-013	5.76407449e-013	-1.70418332e-014	
1.24221825e+001	5.76659320e-013	5.76407449e-013	-1.70418332e-014	
1.25223614e+001	5.76659320e-013	5.76407449e-013	-1.70418332e-014	
1.26225403e+001	5.76659320e-013	5.76407449e-013	-1.70418332e-014	
1.27227191e+001	5.76659320e-013	5.76407449e-013	-1.70418332e-014	
1.28228980e+001	5.76659320e-013	5.76407449e-013	-1.70418332e-014	
1.29230769e+001	5.76659320e-013	5.76407449e-013	-1.70418332e-014	
1.30232558e+001	5.76659320e-013	5.76407449e-013	-1.70418332e-014	
1.31234347e+001	5.76659320e-013	5.76407449e-013	-1.70418332e-014	
1.32236136e+001	1.11564471e-012	1.11541354e-012	-2.27100310e-014	
1.33237925e+001	1.11564471e-012	1.11541354e-012	-2.27100310e-014	
1.34239714e+001	1.11564471e-012	1.11541354e-012	-2.27100310e-014	
1.35241503e+001	1.11564471e-012	1.11541354e-012	-2.27100310e-014	
1.36243292e+001	1.11564471e-012	1.11541354e-012	-2.27100310e-014	
1.37245081e+001	1.11564471e-012	1.11541354e-012	-2.27100310e-014	
1.38246869e+001	1.11564471e-012	1.11541354e-012	-2.27100310e-014	
1.39248658e+001	1.11564471e-012	1.11541354e-012	-2.27100310e-014	
1.40250447e+001	1.35862279e-012	1.35843851e-012	-2.23764071e-014	
1.41252236e+001	1.35862279e-012	1.35843851e-012	-2.23764071e-014	
1.42254025e+001	1.35862279e-012	1.35843851e-012	-2.23764071e-014	
1.43255814e+001	1.35862279e-012	1.35843851e-012	-2.23764071e-014	
1.44257603e+001	1.35862279e-012	1.35843851e-012	-2.23764071e-014	
1.45259392e+001	2.20728852e-012	2.20715506e-012	-2.42719940e-014	
1.46261181e+001	2.20728852e-012	2.20715506e-012	-2.42719940e-014	
1.47262970e+001	2.20728852e-012	2.20715506e-012	-2.42719940e-014	
1.48264758e+001	2.20728852e-012	2.20715506e-012	-2.42719940e-014	
1.49266547e+001	2.45993192e-012	2.45987082e-012	-1.73388862e-014	
1.50268336e+001	2.45993192e-012	2.45987082e-012	-1.73388862e-014	
1.51270125e+001	2.45993192e-012	2.45987082e-012	-1.73388862e-014	
1.52271914e+001	2.45993192e-012	2.45987082e-012	-1.73388862e-014	
1.53273703e+001	2.72473062e-012	2.72470740e-012	-1.12491883e-014	
1.54275492e+001	2.72473062e-012	2.72470740e-012	-1.12491883e-014	
1.55277281e+001	2.72473062e-012	2.72470740e-012	-1.12491883e-014	
1.56279070e+001	2.72473062e-012	2.72470740e-012	-1.12491883e-014	
1.57280859e+001	2.72473062e-012	2.72470740e-012	-1.12491883e-014	
1.58282648e+001	4.52899891e-012	4.52899730e-012	-3.81399816e-015	
1.59284436e+001	4.52899891e-012	4.52899730e-012	-3.81399816e-015	
1.60286225e+001	4.52899891e-012	4.52899730e-012	-3.81399816e-015	
1.61288014e+001	4.52899891e-012	4.52899730e-012	-3.81399816e-015	
1.62289803e+001	4.65324481e-012	4.65324232e-012	4.81271754e-015	
1.63291592e+001	4.65324481e-012	4.65324232e-012	4.81271754e-015	
1.64293381e+001	4.65324481e-012	4.65324232e-012	4.81271754e-015	
1.65295170e+001	4.65324481e-012	4.65324232e-012	4.81271754e-015	
1.66296959e+001	4.58092915e-012	4.58091541e-012	1.12163412e-014	
1.67298748e+001	4.58092915e-012	4.58091541e-012	1.12163412e-014	
1.68300537e+001	4.58092915e-012	4.58091541e-012	1.12163412e-014	
1.69302326e+001	4.58092915e-012	4.58091541e-012	1.12163412e-014	
1.70304114e+001	4.58092915e-012	4.58091541e-012	1.12163412e-014	
1.71305903e+001	4.44602855e-012	4.44601347e-012	1.15785430e-014	
1.72307692e+001	4.44602855e-012	4.44601347e-012	1.15785430e-014	
1.73309481e+001	4.44602855e-012	4.44601347e-012	1.15785430e-014	
1.74311270e+001	4.44602855e-012	4.44601347e-012	1.15785430e-014	
1.75313059e+001	4.44602855e-012	4.44601347e-012	1.15785430e-014	
1.76314848e+001	4.44602855e-012	4.44601347e-012	1.15785430e-014	
1.77316637e+001	4.44602855e-012	4.44601347e-012	1.15785430e-014	
1.78318426e+001	4.44602855e-012	4.44601347e-012	1.15785430e-014	
1.79320215e+001	4.44602855e-012	4.44601347e-012	1.15785430e-014	
1.80322004e+001	5.66346388e-012	5.66345228e-012	1.14645115e-014	
1.81323792e+001	5.66346388e-012	5.66345228e-012	1.14645115e-014	
1.82325581e+001	5.66346388e-012	5.66345228e-012	1.14645115e-014	
1.83327370e+001	5.66346388e-012	5.66345228e-012	1.14645115e-014	
1.84329159e+001	4.90573938e-012	4.90573714e-012	4.68694549e-015	
1.85330948e+001	4.90573938e-012	4.90573714e-012	4.68694549e-015	
1.86332737e+001	4.90573938e-012	4.90573714e-012	4.68694549e-015	
1.87334526e+001	4.90573938e-012	4.90573714e-012	4.68694549e-015	
1.88336315e+001	4.90573938e-012	4.90573714e-012	4.68694549e-015	
1.89338104e+001	4.90573938e-012	4.90573714e-012	4.68694549e-015	
1.90339893e+001	4.90573938e-012	4.90573714e-012	4.68694549e-015	
1.91341682e+001	4.90573938e-012	4.90573714e-012	4.68694549e-015	
1.92343470e+001	4.90573938e-012	4.90573714e-012	4.68694549e-015	
1.93345259e+001	5.54813124e-012	5.54813122e-012	-5.56541623e-016	
1.94347048e+001	5.54813124e-012	5.54813122e-012	-5.56541623e-016	
1.95348837e+001	5.54813124e-012	5.54813122e-012	-5.56541623e-016	
1.96350626e+001	5.54813124e-012	5.54813122e-012	-5.56541623e-016	
1.97352415e+001	4.32090219e-012	4.32090011e-012	-4.23610133e-015	
1.98354204e+001	4.32090219e-012	4.32090011e-012	-4.23610133e-015	
1.99355993e+001	4.32090219e-012	4.32090011e-012	-4.23610133e-015	
2.00357782e+001	4.32090219e-012	4.32090011e-012	-4.23610133e-015	
2.01359571e+001	2.96461147e-012	2.96460562e-012	-5.89156897e-015	
2.02361360e+001	2.96461147e-012	2.96460562e-012	-5.89156897e-015	
2.03363148e+001	2.96461147e-012	2.96460562e-012	-5.89156897e-015	
2.04364937e+001	2.96461147e-012	2.96460562e-012	-5.89156897e-015	
2.05366726e+001	2.96461147e-012	2.96460562e-012	-5.89156897e-015	
2.06368515e+001	1.61435853e-012	1.61435574e-012	-3.00117753e-015	
2.07370304e+001	1.61435853e-012	1.61435574e-012	-3.00117753e-015	
2.08372093e+001	1.61435853e-012	1.61435574e-012	-3.00117753e-015	
2.09373882e+001	1.61435853e-012	1.61435574e-012	-3.00117753e-015	
2.10375671e+001	1.61435853e-012	1.61435574e-012	-3.00117753e-015	
2.11377460e+001	1.61435853e-012	1.61435574e-012	-3.00117753e-015	
2.12379249e+001	1.61435853e-012	1.61435574e-012	-3.00117753e-015	
2.13381038e+001	1.61435853e-012	1.61435574e-012	-3.00117753e-015	
2.14382826e+001	3.20961491e-013	-3.20931221e-013	4.40792996e-015	
2.15384615e+001	3.20961491e-013	-3.20931221e-013	4.40792996e-015	
2.16386404e+001	3.20961491e-013	-3.20931221e-013	4.40792996e-015	
2.17388193e+001	3.20961491e-013	-3.20931221e-013	4.40792996e-015	
2.18389982e+001	3.20961491e-013	-3.20931221e-013	4.40792996e-015	
2.19391771e+001	1.35759557e-012	-1.35757116e-012	8.14089550e-015	
2.20393560e+001	1.35759557e-012	-1.35757116e-012	8.14089550e-015	
2.21395349e+001	1.35759557e-012	-1.35757116e-012	8.14089550e-015	
2.22397138e+001	1.35759557e-012	-1.35757116e-012	8.14089550e-015	
2.23398927e+001	2.42272813e-012	-2.42270479e-012	1.06346806e-014	
2.24400716e+001	2.42272813e-012	-2.42270479e-012	1.06346806e-014	
2.25402504e+001	2.42272813e-012	-2.42270479e-012	1.06346806e-014	
2.26404293e+001	2.42272813e-012	-2.42270479e-012	1.06346806e-014	
2.27406082e+001	2.42272813e-012	-2.42270479e-012	1.06346806e-014	
2.28407871e+001	4.13530479e-012	-4.13528432e-012	1.30091835e-014	
2.29409660e+001	4.13530479e-012	-4.13528432e-012	1.30091835e-014	
2.30411449e+001	4.13530479e-012	-4.13528432e-012	1.30091835e-014	
2.31413238e+001	4.13530479e-012	-4.13528432e-012	1.30091835e-014	
2.32415027e+001	4.13530479e-012	-4.13528432e-012	1.30091835e-014	
2.33416816e+001	4.13530479e-012	-4.13528432e-012	1.30091835e-014	
2.34418605e+001	4.13530479e-012	-4.13528432e-012	1.30091835e-014	
2.35420394e+001	4.13530479e-012	-4.13528432e-012	1.30091835e-014	
2.36422182e+001	4.39371797e-012	-4.39370912e-012	8.81639417e-015	
2.37423971e+001	4.39371797e-012	-4.39370912e-012	8.81639417e-015	
2.38425760e+001	4.39371797e-012	-4.39370912e-012	8.81639417e-015	
2.39427549e+001	4.39371797e-012	-4.39370912e-012	8.81639417e-015	
2.40429338e+001	4.39371797e-012	-4.39370912e-012	8.81639417e-015	
2.41431127e+001	5.28184753e-012	-5.28184558e-012	4.54029841e-015	
2.42432916e+001	5.28184753e-012	-5.28184558e-012	4.54029841e-015	
2.43434705e+001	5.28184753e-012	-5.28184558e-012	4.54029841e-015	
2.44436494e+001	5.28184753e-012	-5.28184558e-012	4.54029841e-015	
2.45438283e+001	5.24093089e-012	-5.24093039e-012	-2.29823363e-015	
2.46440072e+001	5.24093089e-012	-5.24093039e-012	-2.29823363e-015	
2.47441860e+001	5.24093089e-012	-5.24093039e-012	-2.29823363e-015	
2.48443649e+001	5.24093089e-012	-5.24093039e-012	-2.29823363e-015	
2.49445438e+001	5.37300220e-012	-5.37299943e-012	-5.45585537e-015	
2.50447227e+001	5.37300220e-012	-5.37299943e-012	-5.45585537e-015	
2.51449016e+001	5.37300220e-012	-5.37299943e-012	-5.45585537e-015	
2.52450805e+001	5.37300220e-012	-5.37299943e-012	-5.45585537e-015	
2.53452594e+001	5.37300220e-012	-5.37299943e-012	-5.45585537e-015	
2.54454383e+001	5.28288414e-012	-5.28287764e-012	-8.28812305e-015	
2.55456172e+001	5.28288414e-012	-5.28287764e-012	-8.28812305e-015	
2.56457961e+001	5.28288414e-012	-5.28287764e-012	-8.28812305e-015	
2.57459750e+001	5.28288414e-012	-5.28287764e-012	-8.28812305e-015	
2.58461538e+001	3.20444737e-012	-3.20444033e-012	-6.71536995e-015	
2.59463327e+001	3.20444737e-012	-3.20444033e-012	-6.71536995e-015	
2.60465116e+001	3.20444737e-012	-3.20444033e-012	-6.71536995e-015	
2.61466905e+001	3.20444737e-012	-3.20444033e-012	-6.71536995e-015	
2.62468694e+001	3.20444737e-012	-3.20444033e-012	-6.71536995e-015	
2.63470483e+001	3.20444737e-012	-3.20444033e-012	-6.71536995e-015	
2.64472272e+001	3.20444737e-012	-3.20444033e-012	-6.71536995e-015	
2.65474061e+001	3.20444737e-012	-3.20444033e-012	-6.71536995e-015	
2.66475850e+001	3.20444737e-012	-3.20444033e-012	-6.71536995e-015	
2.67477639e+001	3.70203025e-012	-3.70202201e-012	-7.81297456e-015	
2.68479428e+001	3.70203025e-012	-3.70202201e-012	-7.81297456e-015	
2.69481216e+001	3.70203025e-012	-3.70202201e-012	-7.81297456e-015	
2.70483005e+001	3.70203025e-012	-3.70202201e-012	-7.81297456e-015	
2.71484794e+001	3.58259739e-012	-3.58259290e-012	-5.66745833e-015	
2.72486583e+001	3.58259739e-012	-3.58259290e-012	-5.66745833e-015	
2.73488372e+001	3.58259739e-012	-3.58259290e-012	-5.66745833e-015	
2.74490161e+001	3.58259739e-012	-3.58259290e-012	-5.66745833e-015	
2.75491950e+001	3.58259739e-012	-3.58259290e-012	-5.66745833e-015	
2.76493739e+001	2.69137829e-012	-2.69137703e-012	-2.60435980e-015	
2.77495528e+001	2.69137829e-012	-2.69137703e-012	-2.60435980e-015	
2.78497317e+001	2.39510936e-012	-2.39510894e-012	-1.42253632e-015	
2.79499106e+001	2.20345722e-012	-2.20345719e-012	-3.19219625e-016	
2.80500894e+001	2.03126014e-012	-2.03126013e-012	2.12611197e-016	
2.81502683e+001	1.97438280e-012	-1.97438251e-012	1.06702003e-015	
2.82504472e+001	1.95404762e-012	-1.95404688e-012	1.69288489e-015	
2.83506261e+001	1.96667128e-012	-1.96666912e-012	2.91250772e-015	
2.84508050e+001	2.07225933e-012	-2.07225452e-012	4.46358709e-015	
2.85509839e+001	2.07225933e-012	-2.07225452e-012	4.46358709e-015	
2.86511628e+001	2.07225933e-012	-2.07225452e-012	4.46358709e-015	
2.87513417e+001	1.89661553e-012	-1.89660762e-012	5.47981384e-015	
2.88515206e+001	1.89661553e-012	-1.89660762e-012	5.47981384e-015	
2.89516995e+001	1.37483990e-012	-1.37482506e-012	6.38706304e-015	
2.90518784e+001	1.37483990e-012	-1.37482506e-012	6.38706304e-015	
2.91520572e+001	1.37483990e-012	-1.37482506e-012	6.38706304e-015	
2.92522361e+001	1.37483990e-012	-1.37482506e-012	6.38706304e-015	
2.93524150e+001	1.24798480e-012	-1.24794654e-012	9.77164131e-015	
2.94525939e+001	1.24798480e-012	-1.24794654e-012	9.77164131e-015	
2.95527728e+001	1.24798480e-012	-1.24794654e-012	9.77164131e-015	
2.96529517e+001	1.24798480e-012	-1.24794654e-012	9.77164131e-015	
2.97531306e+001	1.24798480e-012	-1.24794654e-012	9.77164131e-015	
2.98533095e+001	8.77628930e-013	-8.77578234e-013	9.43302874e-015	
2.99534884e+001	8.77628930e-013	-8.77578234e-013	9.43302874e-015	
3.00536673e+001	8.77628930e-013	-8.77578234e-013	9.43302874e-015	
3.01538462e+001	8.77628930e-013	-8.77578234e-013	9.43302874e-015	
3.02540250e+001	6.95157155e-013	-6.95078555e-013	1.04533300e-014	
3.03542039e+001	6.95157155e-013	-6.95078555e-013	1.04533300e-014	
3.04543828e+001	6.95157155e-013	-6.95078555e-013	1.04533300e-014	
3.05545617e+001	6.95157155e-013	-6.95078555e-013	1.04533300e-014	
3.06547406e+001	5.38006918e-013	-5.37893113e-013	1.10653853e-014	
3.07549195e+001	5.38006918e-013	-5.37893113e-013	1.10653853e-014	
3.08550984e+001	5.38006918e-013	-5.37893113e-013	1.10653853e-014	
3.09552773e+001	5.38006918e-013	-5.37893113e-013	1.10653853e-014	
3.10554562e+001	5.38006918e-013	-5.37893113e-013	1.10653853e-014	
3.11556351e+001	5.38006918e-013	-5.37893113e-013	1.10653853e-014	
3.12558140e+001	5.38006918e-013	-5.37893113e-013	1.10653853e-014	
3.13559928e+001	5.38006918e-013	-5.37893113e-013	1.10653853e-014	
3.14561717e+001	5.38006918e-013	-5.37893113e-013	1.10653853e-014	
3.15563506e+001	3.51984293e-013	-3.51863566e-013	9.21810540e-015	
3.16565295e+001	3.51984293e-013	-3.51863566e-013	9.21810540e-015	
3.17567084e+001	3.51984293e-013	-3.51863566e-013	9.21810540e-015	
3.18568873e+001	3.51984293e-013	-3.51863566e-013	9.21810540e-015	
3.19570662e+001	3.51984293e-013	-3.51863566e-013	9.21810540e-015	
3.20572451e+001	3.51984293e-013	-3.51863566e-013	9.21810540e-015	
3.21574240e+001	3.51984293e-013	-3.51863566e-013	9.21810540e-015	
3.22576029e+001	3.51984293e-013	-3.51863566e-013	9.21810540e-015	
3.23577818e+001	3.51984293e-013	-3.51863566e-013	9.21810540e-015	
3.24579606e+001	2.60235138e-013	-2.60102685e-013	8.30182194e-015	
3.25581395e+001	2.60235138e-013	-2.60102685e-013	8.30182194e-015	
3.26583184e+001	2.60235138e-013	-2.60102685e-013	8.30182194e-015	
3.27584973e+001	2.60235138e-013	-2.60102685e-013	8.30182194e-015	
3.28586762e+001	2.60235138e-013	-2.60102685e-013	8.30182194e-015	
3.29588551e+001	2.60235138e-013	-2.60102685e-013	8.30182194e-015	
3.30590340e+001	2.60235138e-013	-2.60102685e-013	8.30182194e-015	
3.31592129e+001	2.60235138e-013	-2.60102685e-013	8.30182194e-015	
3.32593918e+001	1.78443519e-013	-1.78348932e-013	5.80929259e-015	
3.33595707e+001	1.78443519e-013	-1.78348932e-013	5.80929259e-015	
3.34597496e+001	1.78443519e-013	-1.78348932e-013	5.80929259e-015	
3.35599284e+001	1.78443519e-013	-1.78348932e-013	5.80929259e-015	
3.36601073e+001	1.78443519e-013	-1.78348932e-013	5.80929259e-015	
3.37602862e+001	2.25214624e-013	-2.25101259e-013	7.14493556e-015	
3.38604651e+001	2.25214624e-013	-2.25101259e-013	7.14493556e-015	
3.39606440e+001	2.25214624e-013	-2.25101259e-013	7.14493556e-015	
3.40608229e+001	2.25214624e-013	-2.25101259e-013	7.14493556e-015	
3.41610018e+001	1.65868621e-013	-1.65794573e-013	4.95567323e-015	
3.42611807e+001	1.65868621e-013	-1.65794573e-013	4.95567323e-015	
3.43613596e+001	1.65868621e-013	-1.65794573e-013	4.95567323e-015	
3.44615385e+001	1.65868621e-013	-1.65794573e-013	4.95567323e-015	
3.45617174e+001	1.65868621e-013	-1.65794573e-013	4.95567323e-015	
3.46618962e+001	1.70942656e-013	-1.70874804e-013	4.81589548e-015	
3.47620751e+001	1.70942656e-013	-1.70874804e-013	4.81589548e-015	
3.48622540e+001	1.70942656e-013	-1.70874804e-013	4.81589548e-015	
3.49624329e+001	1.70942656e-013	-1.70874804e-013	4.81589548e-015	
3.50626118e+001	1.29757869e-013	-1.29716310e-013	3.28383475e-015	
3.51627907e+001	1.29757869e-013	-1.29716310e-013	3.28383475e-015	
3.52629696e+001	1.29757869e-013	-1.29716310e-013	3.28383475e-015	
3.53631485e+001	1.29757869e-013	-1.29716310e-013	3.28383475e-015	
3.54633274e+001	1.29757869e-013	-1.29716310e-013	3.28383475e-015	
3.55635063e+001	1.29757869e-013	-1.29716310e-013	3.28383475e-015	
3.56636852e+001	1.29757869e-013	-1.29716310e-013	3.28383475e-015	
3.57638640e+001	1.29757869e-013	-1.29716310e-013	3.28383475e-015	
3.58640429e+001	1.29757869e-013	-1.29716310e-013	3.28383475e-015	
3.59642218e+001	1.35990052e-013	-1.35957658e-013	2.96803819e-015	
3.60644007e+001	1.35990052e-013	-1.35957658e-013	2.96803819e-015	
3.61645796e+001	1.35990052e-013	-1.35957658e-013	2.96803819e-015	
3.62647585e+001	1.35990052e-013	-1.35957658e-013	2.96803819e-015	
3.63649374e+001	1.51169890e-013	-1.51142162e-013	2.89523756e-015	
3.64651163e+001	1.51169890e-013	-1.51142162e-013	2.89523756e-015	
3.65652952e+001	1.51169890e-013	-1.51142162e-013	2.89523756e-015	
3.66654741e+001	1.51169890e-013	-1.51142162e-013	2.89523756e-015	
3.67656530e+001	1.48184493e-013	-1.48162907e-013	2.52920796e-015	
3.68658318e+001	1.48184493e-013	-1.48162907e-013	2.52920796e-015	
3.69660107e+001	1.48184493e-013	-1.48162907e-013	2.52920796e-015	
3.70661896e+001	1.48184493e-013	-1.48162907e-013	2.52920796e-015	
3.71663685e+001	1.48184493e-013	-1.48162907e-013	2.52920796e-015	
3.72665474e+001	1.42563830e-013	-1.42547035e-013	2.18825287e-015	
3.73667263e+001	1.42563830e-013	-1.42547035e-013	2.18825287e-015	
3.74669052e+001	1.42563830e-013	-1.42547035e-013	2.18825287e-015	
3.75670841e+001	1.42563830e-013	-1.42547035e-013	2.18825287e-015	
3.76672630e+001	1.37999850e-013	-1.37985679e-013	1.97763618e-015	
3.77674419e+001	1.37999850e-013	-1.37985679e-013	1.97763618e-015	
3.78676208e+001	1.37999850e-013	-1.37985679e-013	1.97763618e-015	
3.79677996e+001	1.37999850e-013	-1.37985679e-013	1.97763618e-015	
3.80679785e+001	1.28537779e-013	-1.28525648e-013	1.76587234e-015	
3.81681574e+001	1.28537779e-013	-1.28525648e-013	1.76587234e-015	
3.82683363e+001	1.28537779e-013	-1.28525648e-013	1.76587234e-015	
3.83685152e+001	1.28537779e-013	-1.28525648e-013	1.76587234e-015	
3.84686941e+001	1.28537779e-013	-1.28525648e-013	1.76587234e-015	
3.85688730e+001	1.36447646e-013	-1.36433914e-013	1.93575859e-015	
3.86690519e+001	1.36447646e-013	-1.36433914e-013	1.93575859e-015	
3.87692308e+001	1.36447646e-013	-1.36433914e-013	1.93575859e-015	
3.88694097e+001	1.36447646e-013	-1.36433914e-013	1.93575859e-015	
3.89695886e+001	1.36447646e-013	-1.36433914e-013	1.93575859e-015	
3.90697674e+001	1.36447646e-013	-1.36433914e-013	1.93575859e-015	
3.91699463e+001	1.36447646e-013	-1.36433914e-013	1.93575859e-015	
3.92701252e+001	1.36447646e-013	-1.36433914e-013	1.93575859e-015	
3.93703041e+001	1.36447646e-013	-1.36433914e-013	1.93575859e-015	
3.94704830e+001	1.22760766e-013	-1.22742399e-013	2.12347837e-015	
3.95706619e+001	1.22760766e-013	-1.22742399e-013	2.12347837e-015	
3.96708408e+001	1.22760766e-013	-1.22742399e-013	2.12347837e-015	
3.97710197e+001	1.22760766e-013	-1.22742399e-013	2.12347837e-015	
3.98711986e+001	1.13587646e-013	-1.13564817e-013	2.27720678e-015	
3.99713775e+001	1.13587646e-013	-1.13564817e-013	2.27720678e-015	
4.00715564e+001	1.13587646e-013	-1.13564817e-013	2.27720678e-015	
4.01717352e+001	1.13587646e-013	-1.13564817e-013	2.27720678e-015	
4.02719141e+001	9.84998339e-014	-9.84722377e-014	2.33145206e-015	
4.03720930e+001	9.84998339e-014	-9.84722377e-014	2.33145206e-015	
4.04722719e+001	9.84998339e-014	-9.84722377e-014	2.33145206e-015	
4.05724508e+001	9.84998339e-014	-9.84722377e-014	2.33145206e-015	
4.06726297e+001	9.84998339e-014	-9.84722377e-014	2.33145206e-015	
4.07728086e+001	6.25808332e-014	-6.25536222e-014	1.84527396e-015	
4.08729875e+001	6.25808332e-014	-6.25536222e-014	1.84527396e-015	
4.09731664e+001	6.25808332e-014	-6.25536222e-014	1.84527396e-015	
4.10733453e+001	6.25808332e-014	-6.25536222e-014	1.84527396e-015	
4.11735242e+001	6.25808332e-014	-6.25536222e-014	1.84527396e-015	
4.12737030e+001	6.25808332e-014	-6.25536222e-014	1.84527396e-015	
4.13738819e+001	6.25808332e-014	-6.25536222e-014	1.84527396e-015	
4.14740608e+001	6.25808332e-014	-6.25536222e-014	1.84527396e-015	
4.15742397e+001	5.47643401e-014	-5.47300996e-014	1.93627023e-015	
4.16744186e+001	5.47643401e-014	-5.47300996e-014	1.93627023e-015	
4.17745975e+001	5.47643401e-014	-5.47300996e-014	1.93627023e-015	
4.18747764e+001	5.47643401e-014	-5.47300996e-014	1.93627023e-015	
4.19749553e+001	5.47643401e-014	-5.47300996e-014	1.93627023e-015	
4.20751342e+001	4.16448186e-014	-4.16051062e-014	1.81825665e-015	
4.21753131e+001	4.16448186e-014	-4.16051062e-014	1.81825665e-015	
4.22754919e+001	4.16448186e-014	-4.16051062e-014	1.81825665e-015	
4.23756708e+001	4.16448186e-014	-4.16051062e-014	1.81825665e-015	
4.24758497e+001	2.73599284e-014	-2.73272443e-014	1.33693733e-015	
4.25760286e+001	2.73599284e-014	-2.73272443e-014	1.33693733e-015	
4.26762075e+001	2.73599284e-014	-2.73272443e-014	1.33693733e-015	
4.27763864e+001	2.73599284e-014	-2.73272443e-014	1.33693733e-015	
4.28765653e+001	2.73599284e-014	-2.73272443e-014	1.33693733e-015	
4.29767442e+001	2.73599284e-014	-2.73272443e-014	1.33693733e-015	
4.30769231e+001	2.73599284e-014	-2.73272443e-014	1.33693733e-015	
4.31771020e+001	2.73599284e-014	-2.73272443e-014	1.33693733e-015	
4.32772809e+001	2.73599284e-014	-2.73272443e-014	1.33693733e-015	
4.33774597e+001	2.10847967e-014	-2.10522436e-014	1.17119303e-015	
4.34776386e+001	2.10847967e-014	-2.10522436e-014	1.17119303e-015	
4.35778175e+001	2.10847967e-014	-2.10522436e-014	1.17119303e-015	
4.36779964e+001	2.10847967e-014	-2.10522436e-014	1.17119303e-015	
4.37781753e+001	1.36963671e-014	-1.36677841e-014	8.84392066e-016	
4.38783542e+001	1.36963671e-014	-1.36677841e-014	8.84392066e-016	
4.39785331e+001	1.36963671e-014	-1.36677841e-014	8.84392066e-016	
4.40787120e+001	1.36963671e-014	-1.36677841e-014	8.84392066e-016	
4.41788909e+001	1.36963671e-014	-1.36677841e-014	8.84392066e-016	
4.42790698e+001	8.42049341e-015	-8.39668493e-015	6.32764945e-016	
4.43792487e+001	8.42049341e-015	-8.39668493e-015	6.32764945e-016	
4.44794275e+001	8.42049341e-015	-8.39668493e-015	6.32764945e-016	
4.45796064e+001	8.42049341e-015	-8.39668493e-015	6.32764945e-016	
4.46797853e+001	5.06479358e-015	-5.04487023e-015	4.48796556e-016	
4.47799642e+001	5.06479358e-015	-5.04487023e-015	4.48796556e-016	
4.48801431e+001	5.06479358e-015	-5.04487023e-015	4.48796556e-016	
4.49803220e+001	5.06479358e-015	-5.04487023e-015	4.48796556e-016	
4.50805009e+001	2.93205738e-015	-2.91298169e-015	3.33913409e-016	
4.51806798e+001	2.93205738e-015	-2.91298169e-015	3.33913409e-016	
4.52808587e+001	2.93205738e-015	-2.91298169e-015	3.33913409e-016	
4.53810376e+001	2.93205738e-015	-2.91298169e-015	3.33913409e-016	
4.54812165e+001	2.93205738e-015	-2.91298169e-015	3.33913409e-016	
4.55813953e+001	3.46184448e-016	-2.92737051e-016	1.84793645e-016	
4.56815742e+001	3.46184448e-016	-2.92737051e-016	1.84793645e-016	
4.57817531e+001	3.46184448e-016	-2.92737051e-016	1.84793645e-016	
4.58819320e+001	3.46184448e-016	-2.92737051e-016	1.84793645e-016	
4.59821109e+001	3.46184448e-016	-2.92737051e-016	1.84793645e-016	
4.60822898e+001	3.46184448e-016	-2.92737051e-016	1.84793645e-016	
4.61824687e+001	3.46184448e-016	-2.92737051e-016	1.84793645e-016	
4.62826476e+001	3.46184448e-016	-2.92737051e-016	1.84793645e-016	
4.63828265e+001	3.41879492e-015	3.41872377e-015	-2.20570052e-017	
4.64830054e+001	3.41879492e-015	3.41872377e-015	-2.20570052e-017	
4.65831843e+001	3.41879492e-015	3.41872377e-015	-2.20570052e-017	
4.66833631e+001	3.41879492e-015	3.41872377e-015	-2.20570052e-017	
4.67835420e+001	3.41879492e-015	3.41872377e-015	-2.20570052e-017	
4.68837209e+001	5.80064493e-015	5.79936111e-015	-1.22034312e-016	
4.69838998e+001	5.80064493e-015	5.79936111e-015	-1.22034312e-016	
4.70840787e+001	5.80064493e-015	5.79936111e-015	-1.22034312e-016	
4.71842576e+001	5.80064493e-015	5.79936111e-015	-1.22034312e-016	
4.72844365e+001	7.16200562e-015	7.15985202e-015	-1.75623146e-016	
4.73846154e+001	7.16200562e-015	7.15985202e-015	-1.75623146e-016	
4.74847943e+001	7.16200562e-015	7.15985202e-015	-1.75623146e-016	
4.75849732e+001	7.16200562e-015	7.15985202e-015	-1.75623146e-016	
4.76851521e+001	7.16200562e-015	7.15985202e-015	-1.75623146e-016	
4.77853309e+001	7.16200562e-015	7.15985202e-015	-1.75623146e-016	
4.78855098e+001	7.16200562e-015	7.15985202e-015	-1.75623146e-016	
4.79856887e+001	7.16200562e-015	7.15985202e-015	-1.75623146e-016	
4.80858676e+001	7.16200562e-015	7.15985202e-015	-1.75623146e-016	
4.81860465e+001	1.03746103e-014	1.03717990e-014	-2.41504300e-016	
4.82862254e+001	1.03746103e-014	1.03717990e-014	-2.41504300e-016	
4.83864043e+001	1.03746103e-014	1.03717990e-014	-2.41504300e-016	
4.84865832e+001	1.03746103e-014	1.03717990e-014	-2.41504300e-016	
4.85867621e+001	1.20783182e-014	1.20757450e-014	-2.49303205e-016	
4.86869410e+001	1.20783182e-014	1.20757450e-014	-2.49303205e-016	
4.87871199e+001	1.20783182e-014	1.20757450e-014	-2.49303205e-016	
4.88872987e+001	1.20783182e-014	1.20757450e-014	-2.49303205e-016	
4.89874776e+001	1.20783182e-014	1.20757450e-014	-2.49303205e-016	
4.90876565e+001	1.40833622e-014	1.40810570e-014	-2.54802377e-016	
4.91878354e+001	1.40833622e-014	1.40810570e-014	-2.54802377e-016	
4.92880143e+001	1.40833622e-014	1.40810570e-014	-2.54802377e-016	
4.93881932e+001	1.40833622e-014	1.40810570e-014	-2.54802377e-016	
4.94883721e+001	1.20125284e-014	1.20110359e-014	-1.89357061e-016	
4.95885510e+001	1.20125284e-014	1.20110359e-014	-1.89357061e-016	
4.96887299e+001	1.20125284e-014	1.20110359e-014	-1.89357061e-016	
4.97889088e+001	1.20125284e-014	1.20110359e-014	-1.89357061e-016	
4.98890877e+001	1.20125284e-014	1.20110359e-014	-1.89357061e-016	
4.99892665e+001	1.20125284e-014	1.20110359e-014	-1.89357061e-016	
5.00894454e+001	1.20125284e-014	1.20110359e-014	-1.89357061e-016	
5.01896243e+001	1.20125284e-014	1.20110359e-014	-1.89357061e-016	
5.02898032e+001	1.20125284e-014	1.20110359e-014	-1.89357061e-016	
5.03899821e+001	1.67031005e-014	1.67018760e-014	-2.02247191e-016	
5.04901610e+001	1.67031005e-014	1.67018760e-014	-2.02247191e-016	
5.05903399e+001	1.67031005e-014	1.67018760e-014	-2.02247191e-016	
5.06905188e+001	1.67031005e-014	1.67018760e-014	-2.02247191e-016	
5.07906977e+001	1.30254394e-014	1.30246935e-014	-1.39394252e-016	
5.08908766e+001	1.30254394e-014	1.30246935e-014	-1.39394252e-016	
5.09910555e+001	1.30254394e-014	1.30246935e-014	-1.39394252e-016	
5.10912343e+001	1.30254394e-014	1.30246935e-014	-1.39394252e-016	
5.11914132e+001	1.14485312e-014	1.14480618e-014	-1.03673824e-016	
5.12915921e+001	1.14485312e-014	1.14480618e-014	-1.03673824e-016	
5.13917710e+001	1.14485312e-014	1.14480618e-014	-1.03673824e-016	
5.14919499e+001	1.14485312e-014	1.14480618e-014	-1.03673824e-016	
5.15921288e+001	1.14485312e-014	1.14480618e-014	-1.03673824e-016	
5.16923077e+001	1.15005559e-014	1.15002121e-014	-8.89246513e-017	
5.17924866e+001	1.15005559e-014	1.15002121e-014	-8.89246513e-017	
5.18926655e+001	1.15005559e-014	1.15002121e-014	-8.89246513e-017	
5.19928444e+001	1.15005559e-014	1.15002121e-014	-8.89246513e-017	
5.20930233e+001	1.15005559e-014	1.15002121e-014	-8.89246513e-017	
5.21932021e+001	1.15005559e-014	1.15002121e-014	-8.89246513e-017	
5.22933810e+001	1.15005559e-014	1.15002121e-014	-8.89246513e-017	
5.23935599e+001	1.15005559e-014	1.15002121e-014	-8.89246513e-017	
5.24937388e+001	6.63744266e-015	6.63735169e-015	-3.47505829e-017	
5.25939177e+001	6.63744266e-015	6.63735169e-015	-3.47505829e-017	
5.26940966e+001	6.63744266e-015	6.63735169e-015	-3.47505829e-017	
5.27942755e+001	6.63744266e-015	6.63735169e-015	-3.47505829e-017	
5.28944544e+001	6.63744266e-015	6.63735169e-015	-3.47505829e-017	
5.29946333e+001	6.63744266e-015	6.63735169e-015	-3.47505829e-017	
5.30948122e+001	6.63744266e-015	6.63735169e-015	-3.47505829e-017	
5.31949911e+001	6.63744266e-015	6.63735169e-015	-3.47505829e-017	
5.32951699e+001	6.63744266e-015	6.63735169e-015	-3.47505829e-017	
5.33953488e+001	6.20370482e-015	6.20365112e-015	-2.58120835e-017	
5.34955277e+001	6.20370482e-015	6.20365112e-015	-2.58120835e-017	
5.35957066e+001	6.20370482e-015	6.20365112e-015	-2.58120835e-017	
5.36958855e+001	6.20370482e-015	6.20365112e-015	-2.58120835e-017	
5.37960644e+001	6.20370482e-015	6.20365112e-015	-2.58120835e-017	
5.38962433e+001	3.93257732e-015	3.93255769e-015	-1.24246589e-017	
5.39964222e+001	3.93257732e-015	3.93255769e-015	-1.24246589e-017	
5.40966011e+001	3.93257732e-015	3.93255769e-015	-1.24246589e-017	
5.41967800e+001	3.93257732e-015	3.93255769e-015	-1.24246589e-017	
5.42969589e+001	3.93257732e-015	3.93255769e-015	-1.24246589e-017	
5.43971377e+001	3.93257732e-015	3.93255769e-015	-1.24246589e-017	
5.44973166e+001	3.93257732e-015	3.93255769e-015	-1.24246589e-017	
5.45974955e+001	3.93257732e-015	3.93255769e-015	-1.24246589e-017	
5.46976744e+001	2.83047063e-015	2.83046112e-015	-7.33787010e-018	
5.47978533e+001	2.83047063e-015	2.83046112e-015	-7.33787010e-018	
5.48980322e+001	2.83047063e-015	2.83046112e-015	-7.33787010e-018	
5.49982111e+001	2.83047063e-015	2.83046112e-015	-7.33787010e-018	
5.50983900e+001	2.83047063e-015	2.83046112e-015	-7.33787010e-018	
5.51985689e+001	1.59644427e-015	1.59644029e-015	-3.56535180e-018	
5.52987478e+001	1.59644427e-015	1.59644029e-015	-3.56535180e-018	
5.53989267e+001	1.59644427e-015	1.59644029e-015	-3.56535180e-018	
5.54991055e+001	1.59644427e-015	1.59644029e-015	-3.56535180e-018	
5.55992844e+001	8.01702226e-016	8.01700464e-016	-1.68104109e-018	
5.56994633e+001	8.01702226e-016	8.01700464e-016	-1.68104109e-018	
5.57996422e+001	4.80345521e-016	4.80344467e-016	-1.00631102e-018	
5.58998211e+001	3.00538823e-016	3.00538165e-016	-6.29080625e-019	
5.60000000e+001	3.08421974e-017	3.08421333e-017	-6.28711827e-020	
