% Column 0: Length, cm
% Column 1: |B.t|, Tesla
% Column 2: Re[B.t], Tesla
% Column 3: Im[B.t], Tesla
0.00000000e+000	2.22193780e-006	-2.22163594e-006	3.66242855e-008	
1.00178891e-001	2.22234852e-006	-2.22204674e-006	3.66226124e-008	
2.00357782e-001	2.22243038e-006	-2.22212853e-006	3.66280473e-008	
3.00536673e-001	2.22140131e-006	-2.22109903e-006	3.66457576e-008	
4.00715564e-001	2.22077813e-006	-2.22047546e-006	3.66637190e-008	
5.00894454e-001	2.21958383e-006	-2.21928056e-006	3.66905225e-008	
6.01073345e-001	2.21805305e-006	-2.21774897e-006	3.67263978e-008	
7.01252236e-001	2.21614439e-006	-2.21583930e-006	3.67719830e-008	
8.01431127e-001	2.21425754e-006	-2.21395143e-006	3.68170788e-008	
9.01610018e-001	2.21237069e-006	-2.21206357e-006	3.68621746e-008	
1.00178891e+000	2.21052644e-006	-2.21021829e-006	3.69084510e-008	
1.10196780e+000	2.20868508e-006	-2.20837567e-006	3.69682079e-008	
1.20214669e+000	2.20684371e-006	-2.20653305e-006	3.70279648e-008	
1.30232558e+000	2.20500236e-006	-2.20469043e-006	3.70877217e-008	
1.40250447e+000	2.20143230e-006	-2.20111865e-006	3.71600269e-008	
1.50268336e+000	2.19712716e-006	-2.19681158e-006	3.72376679e-008	
1.60286225e+000	2.19282204e-006	-2.19250452e-006	3.73153089e-008	
1.70304114e+000	2.18929189e-006	-2.18897241e-006	3.74000356e-008	
1.80322004e+000	2.18743661e-006	-2.18711515e-006	3.75000763e-008	
1.90339893e+000	2.18344952e-006	-2.18312566e-006	3.76057005e-008	
2.00357782e+000	2.17836863e-006	-2.17804213e-006	3.77141895e-008	
2.10375671e+000	2.17328775e-006	-2.17295860e-006	3.78226786e-008	
2.20393560e+000	2.16782072e-006	-2.16748903e-006	3.79208237e-008	
2.30411449e+000	2.16219821e-006	-2.16186401e-006	3.80148037e-008	
2.40429338e+000	2.15566232e-006	-2.15532496e-006	3.81362176e-008	
2.50447227e+000	2.14858708e-006	-2.14824616e-006	3.82738313e-008	
2.60465116e+000	2.14159347e-006	-2.14124897e-006	3.84114550e-008	
2.70483005e+000	2.13568620e-006	-2.13533827e-006	3.85492114e-008	
2.80500894e+000	2.12811357e-006	-2.12776154e-006	3.87061080e-008	
2.90518784e+000	2.11634945e-006	-2.11599172e-006	3.89107324e-008	
3.00536673e+000	2.10564488e-006	-2.10528250e-006	3.90636243e-008	
3.10554562e+000	2.09494038e-006	-2.09457328e-006	3.92165162e-008	
3.20572451e+000	2.08269166e-006	-2.08231974e-006	3.93581376e-008	
3.30590340e+000	2.06925856e-006	-2.06888169e-006	3.94911144e-008	
3.40608229e+000	2.05869244e-006	-2.05831028e-006	3.96655911e-008	
3.50626118e+000	2.04967649e-006	-2.04928882e-006	3.98625062e-008	
3.60644007e+000	2.04066060e-006	-2.04026737e-006	4.00594213e-008	
3.70661896e+000	2.02875141e-006	-2.02835217e-006	4.02461616e-008	
3.80679785e+000	2.01426555e-006	-2.01385988e-006	4.04238403e-008	
3.90697674e+000	1.99955190e-006	-1.99913958e-006	4.06046814e-008	
4.00715564e+000	1.98426907e-006	-1.98384970e-006	4.07934218e-008	
4.10733453e+000	1.96782027e-006	-1.96739346e-006	4.09831711e-008	
4.20751342e+000	1.95007944e-006	-1.94964471e-006	4.11740385e-008	
4.30769231e+000	1.93233876e-006	-1.93189597e-006	4.13649060e-008	
4.40787120e+000	1.91459826e-006	-1.91414723e-006	4.15557734e-008	
4.50805009e+000	1.89318366e-006	-1.89272341e-006	4.17429363e-008	
4.60822898e+000	1.86715317e-006	-1.86668291e-006	4.19032962e-008	
4.70840787e+000	1.84112298e-006	-1.84064241e-006	4.20636561e-008	
4.80858676e+000	1.81509311e-006	-1.81460192e-006	4.22240159e-008	
4.90876565e+000	1.78452669e-006	-1.78402233e-006	4.24247297e-008	
5.00894454e+000	1.75008350e-006	-1.74956795e-006	4.24763314e-008	
5.10912343e+000	1.71564076e-006	-1.71511358e-006	4.25279331e-008	
5.20930233e+000	1.68119850e-006	-1.68065921e-006	4.25795348e-008	
5.30948122e+000	1.63795844e-006	-1.63740573e-006	4.25477418e-008	
5.40966011e+000	1.59219869e-006	-1.59163159e-006	4.24920589e-008	
5.50983900e+000	1.54643980e-006	-1.54585744e-006	4.24363759e-008	
5.61001789e+000	1.50068185e-006	-1.50008329e-006	4.23806930e-008	
5.71019678e+000	1.46062702e-006	-1.46001069e-006	4.24271743e-008	
5.81037567e+000	1.40485419e-006	-1.40421795e-006	4.22755669e-008	
5.91055456e+000	1.35217214e-006	-1.35151651e-006	4.21023874e-008	
6.01073345e+000	1.29949169e-006	-1.29881507e-006	4.19292079e-008	
6.11091234e+000	1.24681304e-006	-1.24611363e-006	4.17560284e-008	
6.21109123e+000	1.19350403e-006	-1.19278006e-006	4.15644747e-008	
6.31127013e+000	1.12453871e-006	-1.12379403e-006	4.09179523e-008	
6.41144902e+000	1.05593420e-006	-1.05516510e-006	4.02945158e-008	
6.51162791e+000	9.90477477e-007	-9.89674542e-007	3.98739660e-008	
6.61180680e+000	9.14713747e-007	-9.13876128e-007	3.91364428e-008	
6.71198569e+000	8.32493588e-007	-8.31616688e-007	3.82002386e-008	
6.81216458e+000	7.50283209e-007	-7.49357248e-007	3.72640344e-008	
6.91234347e+000	6.53467036e-007	-6.52486747e-007	3.57800367e-008	
7.01252236e+000	5.52256744e-007	-5.51191111e-007	3.42909574e-008	
7.11270125e+000	4.50192385e-007	-4.48991640e-007	3.28586549e-008	
7.21288014e+000	3.28861179e-007	-3.27235905e-007	3.26548275e-008	
7.31305903e+000	2.07980086e-007	-2.05770345e-007	3.02370793e-008	
7.41323792e+000	8.86060718e-008	-8.44261178e-008	2.68936162e-008	
7.51341682e+000	8.03003923e-008	7.48733362e-008	2.90195886e-008	
7.61359571e+000	2.53767333e-007	2.52103872e-007	2.90085607e-008	
7.71377460e+000	5.79090269e-007	5.77415565e-007	4.40091493e-008	
7.81395349e+000	1.57717650e-006	1.53873859e-006	3.46076968e-007	
7.91413238e+000	1.12575375e-006	1.11581039e-006	-1.49293918e-007	
8.01431127e+000	7.38703885e-007	7.16724996e-007	-1.78853878e-007	
8.11449016e+000	5.82512821e-007	5.70282640e-007	-1.18738778e-007	
8.21466905e+000	4.37925371e-007	4.25402836e-007	-1.03976238e-007	
8.31484794e+000	3.89912250e-007	3.80676560e-007	-8.43618376e-008	
8.41502683e+000	3.46954537e-007	3.38320253e-007	-7.69211106e-008	
8.51520572e+000	3.06518145e-007	2.99025907e-007	-6.73563691e-008	
8.61538462e+000	2.74509541e-007	2.67584428e-007	-6.12704009e-008	
8.71556351e+000	2.62104067e-007	2.56952638e-007	-5.17096128e-008	
8.81574240e+000	2.36880191e-007	2.31684940e-007	-4.93387662e-008	
8.91592129e+000	2.14518974e-007	2.08698787e-007	-4.96307004e-008	
9.01610018e+000	2.11601764e-007	2.06456462e-007	-4.63792618e-008	
9.11627907e+000	2.09291730e-007	2.03841668e-007	-4.74510563e-008	
9.21645796e+000	2.00344341e-007	1.94549854e-007	-4.78352300e-008	
9.31663685e+000	2.02400389e-007	1.96594920e-007	-4.81285271e-008	
9.41681574e+000	1.92664159e-007	1.84929996e-007	-5.40404916e-008	
9.51699463e+000	2.18377455e-007	2.11401763e-007	-5.47540631e-008	
9.61717352e+000	2.47087203e-007	2.40669527e-007	-5.59487674e-008	
9.71735242e+000	2.56693822e-007	2.46779678e-007	-7.06506123e-008	
9.81753131e+000	3.21133134e-007	3.13449321e-007	-6.98284526e-008	
9.91771020e+000	4.37025080e-007	4.36951841e-007	8.00059884e-009	
1.00178891e+001	2.75690900e-007	2.74985843e-007	-1.97042822e-008	
1.01180680e+001	2.40406145e-007	2.39139757e-007	-2.46432848e-008	
1.02182469e+001	2.43516488e-007	2.42313464e-007	-2.41757197e-008	
1.03184258e+001	2.60114166e-007	2.59008485e-007	-2.39579620e-008	
1.04186047e+001	2.80834618e-007	2.79794828e-007	-2.41440903e-008	
1.05187835e+001	3.02866811e-007	3.01893042e-007	-2.42671982e-008	
1.06189624e+001	3.22788796e-007	3.21896614e-007	-2.39828496e-008	
1.07191413e+001	3.40840220e-007	3.39988467e-007	-2.40810663e-008	
1.08193202e+001	3.60122828e-007	3.59222721e-007	-2.54457802e-008	
1.09194991e+001	3.76827470e-007	3.75857125e-007	-2.70252387e-008	
1.10196780e+001	3.88417720e-007	3.87226244e-007	-3.04000177e-008	
1.11198569e+001	4.27991352e-007	4.26579479e-007	-3.47353628e-008	
1.12200358e+001	4.65356950e-007	4.63777586e-007	-3.83071967e-008	
1.13202147e+001	5.07994121e-007	5.06307806e-007	-4.13573792e-008	
1.14203936e+001	5.65355949e-007	5.63613128e-007	-4.43575441e-008	
1.15205725e+001	6.45836047e-007	6.43962262e-007	-4.91610001e-008	
1.16207513e+001	7.17505140e-007	7.15601079e-007	-5.22371590e-008	
1.17209302e+001	8.25970597e-007	8.23748485e-007	-6.05463506e-008	
1.18211091e+001	9.28064585e-007	9.25691482e-007	-6.63261179e-008	
1.19212880e+001	1.01740374e-006	1.01519301e-006	-6.70337269e-008	
1.20214669e+001	1.08894789e-006	1.08707277e-006	-6.38771989e-008	
1.21216458e+001	1.13109978e-006	1.13000554e-006	-4.97411829e-008	
1.22218247e+001	1.14842520e-006	1.14813718e-006	-2.57189791e-008	
1.23220036e+001	1.10812699e-006	1.10811707e-006	4.69055874e-009	
1.24221825e+001	9.79279033e-007	9.78469461e-007	3.98112733e-008	
1.25223614e+001	7.82931280e-007	7.80203265e-007	6.53012650e-008	
1.26225403e+001	5.41441275e-007	5.33906129e-007	9.00161082e-008	
1.27227191e+001	3.17374004e-007	2.95606796e-007	1.15511386e-007	
1.28228980e+001	3.85569705e-007	3.63343359e-007	1.29017832e-007	
1.29230769e+001	3.51845978e-007	3.16624312e-007	1.53442619e-007	
1.30232558e+001	3.23242427e-007	2.69905266e-007	1.77867406e-007	
1.31234347e+001	6.22163636e-007	5.90565017e-007	1.95756355e-007	
1.32236136e+001	1.20948009e-006	1.19350948e-006	1.95901025e-007	
1.33237925e+001	1.79438548e-006	1.78625329e-006	1.70641305e-007	
1.34239714e+001	2.71443145e-006	2.71062861e-006	1.43633840e-007	
1.35241503e+001	3.59266941e-006	3.59231944e-006	5.01451378e-008	
1.36243292e+001	4.24495865e-006	4.24461090e-006	-5.43345881e-008	
1.37245081e+001	4.74185212e-006	4.73970244e-006	-1.42766543e-007	
1.38246869e+001	5.18061729e-006	5.17602874e-006	-2.17995458e-007	
1.39248658e+001	5.64114019e-006	5.63591729e-006	-2.42691085e-007	
1.40250447e+001	6.07244192e-006	6.06711958e-006	-2.54186871e-007	
1.41252236e+001	6.51771205e-006	6.51256884e-006	-2.58877340e-007	
1.42254025e+001	7.13305033e-006	7.12782803e-006	-2.72900323e-007	
1.43255814e+001	7.93273660e-006	7.92751354e-006	-2.87817830e-007	
1.44257603e+001	8.68242641e-006	8.67728175e-006	-2.98847591e-007	
1.45259392e+001	9.52507606e-006	9.51999785e-006	-3.10990299e-007	
1.46261181e+001	1.04628574e-005	1.04576743e-005	-3.29290588e-007	
1.47262970e+001	1.15578616e-005	1.15524298e-005	-3.54300045e-007	
1.48264758e+001	1.28567468e-005	1.28512319e-005	-3.76532368e-007	
1.49266547e+001	1.43955184e-005	1.43898452e-005	-4.04107372e-007	
1.50268336e+001	1.60083535e-005	1.60026388e-005	-4.27707156e-007	
1.51270125e+001	1.79997996e-005	1.79941369e-005	-4.51468042e-007	
1.52271914e+001	2.03485523e-005	2.03427158e-005	-4.87335854e-007	
1.53273703e+001	2.27870543e-005	2.27815369e-005	-5.01420984e-007	
1.54275492e+001	2.58506058e-005	2.58458477e-005	-4.95961115e-007	
1.55277281e+001	2.95289990e-005	2.95261181e-005	-4.12467351e-007	
1.56279070e+001	3.35403456e-005	3.35391258e-005	-2.86048802e-007	
1.57280859e+001	3.76022576e-005	3.76021437e-005	9.25369411e-008	
1.58282648e+001	4.40445145e-005	4.40351407e-005	9.08650885e-007	
1.59284436e+001	4.58510884e-005	4.57633356e-005	2.83538733e-006	
1.60286225e+001	4.47192227e-005	4.44415305e-005	4.97586594e-006	
1.61288014e+001	3.75985845e-005	3.71065297e-005	6.06292125e-006	
1.62289803e+001	2.45071565e-005	2.38840545e-005	5.49114378e-006	
1.63291592e+001	1.23297988e-005	1.14121574e-005	4.66761189e-006	
1.64293381e+001	3.72753362e-006	-2.30272926e-007	3.72041412e-006	
1.65295170e+001	1.03470076e-005	-9.92007585e-006	2.94154061e-006	
1.66296959e+001	1.78613796e-005	-1.77067328e-005	2.34531318e-006	
1.67298748e+001	2.38554769e-005	-2.37752349e-005	1.95498952e-006	
1.68300537e+001	2.87863711e-005	-2.87390263e-005	1.65031119e-006	
1.69302326e+001	3.32007261e-005	-3.31706320e-005	1.41328831e-006	
1.70304114e+001	3.76527294e-005	-3.76348387e-005	1.16058060e-006	
1.71305903e+001	4.03926817e-005	-4.03783887e-005	1.07445733e-006	
1.72307692e+001	4.41140655e-005	-4.41042203e-005	9.31949883e-007	
1.73309481e+001	4.78365663e-005	-4.78300518e-005	7.89442431e-007	
1.74311270e+001	5.11991719e-005	-5.11942425e-005	7.10448819e-007	
1.75313059e+001	5.44992942e-005	-5.44955067e-005	6.42506788e-007	
1.76314848e+001	5.77996267e-005	-5.77967709e-005	5.74564758e-007	
1.77316637e+001	6.11283565e-005	-6.11262621e-005	5.06011440e-007	
1.78318426e+001	6.52373752e-005	-6.52358576e-005	4.44981675e-007	
1.79320215e+001	6.94466257e-005	-6.94455777e-005	3.81521181e-007	
1.80322004e+001	7.36938509e-005	-7.36931601e-005	3.19079260e-007	
1.81323792e+001	7.79856687e-005	-7.79852425e-005	2.57834479e-007	
1.82325581e+001	8.22775598e-005	-8.22773249e-005	1.96589698e-007	
1.83327370e+001	8.65695131e-005	-8.65694073e-005	1.35344917e-007	
1.84329159e+001	9.05962129e-005	-9.05961793e-005	7.80992205e-008	
1.85330948e+001	9.54274922e-005	-9.54274919e-005	7.53779604e-009	
1.86332737e+001	1.00769582e-004	-1.00769563e-004	-6.20356470e-008	
1.87334526e+001	1.06111715e-004	-1.06111633e-004	-1.31609090e-007	
1.88336315e+001	1.11453886e-004	-1.11453704e-004	-2.01182533e-007	
1.89338104e+001	1.18555866e-004	-1.18555461e-004	-3.10051838e-007	
1.90339893e+001	1.26916039e-004	-1.26915252e-004	-4.47014522e-007	
1.91341682e+001	1.35276303e-004	-1.35275042e-004	-5.83977206e-007	
1.92343470e+001	1.43636642e-004	-1.43634833e-004	-7.20939890e-007	
1.93345259e+001	1.50920663e-004	-1.50918834e-004	-7.43028568e-007	
1.94347048e+001	1.58103380e-004	-1.58101580e-004	-7.54305126e-007	
1.95348837e+001	1.68066246e-004	-1.68064395e-004	-7.88768155e-007	
1.96350626e+001	1.78536505e-004	-1.78534588e-004	-8.27462841e-007	
1.97352415e+001	1.89006765e-004	-1.89004780e-004	-8.66157526e-007	
1.98354204e+001	1.99477025e-004	-1.99474973e-004	-9.04852212e-007	
1.99355993e+001	2.08851007e-004	-2.08848997e-004	-9.16141701e-007	
2.00357782e+001	2.19866643e-004	-2.19865464e-004	-7.19922459e-007	
2.01359571e+001	2.31338169e-004	-2.31337603e-004	-5.11847719e-007	
2.02361360e+001	2.42809932e-004	-2.42809742e-004	-3.03772978e-007	
2.03363148e+001	2.54281899e-004	-2.54281881e-004	-9.56982374e-008	
2.04364937e+001	2.63597903e-004	-2.63597851e-004	1.66183058e-007	
2.05366726e+001	2.73292696e-004	-2.73292198e-004	5.21646182e-007	
2.06368515e+001	2.84387396e-004	-2.84385694e-004	9.84052195e-007	
2.07370304e+001	2.92546707e-004	-2.92543747e-004	1.31606951e-006	
2.08372093e+001	2.97923967e-004	-2.97920066e-004	1.52452575e-006	
2.09373882e+001	3.03116629e-004	-3.03111708e-004	1.72730500e-006	
2.10375671e+001	3.07196192e-004	-3.07190341e-004	1.89587054e-006	
2.11377460e+001	3.11275821e-004	-3.11268975e-004	2.06443608e-006	
2.12379249e+001	3.15541655e-004	-3.15533686e-004	2.24256489e-006	
2.13381038e+001	3.20939570e-004	-3.20929866e-004	2.49569560e-006	
2.14382826e+001	3.20892682e-004	-3.20882888e-004	2.50713519e-006	
2.15384615e+001	3.20840590e-004	-3.20830753e-004	2.51238522e-006	
2.16386404e+001	3.20788498e-004	-3.20778618e-004	2.51763525e-006	
2.17388193e+001	3.20536277e-004	-3.20526451e-004	2.50980196e-006	
2.18389982e+001	3.19817519e-004	-3.19807961e-004	2.47263790e-006	
2.19391771e+001	3.19177915e-004	-3.19168581e-004	2.44094455e-006	
2.20393560e+001	3.16575857e-004	-3.16567341e-004	2.32205197e-006	
2.21395349e+001	3.10857317e-004	-3.10850460e-004	2.06467783e-006	
2.22397138e+001	3.04400222e-004	-3.04394698e-004	1.83381096e-006	
2.23398927e+001	2.97691151e-004	-2.97686910e-004	1.58902890e-006	
2.24400716e+001	2.90848162e-004	-2.90845411e-004	1.26502703e-006	
2.25402504e+001	2.84021272e-004	-2.84019479e-004	1.00924667e-006	
2.26404293e+001	2.77202526e-004	-2.77201406e-004	7.87906821e-007	
2.27406082e+001	2.70383927e-004	-2.70383334e-004	5.66566968e-007	
2.28407871e+001	2.60962855e-004	-2.60962798e-004	1.73074568e-007	
2.29409660e+001	2.50230168e-004	-2.50230091e-004	-1.96080901e-007	
2.30411449e+001	2.37570433e-004	-2.37570055e-004	-4.23878827e-007	
2.31413238e+001	2.24964923e-004	-2.24963976e-004	-6.52938316e-007	
2.32415027e+001	2.13622725e-004	-2.13620781e-004	-9.11524754e-007	
2.33416816e+001	2.03353303e-004	-2.03350828e-004	-1.00323926e-006	
2.34418605e+001	1.93425366e-004	-1.93422795e-004	-9.97376204e-007	
2.35420394e+001	1.81749125e-004	-1.81746642e-004	-9.50136946e-007	
2.36422182e+001	1.70072885e-004	-1.70070488e-004	-9.02897687e-007	
2.37423971e+001	1.60455492e-004	-1.60453253e-004	-8.47684524e-007	
2.38425760e+001	1.52186396e-004	-1.52184360e-004	-7.87249418e-007	
2.39427549e+001	1.43917301e-004	-1.43915466e-004	-7.26814312e-007	
2.40429338e+001	1.35939572e-004	-1.35938210e-004	-6.08531668e-007	
2.41431127e+001	1.28025795e-004	-1.28024904e-004	-4.77564232e-007	
2.42432916e+001	1.21441535e-004	-1.21440928e-004	-3.84028157e-007	
2.43434705e+001	1.15944373e-004	-1.15943928e-004	-3.21099223e-007	
2.44436494e+001	1.10447230e-004	-1.10446928e-004	-2.58170290e-007	
2.45438283e+001	1.04950110e-004	-1.04949928e-004	-1.95241357e-007	
2.46440072e+001	1.00260050e-004	-1.00259941e-004	-1.47944668e-007	
2.47441860e+001	9.56882871e-005	-9.56882317e-005	-1.02939088e-007	
2.48443649e+001	9.11165409e-005	-9.11165225e-005	-5.79335086e-008	
2.49445438e+001	8.66153982e-005	-8.66153979e-005	-6.67444048e-009	
2.50447227e+001	8.17938649e-005	-8.17938552e-005	3.98803121e-008	
2.51449016e+001	7.67967714e-005	-7.67967210e-005	8.80172833e-008	
2.52450805e+001	7.26542999e-005	-7.26541901e-005	1.26342401e-007	
2.53452594e+001	6.94013755e-005	-6.94012037e-005	1.54454501e-007	
2.54454383e+001	6.61484692e-005	-6.61482172e-005	1.82566600e-007	
2.55456172e+001	6.28955837e-005	-6.28952308e-005	2.10678699e-007	
2.56457961e+001	5.98280089e-005	-5.98275252e-005	2.40565936e-007	
2.57459750e+001	5.67836455e-005	-5.67830004e-005	2.70677669e-007	
2.58461538e+001	5.37393174e-005	-5.37384756e-005	3.00789402e-007	
2.59463327e+001	5.06495184e-005	-5.06484354e-005	3.31217632e-007	
2.60465116e+001	4.75261849e-005	-4.75248071e-005	3.61879422e-007	
2.61466905e+001	4.44788294e-005	-4.44771044e-005	3.91718779e-007	
2.62468694e+001	4.16535089e-005	-4.16513999e-005	4.19153431e-007	
2.63470483e+001	3.88282636e-005	-3.88256953e-005	4.46588082e-007	
2.64472272e+001	3.59774462e-005	-3.59743186e-005	4.74379790e-007	
2.65474061e+001	3.30480770e-005	-3.30442448e-005	5.03266038e-007	
2.66475850e+001	3.01188726e-005	-3.01141711e-005	5.32152286e-007	
2.67477639e+001	2.71898863e-005	-2.71840974e-005	5.61038534e-007	
2.68479428e+001	2.41264439e-005	-2.41190177e-005	5.98566280e-007	
2.69481216e+001	2.10201651e-005	-2.10104396e-005	6.39350416e-007	
2.70483005e+001	1.78992244e-005	-1.78862307e-005	6.81898779e-007	
2.71484794e+001	1.47797872e-005	-1.47620218e-005	7.24447141e-007	
2.72486583e+001	1.14556621e-005	-1.14293446e-005	7.76064522e-007	
2.73488372e+001	7.36702056e-006	-7.31637253e-006	8.62371689e-007	
2.74490161e+001	3.86085708e-006	-3.74712491e-006	9.30200164e-007	
2.75491950e+001	1.39805356e-006	-1.00646693e-006	9.70349463e-007	
2.76493739e+001	1.53129791e-006	1.16692068e-006	9.91549000e-007	
2.77495528e+001	3.49046115e-006	3.34030828e-006	1.01274854e-006	
2.78497317e+001	5.05492905e-006	4.95327117e-006	1.00866863e-006	
2.79499106e+001	6.28995314e-006	6.21177756e-006	9.88600015e-007	
2.80500894e+001	6.79125586e-006	6.72449227e-006	9.49926212e-007	
2.81502683e+001	7.12545774e-006	7.06749357e-006	9.07018585e-007	
2.82504472e+001	6.66612752e-006	6.61339067e-006	8.36851249e-007	
2.83506261e+001	5.89195580e-006	5.83970833e-006	7.82911036e-007	
2.84508050e+001	5.11820456e-006	5.06602600e-006	7.28970823e-007	
2.85509839e+001	4.34509844e-006	4.29234367e-006	6.75030609e-007	
2.86511628e+001	2.69468325e-006	2.62536762e-006	6.07258349e-007	
2.87513417e+001	1.51393574e-006	1.40505695e-006	5.63752054e-007	
2.88515206e+001	7.61397225e-007	5.43625084e-007	5.33101775e-007	
2.89516995e+001	5.94523892e-007	-3.17806783e-007	5.02451497e-007	
2.90518784e+001	1.27011818e-006	-1.17923865e-006	4.71801218e-007	
2.91520572e+001	2.32029304e-006	-2.27689899e-006	4.46643943e-007	
2.92522361e+001	3.61879447e-006	-3.59356420e-006	4.26579174e-007	
2.93524150e+001	4.13141966e-006	-4.11108097e-006	4.09440654e-007	
2.94525939e+001	4.63413560e-006	-4.61749715e-006	3.92342782e-007	
2.95527728e+001	5.13763530e-006	-5.12391332e-006	3.75244909e-007	
2.96529517e+001	5.63141836e-006	-5.61997870e-006	3.58764770e-007	
2.97531306e+001	6.01419060e-006	-6.00405779e-006	3.48967949e-007	
2.98533095e+001	6.38737385e-006	-6.37845567e-006	3.37413661e-007	
2.99534884e+001	6.75281757e-006	-6.74501932e-006	3.24437195e-007	
3.00536673e+001	7.11840010e-006	-7.11158296e-006	3.11460728e-007	
3.01538462e+001	7.43483759e-006	-7.42881704e-006	2.99144382e-007	
3.02540250e+001	7.53199013e-006	-7.52641417e-006	2.89767178e-007	
3.03542039e+001	7.62916554e-006	-7.62401130e-006	2.80389974e-007	
3.04543828e+001	7.73488562e-006	-7.73013514e-006	2.71046620e-007	
3.05545617e+001	7.89857766e-006	-7.89423334e-006	2.61933418e-007	
3.06547406e+001	7.93539465e-006	-7.93128421e-006	2.55380013e-007	
3.07549195e+001	7.97076074e-006	-7.96687958e-006	2.48709830e-007	
3.08550984e+001	8.03150347e-006	-8.02787578e-006	2.41367862e-007	
3.09552773e+001	8.09225667e-006	-8.08887198e-006	2.34025893e-007	
3.10554562e+001	8.08705328e-006	-8.08386339e-006	2.27120101e-007	
3.11556351e+001	8.03915738e-006	-8.03613294e-006	2.20496624e-007	
3.12558140e+001	8.00823434e-006	-8.00537093e-006	2.14134336e-007	
3.13559928e+001	7.99239063e-006	-7.98968349e-006	2.08004085e-007	
3.14561717e+001	7.96705367e-006	-7.96447961e-006	2.02506041e-007	
3.15563506e+001	7.91409740e-006	-7.91159893e-006	1.98846659e-007	
3.16565295e+001	7.85335569e-006	-7.85094738e-006	1.94476060e-007	
3.17567084e+001	7.78220340e-006	-7.77990426e-006	1.89154391e-007	
3.18568873e+001	7.71105276e-006	-7.70886115e-006	1.83832721e-007	
3.19570662e+001	7.63990383e-006	-7.63781804e-006	1.78511052e-007	
3.20572451e+001	7.56875666e-006	-7.56677492e-006	1.73189383e-007	
3.21574240e+001	7.49186913e-006	-7.48997328e-006	1.68533165e-007	
3.22576029e+001	7.41589717e-006	-7.41405915e-006	1.65099052e-007	
3.23577818e+001	7.34204100e-006	-7.34026017e-006	1.61699422e-007	
3.24579606e+001	7.26818526e-006	-7.26646119e-006	1.58299792e-007	
3.25581395e+001	7.19432997e-006	-7.19266221e-006	1.54900162e-007	
3.26583184e+001	7.12047513e-006	-7.11886323e-006	1.51500532e-007	
3.27584973e+001	7.04192263e-006	-7.04037126e-006	1.47807067e-007	
3.28586762e+001	6.94985363e-006	-6.94837287e-006	1.43456967e-007	
3.29588551e+001	6.85975369e-006	-6.85832027e-006	1.40227264e-007	
3.30590340e+001	6.76965403e-006	-6.76826768e-006	1.36997561e-007	
3.31592129e+001	6.67955467e-006	-6.67821509e-006	1.33767858e-007	
3.32593918e+001	6.59124333e-006	-6.58994900e-006	1.30616824e-007	
3.33595707e+001	6.50303288e-006	-6.50177670e-006	1.27813571e-007	
3.34597496e+001	6.41479370e-006	-6.41357466e-006	1.25053297e-007	
3.35599284e+001	6.32655469e-006	-6.32537261e-006	1.22293023e-007	
3.36601073e+001	6.23831585e-006	-6.23717056e-006	1.19532749e-007	
3.37602862e+001	6.15262876e-006	-6.15151831e-006	1.16889451e-007	
3.38604651e+001	6.07102095e-006	-6.06994238e-006	1.14433162e-007	
3.39606440e+001	5.98812825e-006	-5.98707740e-006	1.12179206e-007	
3.40608229e+001	5.90438700e-006	-5.90336115e-006	1.10058866e-007	
3.41610018e+001	5.82064580e-006	-5.81964490e-006	1.07938526e-007	
3.42611807e+001	5.73685459e-006	-5.73587856e-006	1.05819312e-007	
3.43613596e+001	5.65169295e-006	-5.65074093e-006	1.03730923e-007	
3.44615385e+001	5.56625092e-006	-5.56532250e-006	1.01660197e-007	
3.45617174e+001	5.47865513e-006	-5.47774743e-006	9.97251301e-008	
3.46618962e+001	5.39388334e-006	-5.39299579e-006	9.78465822e-008	
3.47620751e+001	5.31204295e-006	-5.31117494e-006	9.60267026e-008	
3.48622540e+001	5.23020259e-006	-5.22935409e-006	9.42068230e-008	
3.49624329e+001	5.14483771e-006	-5.14401032e-006	9.22652850e-008	
3.50626118e+001	5.06020627e-006	-5.05939654e-006	9.05212895e-008	
3.51627907e+001	4.97762265e-006	-4.97682462e-006	8.91288734e-008	
3.52629696e+001	4.89503903e-006	-4.89425269e-006	8.77364573e-008	
3.53631485e+001	4.81334618e-006	-4.81257288e-006	8.62767144e-008	
3.54633274e+001	4.73544373e-006	-4.73468179e-006	8.49450416e-008	
3.55635063e+001	4.65825652e-006	-4.65750494e-006	8.36753221e-008	
3.56636852e+001	4.58114458e-006	-4.58040585e-006	8.22671735e-008	
3.57638640e+001	4.50403264e-006	-4.50330676e-006	8.08590250e-008	
3.58640429e+001	4.43228161e-006	-4.43156295e-006	7.98128803e-008	
3.59642218e+001	4.36250939e-006	-4.36179584e-006	7.89003556e-008	
3.60644007e+001	4.28639593e-006	-4.28568767e-006	7.79187311e-008	
3.61645796e+001	4.20920210e-006	-4.20849912e-006	7.69253336e-008	
3.62647585e+001	4.13200832e-006	-4.13131058e-006	7.59319361e-008	
3.63649374e+001	4.06483224e-006	-4.06413823e-006	7.51105345e-008	
3.64651163e+001	3.99822460e-006	-3.99753420e-006	7.42988919e-008	
3.65652952e+001	3.93161702e-006	-3.93093017e-006	7.34872494e-008	
3.66654741e+001	3.86500947e-006	-3.86432614e-006	7.26756068e-008	
3.67656530e+001	3.79840198e-006	-3.79772211e-006	7.18639643e-008	
3.68658318e+001	3.72433664e-006	-3.72365974e-006	7.10041739e-008	
3.69660107e+001	3.64645196e-006	-3.64577347e-006	7.03396385e-008	
3.70661896e+001	3.56827469e-006	-3.56759478e-006	6.96543869e-008	
3.71663685e+001	3.49009762e-006	-3.48941610e-006	6.89691354e-008	
3.72665474e+001	3.41192077e-006	-3.41123741e-006	6.82838839e-008	
3.73667263e+001	3.33827893e-006	-3.33758952e-006	6.78408952e-008	
3.74669052e+001	3.26864703e-006	-3.26794768e-006	6.76121105e-008	
3.75670841e+001	3.19901559e-006	-3.19830584e-006	6.73833258e-008	
3.76672630e+001	3.12943306e-006	-3.12871239e-006	6.71568428e-008	
3.77674419e+001	3.06203827e-006	-3.06130443e-006	6.70343054e-008	
3.78676208e+001	2.99072951e-006	-2.98997967e-006	6.69667868e-008	
3.79677996e+001	2.90021660e-006	-2.89943868e-006	6.71691966e-008	
3.80679785e+001	2.80970552e-006	-2.80889768e-006	6.73716064e-008	
3.81681574e+001	2.72299135e-006	-2.72215379e-006	6.75323709e-008	
3.82683363e+001	2.64923861e-006	-2.64837146e-006	6.77778557e-008	
3.83685152e+001	2.55879975e-006	-2.55787288e-006	6.88656585e-008	
3.84686941e+001	2.46836574e-006	-2.46737430e-006	6.99534612e-008	
3.85688730e+001	2.37793714e-006	-2.37687572e-006	7.10412640e-008	
3.86690519e+001	2.29006133e-006	-2.28892607e-006	7.20995525e-008	
3.87692308e+001	2.16104353e-006	-2.15967153e-006	7.69937787e-008	
3.88694097e+001	2.03375107e-006	-2.03211451e-006	8.15722600e-008	
3.89695886e+001	1.90686012e-006	-1.90491602e-006	8.60840520e-008	
3.90697674e+001	1.78002451e-006	-1.77771754e-006	9.05958440e-008	
3.91699463e+001	1.61357582e-006	-1.61072012e-006	9.59564223e-008	
3.92701252e+001	1.35559056e-006	-1.35116908e-006	1.09397843e-007	
3.93703041e+001	1.09739571e-006	-1.09048265e-006	1.22983431e-007	
3.94704830e+001	8.05865467e-007	-7.93911665e-007	1.38287453e-007	
3.95706619e+001	3.89230144e-007	-3.54631877e-007	1.60425487e-007	
3.96708408e+001	2.62691573e-007	1.72937497e-007	1.97735897e-007	
3.97710197e+001	7.03837402e-007	6.69538631e-007	2.17037117e-007	
3.98711986e+001	1.26732969e-006	1.24755650e-006	2.22996226e-007	
3.99713775e+001	1.53147742e-006	1.52236752e-006	1.66793933e-007	
4.00715564e+001	1.62087967e-006	1.61900911e-006	7.78487157e-008	
4.01717352e+001	1.49366139e-006	1.49361367e-006	1.19394805e-008	
4.02719141e+001	1.29649081e-006	1.29605426e-006	-3.36421333e-008	
4.03720930e+001	1.15634526e-006	1.15543166e-006	-4.59567624e-008	
4.04722719e+001	9.69739112e-007	9.68753758e-007	-4.37047011e-008	
4.05724508e+001	8.59409609e-007	8.58301651e-007	-4.36251386e-008	
4.06726297e+001	7.51955102e-007	7.50916158e-007	-3.95145418e-008	
4.07728086e+001	6.68031749e-007	6.67001480e-007	-3.70869695e-008	
4.08729875e+001	5.83914402e-007	5.82969996e-007	-3.31965734e-008	
4.09731664e+001	5.20836835e-007	5.19972636e-007	-2.99911041e-008	
4.10733453e+001	4.70350241e-007	4.69535575e-007	-2.76711672e-008	
4.11735242e+001	4.19161526e-007	4.18411704e-007	-2.50605397e-008	
4.12737030e+001	3.79886779e-007	3.79158905e-007	-2.35051058e-008	
4.13738819e+001	3.42608962e-007	3.41913104e-007	-2.18250030e-008	
4.14740608e+001	3.10233392e-007	3.09569294e-007	-2.02881752e-008	
4.15742397e+001	2.80447592e-007	2.79806230e-007	-1.89558789e-008	
4.16744186e+001	2.56747201e-007	2.56110706e-007	-1.80674120e-008	
4.17745975e+001	2.34902427e-007	2.34268228e-007	-1.72495669e-008	
4.18747764e+001	2.16104348e-007	2.15458171e-007	-1.66992793e-008	
4.19749553e+001	2.01166365e-007	2.00519779e-007	-1.61159805e-008	
4.20751342e+001	1.89960912e-007	1.89325206e-007	-1.55278533e-008	
4.21753131e+001	1.80800459e-007	1.80227019e-007	-1.43884533e-008	
4.22754919e+001	1.67187636e-007	1.66795847e-007	-1.14390126e-008	
4.23756708e+001	1.47977040e-007	1.47944246e-007	-3.11518523e-009	
4.24758497e+001	1.14605221e-007	1.14456149e-007	5.84350798e-009	
4.25760286e+001	6.75757644e-008	6.62560015e-008	1.32900790e-008	
4.26762075e+001	2.09990247e-008	9.92491252e-009	1.85055438e-008	
4.27763864e+001	2.92465423e-008	-2.18685878e-008	1.94197091e-008	
4.28765653e+001	5.76838117e-008	-5.40735500e-008	2.00866456e-008	
4.29767442e+001	6.37043602e-008	-6.09180046e-008	1.86344365e-008	
4.30769231e+001	6.21529158e-008	-5.98504684e-008	1.67602620e-008	
4.31771020e+001	4.95394956e-008	-4.74316340e-008	1.42969129e-008	
4.32772809e+001	3.33531821e-008	-3.11219417e-008	1.19941444e-008	
4.33774597e+001	2.08415617e-008	-1.83338956e-008	9.91155714e-009	
4.34776386e+001	8.69397576e-009	4.86814999e-009	7.20321665e-009	
4.35778175e+001	2.53790594e-008	2.50404725e-008	4.13175436e-009	
4.36779964e+001	3.64687613e-008	3.64426556e-008	1.37964056e-009	
4.37781753e+001	4.36133268e-008	4.35959215e-008	-1.23203183e-009	
4.38783542e+001	4.65046877e-008	4.63969058e-008	-3.16434895e-009	
4.39785331e+001	4.67099604e-008	4.64933895e-008	-4.49278713e-009	
4.40787120e+001	4.33769500e-008	4.31180250e-008	-4.73241092e-009	
4.41788909e+001	4.12638386e-008	4.09617108e-008	-4.98423766e-009	
4.42790698e+001	3.67181912e-008	3.64317080e-008	-4.57779593e-009	
4.43792487e+001	3.12875743e-008	3.10421469e-008	-3.91119181e-009	
4.44794275e+001	2.78758442e-008	2.76495824e-008	-3.54447205e-009	
4.45796064e+001	2.55538077e-008	2.53411147e-008	-3.29013557e-009	
4.46797853e+001	2.32318511e-008	2.30326470e-008	-3.03579909e-009	
4.47799642e+001	2.07630674e-008	2.05804606e-008	-2.74765574e-009	
4.48801431e+001	1.95142871e-008	1.93549208e-008	-2.48886333e-009	
4.49803220e+001	1.84323899e-008	1.82925378e-008	-2.26628684e-009	
4.50805009e+001	1.76795955e-008	1.75595497e-008	-2.05677202e-009	
4.51806798e+001	1.75749252e-008	1.74651509e-008	-1.96124961e-009	
4.52808587e+001	1.74361520e-008	1.73259367e-008	-1.95737506e-009	
4.53810376e+001	1.70788819e-008	1.69689518e-008	-1.93465251e-009	
4.54812165e+001	1.66131054e-008	1.64988586e-008	-1.94497692e-009	
4.55813953e+001	1.62780034e-008	1.61594880e-008	-1.96069967e-009	
4.56815742e+001	1.58419483e-008	1.57184624e-008	-1.97414920e-009	
4.57817531e+001	1.56627522e-008	1.55274846e-008	-2.05402771e-009	
4.58819320e+001	1.65321603e-008	1.63856964e-008	-2.19574125e-009	
4.59821109e+001	2.01048569e-008	1.99935311e-008	-2.11281400e-009	
4.60822898e+001	3.27254490e-008	3.27188714e-008	-6.56098584e-010	
4.61824687e+001	2.71270488e-008	2.64117743e-008	-6.18829158e-009	
4.62826476e+001	2.31933619e-008	2.22769430e-008	-6.45521847e-009	
4.63828265e+001	2.23775748e-008	2.15039846e-008	-6.19148625e-009	
4.64830054e+001	2.50197975e-008	2.43068833e-008	-5.93006652e-009	
4.65831843e+001	2.49120390e-008	2.41315675e-008	-6.18685188e-009	
4.66833631e+001	2.81548899e-008	2.73806464e-008	-6.55728816e-009	
4.67835420e+001	3.02053766e-008	2.93856859e-008	-6.98900854e-009	
4.68837209e+001	3.18558099e-008	3.08591059e-008	-7.90621295e-009	
4.69838998e+001	3.57692239e-008	3.47602837e-008	-8.43564192e-009	
4.70840787e+001	4.22191093e-008	4.12432347e-008	-9.02489807e-009	
4.71842576e+001	4.75969298e-008	4.65121929e-008	-1.01036449e-008	
4.72844365e+001	4.96975222e-008	4.82343883e-008	-1.19702755e-008	
4.73846154e+001	5.82722494e-008	5.68784315e-008	-1.26688229e-008	
4.74847943e+001	6.44152447e-008	6.26568219e-008	-1.49481243e-008	
4.75849732e+001	8.08235060e-008	7.90426592e-008	-1.68729709e-008	
4.76851521e+001	9.43092345e-008	9.20796486e-008	-2.03855345e-008	
4.77853309e+001	1.13459201e-007	1.10986505e-007	-2.35581438e-008	
4.78855098e+001	1.35571569e-007	1.31561597e-007	-3.27291365e-008	
4.79856887e+001	1.66804795e-007	1.59633439e-007	-4.83839287e-008	
4.80858676e+001	2.89581026e-007	2.87242985e-007	-3.67238072e-008	
4.81860465e+001	4.12089452e-007	4.01602021e-007	9.23771269e-008	
4.82862254e+001	1.50894155e-007	1.50383341e-007	1.24055108e-008	
4.83864043e+001	7.49353398e-008	7.43610534e-008	9.25952903e-009	
4.84865832e+001	2.13736249e-008	2.00254031e-008	7.47094843e-009	
4.85867621e+001	2.31656441e-008	-2.20583336e-008	7.07650925e-009	
4.86869410e+001	6.02907433e-008	-5.97758800e-008	7.86243576e-009	
4.87871199e+001	8.73989456e-008	-8.69820586e-008	8.52626320e-009	
4.88872987e+001	1.16446662e-007	-1.16117631e-007	8.74761624e-009	
4.89874776e+001	1.45529844e-007	-1.45253203e-007	8.96896929e-009	
4.90876565e+001	1.67309157e-007	-1.67054057e-007	9.23559630e-009	
4.91878354e+001	1.88536441e-007	-1.88296659e-007	9.50566916e-009	
4.92880143e+001	2.09767173e-007	-2.09539260e-007	9.77574202e-009	
4.93881932e+001	2.31963558e-007	-2.31743743e-007	1.00960258e-008	
4.94883721e+001	2.53346885e-007	-2.53137195e-007	1.03055465e-008	
4.95885510e+001	2.74731948e-007	-2.74530648e-007	1.05150673e-008	
4.96887299e+001	2.94232723e-007	-2.94038952e-007	1.06766121e-008	
4.97889088e+001	3.12191449e-007	-3.12004622e-007	1.07988978e-008	
4.98890877e+001	3.30150975e-007	-3.29970293e-007	1.09211834e-008	
4.99892665e+001	3.48111178e-007	-3.47935963e-007	1.10434690e-008	
5.00894454e+001	3.63949525e-007	-3.63779322e-007	1.11293088e-008	
5.01896243e+001	3.75759156e-007	-3.75593336e-007	1.11619360e-008	
5.02898032e+001	3.87569056e-007	-3.87407350e-007	1.11945632e-008	
5.03899821e+001	3.99379203e-007	-3.99221364e-007	1.12271904e-008	
5.04901610e+001	4.11218282e-007	-4.11064078e-007	1.12605028e-008	
5.05903399e+001	4.23103753e-007	-4.22952965e-007	1.12949178e-008	
5.06905188e+001	4.33595794e-007	-4.33448507e-007	1.13006264e-008	
5.07906977e+001	4.43615306e-007	-4.43471573e-007	1.12917372e-008	
5.08908766e+001	4.53634974e-007	-4.53494639e-007	1.12828479e-008	
5.09910555e+001	4.63654790e-007	-4.63517704e-007	1.12739587e-008	
5.10912343e+001	4.72153960e-007	-4.72019332e-007	1.12743825e-008	
5.11914132e+001	4.80040157e-007	-4.79907644e-007	1.12785606e-008	
5.12915921e+001	4.88533540e-007	-4.88404009e-007	1.12491597e-008	
5.13917710e+001	4.97056822e-007	-4.96930215e-007	1.12181109e-008	
5.14919499e+001	5.05171931e-007	-5.05047899e-007	1.11936960e-008	
5.15921288e+001	5.12379314e-007	-5.12257239e-007	1.11840316e-008	
5.16923077e+001	5.17610173e-007	-5.17489757e-007	1.11643739e-008	
5.17924866e+001	5.22561692e-007	-5.22442866e-007	1.11433037e-008	
5.18926655e+001	5.27513240e-007	-5.27395975e-007	1.11222334e-008	
5.19928444e+001	5.32464819e-007	-5.32349085e-007	1.11011632e-008	
5.20930233e+001	5.37460414e-007	-5.37346184e-007	1.10803985e-008	
5.21932021e+001	5.43526963e-007	-5.43414280e-007	1.10670734e-008	
5.22933810e+001	5.48693498e-007	-5.48582285e-007	1.10467640e-008	
5.23935599e+001	5.52482281e-007	-5.52372450e-007	1.10157632e-008	
5.24937388e+001	5.56271084e-007	-5.56162615e-007	1.09847624e-008	
5.25939177e+001	5.60059907e-007	-5.59952779e-007	1.09537615e-008	
5.26940966e+001	5.63886841e-007	-5.63780893e-007	1.09304084e-008	
5.27942755e+001	5.67745988e-007	-5.67641085e-007	1.09135197e-008	
5.28944544e+001	5.71035226e-007	-5.70931274e-007	1.08953843e-008	
5.29946333e+001	5.73980124e-007	-5.73877064e-007	1.08764955e-008	
5.30948122e+001	5.76925032e-007	-5.76822854e-007	1.08576068e-008	
5.31949911e+001	5.79957722e-007	-5.79856591e-007	1.08301864e-008	
5.32951699e+001	5.83002739e-007	-5.82902677e-007	1.08010864e-008	
5.33953488e+001	5.85040562e-007	-5.84941183e-007	1.07829523e-008	
5.34955277e+001	5.87078391e-007	-5.86979689e-007	1.07648182e-008	
5.35957066e+001	5.89116225e-007	-5.89018196e-007	1.07466841e-008	
5.36958855e+001	5.91154064e-007	-5.91056702e-007	1.07285500e-008	
5.37960644e+001	5.93191908e-007	-5.93095208e-007	1.07104159e-008	
5.38962433e+001	5.95381299e-007	-5.95285310e-007	1.06907057e-008	
5.39964222e+001	5.97520597e-007	-5.97425326e-007	1.06697980e-008	
5.40966011e+001	5.99659901e-007	-5.99565341e-007	1.06488903e-008	
5.41967800e+001	6.01799211e-007	-6.01705357e-007	1.06279826e-008	
5.42969589e+001	6.03772556e-007	-6.03679332e-007	1.06095922e-008	
5.43971377e+001	6.05091785e-007	-6.04998912e-007	1.06011231e-008	
5.44973166e+001	6.06029068e-007	-6.05936496e-007	1.05921389e-008	
5.45974955e+001	6.06641297e-007	-6.06548983e-007	1.05827164e-008	
5.46976744e+001	6.07253526e-007	-6.07161470e-007	1.05732939e-008	
5.47978533e+001	6.07865756e-007	-6.07773956e-007	1.05638713e-008	
5.48980322e+001	6.08849279e-007	-6.08757843e-007	1.05514663e-008	
5.49982111e+001	6.09427765e-007	-6.09336571e-007	1.05425217e-008	
5.50983900e+001	6.10074614e-007	-6.09983641e-007	1.05352887e-008	
5.51985689e+001	6.10934115e-007	-6.10843398e-007	1.05278543e-008	
5.52987478e+001	6.11793617e-007	-6.11703156e-007	1.05204199e-008	
5.53989267e+001	6.12644475e-007	-6.12554267e-007	1.05129909e-008	
5.54991055e+001	6.13193664e-007	-6.13103614e-007	1.05084826e-008	
5.55992844e+001	6.13690759e-007	-6.13600849e-007	1.05045605e-008	
5.56994633e+001	6.14099069e-007	-6.14009272e-007	1.05014389e-008	
5.57996422e+001	6.14071065e-007	-6.13981284e-007	1.05002271e-008	
5.58998211e+001	6.14204117e-007	-6.14114375e-007	1.04991180e-008	
5.60000000e+001	6.14132132e-007	-6.14042385e-007	1.04987823e-008	
