% Column 0: Length, cm
% Column 1: |B.n|, Tesla
% Column 2: Re[B.n], Tesla
% Column 3: Im[B.n], Tesla
0.00000000e+000	5.62593294e-016	5.62237285e-016	-2.00112394e-017	
1.00178891e-001	1.88549317e-015	1.88429942e-015	-6.70835697e-017	
2.00357782e-001	5.54185228e-015	5.53834064e-015	-1.97255243e-016	
3.00536673e-001	7.06412635e-015	7.05964104e-015	-2.51693252e-016	
4.00715564e-001	7.06412635e-015	7.05964104e-015	-2.51693252e-016	
5.00894454e-001	1.17792824e-014	1.17717341e-014	-4.21626380e-016	
6.01073345e-001	1.17792824e-014	1.17717341e-014	-4.21626380e-016	
7.01252236e-001	1.17792824e-014	1.17717341e-014	-4.21626380e-016	
8.01431127e-001	1.17792824e-014	1.17717341e-014	-4.21626380e-016	
9.01610018e-001	1.77737049e-014	1.77621056e-014	-6.42020158e-016	
1.00178891e+000	1.77737049e-014	1.77621056e-014	-6.42020158e-016	
1.10196780e+000	1.77737049e-014	1.77621056e-014	-6.42020158e-016	
1.20214669e+000	1.77737049e-014	1.77621056e-014	-6.42020158e-016	
1.30232558e+000	1.77737049e-014	1.77621056e-014	-6.42020158e-016	
1.40250447e+000	3.24150084e-014	3.23906681e-014	-1.25594249e-015	
1.50268336e+000	3.24150084e-014	3.23906681e-014	-1.25594249e-015	
1.60286225e+000	3.24150084e-014	3.23906681e-014	-1.25594249e-015	
1.70304114e+000	3.24150084e-014	3.23906681e-014	-1.25594249e-015	
1.80322004e+000	3.24150084e-014	3.23906681e-014	-1.25594249e-015	
1.90339893e+000	3.24150084e-014	3.23906681e-014	-1.25594249e-015	
2.00357782e+000	3.24150084e-014	3.23906681e-014	-1.25594249e-015	
2.10375671e+000	3.24150084e-014	3.23906681e-014	-1.25594249e-015	
2.20393560e+000	5.25817248e-014	5.25379230e-014	-2.14579383e-015	
2.30411449e+000	5.25817248e-014	5.25379230e-014	-2.14579383e-015	
2.40429338e+000	5.25817248e-014	5.25379230e-014	-2.14579383e-015	
2.50447227e+000	5.25817248e-014	5.25379230e-014	-2.14579383e-015	
2.60465116e+000	5.25817248e-014	5.25379230e-014	-2.14579383e-015	
2.70483005e+000	5.05906971e-014	5.05385455e-014	-2.29652932e-015	
2.80500894e+000	5.05906971e-014	5.05385455e-014	-2.29652932e-015	
2.90518784e+000	5.05906971e-014	5.05385455e-014	-2.29652932e-015	
3.00536673e+000	5.05906971e-014	5.05385455e-014	-2.29652932e-015	
3.10554562e+000	5.05906971e-014	5.05385455e-014	-2.29652932e-015	
3.20572451e+000	5.05906971e-014	5.05385455e-014	-2.29652932e-015	
3.30590340e+000	5.05906971e-014	5.05385455e-014	-2.29652932e-015	
3.40608229e+000	5.05906971e-014	5.05385455e-014	-2.29652932e-015	
3.50626118e+000	5.05906971e-014	5.05385455e-014	-2.29652932e-015	
3.60644007e+000	6.34691868e-014	6.33896467e-014	-3.17653352e-015	
3.70661896e+000	6.34691868e-014	6.33896467e-014	-3.17653352e-015	
3.80679785e+000	6.34691868e-014	6.33896467e-014	-3.17653352e-015	
3.90697674e+000	6.34691868e-014	6.33896467e-014	-3.17653352e-015	
4.00715564e+000	6.46664368e-014	6.45564109e-014	-3.77065744e-015	
4.10733453e+000	6.46664368e-014	6.45564109e-014	-3.77065744e-015	
4.20751342e+000	6.46664368e-014	6.45564109e-014	-3.77065744e-015	
4.30769231e+000	6.46664368e-014	6.45564109e-014	-3.77065744e-015	
4.40787120e+000	6.60293833e-014	6.58799205e-014	-4.44021647e-015	
4.50805009e+000	6.60293833e-014	6.58799205e-014	-4.44021647e-015	
4.60822898e+000	6.60293833e-014	6.58799205e-014	-4.44021647e-015	
4.70840787e+000	6.60293833e-014	6.58799205e-014	-4.44021647e-015	
4.80858676e+000	6.60293833e-014	6.58799205e-014	-4.44021647e-015	
4.90876565e+000	6.64230444e-014	6.62135603e-014	-5.27117191e-015	
5.00894454e+000	6.64230444e-014	6.62135603e-014	-5.27117191e-015	
5.10912343e+000	6.64230444e-014	6.62135603e-014	-5.27117191e-015	
5.20930233e+000	6.64230444e-014	6.62135603e-014	-5.27117191e-015	
5.30948122e+000	5.88507626e-014	5.85671727e-014	-5.77048840e-015	
5.40966011e+000	5.88507626e-014	5.85671727e-014	-5.77048840e-015	
5.50983900e+000	5.88507626e-014	5.85671727e-014	-5.77048840e-015	
5.61001789e+000	5.88507626e-014	5.85671727e-014	-5.77048840e-015	
5.71019678e+000	5.13687591e-014	5.09403560e-014	-6.62038806e-015	
5.81037567e+000	5.13687591e-014	5.09403560e-014	-6.62038806e-015	
5.91055456e+000	5.13687591e-014	5.09403560e-014	-6.62038806e-015	
6.01073345e+000	5.13687591e-014	5.09403560e-014	-6.62038806e-015	
6.11091234e+000	5.13687591e-014	5.09403560e-014	-6.62038806e-015	
6.21109123e+000	3.06621603e-014	2.99476697e-014	-6.58066509e-015	
6.31127013e+000	3.06621603e-014	2.99476697e-014	-6.58066509e-015	
6.41144902e+000	3.06621603e-014	2.99476697e-014	-6.58066509e-015	
6.51162791e+000	3.06621603e-014	2.99476697e-014	-6.58066509e-015	
6.61180680e+000	1.24938456e-014	9.93232812e-015	-7.57925038e-015	
6.71198569e+000	1.24938456e-014	9.93232812e-015	-7.57925038e-015	
6.81216458e+000	1.24938456e-014	9.93232812e-015	-7.57925038e-015	
6.91234347e+000	1.24938456e-014	9.93232812e-015	-7.57925038e-015	
7.01252236e+000	2.44066974e-014	-2.22399291e-014	-1.00534786e-014	
7.11270125e+000	2.44066974e-014	-2.22399291e-014	-1.00534786e-014	
7.21288014e+000	2.44066974e-014	-2.22399291e-014	-1.00534786e-014	
7.31305903e+000	2.44066974e-014	-2.22399291e-014	-1.00534786e-014	
7.41323792e+000	2.44066974e-014	-2.22399291e-014	-1.00534786e-014	
7.51341682e+000	5.25338986e-014	-5.14336396e-014	-1.06953829e-014	
7.61359571e+000	5.25338986e-014	-5.14336396e-014	-1.06953829e-014	
7.71377460e+000	5.25338986e-014	-5.14336396e-014	-1.06953829e-014	
7.81395349e+000	5.25338986e-014	-5.14336396e-014	-1.06953829e-014	
7.91413238e+000	9.32766462e-014	-9.26572389e-014	-1.07316725e-014	
8.01431127e+000	9.32766462e-014	-9.26572389e-014	-1.07316725e-014	
8.11449016e+000	9.32766462e-014	-9.26572389e-014	-1.07316725e-014	
8.21466905e+000	9.32766462e-014	-9.26572389e-014	-1.07316725e-014	
8.31484794e+000	9.32766462e-014	-9.26572389e-014	-1.07316725e-014	
8.41502683e+000	1.29627090e-013	-1.29026644e-013	-1.24622468e-014	
8.51520572e+000	1.29627090e-013	-1.29026644e-013	-1.24622468e-014	
8.61538462e+000	1.29627090e-013	-1.29026644e-013	-1.24622468e-014	
8.71556351e+000	1.29627090e-013	-1.29026644e-013	-1.24622468e-014	
8.81574240e+000	1.60185157e-013	-1.59650158e-013	-1.30809658e-014	
8.91592129e+000	1.60185157e-013	-1.59650158e-013	-1.30809658e-014	
9.01610018e+000	1.60185157e-013	-1.59650158e-013	-1.30809658e-014	
9.11627907e+000	1.60185157e-013	-1.59650158e-013	-1.30809658e-014	
9.21645796e+000	1.60185157e-013	-1.59650158e-013	-1.30809658e-014	
9.31663685e+000	1.60185157e-013	-1.59650158e-013	-1.30809658e-014	
9.41681574e+000	1.60185157e-013	-1.59650158e-013	-1.30809658e-014	
9.51699463e+000	1.60185157e-013	-1.59650158e-013	-1.30809658e-014	
9.61717352e+000	1.60185157e-013	-1.59650158e-013	-1.30809658e-014	
9.71735242e+000	1.22496577e-013	-1.21950211e-013	-1.15567057e-014	
9.81753131e+000	1.22496577e-013	-1.21950211e-013	-1.15567057e-014	
9.91771020e+000	1.22496577e-013	-1.21950211e-013	-1.15567057e-014	
1.00178891e+001	1.22496577e-013	-1.21950211e-013	-1.15567057e-014	
1.01180680e+001	4.01991935e-014	-3.74632821e-014	-1.45766133e-014	
1.02182469e+001	4.01991935e-014	-3.74632821e-014	-1.45766133e-014	
1.03184258e+001	4.01991935e-014	-3.74632821e-014	-1.45766133e-014	
1.04186047e+001	4.01991935e-014	-3.74632821e-014	-1.45766133e-014	
1.05187835e+001	1.27008157e-013	1.25995589e-013	-1.60057358e-014	
1.06189624e+001	1.27008157e-013	1.25995589e-013	-1.60057358e-014	
1.07191413e+001	1.27008157e-013	1.25995589e-013	-1.60057358e-014	
1.08193202e+001	1.27008157e-013	1.25995589e-013	-1.60057358e-014	
1.09194991e+001	1.27008157e-013	1.25995589e-013	-1.60057358e-014	
1.10196780e+001	1.27008157e-013	1.25995589e-013	-1.60057358e-014	
1.11198569e+001	1.27008157e-013	1.25995589e-013	-1.60057358e-014	
1.12200358e+001	1.27008157e-013	1.25995589e-013	-1.60057358e-014	
1.13202147e+001	1.27008157e-013	1.25995589e-013	-1.60057358e-014	
1.14203936e+001	6.57708755e-013	6.57376631e-013	-2.08990598e-014	
1.15205725e+001	6.57708755e-013	6.57376631e-013	-2.08990598e-014	
1.16207513e+001	6.57708755e-013	6.57376631e-013	-2.08990598e-014	
1.17209302e+001	6.57708755e-013	6.57376631e-013	-2.08990598e-014	
1.18211091e+001	6.57708755e-013	6.57376631e-013	-2.08990598e-014	
1.19212880e+001	6.57708755e-013	6.57376631e-013	-2.08990598e-014	
1.20214669e+001	6.57708755e-013	6.57376631e-013	-2.08990598e-014	
1.21216458e+001	6.57708755e-013	6.57376631e-013	-2.08990598e-014	
1.22218247e+001	6.57708755e-013	6.57376631e-013	-2.08990598e-014	
1.23220036e+001	1.75614618e-012	1.75579208e-012	-3.52643191e-014	
1.24221825e+001	1.75614618e-012	1.75579208e-012	-3.52643191e-014	
1.25223614e+001	1.75614618e-012	1.75579208e-012	-3.52643191e-014	
1.26225403e+001	1.75614618e-012	1.75579208e-012	-3.52643191e-014	
1.27227191e+001	1.75614618e-012	1.75579208e-012	-3.52643191e-014	
1.28228980e+001	1.75614618e-012	1.75579208e-012	-3.52643191e-014	
1.29230769e+001	1.75614618e-012	1.75579208e-012	-3.52643191e-014	
1.30232558e+001	1.75614618e-012	1.75579208e-012	-3.52643191e-014	
1.31234347e+001	1.75614618e-012	1.75579208e-012	-3.52643191e-014	
1.32236136e+001	3.82696663e-012	3.82662281e-012	-5.12976011e-014	
1.33237925e+001	3.82696663e-012	3.82662281e-012	-5.12976011e-014	
1.34239714e+001	3.82696663e-012	3.82662281e-012	-5.12976011e-014	
1.35241503e+001	3.82696663e-012	3.82662281e-012	-5.12976011e-014	
1.36243292e+001	3.82696663e-012	3.82662281e-012	-5.12976011e-014	
1.37245081e+001	3.82696663e-012	3.82662281e-012	-5.12976011e-014	
1.38246869e+001	3.82696663e-012	3.82662281e-012	-5.12976011e-014	
1.39248658e+001	3.82696663e-012	3.82662281e-012	-5.12976011e-014	
1.40250447e+001	5.56647380e-012	5.56634281e-012	-3.81878893e-014	
1.41252236e+001	5.56647380e-012	5.56634281e-012	-3.81878893e-014	
1.42254025e+001	5.56647380e-012	5.56634281e-012	-3.81878893e-014	
1.43255814e+001	5.56647380e-012	5.56634281e-012	-3.81878893e-014	
1.44257603e+001	5.56647380e-012	5.56634281e-012	-3.81878893e-014	
1.45259392e+001	5.56647380e-012	5.56634281e-012	-3.81878893e-014	
1.46261181e+001	5.56647380e-012	5.56634281e-012	-3.81878893e-014	
1.47262970e+001	5.56647380e-012	5.56634281e-012	-3.81878893e-014	
1.48264758e+001	5.56647380e-012	5.56634281e-012	-3.81878893e-014	
1.49266547e+001	7.75396089e-012	7.75391473e-012	-2.67545845e-014	
1.50268336e+001	7.75396089e-012	7.75391473e-012	-2.67545845e-014	
1.51270125e+001	7.75396089e-012	7.75391473e-012	-2.67545845e-014	
1.52271914e+001	7.75396089e-012	7.75391473e-012	-2.67545845e-014	
1.53273703e+001	1.00170024e-011	1.00170014e-011	-4.53554293e-015	
1.54275492e+001	1.00170024e-011	1.00170014e-011	-4.53554293e-015	
1.55277281e+001	1.00170024e-011	1.00170014e-011	-4.53554293e-015	
1.56279070e+001	1.00170024e-011	1.00170014e-011	-4.53554293e-015	
1.57280859e+001	1.00170024e-011	1.00170014e-011	-4.53554293e-015	
1.58282648e+001	1.02580698e-011	1.02580606e-011	1.37422917e-014	
1.59284436e+001	1.02580698e-011	1.02580606e-011	1.37422917e-014	
1.60286225e+001	1.02580698e-011	1.02580606e-011	1.37422917e-014	
1.61288014e+001	1.02580698e-011	1.02580606e-011	1.37422917e-014	
1.62289803e+001	1.42344749e-011	1.42344353e-011	3.35660725e-014	
1.63291592e+001	1.42344749e-011	1.42344353e-011	3.35660725e-014	
1.64293381e+001	1.42344749e-011	1.42344353e-011	3.35660725e-014	
1.65295170e+001	1.42344749e-011	1.42344353e-011	3.35660725e-014	
1.66296959e+001	1.47398999e-011	1.47398486e-011	3.88550721e-014	
1.67298748e+001	1.47398999e-011	1.47398486e-011	3.88550721e-014	
1.68300537e+001	1.47398999e-011	1.47398486e-011	3.88550721e-014	
1.69302326e+001	1.47398999e-011	1.47398486e-011	3.88550721e-014	
1.70304114e+001	1.47398999e-011	1.47398486e-011	3.88550721e-014	
1.71305903e+001	1.47398999e-011	1.47398486e-011	3.88550721e-014	
1.72307692e+001	1.47398999e-011	1.47398486e-011	3.88550721e-014	
1.73309481e+001	1.47398999e-011	1.47398486e-011	3.88550721e-014	
1.74311270e+001	1.47398999e-011	1.47398486e-011	3.88550721e-014	
1.75313059e+001	1.72455759e-011	1.72455391e-011	3.55970082e-014	
1.76314848e+001	1.72455759e-011	1.72455391e-011	3.55970082e-014	
1.77316637e+001	1.72455759e-011	1.72455391e-011	3.55970082e-014	
1.78318426e+001	1.72455759e-011	1.72455391e-011	3.55970082e-014	
1.79320215e+001	1.72455759e-011	1.72455391e-011	3.55970082e-014	
1.80322004e+001	1.52371636e-011	1.52371528e-011	1.80986981e-014	
1.81323792e+001	1.52371636e-011	1.52371528e-011	1.80986981e-014	
1.82325581e+001	1.52371636e-011	1.52371528e-011	1.80986981e-014	
1.83327370e+001	1.52371636e-011	1.52371528e-011	1.80986981e-014	
1.84329159e+001	1.53741808e-011	1.53741803e-011	4.09938789e-015	
1.85330948e+001	1.53741808e-011	1.53741803e-011	4.09938789e-015	
1.86332737e+001	1.53741808e-011	1.53741803e-011	4.09938789e-015	
1.87334526e+001	1.53741808e-011	1.53741803e-011	4.09938789e-015	
1.88336315e+001	1.37194637e-011	1.37194601e-011	-9.98852647e-015	
1.89338104e+001	1.37194637e-011	1.37194601e-011	-9.98852647e-015	
1.90339893e+001	1.37194637e-011	1.37194601e-011	-9.98852647e-015	
1.91341682e+001	1.37194637e-011	1.37194601e-011	-9.98852647e-015	
1.92343470e+001	1.37194637e-011	1.37194601e-011	-9.98852647e-015	
1.93345259e+001	1.44822435e-011	1.44822132e-011	-2.96019078e-014	
1.94347048e+001	1.44822435e-011	1.44822132e-011	-2.96019078e-014	
1.95348837e+001	1.44822435e-011	1.44822132e-011	-2.96019078e-014	
1.96350626e+001	1.44822435e-011	1.44822132e-011	-2.96019078e-014	
1.97352415e+001	1.37960019e-011	1.37959269e-011	-4.54940982e-014	
1.98354204e+001	1.37960019e-011	1.37959269e-011	-4.54940982e-014	
1.99355993e+001	1.37960019e-011	1.37959269e-011	-4.54940982e-014	
2.00357782e+001	1.37960019e-011	1.37959269e-011	-4.54940982e-014	
2.01359571e+001	7.24890214e-012	7.24881392e-012	-3.57635011e-014	
2.02361360e+001	7.24890214e-012	7.24881392e-012	-3.57635011e-014	
2.03363148e+001	7.24890214e-012	7.24881392e-012	-3.57635011e-014	
2.04364937e+001	7.24890214e-012	7.24881392e-012	-3.57635011e-014	
2.05366726e+001	7.24890214e-012	7.24881392e-012	-3.57635011e-014	
2.06368515e+001	7.24890214e-012	7.24881392e-012	-3.57635011e-014	
2.07370304e+001	7.24890214e-012	7.24881392e-012	-3.57635011e-014	
2.08372093e+001	7.24890214e-012	7.24881392e-012	-3.57635011e-014	
2.09373882e+001	7.24890214e-012	7.24881392e-012	-3.57635011e-014	
2.10375671e+001	1.39400845e-012	1.39383291e-012	-2.21218401e-014	
2.11377460e+001	1.39400845e-012	1.39383291e-012	-2.21218401e-014	
2.12379249e+001	1.39400845e-012	1.39383291e-012	-2.21218401e-014	
2.13381038e+001	1.39400845e-012	1.39383291e-012	-2.21218401e-014	
2.14382826e+001	1.39400845e-012	1.39383291e-012	-2.21218401e-014	
2.15384615e+001	1.39400845e-012	1.39383291e-012	-2.21218401e-014	
2.16386404e+001	1.39400845e-012	1.39383291e-012	-2.21218401e-014	
2.17388193e+001	1.39400845e-012	1.39383291e-012	-2.21218401e-014	
2.18389982e+001	1.39400845e-012	1.39383291e-012	-2.21218401e-014	
2.19391771e+001	3.26403872e-012	-3.26403804e-012	-2.09871187e-015	
2.20393560e+001	3.26403872e-012	-3.26403804e-012	-2.09871187e-015	
2.21395349e+001	3.26403872e-012	-3.26403804e-012	-2.09871187e-015	
2.22397138e+001	3.26403872e-012	-3.26403804e-012	-2.09871187e-015	
2.23398927e+001	8.15862488e-012	-8.15862046e-012	8.49199084e-015	
2.24400716e+001	8.15862488e-012	-8.15862046e-012	8.49199084e-015	
2.25402504e+001	8.15862488e-012	-8.15862046e-012	8.49199084e-015	
2.26404293e+001	8.15862488e-012	-8.15862046e-012	8.49199084e-015	
2.27406082e+001	8.15862488e-012	-8.15862046e-012	8.49199084e-015	
2.28407871e+001	1.10599139e-011	-1.10599105e-011	8.69724045e-015	
2.29409660e+001	1.10599139e-011	-1.10599105e-011	8.69724045e-015	
2.30411449e+001	1.10599139e-011	-1.10599105e-011	8.69724045e-015	
2.31413238e+001	1.10599139e-011	-1.10599105e-011	8.69724045e-015	
2.32415027e+001	1.35386640e-011	-1.35386630e-011	5.20376900e-015	
2.33416816e+001	1.35386640e-011	-1.35386630e-011	5.20376900e-015	
2.34418605e+001	1.35386640e-011	-1.35386630e-011	5.20376900e-015	
2.35420394e+001	1.35386640e-011	-1.35386630e-011	5.20376900e-015	
2.36422182e+001	1.48253597e-011	-1.48253553e-011	-1.13716882e-014	
2.37423971e+001	1.48253597e-011	-1.48253553e-011	-1.13716882e-014	
2.38425760e+001	1.48253597e-011	-1.48253553e-011	-1.13716882e-014	
2.39427549e+001	1.48253597e-011	-1.48253553e-011	-1.13716882e-014	
2.40429338e+001	1.48253597e-011	-1.48253553e-011	-1.13716882e-014	
2.41431127e+001	1.79816050e-011	-1.79815667e-011	-3.71395385e-014	
2.42432916e+001	1.79816050e-011	-1.79815667e-011	-3.71395385e-014	
2.43434705e+001	1.79816050e-011	-1.79815667e-011	-3.71395385e-014	
2.44436494e+001	1.79816050e-011	-1.79815667e-011	-3.71395385e-014	
2.45438283e+001	1.64917402e-011	-1.64916656e-011	-4.95958963e-014	
2.46440072e+001	1.64917402e-011	-1.64916656e-011	-4.95958963e-014	
2.47441860e+001	1.64917402e-011	-1.64916656e-011	-4.95958963e-014	
2.48443649e+001	1.64917402e-011	-1.64916656e-011	-4.95958963e-014	
2.49445438e+001	1.38269322e-011	-1.38268147e-011	-5.70032797e-014	
2.50447227e+001	1.38269322e-011	-1.38268147e-011	-5.70032797e-014	
2.51449016e+001	1.38269322e-011	-1.38268147e-011	-5.70032797e-014	
2.52450805e+001	1.38269322e-011	-1.38268147e-011	-5.70032797e-014	
2.53452594e+001	1.38269322e-011	-1.38268147e-011	-5.70032797e-014	
2.54454383e+001	1.38269322e-011	-1.38268147e-011	-5.70032797e-014	
2.55456172e+001	1.38269322e-011	-1.38268147e-011	-5.70032797e-014	
2.56457961e+001	1.38269322e-011	-1.38268147e-011	-5.70032797e-014	
2.57459750e+001	1.38269322e-011	-1.38268147e-011	-5.70032797e-014	
2.58461538e+001	1.45151543e-011	-1.45150054e-011	-6.57532645e-014	
2.59463327e+001	1.45151543e-011	-1.45150054e-011	-6.57532645e-014	
2.60465116e+001	1.45151543e-011	-1.45150054e-011	-6.57532645e-014	
2.61466905e+001	1.45151543e-011	-1.45150054e-011	-6.57532645e-014	
2.62468694e+001	1.33420174e-011	-1.33418986e-011	-5.63043011e-014	
2.63470483e+001	1.33420174e-011	-1.33418986e-011	-5.63043011e-014	
2.64472272e+001	1.33420174e-011	-1.33418986e-011	-5.63043011e-014	
2.65474061e+001	1.33420174e-011	-1.33418986e-011	-5.63043011e-014	
2.66475850e+001	1.33420174e-011	-1.33418986e-011	-5.63043011e-014	
2.67477639e+001	1.20331902e-011	-1.20331157e-011	-4.23385820e-014	
2.68479428e+001	1.20331902e-011	-1.20331157e-011	-4.23385820e-014	
2.69481216e+001	1.20331902e-011	-1.20331157e-011	-4.23385820e-014	
2.70483005e+001	1.20331902e-011	-1.20331157e-011	-4.23385820e-014	
2.71484794e+001	1.02837876e-011	-1.02837625e-011	-2.26967901e-014	
2.72486583e+001	1.02837876e-011	-1.02837625e-011	-2.26967901e-014	
2.73488372e+001	9.20032899e-012	-9.20032694e-012	-6.13662756e-015	
2.74490161e+001	9.20032899e-012	-9.20032694e-012	-6.13662756e-015	
2.75491950e+001	8.66350350e-012	-8.66350298e-012	3.00549942e-015	
2.76493739e+001	8.66350350e-012	-8.66350298e-012	3.00549942e-015	
2.77495528e+001	8.66350350e-012	-8.66350298e-012	3.00549942e-015	
2.78497317e+001	8.53412826e-012	-8.53412041e-012	1.15751343e-014	
2.79499106e+001	7.00158272e-012	-7.00156463e-012	1.59189302e-014	
2.80500894e+001	6.47300645e-012	-6.47297543e-012	2.00365322e-014	
2.81502683e+001	7.24188781e-012	-7.24182272e-012	3.07053738e-014	
2.82504472e+001	5.84687880e-012	-5.84678499e-012	3.31215360e-014	
2.83506261e+001	5.84687880e-012	-5.84678499e-012	3.31215360e-014	
2.84508050e+001	5.84687880e-012	-5.84678499e-012	3.31215360e-014	
2.85509839e+001	5.03904273e-012	-5.03885168e-012	4.38788654e-014	
2.86511628e+001	5.03904273e-012	-5.03885168e-012	4.38788654e-014	
2.87513417e+001	4.49761115e-012	-4.49726176e-012	5.60597750e-014	
2.88515206e+001	4.49761115e-012	-4.49726176e-012	5.60597750e-014	
2.89516995e+001	3.42461580e-012	-3.42414582e-012	5.67341870e-014	
2.90518784e+001	3.42461580e-012	-3.42414582e-012	5.67341870e-014	
2.91520572e+001	3.42461580e-012	-3.42414582e-012	5.67341870e-014	
2.92522361e+001	3.42461580e-012	-3.42414582e-012	5.67341870e-014	
2.93524150e+001	2.63395831e-012	-2.63308487e-012	6.78265241e-014	
2.94525939e+001	2.63395831e-012	-2.63308487e-012	6.78265241e-014	
2.95527728e+001	2.63395831e-012	-2.63308487e-012	6.78265241e-014	
2.96529517e+001	2.63395831e-012	-2.63308487e-012	6.78265241e-014	
2.97531306e+001	2.63395831e-012	-2.63308487e-012	6.78265241e-014	
2.98533095e+001	2.22937211e-012	-2.22806886e-012	7.62178545e-014	
2.99534884e+001	2.22937211e-012	-2.22806886e-012	7.62178545e-014	
3.00536673e+001	2.22937211e-012	-2.22806886e-012	7.62178545e-014	
3.01538462e+001	2.22937211e-012	-2.22806886e-012	7.62178545e-014	
3.02540250e+001	1.39272311e-012	-1.39125564e-012	6.39170229e-014	
3.03542039e+001	1.39272311e-012	-1.39125564e-012	6.39170229e-014	
3.04543828e+001	1.39272311e-012	-1.39125564e-012	6.39170229e-014	
3.05545617e+001	1.39272311e-012	-1.39125564e-012	6.39170229e-014	
3.06547406e+001	1.15444835e-012	-1.15247143e-012	6.75321596e-014	
3.07549195e+001	1.15444835e-012	-1.15247143e-012	6.75321596e-014	
3.08550984e+001	1.15444835e-012	-1.15247143e-012	6.75321596e-014	
3.09552773e+001	1.15444835e-012	-1.15247143e-012	6.75321596e-014	
3.10554562e+001	1.15444835e-012	-1.15247143e-012	6.75321596e-014	
3.11556351e+001	9.25873094e-013	-9.23762812e-013	6.24760235e-014	
3.12558140e+001	9.25873094e-013	-9.23762812e-013	6.24760235e-014	
3.13559928e+001	9.25873094e-013	-9.23762812e-013	6.24760235e-014	
3.14561717e+001	9.25873094e-013	-9.23762812e-013	6.24760235e-014	
3.15563506e+001	7.50645252e-013	-7.48634340e-013	5.49082754e-014	
3.16565295e+001	7.50645252e-013	-7.48634340e-013	5.49082754e-014	
3.17567084e+001	7.50645252e-013	-7.48634340e-013	5.49082754e-014	
3.18568873e+001	7.50645252e-013	-7.48634340e-013	5.49082754e-014	
3.19570662e+001	7.09214171e-013	-7.07294267e-013	5.21494075e-014	
3.20572451e+001	7.09214171e-013	-7.07294267e-013	5.21494075e-014	
3.21574240e+001	7.09214171e-013	-7.07294267e-013	5.21494075e-014	
3.22576029e+001	7.09214171e-013	-7.07294267e-013	5.21494075e-014	
3.23577818e+001	7.09214171e-013	-7.07294267e-013	5.21494075e-014	
3.24579606e+001	6.01147112e-013	-5.99662328e-013	4.22249105e-014	
3.25581395e+001	6.01147112e-013	-5.99662328e-013	4.22249105e-014	
3.26583184e+001	6.01147112e-013	-5.99662328e-013	4.22249105e-014	
3.27584973e+001	6.01147112e-013	-5.99662328e-013	4.22249105e-014	
3.28586762e+001	5.59421344e-013	-5.58245430e-013	3.62530012e-014	
3.29588551e+001	5.59421344e-013	-5.58245430e-013	3.62530012e-014	
3.30590340e+001	5.59421344e-013	-5.58245430e-013	3.62530012e-014	
3.31592129e+001	5.59421344e-013	-5.58245430e-013	3.62530012e-014	
3.32593918e+001	6.02011110e-013	-6.00959297e-013	3.55710689e-014	
3.33595707e+001	6.02011110e-013	-6.00959297e-013	3.55710689e-014	
3.34597496e+001	6.02011110e-013	-6.00959297e-013	3.55710689e-014	
3.35599284e+001	6.02011110e-013	-6.00959297e-013	3.55710689e-014	
3.36601073e+001	6.02011110e-013	-6.00959297e-013	3.55710689e-014	
3.37602862e+001	5.02774262e-013	-5.02078944e-013	2.64327974e-014	
3.38604651e+001	5.02774262e-013	-5.02078944e-013	2.64327974e-014	
3.39606440e+001	5.02774262e-013	-5.02078944e-013	2.64327974e-014	
3.40608229e+001	5.02774262e-013	-5.02078944e-013	2.64327974e-014	
3.41610018e+001	5.24456282e-013	-5.23893197e-013	2.42962974e-014	
3.42611807e+001	5.24456282e-013	-5.23893197e-013	2.42962974e-014	
3.43613596e+001	5.24456282e-013	-5.23893197e-013	2.42962974e-014	
3.44615385e+001	5.24456282e-013	-5.23893197e-013	2.42962974e-014	
3.45617174e+001	5.24456282e-013	-5.23893197e-013	2.42962974e-014	
3.46618962e+001	5.24456282e-013	-5.23893197e-013	2.42962974e-014	
3.47620751e+001	5.24456282e-013	-5.23893197e-013	2.42962974e-014	
3.48622540e+001	5.24456282e-013	-5.23893197e-013	2.42962974e-014	
3.49624329e+001	5.24456282e-013	-5.23893197e-013	2.42962974e-014	
3.50626118e+001	5.16348738e-013	-5.16016533e-013	1.85191172e-014	
3.51627907e+001	5.16348738e-013	-5.16016533e-013	1.85191172e-014	
3.52629696e+001	5.16348738e-013	-5.16016533e-013	1.85191172e-014	
3.53631485e+001	5.16348738e-013	-5.16016533e-013	1.85191172e-014	
3.54633274e+001	5.16348738e-013	-5.16016533e-013	1.85191172e-014	
3.55635063e+001	5.16348738e-013	-5.16016533e-013	1.85191172e-014	
3.56636852e+001	5.16348738e-013	-5.16016533e-013	1.85191172e-014	
3.57638640e+001	5.16348738e-013	-5.16016533e-013	1.85191172e-014	
3.58640429e+001	5.16348738e-013	-5.16016533e-013	1.85191172e-014	
3.59642218e+001	4.73201623e-013	-4.73049048e-013	1.20156010e-014	
3.60644007e+001	4.73201623e-013	-4.73049048e-013	1.20156010e-014	
3.61645796e+001	4.73201623e-013	-4.73049048e-013	1.20156010e-014	
3.62647585e+001	4.73201623e-013	-4.73049048e-013	1.20156010e-014	
3.63649374e+001	4.73201623e-013	-4.73049048e-013	1.20156010e-014	
3.64651163e+001	4.73201623e-013	-4.73049048e-013	1.20156010e-014	
3.65652952e+001	4.73201623e-013	-4.73049048e-013	1.20156010e-014	
3.66654741e+001	4.73201623e-013	-4.73049048e-013	1.20156010e-014	
3.67656530e+001	4.59927545e-013	-4.59818958e-013	9.99363307e-015	
3.68658318e+001	4.59927545e-013	-4.59818958e-013	9.99363307e-015	
3.69660107e+001	4.59927545e-013	-4.59818958e-013	9.99363307e-015	
3.70661896e+001	4.59927545e-013	-4.59818958e-013	9.99363307e-015	
3.71663685e+001	4.59927545e-013	-4.59818958e-013	9.99363307e-015	
3.72665474e+001	4.41927417e-013	-4.41854323e-013	8.03736026e-015	
3.73667263e+001	4.41927417e-013	-4.41854323e-013	8.03736026e-015	
3.74669052e+001	4.41927417e-013	-4.41854323e-013	8.03736026e-015	
3.75670841e+001	4.41927417e-013	-4.41854323e-013	8.03736026e-015	
3.76672630e+001	4.20164077e-013	-4.20111589e-013	6.64109231e-015	
3.77674419e+001	4.20164077e-013	-4.20111589e-013	6.64109231e-015	
3.78676208e+001	4.20164077e-013	-4.20111589e-013	6.64109231e-015	
3.79677996e+001	4.20164077e-013	-4.20111589e-013	6.64109231e-015	
3.80679785e+001	4.20164077e-013	-4.20111589e-013	6.64109231e-015	
3.81681574e+001	4.20164077e-013	-4.20111589e-013	6.64109231e-015	
3.82683363e+001	4.20164077e-013	-4.20111589e-013	6.64109231e-015	
3.83685152e+001	4.20164077e-013	-4.20111589e-013	6.64109231e-015	
3.84686941e+001	4.20164077e-013	-4.20111589e-013	6.64109231e-015	
3.85688730e+001	4.28812866e-013	-4.28769093e-013	6.12686822e-015	
3.86690519e+001	4.28812866e-013	-4.28769093e-013	6.12686822e-015	
3.87692308e+001	4.28812866e-013	-4.28769093e-013	6.12686822e-015	
3.88694097e+001	4.28812866e-013	-4.28769093e-013	6.12686822e-015	
3.89695886e+001	4.25888306e-013	-4.25847283e-013	5.91105851e-015	
3.90697674e+001	4.25888306e-013	-4.25847283e-013	5.91105851e-015	
3.91699463e+001	4.25888306e-013	-4.25847283e-013	5.91105851e-015	
3.92701252e+001	4.25888306e-013	-4.25847283e-013	5.91105851e-015	
3.93703041e+001	4.25888306e-013	-4.25847283e-013	5.91105851e-015	
3.94704830e+001	4.12225561e-013	-4.12181861e-013	6.00218406e-015	
3.95706619e+001	4.12225561e-013	-4.12181861e-013	6.00218406e-015	
3.96708408e+001	4.12225561e-013	-4.12181861e-013	6.00218406e-015	
3.97710197e+001	4.12225561e-013	-4.12181861e-013	6.00218406e-015	
3.98711986e+001	4.12225561e-013	-4.12181861e-013	6.00218406e-015	
3.99713775e+001	4.12225561e-013	-4.12181861e-013	6.00218406e-015	
4.00715564e+001	4.12225561e-013	-4.12181861e-013	6.00218406e-015	
4.01717352e+001	4.12225561e-013	-4.12181861e-013	6.00218406e-015	
4.02719141e+001	3.39479600e-013	-3.39419751e-013	6.37424819e-015	
4.03720930e+001	3.39479600e-013	-3.39419751e-013	6.37424819e-015	
4.04722719e+001	3.39479600e-013	-3.39419751e-013	6.37424819e-015	
4.05724508e+001	3.39479600e-013	-3.39419751e-013	6.37424819e-015	
4.06726297e+001	3.39479600e-013	-3.39419751e-013	6.37424819e-015	
4.07728086e+001	2.66497067e-013	-2.66427567e-013	6.08588463e-015	
4.08729875e+001	2.66497067e-013	-2.66427567e-013	6.08588463e-015	
4.09731664e+001	2.66497067e-013	-2.66427567e-013	6.08588463e-015	
4.10733453e+001	2.66497067e-013	-2.66427567e-013	6.08588463e-015	
4.11735242e+001	2.66497067e-013	-2.66427567e-013	6.08588463e-015	
4.12737030e+001	2.66497067e-013	-2.66427567e-013	6.08588463e-015	
4.13738819e+001	2.66497067e-013	-2.66427567e-013	6.08588463e-015	
4.14740608e+001	2.66497067e-013	-2.66427567e-013	6.08588463e-015	
4.15742397e+001	2.77357343e-013	-2.77255043e-013	7.53239995e-015	
4.16744186e+001	2.77357343e-013	-2.77255043e-013	7.53239995e-015	
4.17745975e+001	2.77357343e-013	-2.77255043e-013	7.53239995e-015	
4.18747764e+001	2.77357343e-013	-2.77255043e-013	7.53239995e-015	
4.19749553e+001	2.77357343e-013	-2.77255043e-013	7.53239995e-015	
4.20751342e+001	1.24065437e-013	-1.23995016e-013	4.17954585e-015	
4.21753131e+001	1.24065437e-013	-1.23995016e-013	4.17954585e-015	
4.22754919e+001	1.24065437e-013	-1.23995016e-013	4.17954585e-015	
4.23756708e+001	1.24065437e-013	-1.23995016e-013	4.17954585e-015	
4.24758497e+001	1.24065437e-013	-1.23995016e-013	4.17954585e-015	
4.25760286e+001	1.24065437e-013	-1.23995016e-013	4.17954585e-015	
4.26762075e+001	1.24065437e-013	-1.23995016e-013	4.17954585e-015	
4.27763864e+001	1.24065437e-013	-1.23995016e-013	4.17954585e-015	
4.28765653e+001	7.94418357e-014	-7.93713440e-014	3.34589525e-015	
4.29767442e+001	7.94418357e-014	-7.93713440e-014	3.34589525e-015	
4.30769231e+001	7.94418357e-014	-7.93713440e-014	3.34589525e-015	
4.31771020e+001	7.94418357e-014	-7.93713440e-014	3.34589525e-015	
4.32772809e+001	7.94418357e-014	-7.93713440e-014	3.34589525e-015	
4.33774597e+001	7.94418357e-014	-7.93713440e-014	3.34589525e-015	
4.34776386e+001	7.94418357e-014	-7.93713440e-014	3.34589525e-015	
4.35778175e+001	7.94418357e-014	-7.93713440e-014	3.34589525e-015	
4.36779964e+001	7.94418357e-014	-7.93713440e-014	3.34589525e-015	
4.37781753e+001	1.27780219e-014	1.27304779e-014	1.10126107e-015	
4.38783542e+001	1.27780219e-014	1.27304779e-014	1.10126107e-015	
4.39785331e+001	1.27780219e-014	1.27304779e-014	1.10126107e-015	
4.40787120e+001	1.27780219e-014	1.27304779e-014	1.10126107e-015	
4.41788909e+001	1.27780219e-014	1.27304779e-014	1.10126107e-015	
4.42790698e+001	3.44879131e-014	3.44850329e-014	4.45708451e-016	
4.43792487e+001	3.44879131e-014	3.44850329e-014	4.45708451e-016	
4.44794275e+001	3.44879131e-014	3.44850329e-014	4.45708451e-016	
4.45796064e+001	3.44879131e-014	3.44850329e-014	4.45708451e-016	
4.46797853e+001	6.34078956e-014	6.34078855e-014	3.58499296e-017	
4.47799642e+001	6.34078956e-014	6.34078855e-014	3.58499296e-017	
4.48801431e+001	6.34078956e-014	6.34078855e-014	3.58499296e-017	
4.49803220e+001	6.34078956e-014	6.34078855e-014	3.58499296e-017	
4.50805009e+001	6.96492388e-014	6.96491096e-014	1.34139783e-016	
4.51806798e+001	6.96492388e-014	6.96491096e-014	1.34139783e-016	
4.52808587e+001	6.96492388e-014	6.96491096e-014	1.34139783e-016	
4.53810376e+001	6.96492388e-014	6.96491096e-014	1.34139783e-016	
4.54812165e+001	6.96492388e-014	6.96491096e-014	1.34139783e-016	
4.55813953e+001	6.33824267e-014	6.33817100e-014	3.01417389e-016	
4.56815742e+001	6.33824267e-014	6.33817100e-014	3.01417389e-016	
4.57817531e+001	6.33824267e-014	6.33817100e-014	3.01417389e-016	
4.58819320e+001	6.33824267e-014	6.33817100e-014	3.01417389e-016	
4.59821109e+001	6.33824267e-014	6.33817100e-014	3.01417389e-016	
4.60822898e+001	6.33824267e-014	6.33817100e-014	3.01417389e-016	
4.61824687e+001	6.33824267e-014	6.33817100e-014	3.01417389e-016	
4.62826476e+001	6.33824267e-014	6.33817100e-014	3.01417389e-016	
4.63828265e+001	7.26065973e-014	7.26035686e-014	6.63174577e-016	
4.64830054e+001	7.26065973e-014	7.26035686e-014	6.63174577e-016	
4.65831843e+001	7.26065973e-014	7.26035686e-014	6.63174577e-016	
4.66833631e+001	7.26065973e-014	7.26035686e-014	6.63174577e-016	
4.67835420e+001	7.26065973e-014	7.26035686e-014	6.63174577e-016	
4.68837209e+001	6.81776934e-014	6.81706509e-014	9.79919046e-016	
4.69838998e+001	6.81776934e-014	6.81706509e-014	9.79919046e-016	
4.70840787e+001	6.81776934e-014	6.81706509e-014	9.79919046e-016	
4.71842576e+001	6.81776934e-014	6.81706509e-014	9.79919046e-016	
4.72844365e+001	5.29570267e-014	5.29465516e-014	1.05325473e-015	
4.73846154e+001	5.29570267e-014	5.29465516e-014	1.05325473e-015	
4.74847943e+001	5.29570267e-014	5.29465516e-014	1.05325473e-015	
4.75849732e+001	5.29570267e-014	5.29465516e-014	1.05325473e-015	
4.76851521e+001	4.14855300e-014	4.14718217e-014	1.06639737e-015	
4.77853309e+001	4.14855300e-014	4.14718217e-014	1.06639737e-015	
4.78855098e+001	4.14855300e-014	4.14718217e-014	1.06639737e-015	
4.79856887e+001	4.14855300e-014	4.14718217e-014	1.06639737e-015	
4.80858676e+001	4.14855300e-014	4.14718217e-014	1.06639737e-015	
4.81860465e+001	3.05611833e-014	3.05477412e-014	9.06328574e-016	
4.82862254e+001	3.05611833e-014	3.05477412e-014	9.06328574e-016	
4.83864043e+001	3.05611833e-014	3.05477412e-014	9.06328574e-016	
4.84865832e+001	3.05611833e-014	3.05477412e-014	9.06328574e-016	
4.85867621e+001	2.80270437e-014	2.80053474e-014	1.10258769e-015	
4.86869410e+001	2.80270437e-014	2.80053474e-014	1.10258769e-015	
4.87871199e+001	2.80270437e-014	2.80053474e-014	1.10258769e-015	
4.88872987e+001	2.80270437e-014	2.80053474e-014	1.10258769e-015	
4.89874776e+001	2.80270437e-014	2.80053474e-014	1.10258769e-015	
4.90876565e+001	1.86502338e-014	1.86211966e-014	1.04031577e-015	
4.91878354e+001	1.86502338e-014	1.86211966e-014	1.04031577e-015	
4.92880143e+001	1.86502338e-014	1.86211966e-014	1.04031577e-015	
4.93881932e+001	1.86502338e-014	1.86211966e-014	1.04031577e-015	
4.94883721e+001	1.86502338e-014	1.86211966e-014	1.04031577e-015	
4.95885510e+001	1.86502338e-014	1.86211966e-014	1.04031577e-015	
4.96887299e+001	1.86502338e-014	1.86211966e-014	1.04031577e-015	
4.97889088e+001	1.86502338e-014	1.86211966e-014	1.04031577e-015	
4.98890877e+001	8.09920074e-015	8.04948318e-015	8.96031912e-016	
4.99892665e+001	8.09920074e-015	8.04948318e-015	8.96031912e-016	
5.00894454e+001	8.09920074e-015	8.04948318e-015	8.96031912e-016	
5.01896243e+001	8.09920074e-015	8.04948318e-015	8.96031912e-016	
5.02898032e+001	8.09920074e-015	8.04948318e-015	8.96031912e-016	
5.03899821e+001	3.29335565e-015	3.21989846e-015	6.91697432e-016	
5.04901610e+001	3.29335565e-015	3.21989846e-015	6.91697432e-016	
5.05903399e+001	3.29335565e-015	3.21989846e-015	6.91697432e-016	
5.06905188e+001	3.29335565e-015	3.21989846e-015	6.91697432e-016	
5.07906977e+001	3.29335565e-015	3.21989846e-015	6.91697432e-016	
5.08908766e+001	3.29335565e-015	3.21989846e-015	6.91697432e-016	
5.09910555e+001	3.29335565e-015	3.21989846e-015	6.91697432e-016	
5.10912343e+001	3.29335565e-015	3.21989846e-015	6.91697432e-016	
5.11914132e+001	1.50214617e-015	-1.36215537e-015	6.33226554e-016	
5.12915921e+001	1.50214617e-015	-1.36215537e-015	6.33226554e-016	
5.13917710e+001	1.50214617e-015	-1.36215537e-015	6.33226554e-016	
5.14919499e+001	1.50214617e-015	-1.36215537e-015	6.33226554e-016	
5.15921288e+001	1.50214617e-015	-1.36215537e-015	6.33226554e-016	
5.16923077e+001	2.50177073e-015	-2.43030120e-015	5.93711095e-016	
5.17924866e+001	2.50177073e-015	-2.43030120e-015	5.93711095e-016	
5.18926655e+001	2.50177073e-015	-2.43030120e-015	5.93711095e-016	
5.19928444e+001	2.50177073e-015	-2.43030120e-015	5.93711095e-016	
5.20930233e+001	3.16572608e-015	-3.12954292e-015	4.77265890e-016	
5.21932021e+001	3.16572608e-015	-3.12954292e-015	4.77265890e-016	
5.22933810e+001	3.16572608e-015	-3.12954292e-015	4.77265890e-016	
5.23935599e+001	3.16572608e-015	-3.12954292e-015	4.77265890e-016	
5.24937388e+001	4.43856522e-015	-4.41560022e-015	4.50927908e-016	
5.25939177e+001	4.43856522e-015	-4.41560022e-015	4.50927908e-016	
5.26940966e+001	4.43856522e-015	-4.41560022e-015	4.50927908e-016	
5.27942755e+001	4.43856522e-015	-4.41560022e-015	4.50927908e-016	
5.28944544e+001	4.43856522e-015	-4.41560022e-015	4.50927908e-016	
5.29946333e+001	4.43856522e-015	-4.41560022e-015	4.50927908e-016	
5.30948122e+001	4.43856522e-015	-4.41560022e-015	4.50927908e-016	
5.31949911e+001	4.43856522e-015	-4.41560022e-015	4.50927908e-016	
5.32951699e+001	4.43856522e-015	-4.41560022e-015	4.50927908e-016	
5.33953488e+001	3.26033328e-015	-3.24941054e-015	2.66653739e-016	
5.34955277e+001	3.26033328e-015	-3.24941054e-015	2.66653739e-016	
5.35957066e+001	3.26033328e-015	-3.24941054e-015	2.66653739e-016	
5.36958855e+001	3.26033328e-015	-3.24941054e-015	2.66653739e-016	
5.37960644e+001	3.26033328e-015	-3.24941054e-015	2.66653739e-016	
5.38962433e+001	3.11046593e-015	-3.10249096e-015	2.22594189e-016	
5.39964222e+001	3.11046593e-015	-3.10249096e-015	2.22594189e-016	
5.40966011e+001	3.11046593e-015	-3.10249096e-015	2.22594189e-016	
5.41967800e+001	3.11046593e-015	-3.10249096e-015	2.22594189e-016	
5.42969589e+001	2.31575348e-015	-2.31065631e-015	1.53563112e-016	
5.43971377e+001	2.31575348e-015	-2.31065631e-015	1.53563112e-016	
5.44973166e+001	2.31575348e-015	-2.31065631e-015	1.53563112e-016	
5.45974955e+001	2.31575348e-015	-2.31065631e-015	1.53563112e-016	
5.46976744e+001	2.17755120e-015	-2.17290184e-015	1.42221051e-016	
5.47978533e+001	2.17755120e-015	-2.17290184e-015	1.42221051e-016	
5.48980322e+001	2.17755120e-015	-2.17290184e-015	1.42221051e-016	
5.49982111e+001	2.17755120e-015	-2.17290184e-015	1.42221051e-016	
5.50983900e+001	2.17755120e-015	-2.17290184e-015	1.42221051e-016	
5.51985689e+001	1.50006123e-015	-1.49700087e-015	9.57710865e-017	
5.52987478e+001	1.50006123e-015	-1.49700087e-015	9.57710865e-017	
5.53989267e+001	9.71272434e-016	-9.69365706e-016	6.08298309e-017	
5.54991055e+001	9.71272434e-016	-9.69365706e-016	6.08298309e-017	
5.55992844e+001	5.92995415e-016	-5.91848277e-016	3.68670497e-017	
5.56994633e+001	5.92995415e-016	-5.91848277e-016	3.68670497e-017	
5.57996422e+001	4.52179332e-016	-4.51306989e-016	2.80740135e-017	
5.58998211e+001	1.57644927e-016	-1.57341623e-016	9.77429742e-018	
5.60000000e+001	4.72775391e-017	-4.71866636e-017	2.92992781e-018	
