% Column 0: Length, cm
% Column 1: |B.t|, Tesla
% Column 2: Re[B.t], Tesla
% Column 3: Im[B.t], Tesla
0.00000000e+000	1.89496303e-006	-1.89486065e-006	1.96979473e-008	
1.00178891e-001	1.89533867e-006	-1.89523632e-006	1.96965056e-008	
2.00357782e-001	1.89546842e-006	-1.89536606e-006	1.96988272e-008	
3.00536673e-001	1.89454616e-006	-1.89444364e-006	1.97087837e-008	
4.00715564e-001	1.89416487e-006	-1.89406224e-006	1.97176782e-008	
5.00894454e-001	1.89389633e-006	-1.89379358e-006	1.97279916e-008	
6.01073345e-001	1.89298090e-006	-1.89287792e-006	1.97456759e-008	
7.01252236e-001	1.89159039e-006	-1.89148709e-006	1.97682520e-008	
8.01431127e-001	1.89010097e-006	-1.88999734e-006	1.97920660e-008	
9.01610018e-001	1.88744965e-006	-1.88734547e-006	1.98304219e-008	
1.00178891e+000	1.88479834e-006	-1.88469361e-006	1.98687778e-008	
1.10196780e+000	1.88230475e-006	-1.88219951e-006	1.99036613e-008	
1.20214669e+000	1.87981628e-006	-1.87971056e-006	1.99363597e-008	
1.30232558e+000	1.87726722e-006	-1.87716094e-006	1.99756085e-008	
1.40250447e+000	1.87536155e-006	-1.87525475e-006	2.00148508e-008	
1.50268336e+000	1.87345589e-006	-1.87334855e-006	2.00540932e-008	
1.60286225e+000	1.87104003e-006	-1.87093210e-006	2.00964275e-008	
1.70304114e+000	1.86746026e-006	-1.86735160e-006	2.01458156e-008	
1.80322004e+000	1.86388050e-006	-1.86377109e-006	2.01952037e-008	
1.90339893e+000	1.86100292e-006	-1.86089282e-006	2.02433044e-008	
2.00357782e+000	1.85744059e-006	-1.85732962e-006	2.03035035e-008	
2.10375671e+000	1.85324309e-006	-1.85313109e-006	2.03745500e-008	
2.20393560e+000	1.84903828e-006	-1.84892525e-006	2.04447684e-008	
2.30411449e+000	1.84475984e-006	-1.84464586e-006	2.05066544e-008	
2.40429338e+000	1.83992878e-006	-1.83981380e-006	2.05688904e-008	
2.50447227e+000	1.83200282e-006	-1.83188659e-006	2.06360949e-008	
2.60465116e+000	1.82561302e-006	-1.82549551e-006	2.07128592e-008	
2.70483005e+000	1.81922322e-006	-1.81910443e-006	2.07896236e-008	
2.80500894e+000	1.81283344e-006	-1.81271335e-006	2.08663879e-008	
2.90518784e+000	1.80677899e-006	-1.80665753e-006	2.09499584e-008	
3.00536673e+000	1.80095262e-006	-1.80082973e-006	2.10381581e-008	
3.10554562e+000	1.79512625e-006	-1.79500193e-006	2.11263577e-008	
3.20572451e+000	1.78929990e-006	-1.78917413e-006	2.12145574e-008	
3.30590340e+000	1.78354794e-006	-1.78342067e-006	2.13065773e-008	
3.40608229e+000	1.77410873e-006	-1.77397946e-006	2.14158391e-008	
3.50626118e+000	1.75943911e-006	-1.75930771e-006	2.15021823e-008	
3.60644007e+000	1.74476952e-006	-1.74463596e-006	2.15885256e-008	
3.70661896e+000	1.73009999e-006	-1.72996421e-006	2.16748688e-008	
3.80679785e+000	1.71799405e-006	-1.71785587e-006	2.17887037e-008	
3.90697674e+000	1.70669907e-006	-1.70655837e-006	2.19144740e-008	
4.00715564e+000	1.69147141e-006	-1.69132817e-006	2.20127987e-008	
4.10733453e+000	1.67624380e-006	-1.67609797e-006	2.21111233e-008	
4.20751342e+000	1.66101625e-006	-1.66086777e-006	2.22094480e-008	
4.30769231e+000	1.64514138e-006	-1.64499005e-006	2.23134473e-008	
4.40787120e+000	1.62670937e-006	-1.62655459e-006	2.24398623e-008	
4.50805009e+000	1.60574995e-006	-1.60559147e-006	2.25592882e-008	
4.60822898e+000	1.58038729e-006	-1.58022474e-006	2.26665380e-008	
4.70840787e+000	1.55503587e-006	-1.55486916e-006	2.27693451e-008	
4.80858676e+000	1.53126460e-006	-1.53109445e-006	2.28269286e-008	
4.90876565e+000	1.50904345e-006	-1.50886969e-006	2.28997095e-008	
5.00894454e+000	1.48772347e-006	-1.48754608e-006	2.29736110e-008	
5.10912343e+000	1.46640360e-006	-1.46622247e-006	2.30475124e-008	
5.20930233e+000	1.44212134e-006	-1.44193516e-006	2.31720881e-008	
5.30948122e+000	1.40682552e-006	-1.40663427e-006	2.31963971e-008	
5.40966011e+000	1.36992899e-006	-1.36973255e-006	2.31984499e-008	
5.50983900e+000	1.33303274e-006	-1.33283083e-006	2.32005026e-008	
5.61001789e+000	1.29613681e-006	-1.29592911e-006	2.32025554e-008	
5.71019678e+000	1.25946742e-006	-1.25925316e-006	2.32305639e-008	
5.81037567e+000	1.20320672e-006	-1.20298405e-006	2.31469853e-008	
5.91055456e+000	1.15323590e-006	-1.15300584e-006	2.30341478e-008	
6.01073345e+000	1.10417711e-006	-1.10393926e-006	2.29170703e-008	
6.11091234e+000	1.04842583e-006	-1.04818091e-006	2.26607290e-008	
6.21109123e+000	9.89311592e-007	-9.89059453e-007	2.23343976e-008	
6.31127013e+000	9.30198384e-007	-9.29937997e-007	2.20080662e-008	
6.41144902e+000	8.71227865e-007	-8.70957961e-007	2.16846161e-008	
6.51162791e+000	8.14003930e-007	-8.13722667e-007	2.13967146e-008	
6.61180680e+000	7.56781822e-007	-7.56487372e-007	2.11088131e-008	
6.71198569e+000	6.91705015e-007	-6.91400106e-007	2.05358591e-008	
6.81216458e+000	6.21063406e-007	-6.20743463e-007	1.99325807e-008	
6.91234347e+000	5.47717727e-007	-5.47374519e-007	1.93867238e-008	
7.01252236e+000	4.74379872e-007	-4.74005574e-007	1.88408669e-008	
7.11270125e+000	3.82612504e-007	-3.82198740e-007	1.77890839e-008	
7.21288014e+000	2.92637216e-007	-2.92142222e-007	1.70135861e-008	
7.31305903e+000	1.82218628e-007	-1.81503888e-007	1.61234971e-008	
7.41323792e+000	7.06417721e-008	-6.89483240e-008	1.53749335e-008	
7.51341682e+000	6.17947178e-008	6.06128018e-008	1.20281093e-008	
7.61359571e+000	2.37867730e-007	2.37448244e-007	1.41204858e-008	
7.71377460e+000	5.32679028e-007	5.32252592e-007	2.13102260e-008	
7.81395349e+000	1.55987772e-006	1.53969687e-006	2.50104059e-007	
7.91413238e+000	8.70451713e-007	8.51528459e-007	-1.80514455e-007	
8.01431127e+000	5.46993782e-007	5.27023995e-007	-1.46451038e-007	
8.11449016e+000	4.16843176e-007	4.02495672e-007	-1.08422633e-007	
8.21466905e+000	3.31951861e-007	3.20673205e-007	-8.57947176e-008	
8.31484794e+000	3.10150877e-007	3.01121962e-007	-7.42908529e-008	
8.41502683e+000	2.40986836e-007	2.32158179e-007	-6.46315315e-008	
8.51520572e+000	2.19674804e-007	2.12252278e-007	-5.66214649e-008	
8.61538462e+000	2.15135315e-007	2.08662980e-007	-5.23733196e-008	
8.71556351e+000	1.99791671e-007	1.93390771e-007	-5.01669366e-008	
8.81574240e+000	1.99093075e-007	1.94304229e-007	-4.34041329e-008	
8.91592129e+000	1.74066266e-007	1.68438258e-007	-4.39046484e-008	
9.01610018e+000	1.64191423e-007	1.58877003e-007	-4.14357481e-008	
9.11627907e+000	1.76362671e-007	1.71608321e-007	-4.06740172e-008	
9.21645796e+000	1.66922310e-007	1.61929639e-007	-4.05197425e-008	
9.31663685e+000	1.84304163e-007	1.79769341e-007	-4.06326076e-008	
9.41681574e+000	1.98849251e-007	1.94909434e-007	-3.93870164e-008	
9.51699463e+000	1.92917426e-007	1.86552944e-007	-4.91439952e-008	
9.61717352e+000	2.13048699e-007	2.06017264e-007	-5.42829190e-008	
9.71735242e+000	2.25192272e-007	2.15141887e-007	-6.65246397e-008	
9.81753131e+000	3.04102297e-007	2.95234834e-007	-7.29013038e-008	
9.91771020e+000	4.91344674e-007	4.91240844e-007	-1.01005719e-008	
1.00178891e+001	3.00987157e-007	3.00722470e-007	-1.26199974e-008	
1.01180680e+001	2.58005401e-007	2.57489431e-007	-1.63088760e-008	
1.02182469e+001	2.60667956e-007	2.60197025e-007	-1.56617701e-008	
1.03184258e+001	2.78348673e-007	2.77922187e-007	-1.54026525e-008	
1.04186047e+001	3.04652923e-007	3.04270064e-007	-1.52686397e-008	
1.05187835e+001	3.26996692e-007	3.26645455e-007	-1.51520116e-008	
1.06189624e+001	3.47077839e-007	3.46756717e-007	-1.49266758e-008	
1.07191413e+001	3.68286221e-007	3.67992495e-007	-1.47059122e-008	
1.08193202e+001	3.87371584e-007	3.87078270e-007	-1.50717337e-008	
1.09194991e+001	4.03637649e-007	4.03303894e-007	-1.64109828e-008	
1.10196780e+001	4.31869028e-007	4.31474901e-007	-1.84463258e-008	
1.11198569e+001	4.61936307e-007	4.61473046e-007	-2.06828396e-008	
1.12200358e+001	4.97918845e-007	4.97366708e-007	-2.34421530e-008	
1.13202147e+001	5.61975072e-007	5.61352751e-007	-2.64399499e-008	
1.14203936e+001	6.16014595e-007	6.15359928e-007	-2.83926018e-008	
1.15205725e+001	7.08782863e-007	7.08122195e-007	-3.05958206e-008	
1.16207513e+001	8.14861211e-007	8.14149596e-007	-3.40474461e-008	
1.17209302e+001	9.19584114e-007	9.18827190e-007	-3.73033320e-008	
1.18211091e+001	1.03325977e-006	1.03246901e-006	-4.04165549e-008	
1.19212880e+001	1.14141499e-006	1.14062339e-006	-4.25025512e-008	
1.20214669e+001	1.24789207e-006	1.24710735e-006	-4.42480097e-008	
1.21216458e+001	1.30020928e-006	1.29964833e-006	-3.81889943e-008	
1.22218247e+001	1.33254342e-006	1.33242416e-006	-1.78273059e-008	
1.23220036e+001	1.30557876e-006	1.30557845e-006	9.04943658e-010	
1.24221825e+001	1.22651208e-006	1.22640765e-006	1.60048614e-008	
1.25223614e+001	9.88075642e-007	9.87461541e-007	3.48307436e-008	
1.26225403e+001	8.52746532e-007	8.51303608e-007	4.95864297e-008	
1.27227191e+001	7.38119548e-007	7.35513113e-007	6.19752260e-008	
1.28228980e+001	5.95145225e-007	5.90193553e-007	7.66120687e-008	
1.29230769e+001	6.21168609e-007	6.14765692e-007	8.89583331e-008	
1.30232558e+001	6.51412535e-007	6.43738282e-007	9.96961154e-008	
1.31234347e+001	1.05532434e-006	1.04974683e-006	1.08356105e-007	
1.32236136e+001	1.62916135e-006	1.62588103e-006	1.03332374e-007	
1.33237925e+001	2.35561324e-006	2.35382073e-006	9.18788895e-008	
1.34239714e+001	3.43828540e-006	3.43718759e-006	8.68789521e-008	
1.35241503e+001	4.47094343e-006	4.47093701e-006	7.57262484e-009	
1.36243292e+001	5.18902847e-006	5.18873401e-006	-5.52795072e-008	
1.37245081e+001	5.72150190e-006	5.72018946e-006	-1.22542072e-007	
1.38246869e+001	6.22516923e-006	6.22338515e-006	-1.49027751e-007	
1.39248658e+001	6.76824742e-006	6.76613468e-006	-1.69099701e-007	
1.40250447e+001	7.40178476e-006	7.39968836e-006	-1.76152807e-007	
1.41252236e+001	8.15153219e-006	8.14943888e-006	-1.84723953e-007	
1.42254025e+001	8.96294018e-006	8.96084157e-006	-1.93946157e-007	
1.43255814e+001	9.91732238e-006	9.91523276e-006	-2.03574262e-007	
1.44257603e+001	1.11376779e-005	1.11354527e-005	-2.22628240e-007	
1.45259392e+001	1.23513050e-005	1.23491285e-005	-2.31860577e-007	
1.46261181e+001	1.39284258e-005	1.39262087e-005	-2.48507480e-007	
1.47262970e+001	1.56071731e-005	1.56051944e-005	-2.48513639e-007	
1.48264758e+001	1.73915753e-005	1.73896472e-005	-2.58964556e-007	
1.49266547e+001	2.04735878e-005	2.04718977e-005	-2.63069054e-007	
1.50268336e+001	2.31186120e-005	2.31178735e-005	-1.84786477e-007	
1.51270125e+001	2.71590602e-005	2.71590316e-005	-3.93956933e-008	
1.52271914e+001	3.00541841e-005	3.00525695e-005	3.11529016e-007	
1.53273703e+001	3.31529830e-005	3.31337392e-005	1.12942935e-006	
1.54275492e+001	3.26819018e-005	3.26102252e-005	2.16331177e-006	
1.55277281e+001	2.82132200e-005	2.80786230e-005	2.75258321e-006	
1.56279070e+001	1.93041075e-005	1.91175962e-005	2.67695425e-006	
1.57280859e+001	1.10054692e-005	1.07592044e-005	2.31514028e-006	
1.58282648e+001	2.68878799e-006	2.02278912e-006	1.77141329e-006	
1.59284436e+001	5.13641661e-006	-4.93243491e-006	1.43312992e-006	
1.60286225e+001	1.14692782e-005	-1.14198200e-005	1.06397996e-006	
1.61288014e+001	1.49068573e-005	-1.48782765e-005	9.22650714e-007	
1.62289803e+001	1.91606181e-005	-1.91459051e-005	7.50735080e-007	
1.63291592e+001	2.34206873e-005	-2.34135337e-005	5.78819446e-007	
1.64293381e+001	2.62731387e-005	-2.62686042e-005	4.88104341e-007	
1.65295170e+001	2.85101838e-005	-2.85068979e-005	4.32844488e-007	
1.66296959e+001	3.07475101e-005	-3.07451916e-005	3.77584636e-007	
1.67298748e+001	3.30360712e-005	-3.30344988e-005	3.22324068e-007	
1.68300537e+001	3.55334203e-005	-3.55323585e-005	2.74691728e-007	
1.69302326e+001	3.80466745e-005	-3.80459331e-005	2.37532611e-007	
1.70304114e+001	4.05600026e-005	-4.05595076e-005	2.00373493e-007	
1.71305903e+001	4.30733914e-005	-4.30730822e-005	1.63214375e-007	
1.72307692e+001	4.54908542e-005	-4.54906788e-005	1.26313716e-007	
1.73309481e+001	4.76432579e-005	-4.76431637e-005	9.47363181e-008	
1.74311270e+001	4.98612408e-005	-4.98612014e-005	6.26862515e-008	
1.75313059e+001	5.20792482e-005	-5.20792392e-005	3.06361850e-008	
1.76314848e+001	5.42972769e-005	-5.42972769e-005	-1.41388149e-009	
1.77316637e+001	5.65153245e-005	-5.65153146e-005	-3.34639480e-008	
1.78318426e+001	5.87333889e-005	-5.87333524e-005	-6.55140145e-008	
1.79320215e+001	6.09514682e-005	-6.09513901e-005	-9.75640810e-008	
1.80322004e+001	6.39245025e-005	-6.39243529e-005	-1.38269138e-007	
1.81323792e+001	6.74238181e-005	-6.74235716e-005	-1.82316174e-007	
1.82325581e+001	7.09590912e-005	-7.09587345e-005	-2.24968155e-007	
1.83327370e+001	7.44943782e-005	-7.44938975e-005	-2.67620137e-007	
1.84329159e+001	7.85259069e-005	-7.85252489e-005	-3.21465725e-007	
1.85330948e+001	8.33683256e-005	-8.33673964e-005	-3.93602209e-007	
1.86332737e+001	8.82107735e-005	-8.82095440e-005	-4.65738692e-007	
1.87334526e+001	9.29863157e-005	-9.29847609e-005	-5.37715433e-007	
1.88336315e+001	9.79029596e-005	-9.79008835e-005	-6.37587933e-007	
1.89338104e+001	1.04028565e-004	-1.04026009e-004	-7.29202201e-007	
1.90339893e+001	1.10162117e-004	-1.10159063e-004	-8.20251389e-007	
1.91341682e+001	1.16295688e-004	-1.16292117e-004	-9.11300576e-007	
1.92343470e+001	1.22530076e-004	-1.22525649e-004	-1.04157377e-006	
1.93345259e+001	1.30888269e-004	-1.30882518e-004	-1.22688743e-006	
1.94347048e+001	1.39584109e-004	-1.39578121e-004	-1.29291713e-006	
1.95348837e+001	1.46883294e-004	-1.46877549e-004	-1.29905603e-006	
1.96350626e+001	1.54182502e-004	-1.54176978e-004	-1.30519492e-006	
1.97352415e+001	1.61481731e-004	-1.61476406e-004	-1.31133381e-006	
1.98354204e+001	1.68780976e-004	-1.68775834e-004	-1.31747271e-006	
1.99355993e+001	1.78329273e-004	-1.78324800e-004	-1.26303599e-006	
2.00357782e+001	1.88242062e-004	-1.88239912e-004	-8.99784454e-007	
2.01359571e+001	1.98099102e-004	-1.98098482e-004	-4.95821870e-007	
2.02361360e+001	2.06644906e-004	-2.06644789e-004	-2.19696522e-007	
2.03363148e+001	2.14442340e-004	-2.14442340e-004	-1.65132656e-008	
2.04364937e+001	2.22239968e-004	-2.22239890e-004	1.86669991e-007	
2.05366726e+001	2.29371553e-004	-2.29370806e-004	5.85120264e-007	
2.06368515e+001	2.36096151e-004	-2.36093574e-004	1.10312337e-006	
2.07370304e+001	2.42480431e-004	-2.42475311e-004	1.57572627e-006	
2.08372093e+001	2.47013530e-004	-2.47006584e-004	1.85240677e-006	
2.09373882e+001	2.51624028e-004	-2.51614359e-004	2.20585619e-006	
2.10375671e+001	2.56234917e-004	-2.56222135e-004	2.55930562e-006	
2.11377460e+001	2.59554680e-004	-2.59539903e-004	2.76959493e-006	
2.12379249e+001	2.62820414e-004	-2.62803320e-004	2.99749315e-006	
2.13381038e+001	2.66086287e-004	-2.66066738e-004	3.22539137e-006	
2.14382826e+001	2.66913704e-004	-2.66893490e-004	3.28490294e-006	
2.15384615e+001	2.66867693e-004	-2.66847485e-004	3.28410238e-006	
2.16386404e+001	2.66780776e-004	-2.66760541e-004	3.28574857e-006	
2.17388193e+001	2.66634665e-004	-2.66614473e-004	3.28138893e-006	
2.18389982e+001	2.64746418e-004	-2.64727907e-004	3.13060411e-006	
2.19391771e+001	2.62028657e-004	-2.62012191e-004	2.93745510e-006	
2.20393560e+001	2.59838503e-004	-2.59823609e-004	2.78201955e-006	
2.21395349e+001	2.57987795e-004	-2.57974176e-004	2.65084817e-006	
2.22397138e+001	2.56228332e-004	-2.56215877e-004	2.52632296e-006	
2.23398927e+001	2.51221677e-004	-2.51212307e-004	2.16974881e-006	
2.24400716e+001	2.45117010e-004	-2.45110872e-004	1.73459509e-006	
2.25402504e+001	2.39012969e-004	-2.39009437e-004	1.29944138e-006	
2.26404293e+001	2.32124243e-004	-2.32122208e-004	9.71905063e-007	
2.27406082e+001	2.23817710e-004	-2.23816995e-004	5.65468503e-007	
2.28407871e+001	2.15195525e-004	-2.15195495e-004	1.14495095e-007	
2.29409660e+001	2.06574268e-004	-2.06573994e-004	-3.36478313e-007	
2.30411449e+001	1.97980903e-004	-1.97979344e-004	-7.85639823e-007	
2.31413238e+001	1.91632958e-004	-1.91630067e-004	-1.05267706e-006	
2.32415027e+001	1.81727133e-004	-1.81723386e-004	-1.16703468e-006	
2.33416816e+001	1.71821483e-004	-1.71816705e-004	-1.28139231e-006	
2.34418605e+001	1.61916040e-004	-1.61910025e-004	-1.39574994e-006	
2.35420394e+001	1.53126376e-004	-1.53119274e-004	-1.47484588e-006	
2.36422182e+001	1.45512747e-004	-1.45506119e-004	-1.38883471e-006	
2.37423971e+001	1.37588541e-004	-1.37582652e-004	-1.27299508e-006	
2.38425760e+001	1.29664348e-004	-1.29659184e-004	-1.15715545e-006	
2.39427549e+001	1.21740170e-004	-1.21735717e-004	-1.04131582e-006	
2.40429338e+001	1.15115890e-004	-1.15111912e-004	-9.57003418e-007	
2.41431127e+001	1.09439702e-004	-1.09436036e-004	-8.95685898e-007	
2.42432916e+001	1.02742709e-004	-1.02739759e-004	-7.78531892e-007	
2.43434705e+001	9.57895777e-005	-9.57873902e-005	-6.47364558e-007	
2.44436494e+001	9.04314861e-005	-9.04298660e-005	-5.41304250e-007	
2.45438283e+001	8.57613706e-005	-8.57601419e-005	-4.59065048e-007	
2.46440072e+001	8.04839625e-005	-8.04830353e-005	-3.86318789e-007	
2.47441860e+001	7.52065825e-005	-7.52059288e-005	-3.13572530e-007	
2.48443649e+001	7.04245719e-005	-7.04241369e-005	-2.47545477e-007	
2.49445438e+001	6.75810823e-005	-6.75807596e-005	-2.08861988e-007	
2.50447227e+001	6.47376060e-005	-6.47373823e-005	-1.70178500e-007	
2.51449016e+001	6.18941447e-005	-6.18940051e-005	-1.31495011e-007	
2.52450805e+001	5.90507007e-005	-5.90506278e-005	-9.28115229e-008	
2.53452594e+001	5.65651242e-005	-5.65650850e-005	-6.66203960e-008	
2.54454383e+001	5.41804253e-005	-5.41804075e-005	-4.39505773e-008	
2.55456172e+001	5.17957343e-005	-5.17957299e-005	-2.12807587e-008	
2.56457961e+001	4.94110524e-005	-4.94110524e-005	1.38905988e-009	
2.57459750e+001	4.70338963e-005	-4.70338903e-005	2.38567910e-008	
2.58461538e+001	4.46635496e-005	-4.46635257e-005	4.61417384e-008	
2.59463327e+001	4.22932165e-005	-4.22931612e-005	6.84266859e-008	
2.60465116e+001	3.95747533e-005	-3.95746463e-005	9.20276482e-008	
2.61466905e+001	3.70025863e-005	-3.70024050e-005	1.15833285e-007	
2.62468694e+001	3.44440405e-005	-3.44437547e-005	1.40304973e-007	
2.63470483e+001	3.18855302e-005	-3.18851044e-005	1.64776661e-007	
2.64472272e+001	2.93270647e-005	-2.93264541e-005	1.89248349e-007	
2.65474061e+001	2.67686569e-005	-2.67678038e-005	2.13720037e-007	
2.66475850e+001	2.42103252e-005	-2.42091534e-005	2.38191725e-007	
2.67477639e+001	2.16520964e-005	-2.16505031e-005	2.62663413e-007	
2.68479428e+001	1.91957945e-005	-1.91936699e-005	2.85590344e-007	
2.69481216e+001	1.66471225e-005	-1.66441578e-005	3.14161301e-007	
2.70483005e+001	1.39961090e-005	-1.39917926e-005	3.47573630e-007	
2.71484794e+001	1.13458259e-005	-1.13394274e-005	3.80985959e-007	
2.72486583e+001	8.69694060e-006	-8.68706221e-006	4.14398288e-007	
2.73488372e+001	6.22167988e-006	-6.20583551e-006	4.43741098e-007	
2.74490161e+001	3.97761514e-006	-3.95001983e-006	4.67723837e-007	
2.75491950e+001	1.54331589e-006	-1.46064520e-006	4.98336768e-007	
2.76493739e+001	1.17717909e-006	1.05225272e-006	5.27745047e-007	
2.77495528e+001	2.66186257e-006	2.60760459e-006	5.34706152e-007	
2.78497317e+001	4.17749404e-006	4.14227678e-006	5.41294292e-007	
2.79499106e+001	5.40956102e-006	5.38294806e-006	5.35929672e-007	
2.80500894e+001	5.92520909e-006	5.90342595e-006	5.07606922e-007	
2.81502683e+001	6.13823207e-006	6.11888605e-006	4.86956295e-007	
2.82504472e+001	6.35148660e-006	6.33434614e-006	4.66305668e-007	
2.83506261e+001	6.18186063e-006	6.16649817e-006	4.35546850e-007	
2.84508050e+001	4.85212983e-006	4.83768116e-006	3.74172195e-007	
2.85509839e+001	3.57879514e-006	3.56216969e-006	3.44560269e-007	
2.86511628e+001	2.30843577e-006	2.28683551e-006	3.15053986e-007	
2.87513417e+001	1.24304584e-006	1.20944647e-006	2.87057801e-007	
2.88515206e+001	5.78411028e-007	5.13924133e-007	2.65407804e-007	
2.89516995e+001	3.26730037e-007	-2.05267878e-007	2.54199951e-007	
2.90518784e+001	1.05167290e-006	-1.02341713e-006	2.42143048e-007	
2.91520572e+001	1.85588426e-006	-1.84156639e-006	2.30086145e-007	
2.92522361e+001	2.66863712e-006	-2.65971565e-006	2.18029243e-007	
2.93524150e+001	3.48395879e-006	-3.47786490e-006	2.05972340e-007	
2.94525939e+001	3.76745621e-006	-3.76222408e-006	1.98484890e-007	
2.95527728e+001	4.03040005e-006	-4.02586347e-006	1.91174809e-007	
2.96529517e+001	4.29344164e-006	-4.28950287e-006	1.83864729e-007	
2.97531306e+001	4.56957249e-006	-4.56615670e-006	1.76651651e-007	
2.98533095e+001	4.99565714e-006	-4.99274482e-006	1.70556110e-007	
2.99534884e+001	5.42182782e-006	-5.41933295e-006	1.64460569e-007	
3.00536673e+001	5.84806572e-006	-5.84592108e-006	1.58365028e-007	
3.01538462e+001	6.06706857e-006	-6.06514960e-006	1.52582396e-007	
3.02540250e+001	6.19061552e-006	-6.18887130e-006	1.46943886e-007	
3.03542039e+001	6.31417434e-006	-6.31259300e-006	1.41305375e-007	
3.04543828e+001	6.43115719e-006	-6.42972054e-006	1.35928738e-007	
3.05545617e+001	6.48944851e-006	-6.48808781e-006	1.32885642e-007	
3.06547406e+001	6.54774261e-006	-6.54645508e-006	1.29842547e-007	
3.07549195e+001	6.60603939e-006	-6.60482236e-006	1.26799451e-007	
3.08550984e+001	6.65466765e-006	-6.65352177e-006	1.23489080e-007	
3.09552773e+001	6.67493721e-006	-6.67386932e-006	1.19394899e-007	
3.10554562e+001	6.68956519e-006	-6.68856493e-006	1.15678611e-007	
3.11556351e+001	6.70268018e-006	-6.70174330e-006	1.12063768e-007	
3.12558140e+001	6.68366478e-006	-6.68277832e-006	1.08852231e-007	
3.13559928e+001	6.65045618e-006	-6.64961426e-006	1.05818852e-007	
3.14561717e+001	6.61724852e-006	-6.61645019e-006	1.02785473e-007	
3.15563506e+001	6.58804988e-006	-6.58729413e-006	9.97862519e-008	
3.16565295e+001	6.55956162e-006	-6.55884541e-006	9.69301765e-008	
3.17567084e+001	6.50751725e-006	-6.50682719e-006	9.47667010e-008	
3.18568873e+001	6.45347089e-006	-6.45280403e-006	9.27716861e-008	
3.19570662e+001	6.39942475e-006	-6.39878088e-006	9.07766712e-008	
3.20572451e+001	6.34667458e-006	-6.34605493e-006	8.86854060e-008	
3.21574240e+001	6.29434644e-006	-6.29375118e-006	8.65628130e-008	
3.22576029e+001	6.23861195e-006	-6.23803819e-006	8.46088810e-008	
3.23577818e+001	6.17218095e-006	-6.17162720e-006	8.26762809e-008	
3.24579606e+001	6.10188266e-006	-6.10135243e-006	8.04391699e-008	
3.25581395e+001	6.03158464e-006	-6.03107766e-006	7.82020589e-008	
3.26583184e+001	5.96128692e-006	-5.96080289e-006	7.59649478e-008	
3.27584973e+001	5.89019470e-006	-5.88972800e-006	7.41463861e-008	
3.28586762e+001	5.81904888e-006	-5.81859847e-006	7.23993376e-008	
3.29588551e+001	5.74825505e-006	-5.74782181e-006	7.05737204e-008	
3.30590340e+001	5.67746139e-006	-5.67704514e-006	6.87481032e-008	
3.31592129e+001	5.60425163e-006	-5.60385034e-006	6.70647464e-008	
3.32593918e+001	5.53137947e-006	-5.53099087e-006	6.55653050e-008	
3.33595707e+001	5.45962980e-006	-5.45925266e-006	6.41718799e-008	
3.34597496e+001	5.38788020e-006	-5.38751444e-006	6.27784548e-008	
3.35599284e+001	5.31846703e-006	-5.31811246e-006	6.14121805e-008	
3.36601073e+001	5.24323736e-006	-5.24289353e-006	6.00446993e-008	
3.37602862e+001	5.16769771e-006	-5.16736461e-006	5.86745041e-008	
3.38604651e+001	5.09215812e-006	-5.09183568e-006	5.73043090e-008	
3.39606440e+001	5.01848753e-006	-5.01817463e-006	5.60393853e-008	
3.40608229e+001	4.94772661e-006	-4.94742159e-006	5.49383526e-008	
3.41610018e+001	4.87701227e-006	-4.87671510e-006	5.38378219e-008	
3.42611807e+001	4.81074319e-006	-4.81045360e-006	5.27852285e-008	
3.43613596e+001	4.74447414e-006	-4.74419209e-006	5.17326350e-008	
3.44615385e+001	4.68034792e-006	-4.68007178e-006	5.08412957e-008	
3.45617174e+001	4.61762654e-006	-4.61735523e-006	5.00556748e-008	
3.46618962e+001	4.54884797e-006	-4.54858295e-006	4.91025679e-008	
3.47620751e+001	4.47694049e-006	-4.47668248e-006	4.80629433e-008	
3.48622540e+001	4.40651607e-006	-4.40626442e-006	4.70926033e-008	
3.49624329e+001	4.33982838e-006	-4.33958143e-006	4.62968331e-008	
3.50626118e+001	4.27633396e-006	-4.27609210e-006	4.54809343e-008	
3.51627907e+001	4.21331286e-006	-4.21307575e-006	4.46986067e-008	
3.52629696e+001	4.15028707e-006	-4.15005394e-006	4.39889830e-008	
3.53631485e+001	4.08733651e-006	-4.08710738e-006	4.32783920e-008	
3.54633274e+001	4.02340426e-006	-4.02317906e-006	4.25686272e-008	
3.55635063e+001	3.95812056e-006	-3.95789920e-006	4.18599997e-008	
3.56636852e+001	3.89283686e-006	-3.89261935e-006	4.11513722e-008	
3.57638640e+001	3.82726471e-006	-3.82705115e-006	4.04315969e-008	
3.58640429e+001	3.76372405e-006	-3.76351247e-006	3.99070254e-008	
3.59642218e+001	3.69972367e-006	-3.69951413e-006	3.93754967e-008	
3.60644007e+001	3.63572330e-006	-3.63551579e-006	3.88439680e-008	
3.61645796e+001	3.57172294e-006	-3.57151745e-006	3.83124392e-008	
3.62647585e+001	3.51470291e-006	-3.51449868e-006	3.78889000e-008	
3.63649374e+001	3.45814749e-006	-3.45794444e-006	3.74739502e-008	
3.64651163e+001	3.40159208e-006	-3.40139020e-006	3.70590003e-008	
3.65652952e+001	3.34503668e-006	-3.34483596e-006	3.66440504e-008	
3.66654741e+001	3.28848130e-006	-3.28828173e-006	3.62291005e-008	
3.67656530e+001	3.23192593e-006	-3.23172749e-006	3.58141507e-008	
3.68658318e+001	3.17720399e-006	-3.17700613e-006	3.54570840e-008	
3.69660107e+001	3.12310472e-006	-3.12290725e-006	3.51196753e-008	
3.70661896e+001	3.06900547e-006	-3.06880837e-006	3.47822666e-008	
3.71663685e+001	3.01149266e-006	-3.01129632e-006	3.43883309e-008	
3.72665474e+001	2.95381294e-006	-2.95361735e-006	3.39916309e-008	
3.73667263e+001	2.89665719e-006	-2.89646225e-006	3.36056072e-008	
3.74669052e+001	2.84489540e-006	-2.84470015e-006	3.33294930e-008	
3.75670841e+001	2.78792711e-006	-2.78773074e-006	3.30889476e-008	
3.76672630e+001	2.72740431e-006	-2.72720620e-006	3.28726859e-008	
3.77674419e+001	2.66688161e-006	-2.66668166e-006	3.26564241e-008	
3.78676208e+001	2.60797037e-006	-2.60776888e-006	3.24174711e-008	
3.79677996e+001	2.55179624e-006	-2.55159383e-006	3.21399753e-008	
3.80679785e+001	2.50256956e-006	-2.50236596e-006	3.19220150e-008	
3.81681574e+001	2.44525382e-006	-2.44504648e-006	3.18426332e-008	
3.82683363e+001	2.38793826e-006	-2.38772700e-006	3.17632513e-008	
3.83685152e+001	2.33062290e-006	-2.33040752e-006	3.16838694e-008	
3.84686941e+001	2.27330774e-006	-2.27308804e-006	3.16044875e-008	
3.85688730e+001	2.21041775e-006	-2.21018990e-006	3.17368283e-008	
3.86690519e+001	2.14571963e-006	-2.14548217e-006	3.19221648e-008	
3.87692308e+001	2.08102214e-006	-2.08077443e-006	3.21075014e-008	
3.88694097e+001	2.01632531e-006	-2.01606670e-006	3.22928379e-008	
3.89695886e+001	1.95558001e-006	-1.95530601e-006	3.27348706e-008	
3.90697674e+001	1.89613925e-006	-1.89584749e-006	3.32615899e-008	
3.91699463e+001	1.82025482e-006	-1.81993253e-006	3.42520152e-008	
3.92701252e+001	1.70771869e-006	-1.70733335e-006	3.62761196e-008	
3.93703041e+001	1.59519403e-006	-1.59473418e-006	3.83002240e-008	
3.94704830e+001	1.48268345e-006	-1.48213500e-006	4.03243285e-008	
3.95706619e+001	1.37019041e-006	-1.36953583e-006	4.23484329e-008	
3.96708408e+001	1.27434575e-006	-1.27355011e-006	4.50243356e-008	
3.97710197e+001	1.08414460e-006	-1.08288145e-006	5.23190971e-008	
3.98711986e+001	9.20357436e-007	-9.18580118e-007	5.71697256e-008	
3.99713775e+001	7.66040186e-007	-7.63589421e-007	6.12271342e-008	
4.00715564e+001	5.34656450e-007	-5.29979441e-007	7.05642378e-008	
4.01717352e+001	2.18797172e-007	-2.01398699e-007	8.55030226e-008	
4.02719141e+001	1.37265721e-007	1.03716994e-007	8.99147555e-008	
4.03720930e+001	5.40785973e-007	5.29994372e-007	1.07496202e-007	
4.04722719e+001	1.04846891e-006	1.04233433e-006	1.13252833e-007	
4.05724508e+001	1.23079825e-006	1.22861663e-006	7.32495082e-008	
4.06726297e+001	1.22751613e-006	1.22728947e-006	2.35884671e-008	
4.07728086e+001	1.14444101e-006	1.14442961e-006	-5.10656774e-009	
4.08729875e+001	9.84489155e-007	9.84333297e-007	-1.75173573e-008	
4.09731664e+001	8.61357634e-007	8.61051327e-007	-2.29692593e-008	
4.10733453e+001	7.50178444e-007	7.49789008e-007	-2.41690304e-008	
4.11735242e+001	6.61217264e-007	6.60828024e-007	-2.26846162e-008	
4.12737030e+001	5.79885408e-007	5.79490881e-007	-2.13870543e-008	
4.13738819e+001	5.07363640e-007	5.06999185e-007	-1.92273133e-008	
4.14740608e+001	4.48220463e-007	4.47880851e-007	-1.74449777e-008	
4.15742397e+001	3.99278334e-007	3.98957267e-007	-1.60089742e-008	
4.16744186e+001	3.59566937e-007	3.59262900e-007	-1.47834787e-008	
4.17745975e+001	3.31223774e-007	3.30918465e-007	-1.42182326e-008	
4.18747764e+001	3.04798762e-007	3.04485015e-007	-1.38260808e-008	
4.19749553e+001	2.80920486e-007	2.80607354e-007	-1.32601872e-008	
4.20751342e+001	2.55973451e-007	2.55662543e-007	-1.26123623e-008	
4.21753131e+001	2.33060240e-007	2.32786591e-007	-1.12906221e-008	
4.22754919e+001	2.14616530e-007	2.14414076e-007	-9.31982761e-009	
4.23756708e+001	1.90048578e-007	1.89999809e-007	-4.30518105e-009	
4.24758497e+001	1.56044486e-007	1.56041894e-007	8.99322179e-010	
4.25760286e+001	1.08409186e-007	1.08246796e-007	5.93151608e-009	
4.26762075e+001	6.23782248e-008	6.17654482e-008	8.72194526e-009	
4.27763864e+001	2.21371220e-008	1.95177519e-008	1.04455510e-008	
4.28765653e+001	1.70574024e-008	-1.37125518e-008	1.01449938e-008	
4.29767442e+001	3.20110188e-008	-3.05164729e-008	9.66696454e-009	
4.30769231e+001	3.48120820e-008	-3.36556443e-008	8.89823907e-009	
4.31771020e+001	3.27573187e-008	-3.17746722e-008	7.96317357e-009	
4.32772809e+001	1.56274427e-008	-1.42168862e-008	6.48822881e-009	
4.33774597e+001	7.19224960e-009	5.23514917e-009	4.93170025e-009	
4.34776386e+001	2.68965109e-008	2.67147866e-008	3.12129391e-009	
4.35778175e+001	3.77243722e-008	3.76852786e-008	1.71698271e-009	
4.36779964e+001	4.72452829e-008	4.72452741e-008	2.88235269e-011	
4.37781753e+001	5.30196152e-008	5.29970321e-008	-1.54731706e-009	
4.38783542e+001	5.35026031e-008	5.34471410e-008	-2.43549785e-009	
4.39785331e+001	5.07588858e-008	5.06787275e-008	-2.85150197e-009	
4.40787120e+001	4.75824762e-008	4.74850615e-008	-3.04318458e-009	
4.41788909e+001	4.38626855e-008	4.37623965e-008	-2.96442848e-009	
4.42790698e+001	3.87531160e-008	3.86607590e-008	-2.67389500e-009	
4.43792487e+001	3.52815873e-008	3.51937121e-008	-2.48858066e-009	
4.44794275e+001	3.11013842e-008	3.10174029e-008	-2.28403471e-009	
4.45796064e+001	2.82143680e-008	2.81373886e-008	-2.08276839e-009	
4.46797853e+001	2.54153513e-008	2.53455951e-008	-1.88172528e-009	
4.47799642e+001	2.24407917e-008	2.23805969e-008	-1.64256338e-009	
4.48801431e+001	2.11308390e-008	2.10775027e-008	-1.50041216e-009	
4.49803220e+001	1.97512898e-008	1.97044030e-008	-1.36012789e-009	
4.50805009e+001	1.91694869e-008	1.91299047e-008	-1.23124872e-009	
4.51806798e+001	1.87092853e-008	1.86716452e-008	-1.18618004e-009	
4.52808587e+001	1.83451804e-008	1.83068632e-008	-1.18507441e-009	
4.53810376e+001	1.78495997e-008	1.78096637e-008	-1.19335172e-009	
4.54812165e+001	1.71098355e-008	1.70674493e-008	-1.20359690e-009	
4.55813953e+001	1.65388372e-008	1.64943316e-008	-1.21250168e-009	
4.56815742e+001	1.58441100e-008	1.57971034e-008	-1.21956846e-009	
4.57817531e+001	1.53735871e-008	1.53205450e-008	-1.27596289e-009	
4.58819320e+001	1.59612312e-008	1.59015839e-008	-1.37859732e-009	
4.59821109e+001	1.92971185e-008	1.92478281e-008	-1.37836809e-009	
4.60822898e+001	3.27434083e-008	3.27076499e-008	-1.52984351e-009	
4.61824687e+001	2.05233311e-008	1.98137630e-008	-5.34994516e-009	
4.62826476e+001	1.81634287e-008	1.74619871e-008	-4.99891480e-009	
4.63828265e+001	1.89237665e-008	1.82603914e-008	-4.96659293e-009	
4.64830054e+001	1.92136067e-008	1.84996889e-008	-5.18885243e-009	
4.65831843e+001	1.98305102e-008	1.91558159e-008	-5.12872834e-009	
4.66833631e+001	2.24715953e-008	2.17989808e-008	-5.45683344e-009	
4.67835420e+001	2.15908223e-008	2.07897988e-008	-5.82648045e-009	
4.68837209e+001	2.45462109e-008	2.37171267e-008	-6.32569139e-009	
4.69838998e+001	2.86829282e-008	2.78149109e-008	-7.00293514e-009	
4.70840787e+001	3.17733082e-008	3.07991904e-008	-7.80723925e-009	
4.71842576e+001	3.26726868e-008	3.13892786e-008	-9.06739492e-009	
4.72844365e+001	4.00024915e-008	3.89096083e-008	-9.28664137e-009	
4.73846154e+001	3.99528250e-008	3.85968747e-008	-1.03203435e-008	
4.74847943e+001	4.90170424e-008	4.74476458e-008	-1.23041192e-008	
4.75849732e+001	6.09937318e-008	5.95371239e-008	-1.32501399e-008	
4.76851521e+001	7.29041394e-008	7.11678395e-008	-1.58161995e-008	
4.77853309e+001	8.37800055e-008	8.13201266e-008	-2.01525763e-008	
4.78855098e+001	1.02043226e-007	9.90395681e-008	-2.45760850e-008	
4.79856887e+001	1.19174806e-007	1.14377494e-007	-3.34727254e-008	
4.80858676e+001	2.17015330e-007	2.12476438e-007	-4.41522013e-008	
4.81860465e+001	3.93855047e-007	3.88556121e-007	6.43889631e-008	
4.82862254e+001	1.30700039e-007	1.30604921e-007	4.98546666e-009	
4.83864043e+001	6.54134567e-008	6.52428263e-008	4.72164573e-009	
4.84865832e+001	1.76512587e-008	1.72027288e-008	3.95386625e-009	
4.85867621e+001	1.89569583e-008	-1.85776134e-008	3.77340020e-009	
4.86869410e+001	4.94400964e-008	-4.92543441e-008	4.28167219e-009	
4.87871199e+001	7.22219710e-008	-7.20709445e-008	4.66819560e-009	
4.88872987e+001	9.48725163e-008	-9.47532191e-008	4.75623912e-009	
4.89874776e+001	1.17535366e-007	-1.17435494e-007	4.84428264e-009	
4.90876565e+001	1.36860534e-007	-1.36770448e-007	4.96490674e-009	
4.91878354e+001	1.54718630e-007	-1.54634556e-007	5.09984709e-009	
4.92880143e+001	1.72578075e-007	-1.72498664e-007	5.23478744e-009	
4.93881932e+001	1.91718231e-007	-1.91641733e-007	5.41539896e-009	
4.94883721e+001	2.08219511e-007	-2.08146318e-007	5.52041170e-009	
4.95885510e+001	2.22768452e-007	-2.22698410e-007	5.58583107e-009	
4.96887299e+001	2.37317798e-007	-2.37250501e-007	5.65125044e-009	
4.97889088e+001	2.51867477e-007	-2.51802593e-007	5.71666982e-009	
4.98890877e+001	2.66754294e-007	-2.66691540e-007	5.78583674e-009	
4.99892665e+001	2.82133774e-007	-2.82072900e-007	5.86048181e-009	
5.00894454e+001	2.94131740e-007	-2.94072489e-007	5.90352912e-009	
5.01896243e+001	3.05011386e-007	-3.04953694e-007	5.93209530e-009	
5.02898032e+001	3.15891142e-007	-3.15834900e-007	5.96066148e-009	
5.03899821e+001	3.26770996e-007	-3.26716105e-007	5.98922766e-009	
5.04901610e+001	3.37650941e-007	-3.37597310e-007	6.01779385e-009	
5.05903399e+001	3.48530966e-007	-3.48478516e-007	6.04636003e-009	
5.06905188e+001	3.59411066e-007	-3.59359721e-007	6.07492621e-009	
5.07906977e+001	3.69524098e-007	-3.69473889e-007	6.09135341e-009	
5.08908766e+001	3.78427671e-007	-3.78378730e-007	6.08594354e-009	
5.09910555e+001	3.87331302e-007	-3.87283571e-007	6.08053368e-009	
5.10912343e+001	3.96234988e-007	-3.96188413e-007	6.07512381e-009	
5.11914132e+001	4.03409528e-007	-4.03363859e-007	6.06997521e-009	
5.12915921e+001	4.10145193e-007	-4.10100352e-007	6.06467814e-009	
5.13917710e+001	4.15774418e-007	-4.15730483e-007	6.04417114e-009	
5.14919499e+001	4.21403668e-007	-4.21360613e-007	6.02366413e-009	
5.15921288e+001	4.27428213e-007	-4.27385864e-007	6.01668961e-009	
5.16923077e+001	4.33494131e-007	-4.33452452e-007	6.01113083e-009	
5.17924866e+001	4.39560068e-007	-4.39519040e-007	6.00557205e-009	
5.18926655e+001	4.45088793e-007	-4.45048471e-007	5.99096790e-009	
5.19928444e+001	4.49855379e-007	-4.49815680e-007	5.97629512e-009	
5.20930233e+001	4.54434874e-007	-4.54395737e-007	5.96395167e-009	
5.21932021e+001	4.59014381e-007	-4.58975794e-007	5.95160821e-009	
5.22933810e+001	4.61923480e-007	-4.61885407e-007	5.93064416e-009	
5.23935599e+001	4.65145401e-007	-4.65107807e-007	5.91373019e-009	
5.24937388e+001	4.68688872e-007	-4.68651730e-007	5.90036060e-009	
5.25939177e+001	4.72232350e-007	-4.72195654e-007	5.88699101e-009	
5.26940966e+001	4.75767504e-007	-4.75731247e-007	5.87355180e-009	
5.27942755e+001	4.78519245e-007	-4.78483350e-007	5.86102056e-009	
5.28944544e+001	4.81246577e-007	-4.81211033e-007	5.84885772e-009	
5.29946333e+001	4.83973912e-007	-4.83938716e-007	5.83669488e-009	
5.30948122e+001	4.86701252e-007	-4.86666398e-007	5.82453204e-009	
5.31949911e+001	4.89240342e-007	-4.89205824e-007	5.81152498e-009	
5.32951699e+001	4.91350531e-007	-4.91316338e-007	5.79659451e-009	
5.33953488e+001	4.93460724e-007	-4.93426852e-007	5.78166404e-009	
5.34955277e+001	4.95570919e-007	-4.95537366e-007	5.76673357e-009	
5.35957066e+001	4.97956639e-007	-4.97923389e-007	5.75438911e-009	
5.36958855e+001	5.00152676e-007	-5.00119672e-007	5.74568868e-009	
5.37960644e+001	5.01507186e-007	-5.01474367e-007	5.73737430e-009	
5.38962433e+001	5.02898603e-007	-5.02865981e-007	5.72805142e-009	
5.39964222e+001	5.04316070e-007	-5.04283653e-007	5.71801674e-009	
5.40966011e+001	5.05733537e-007	-5.05701324e-007	5.70798206e-009	
5.41967800e+001	5.06967555e-007	-5.06935524e-007	5.69880647e-009	
5.42969589e+001	5.08095158e-007	-5.08063296e-007	5.69012922e-009	
5.43971377e+001	5.09195069e-007	-5.09163355e-007	5.68298972e-009	
5.44973166e+001	5.10278579e-007	-5.10247002e-007	5.67676098e-009	
5.45974955e+001	5.11362090e-007	-5.11330648e-007	5.67053225e-009	
5.46976744e+001	5.12154844e-007	-5.12123522e-007	5.66415246e-009	
5.47978533e+001	5.12851755e-007	-5.12820546e-007	5.65772288e-009	
5.48980322e+001	5.13548666e-007	-5.13517571e-007	5.65129330e-009	
5.49982111e+001	5.14030613e-007	-5.13999600e-007	5.64641877e-009	
5.50983900e+001	5.14370566e-007	-5.14339616e-007	5.64257142e-009	
5.51985689e+001	5.14710518e-007	-5.14679631e-007	5.63872407e-009	
5.52987478e+001	5.15050471e-007	-5.15019646e-007	5.63487673e-009	
5.53989267e+001	5.15390424e-007	-5.15359661e-007	5.63102938e-009	
5.54991055e+001	5.15980827e-007	-5.15950131e-007	5.62813375e-009	
5.55992844e+001	5.16583511e-007	-5.16552882e-007	5.62528388e-009	
5.56994633e+001	5.17124064e-007	-5.17093493e-007	5.62287852e-009	
5.57996422e+001	5.17156083e-007	-5.17125523e-007	5.62206759e-009	
5.58998211e+001	5.17305930e-007	-5.17275387e-007	5.62132028e-009	
5.60000000e+001	5.17253460e-007	-5.17222916e-007	5.62121006e-009	
