% Column 0: Length, cm
% Column 1: |B.t|, Tesla
% Column 2: Re[B.t], Tesla
% Column 3: Im[B.t], Tesla
0.00000000e+000	4.14925513e-006	-4.14889553e-006	5.46267153e-008	
1.00178891e-001	4.14961592e-006	-4.14925623e-006	5.46353779e-008	
2.00357782e-001	4.15092692e-006	-4.15056693e-006	5.46668727e-008	
3.00536673e-001	4.15283347e-006	-4.15247304e-006	5.47126879e-008	
4.00715564e-001	4.15494403e-006	-4.15458312e-006	5.47634105e-008	
5.00894454e-001	4.15783058e-006	-4.15746900e-006	5.48328796e-008	
6.01073345e-001	4.16158038e-006	-4.16121793e-006	5.49232035e-008	
7.01252236e-001	4.16597907e-006	-4.16561560e-006	5.50293080e-008	
8.01431127e-001	4.17194840e-006	-4.17158355e-006	5.51736095e-008	
9.01610018e-001	4.17804728e-006	-4.17768101e-006	5.53211862e-008	
1.00178891e+000	4.18518036e-006	-4.18481242e-006	5.54949089e-008	
1.10196780e+000	4.19231345e-006	-4.19194383e-006	5.56686315e-008	
1.20214669e+000	4.19944654e-006	-4.19907524e-006	5.58423542e-008	
1.30232558e+000	4.20657962e-006	-4.20620664e-006	5.60160768e-008	
1.40250447e+000	4.21767634e-006	-4.21730070e-006	5.62892492e-008	
1.50268336e+000	4.23009928e-006	-4.22972066e-006	5.65956973e-008	
1.60286225e+000	4.24252222e-006	-4.24214061e-006	5.69021453e-008	
1.70304114e+000	4.25494517e-006	-4.25456056e-006	5.72085934e-008	
1.80322004e+000	4.26603275e-006	-4.26564546e-006	5.74825516e-008	
1.90339893e+000	4.27500726e-006	-4.27461779e-006	5.77050984e-008	
2.00357782e+000	4.28398178e-006	-4.28359012e-006	5.79276452e-008	
2.10375671e+000	4.29295630e-006	-4.29256245e-006	5.81501920e-008	
2.20393560e+000	4.30204077e-006	-4.30164470e-006	5.83756931e-008	
2.30411449e+000	4.31537798e-006	-4.31497852e-006	5.87154647e-008	
2.40429338e+000	4.32871520e-006	-4.32831234e-006	5.90552363e-008	
2.50447227e+000	4.34205242e-006	-4.34164617e-006	5.93950079e-008	
2.60465116e+000	4.35538964e-006	-4.35497999e-006	5.97347795e-008	
2.70483005e+000	4.37458915e-006	-4.37417451e-006	6.02298054e-008	
2.80500894e+000	4.39676636e-006	-4.39634591e-006	6.08036912e-008	
2.90518784e+000	4.41894359e-006	-4.41851731e-006	6.13775771e-008	
3.00536673e+000	4.44112083e-006	-4.44068872e-006	6.19514629e-008	
3.10554562e+000	4.46298729e-006	-4.46254932e-006	6.25223168e-008	
3.20572451e+000	4.48413246e-006	-4.48368867e-006	6.30861360e-008	
3.30590340e+000	4.50527766e-006	-4.50482801e-006	6.36499552e-008	
3.40608229e+000	4.52642286e-006	-4.52596736e-006	6.42137744e-008	
3.50626118e+000	4.54756809e-006	-4.54710670e-006	6.47775936e-008	
3.60644007e+000	4.56979067e-006	-4.56932282e-006	6.53889246e-008	
3.70661896e+000	4.59208318e-006	-4.59160881e-006	6.60033384e-008	
3.80679785e+000	4.61437570e-006	-4.61389480e-006	6.66177523e-008	
3.90697674e+000	4.63666825e-006	-4.63618078e-006	6.72321662e-008	
4.00715564e+000	4.66286320e-006	-4.66236774e-006	6.79728696e-008	
4.10733453e+000	4.69191876e-006	-4.69141422e-006	6.88061475e-008	
4.20751342e+000	4.72097436e-006	-4.72046070e-006	6.96394253e-008	
4.30769231e+000	4.75002999e-006	-4.74950719e-006	7.04727031e-008	
4.40787120e+000	4.77787758e-006	-4.77734593e-006	7.12743845e-008	
4.50805009e+000	4.80131367e-006	-4.80077437e-006	7.19606843e-008	
4.60822898e+000	4.82474978e-006	-4.82420282e-006	7.26469841e-008	
4.70840787e+000	4.84818591e-006	-4.84763126e-006	7.33332838e-008	
4.80858676e+000	4.87162206e-006	-4.87105970e-006	7.40195836e-008	
4.90876565e+000	4.89641149e-006	-4.89584025e-006	7.47914366e-008	
5.00894454e+000	4.92143429e-006	-4.92085393e-006	7.55780408e-008	
5.10912343e+000	4.94645712e-006	-4.94586761e-006	7.63646451e-008	
5.20930233e+000	4.97147998e-006	-4.97088130e-006	7.71512493e-008	
5.30948122e+000	5.00420240e-006	-5.00359135e-006	7.82002354e-008	
5.40966011e+000	5.04491010e-006	-5.04428333e-006	7.95213389e-008	
5.50983900e+000	5.08561789e-006	-5.08497531e-006	8.08424424e-008	
5.61001789e+000	5.12632577e-006	-5.12566728e-006	8.21635459e-008	
5.71019678e+000	5.16746846e-006	-5.16679355e-006	8.35143832e-008	
5.81037567e+000	5.21155096e-006	-5.21085666e-006	8.50662753e-008	
5.91055456e+000	5.25563360e-006	-5.25491977e-006	8.66181675e-008	
6.01073345e+000	5.29971637e-006	-5.29898289e-006	8.81700597e-008	
6.11091234e+000	5.34379927e-006	-5.34304600e-006	8.97219519e-008	
6.21109123e+000	5.38626780e-006	-5.38549409e-006	9.12917178e-008	
6.31127013e+000	5.42824557e-006	-5.42745112e-006	9.28669234e-008	
6.41144902e+000	5.47022348e-006	-5.46940815e-006	9.44421289e-008	
6.51162791e+000	5.51220152e-006	-5.51136519e-006	9.60173345e-008	
6.61180680e+000	5.54611127e-006	-5.54525751e-006	9.73106307e-008	
6.71198569e+000	5.56815502e-006	-5.56728922e-006	9.81893256e-008	
6.81216458e+000	5.59019882e-006	-5.58932093e-006	9.90680205e-008	
6.91234347e+000	5.61224267e-006	-5.61135264e-006	9.99467154e-008	
7.01252236e+000	5.63508622e-006	-5.63418342e-006	1.00865352e-007	
7.11270125e+000	5.67585201e-006	-5.67492317e-006	1.02679161e-007	
7.21288014e+000	5.71661801e-006	-5.71566292e-006	1.04492970e-007	
7.31305903e+000	5.75738420e-006	-5.75640267e-006	1.06306780e-007	
7.41323792e+000	5.79815060e-006	-5.79714242e-006	1.08120589e-007	
7.51341682e+000	5.85111688e-006	-5.85007046e-006	1.10654252e-007	
7.61359571e+000	5.90980720e-006	-5.90871670e-006	1.13525640e-007	
7.71377460e+000	5.96849803e-006	-5.96736294e-006	1.16397027e-007	
7.81395349e+000	6.02718936e-006	-6.02600918e-006	1.19268414e-007	
7.91413238e+000	6.08212064e-006	-6.08089570e-006	1.22061302e-007	
8.01431127e+000	6.12901085e-006	-6.12774243e-006	1.24686339e-007	
8.11449016e+000	6.17590151e-006	-6.17458915e-006	1.27311377e-007	
8.21466905e+000	6.22279261e-006	-6.22143588e-006	1.29936414e-007	
8.31484794e+000	6.26968415e-006	-6.26828261e-006	1.32561452e-007	
8.41502683e+000	6.29484131e-006	-6.29341289e-006	1.34094610e-007	
8.51520572e+000	6.31901186e-006	-6.31755724e-006	1.35578195e-007	
8.61538462e+000	6.34318256e-006	-6.34170159e-006	1.37061781e-007	
8.71556351e+000	6.36735341e-006	-6.36584594e-006	1.38545366e-007	
8.81574240e+000	6.39810655e-006	-6.39655741e-006	1.40785917e-007	
8.91592129e+000	6.43334914e-006	-6.43174756e-006	1.43542710e-007	
9.01610018e+000	6.46859234e-006	-6.46693770e-006	1.46299502e-007	
9.11627907e+000	6.50383613e-006	-6.50212785e-006	1.49056294e-007	
9.21645796e+000	6.54145763e-006	-6.53968823e-006	1.52137434e-007	
9.31663685e+000	6.58692783e-006	-6.58507341e-006	1.56289344e-007	
9.41681574e+000	6.63239946e-006	-6.63045860e-006	1.60441255e-007	
9.51699463e+000	6.67787250e-006	-6.67584379e-006	1.64593166e-007	
9.61717352e+000	6.72334692e-006	-6.72122897e-006	1.68745076e-007	
9.71735242e+000	6.75481930e-006	-6.75261261e-006	1.72646121e-007	
9.81753131e+000	6.78420892e-006	-6.78191234e-006	1.76509839e-007	
9.91771020e+000	6.81359996e-006	-6.81121207e-006	1.80373556e-007	
1.00178891e+001	6.84299240e-006	-6.84051179e-006	1.84237274e-007	
1.01180680e+001	6.87238622e-006	-6.86981152e-006	1.88100992e-007	
1.02182469e+001	6.90178140e-006	-6.89911125e-006	1.91964709e-007	
1.03184258e+001	6.93117792e-006	-6.92841097e-006	1.95828427e-007	
1.04186047e+001	6.96057578e-006	-6.95771070e-006	1.99692144e-007	
1.05187835e+001	6.98931407e-006	-6.98634128e-006	2.03830244e-007	
1.06189624e+001	7.01420045e-006	-7.01106903e-006	2.09568732e-007	
1.07191413e+001	7.03909039e-006	-7.03579678e-006	2.15307220e-007	
1.08193202e+001	7.06398385e-006	-7.06052453e-006	2.21045707e-007	
1.09194991e+001	7.08888079e-006	-7.08525228e-006	2.26784195e-007	
1.10196780e+001	7.10429402e-006	-7.10053904e-006	2.30952032e-007	
1.11198569e+001	7.11709998e-006	-7.11322948e-006	2.34687917e-007	
1.12200358e+001	7.12990748e-006	-7.12591992e-006	2.38423801e-007	
1.13202147e+001	7.14271651e-006	-7.13861036e-006	2.42159686e-007	
1.14203936e+001	7.15519657e-006	-7.15096170e-006	2.46139677e-007	
1.15205725e+001	7.16722638e-006	-7.16284908e-006	2.50453645e-007	
1.16207513e+001	7.17925831e-006	-7.17473646e-006	2.54767614e-007	
1.17209302e+001	7.19129234e-006	-7.18662385e-006	2.59081583e-007	
1.18211091e+001	7.20402732e-006	-7.19920353e-006	2.63587183e-007	
1.19212880e+001	7.22767250e-006	-7.22258705e-006	2.71083285e-007	
1.20214669e+001	7.25132374e-006	-7.24597057e-006	2.78579386e-007	
1.21216458e+001	7.27498096e-006	-7.26935409e-006	2.86075488e-007	
1.22218247e+001	7.29864413e-006	-7.29273761e-006	2.93571590e-007	
1.23220036e+001	7.33244540e-006	-7.32626911e-006	3.00892872e-007	
1.24221825e+001	7.37063158e-006	-7.36418770e-006	3.08138588e-007	
1.25223614e+001	7.40882210e-006	-7.40210630e-006	3.15384304e-007	
1.26225403e+001	7.44701689e-006	-7.44002490e-006	3.22630021e-007	
1.27227191e+001	7.50198273e-006	-7.49471460e-006	3.30148449e-007	
1.28228980e+001	7.59006699e-006	-7.58252820e-006	3.38205513e-007	
1.29230769e+001	7.67815351e-006	-7.67034181e-006	3.46262578e-007	
1.30232558e+001	7.76624220e-006	-7.75815541e-006	3.54319643e-007	
1.31234347e+001	7.85433299e-006	-7.84596902e-006	3.62376708e-007	
1.32236136e+001	8.01592595e-006	-8.00735850e-006	3.70511348e-007	
1.33237925e+001	8.17947440e-006	-8.17070543e-006	3.78648050e-007	
1.34239714e+001	8.34302290e-006	-8.33405236e-006	3.86784753e-007	
1.35241503e+001	8.50657144e-006	-8.49739929e-006	3.94921455e-007	
1.36243292e+001	8.67012000e-006	-8.66074622e-006	4.03058157e-007	
1.37245081e+001	8.83366861e-006	-8.82409314e-006	4.11194859e-007	
1.38246869e+001	8.99721724e-006	-8.98744007e-006	4.19331561e-007	
1.39248658e+001	9.16076590e-006	-9.15078700e-006	4.27468263e-007	
1.40250447e+001	9.38329694e-006	-9.37311491e-006	4.37010731e-007	
1.41252236e+001	9.78277584e-006	-9.77238503e-006	4.50770443e-007	
1.42254025e+001	1.01822569e-005	-1.01716551e-005	4.64530155e-007	
1.43255814e+001	1.05817400e-005	-1.05709253e-005	4.78289867e-007	
1.44257603e+001	1.09812248e-005	-1.09701954e-005	4.92049579e-007	
1.45259392e+001	1.15697726e-005	-1.15586266e-005	5.07730364e-007	
1.46261181e+001	1.21821874e-005	-1.21709275e-005	5.23653575e-007	
1.47262970e+001	1.27946111e-005	-1.27832285e-005	5.39576786e-007	
1.48264758e+001	1.34070425e-005	-1.33955294e-005	5.55499997e-007	
1.49266547e+001	1.40806370e-005	-1.40690515e-005	5.71076399e-007	
1.50268336e+001	1.48093737e-005	-1.47977618e-005	5.86340149e-007	
1.51270125e+001	1.55381229e-005	-1.55264722e-005	6.01603900e-007	
1.52271914e+001	1.62668830e-005	-1.62551825e-005	6.16867650e-007	
1.53273703e+001	1.69956526e-005	-1.69838928e-005	6.32131400e-007	
1.54275492e+001	1.77244304e-005	-1.77126032e-005	6.47395151e-007	
1.55277281e+001	1.84532155e-005	-1.84413135e-005	6.62658901e-007	
1.56279070e+001	1.91820070e-005	-1.91700238e-005	6.77922651e-007	
1.57280859e+001	1.99108043e-005	-1.98987342e-005	6.93186402e-007	
1.58282648e+001	2.15388007e-005	-2.15267992e-005	7.18923906e-007	
1.59284436e+001	2.33890851e-005	-2.33771452e-005	7.47250040e-007	
1.60286225e+001	2.52394103e-005	-2.52274912e-005	7.75576174e-007	
1.61288014e+001	2.70897679e-005	-2.70778372e-005	8.03902308e-007	
1.62289803e+001	2.92516637e-005	-2.92398138e-005	8.32537367e-007	
1.63291592e+001	3.18104626e-005	-3.17987930e-005	8.61566176e-007	
1.64293381e+001	3.43693129e-005	-3.43577721e-005	8.90594986e-007	
1.65295170e+001	3.69282038e-005	-3.69167513e-005	9.19623795e-007	
1.66296959e+001	3.94206537e-005	-3.94092641e-005	9.47542067e-007	
1.67298748e+001	4.11243736e-005	-4.11131137e-005	9.62283727e-007	
1.68300537e+001	4.28281090e-005	-4.28169632e-005	9.77025387e-007	
1.69302326e+001	4.45318580e-005	-4.45208128e-005	9.91767048e-007	
1.70304114e+001	4.62356190e-005	-4.62246623e-005	1.00650871e-006	
1.71305903e+001	4.87534462e-005	-4.87427326e-005	1.02202114e-006	
1.72307692e+001	5.15946947e-005	-5.15842554e-005	1.03783977e-006	
1.73309481e+001	5.44359764e-005	-5.44257782e-005	1.05365840e-006	
1.74311270e+001	5.72772865e-005	-5.72673010e-005	1.06947702e-006	
1.75313059e+001	6.07830925e-005	-6.07734052e-005	1.08515327e-006	
1.76314848e+001	6.55034475e-005	-6.54942011e-005	1.10056926e-006	
1.77316637e+001	7.02238652e-005	-7.02149971e-005	1.11598525e-006	
1.78318426e+001	7.49443336e-005	-7.49357930e-005	1.13140125e-006	
1.79320215e+001	7.96648439e-005	-7.96565889e-005	1.14681724e-006	
1.80322004e+001	8.21309730e-005	-8.21229253e-005	1.14972384e-006	
1.81323792e+001	8.45780039e-005	-8.45701510e-005	1.15252445e-006	
1.82325581e+001	8.70250459e-005	-8.70173766e-005	1.15532506e-006	
1.83327370e+001	8.94720980e-005	-8.94646023e-005	1.15812566e-006	
1.84329159e+001	9.21628959e-005	-9.21556224e-005	1.15786304e-006	
1.85330948e+001	9.49971287e-005	-9.49900973e-005	1.15579793e-006	
1.86332737e+001	9.78313756e-005	-9.78245723e-005	1.15373282e-006	
1.87334526e+001	1.00665635e-004	-1.00659047e-004	1.15166771e-006	
1.88336315e+001	1.03962440e-004	-1.03956096e-004	1.14856521e-006	
1.89338104e+001	1.08525739e-004	-1.08519724e-004	1.14262211e-006	
1.90339893e+001	1.13089065e-004	-1.13083352e-004	1.13667902e-006	
1.91341682e+001	1.17652414e-004	-1.17646981e-004	1.13073592e-006	
1.92343470e+001	1.22215785e-004	-1.22210609e-004	1.12479282e-006	
1.93345259e+001	1.26167098e-004	-1.26162162e-004	1.11603564e-006	
1.94347048e+001	1.30054526e-004	-1.30049814e-004	1.10698466e-006	
1.95348837e+001	1.33941967e-004	-1.33937467e-004	1.09793369e-006	
1.96350626e+001	1.37829421e-004	-1.37825119e-004	1.08888271e-006	
1.97352415e+001	1.41467077e-004	-1.41462962e-004	1.07897454e-006	
1.98354204e+001	1.44894855e-004	-1.44890916e-004	1.06834617e-006	
1.99355993e+001	1.48322641e-004	-1.48318870e-004	1.05771779e-006	
2.00357782e+001	1.51750436e-004	-1.51746823e-004	1.04708942e-006	
2.01359571e+001	1.55055113e-004	-1.55051650e-004	1.03624697e-006	
2.02361360e+001	1.57804088e-004	-1.57800763e-004	1.02443823e-006	
2.03363148e+001	1.60553069e-004	-1.60549875e-004	1.01262950e-006	
2.04364937e+001	1.63302055e-004	-1.63298988e-004	1.00082077e-006	
2.05366726e+001	1.66051046e-004	-1.66048101e-004	9.89012034e-007	
2.06368515e+001	1.68147780e-004	-1.68144950e-004	9.75694782e-007	
2.07370304e+001	1.70100691e-004	-1.70097970e-004	9.62044884e-007	
2.08372093e+001	1.72053604e-004	-1.72050990e-004	9.48394986e-007	
2.09373882e+001	1.74006521e-004	-1.74004011e-004	9.34745088e-007	
2.10375671e+001	1.75449226e-004	-1.75446812e-004	9.20331734e-007	
2.11377460e+001	1.76286393e-004	-1.76284070e-004	9.05012287e-007	
2.12379249e+001	1.77123563e-004	-1.77121328e-004	8.89692840e-007	
2.13381038e+001	1.77960735e-004	-1.77958587e-004	8.74373394e-007	
2.14382826e+001	1.78797909e-004	-1.78795845e-004	8.59053947e-007	
2.15384615e+001	1.79635085e-004	-1.79633103e-004	8.43734500e-007	
2.16386404e+001	1.80472263e-004	-1.80470362e-004	8.28415054e-007	
2.17388193e+001	1.81309443e-004	-1.81307620e-004	8.13095607e-007	
2.18389982e+001	1.82146625e-004	-1.82144878e-004	7.97776160e-007	
2.19391771e+001	1.81744974e-004	-1.81743317e-004	7.76075365e-007	
2.20393560e+001	1.80892524e-004	-1.80890961e-004	7.52052471e-007	
2.21395349e+001	1.80040077e-004	-1.80038605e-004	7.28029578e-007	
2.22397138e+001	1.79187632e-004	-1.79186249e-004	7.04006685e-007	
2.23398927e+001	1.78335190e-004	-1.78333893e-004	6.79983792e-007	
2.24400716e+001	1.77482749e-004	-1.77481537e-004	6.55960898e-007	
2.25402504e+001	1.76630312e-004	-1.76629181e-004	6.31938005e-007	
2.26404293e+001	1.75777876e-004	-1.75776825e-004	6.07915112e-007	
2.27406082e+001	1.74914065e-004	-1.74913091e-004	5.83911685e-007	
2.28407871e+001	1.72812755e-004	-1.72811841e-004	5.62026266e-007	
2.29409660e+001	1.70711446e-004	-1.70710592e-004	5.40140847e-007	
2.30411449e+001	1.68610139e-004	-1.68609342e-004	5.18255429e-007	
2.31413238e+001	1.66508832e-004	-1.66508093e-004	4.96370010e-007	
2.32415027e+001	1.64407528e-004	-1.64406843e-004	4.74484592e-007	
2.33416816e+001	1.62306225e-004	-1.62305594e-004	4.52599173e-007	
2.34418605e+001	1.60204923e-004	-1.60204344e-004	4.30713754e-007	
2.35420394e+001	1.58103623e-004	-1.58103095e-004	4.08828336e-007	
2.36422182e+001	1.55967438e-004	-1.55966955e-004	3.88242384e-007	
2.37423971e+001	1.53743757e-004	-1.53743309e-004	3.70916181e-007	
2.38425760e+001	1.51520076e-004	-1.51519663e-004	3.53589978e-007	
2.39427549e+001	1.49296396e-004	-1.49296018e-004	3.36263775e-007	
2.40429338e+001	1.47072718e-004	-1.47072372e-004	3.18937572e-007	
2.41431127e+001	1.45380829e-004	-1.45380500e-004	3.09217548e-007	
2.42432916e+001	1.43733320e-004	-1.43733006e-004	3.00132287e-007	
2.43434705e+001	1.42085811e-004	-1.42085513e-004	2.91047027e-007	
2.44436494e+001	1.40438302e-004	-1.40438019e-004	2.81961767e-007	
2.45438283e+001	1.38168295e-004	-1.38168030e-004	2.70436507e-007	
2.46440072e+001	1.35411050e-004	-1.35410806e-004	2.57001471e-007	
2.47441860e+001	1.32653806e-004	-1.32653582e-004	2.43566434e-007	
2.48443649e+001	1.29896562e-004	-1.29896358e-004	2.30131397e-007	
2.49445438e+001	1.27052870e-004	-1.27052685e-004	2.17108150e-007	
2.50447227e+001	1.23860968e-004	-1.23860797e-004	2.05743507e-007	
2.51449016e+001	1.20669066e-004	-1.20668909e-004	1.94378865e-007	
2.52450805e+001	1.17477164e-004	-1.17477022e-004	1.83014222e-007	
2.53452594e+001	1.14285263e-004	-1.14285134e-004	1.71649579e-007	
2.54454383e+001	1.11203698e-004	-1.11203579e-004	1.62838454e-007	
2.55456172e+001	1.08143636e-004	-1.08143526e-004	1.54525141e-007	
2.56457961e+001	1.05083574e-004	-1.05083472e-004	1.46211829e-007	
2.57459750e+001	1.02023512e-004	-1.02023419e-004	1.37898516e-007	
2.58461538e+001	9.92771593e-005	-9.92770724e-005	1.31359714e-007	
2.59463327e+001	9.68778188e-005	-9.68777358e-005	1.26783792e-007	
2.60465116e+001	9.44784784e-005	-9.44783993e-005	1.22207869e-007	
2.61466905e+001	9.20791379e-005	-9.20790628e-005	1.17631947e-007	
2.62468694e+001	8.97034347e-005	-8.97033632e-005	1.13234825e-007	
2.63470483e+001	8.75136814e-005	-8.75136119e-005	1.10244589e-007	
2.64472272e+001	8.53239281e-005	-8.53238607e-005	1.07254354e-007	
2.65474061e+001	8.31341749e-005	-8.31341095e-005	1.04264119e-007	
2.66475850e+001	8.09444216e-005	-8.09443582e-005	1.01273884e-007	
2.67477639e+001	7.88948254e-005	-7.88947632e-005	9.90284849e-008	
2.68479428e+001	7.68917757e-005	-7.68917145e-005	9.70304311e-008	
2.69481216e+001	7.48887261e-005	-7.48886658e-005	9.50323774e-008	
2.70483005e+001	7.28856764e-005	-7.28856171e-005	9.30343236e-008	
2.71484794e+001	7.09082995e-005	-7.09082408e-005	9.12335389e-008	
2.72486583e+001	6.89713072e-005	-6.89712488e-005	8.97430416e-008	
2.73488372e+001	6.69292922e-005	-6.69292341e-005	8.82293135e-008	
2.74490161e+001	6.45204929e-005	-6.45204347e-005	8.66624268e-008	
2.75491950e+001	6.23902704e-005	-6.23902120e-005	8.53791413e-008	
2.76493739e+001	6.10804815e-005	-6.10804228e-005	8.46827198e-008	
2.77495528e+001	5.97706926e-005	-5.97706336e-005	8.39862982e-008	
2.78497317e+001	5.77591838e-005	-5.77591241e-005	8.29937180e-008	
2.79499106e+001	5.61557758e-005	-5.61557155e-005	8.22534096e-008	
2.80500894e+001	5.46249139e-005	-5.46248530e-005	8.15772539e-008	
2.81502683e+001	5.28895759e-005	-5.28895141e-005	8.08541437e-008	
2.82504472e+001	5.12290190e-005	-5.12289563e-005	8.01868171e-008	
2.83506261e+001	5.01085850e-005	-5.01085215e-005	7.97551296e-008	
2.84508050e+001	4.89881510e-005	-4.89880868e-005	7.93234421e-008	
2.85509839e+001	4.76073194e-005	-4.76072541e-005	7.88230653e-008	
2.86511628e+001	4.62193688e-005	-4.62193024e-005	7.83208109e-008	
2.87513417e+001	4.49723444e-005	-4.49722770e-005	7.78783096e-008	
2.88515206e+001	4.37622480e-005	-4.37621794e-005	7.74514660e-008	
2.89516995e+001	4.26869018e-005	-4.26868322e-005	7.70683181e-008	
2.90518784e+001	4.16972239e-005	-4.16971533e-005	7.67129501e-008	
2.91520572e+001	4.07075461e-005	-4.07074744e-005	7.63575821e-008	
2.92522361e+001	3.97178683e-005	-3.97177956e-005	7.60022140e-008	
2.93524150e+001	3.86857404e-005	-3.86856665e-005	7.56276208e-008	
2.94525939e+001	3.75257749e-005	-3.75256995e-005	7.51951314e-008	
2.95527728e+001	3.63658094e-005	-3.63657326e-005	7.47626421e-008	
2.96529517e+001	3.52058441e-005	-3.52057656e-005	7.43301528e-008	
2.97531306e+001	3.40458789e-005	-3.40457987e-005	7.38976634e-008	
2.98533095e+001	3.33019695e-005	-3.33018882e-005	7.35857828e-008	
2.99534884e+001	3.26109346e-005	-3.26108522e-005	7.32892297e-008	
3.00536673e+001	3.19198998e-005	-3.19198163e-005	7.29926766e-008	
3.01538462e+001	3.12288650e-005	-3.12287804e-005	7.26961236e-008	
3.02540250e+001	3.05378303e-005	-3.05377445e-005	7.23995705e-008	
3.03542039e+001	2.98467956e-005	-2.98467085e-005	7.21030174e-008	
3.04543828e+001	2.91557610e-005	-2.91556726e-005	7.18064643e-008	
3.05545617e+001	2.84647265e-005	-2.84646367e-005	7.15099112e-008	
3.06547406e+001	2.77512170e-005	-2.77511256e-005	7.11982522e-008	
3.07549195e+001	2.69224268e-005	-2.69223337e-005	7.08091126e-008	
3.08550984e+001	2.60936367e-005	-2.60935417e-005	7.04199731e-008	
3.09552773e+001	2.52648468e-005	-2.52647498e-005	7.00308335e-008	
3.10554562e+001	2.44360571e-005	-2.44359578e-005	6.96416939e-008	
3.11556351e+001	2.38800297e-005	-2.38799290e-005	6.93758420e-008	
3.12558140e+001	2.33917195e-005	-2.33916173e-005	6.91405980e-008	
3.13559928e+001	2.29034092e-005	-2.29033056e-005	6.89053540e-008	
3.14561717e+001	2.24150991e-005	-2.24149939e-005	6.86701101e-008	
3.15563506e+001	2.19532422e-005	-2.19531355e-005	6.84530344e-008	
3.16565295e+001	2.15251806e-005	-2.15250723e-005	6.82591697e-008	
3.17567084e+001	2.10971190e-005	-2.10970092e-005	6.80653049e-008	
3.18568873e+001	2.06690575e-005	-2.06689460e-005	6.78714402e-008	
3.19570662e+001	2.02325261e-005	-2.02324129e-005	6.76774092e-008	
3.20572451e+001	1.96945086e-005	-1.96943930e-005	6.74813917e-008	
3.21574240e+001	1.91564912e-005	-1.91563730e-005	6.72853742e-008	
3.22576029e+001	1.86184740e-005	-1.86183531e-005	6.70893567e-008	
3.23577818e+001	1.80804569e-005	-1.80803332e-005	6.68933392e-008	
3.24579606e+001	1.76610741e-005	-1.76609478e-005	6.67958523e-008	
3.25581395e+001	1.72889843e-005	-1.72888555e-005	6.67376442e-008	
3.26583184e+001	1.69168946e-005	-1.69167632e-005	6.66794361e-008	
3.27584973e+001	1.65448050e-005	-1.65446709e-005	6.66212280e-008	
3.28586762e+001	1.61727155e-005	-1.61725786e-005	6.65630199e-008	
3.29588551e+001	1.58006262e-005	-1.58004863e-005	6.65048119e-008	
3.30590340e+001	1.54285370e-005	-1.54283939e-005	6.64466038e-008	
3.31592129e+001	1.50564480e-005	-1.50563016e-005	6.63883957e-008	
3.32593918e+001	1.46843591e-005	-1.46842093e-005	6.63301876e-008	
3.33595707e+001	1.43410432e-005	-1.43408894e-005	6.64145619e-008	
3.34597496e+001	1.39979914e-005	-1.39978335e-005	6.65002468e-008	
3.35599284e+001	1.36549399e-005	-1.36547775e-005	6.65859317e-008	
3.36601073e+001	1.33118885e-005	-1.33117216e-005	6.66716166e-008	
3.37602862e+001	1.29702594e-005	-1.29700872e-005	6.68480430e-008	
3.38604651e+001	1.26294698e-005	-1.26292916e-005	6.70780264e-008	
3.39606440e+001	1.22886805e-005	-1.22884961e-005	6.73080098e-008	
3.40608229e+001	1.19478915e-005	-1.19477006e-005	6.75379931e-008	
3.41610018e+001	1.16262303e-005	-1.16260326e-005	6.77954567e-008	
3.42611807e+001	1.13571328e-005	-1.13569284e-005	6.81284404e-008	
3.43613596e+001	1.10880356e-005	-1.10878242e-005	6.84614241e-008	
3.44615385e+001	1.08189388e-005	-1.08187200e-005	6.87944078e-008	
3.45617174e+001	1.05498423e-005	-1.05496159e-005	6.91273915e-008	
3.46618962e+001	1.02807463e-005	-1.02805117e-005	6.94603751e-008	
3.47620751e+001	1.00116508e-005	-1.00114075e-005	6.97933588e-008	
3.48622540e+001	9.74255567e-006	-9.74230329e-006	7.01263425e-008	
3.49624329e+001	9.47346112e-006	-9.47319910e-006	7.04593262e-008	
3.50626118e+001	9.23502611e-006	-9.23475459e-006	7.08163556e-008	
3.51627907e+001	9.02242545e-006	-9.02214456e-006	7.11936431e-008	
3.52629696e+001	8.80982526e-006	-8.80953453e-006	7.15709305e-008	
3.53631485e+001	8.59722557e-006	-8.59692451e-006	7.19482180e-008	
3.54633274e+001	8.38569318e-006	-8.38538118e-006	7.23364068e-008	
3.55635063e+001	8.17899916e-006	-8.17867539e-006	7.27740331e-008	
3.56636852e+001	7.97230577e-006	-7.97196960e-006	7.32116594e-008	
3.57638640e+001	7.76561307e-006	-7.76526381e-006	7.36492858e-008	
3.58640429e+001	7.55892110e-006	-7.55855802e-006	7.40869121e-008	
3.59642218e+001	7.30578773e-006	-7.30540687e-006	7.45983674e-008	
3.60644007e+001	7.04236563e-006	-7.04196490e-006	7.51261807e-008	
3.61645796e+001	6.77894511e-006	-6.77852294e-006	7.56539939e-008	
3.62647585e+001	6.51552636e-006	-6.51508098e-006	7.61818072e-008	
3.63649374e+001	6.28623059e-006	-6.28576397e-006	7.65920036e-008	
3.64651163e+001	6.09754670e-006	-6.09706224e-006	7.68622119e-008	
3.65652952e+001	5.90886396e-006	-5.90836051e-006	7.71324203e-008	
3.66654741e+001	5.72018249e-006	-5.71965878e-006	7.74026286e-008	
3.67656530e+001	5.52830690e-006	-5.52776156e-006	7.76487490e-008	
3.68658318e+001	5.30582648e-006	-5.30525804e-006	7.76641430e-008	
3.69660107e+001	5.08334807e-006	-5.08275452e-006	7.76795369e-008	
3.70661896e+001	4.86087197e-006	-4.86025100e-006	7.76949309e-008	
3.71663685e+001	4.63839849e-006	-4.63774748e-006	7.77103248e-008	
3.72665474e+001	4.43233798e-006	-4.43166051e-006	7.74929943e-008	
3.73667263e+001	4.23227244e-006	-4.23156846e-006	7.71906703e-008	
3.74669052e+001	4.03220955e-006	-4.03147641e-006	7.68883463e-008	
3.75670841e+001	3.83214973e-006	-3.83138437e-006	7.65860223e-008	
3.76672630e+001	3.64946602e-006	-3.64867121e-006	7.61617972e-008	
3.77674419e+001	3.49630851e-006	-3.49549258e-006	7.55304034e-008	
3.78676208e+001	3.34315306e-006	-3.34231395e-006	7.48990096e-008	
3.79677996e+001	3.18999996e-006	-3.18913532e-006	7.42676157e-008	
3.80679785e+001	3.03745140e-006	-3.03655867e-006	7.36374402e-008	
3.81681574e+001	2.95601840e-006	-2.95511313e-006	7.31516471e-008	
3.82683363e+001	2.87458619e-006	-2.87366760e-006	7.26658541e-008	
3.83685152e+001	2.79315485e-006	-2.79222206e-006	7.21800611e-008	
3.84686941e+001	2.71172444e-006	-2.71077652e-006	7.16942681e-008	
3.85688730e+001	2.60774373e-006	-2.60678339e-006	7.07652505e-008	
3.86690519e+001	2.49142596e-006	-2.49045377e-006	6.95937315e-008	
3.87692308e+001	2.37510992e-006	-2.37412416e-006	6.84222125e-008	
3.88694097e+001	2.25879589e-006	-2.25779455e-006	6.72506934e-008	
3.89695886e+001	2.14137398e-006	-2.14035618e-006	6.60145415e-008	
3.90697674e+001	2.02115906e-006	-2.02012593e-006	6.46156783e-008	
3.91699463e+001	1.90094712e-006	-1.89989568e-006	6.32168152e-008	
3.92701252e+001	1.78073875e-006	-1.77966543e-006	6.18179520e-008	
3.93703041e+001	1.66053473e-006	-1.65943518e-006	6.04190888e-008	
3.94704830e+001	1.58802846e-006	-1.58692126e-006	5.92901230e-008	
3.95706619e+001	1.51954341e-006	-1.51842906e-006	5.81839060e-008	
3.96708408e+001	1.45105988e-006	-1.44993687e-006	5.70776890e-008	
3.97710197e+001	1.38257810e-006	-1.38144467e-006	5.59714720e-008	
3.98711986e+001	1.32639840e-006	-1.32525952e-006	5.49537943e-008	
3.99713775e+001	1.27987551e-006	-1.27873560e-006	5.40056240e-008	
4.00715564e+001	1.23335343e-006	-1.23221167e-006	5.30574536e-008	
4.01717352e+001	1.18683225e-006	-1.18568774e-006	5.21092832e-008	
4.02719141e+001	1.14205104e-006	-1.14090489e-006	5.11526766e-008	
4.03720930e+001	1.10430608e-006	-1.10316622e-006	5.01619348e-008	
4.04722719e+001	1.06656160e-006	-1.06542754e-006	4.91711930e-008	
4.05724508e+001	1.02881765e-006	-1.02768886e-006	4.81804512e-008	
4.06726297e+001	9.91074286e-007	-9.89950186e-007	4.71897094e-008	
4.07728086e+001	9.68464192e-007	-9.67347006e-007	4.65044294e-008	
4.08729875e+001	9.48819821e-007	-9.47709961e-007	4.58790116e-008	
4.09731664e+001	9.29175562e-007	-9.28072916e-007	4.52535939e-008	
4.10733453e+001	9.09531421e-007	-9.08435871e-007	4.46281762e-008	
4.11735242e+001	8.99822350e-007	-8.98738351e-007	4.41546967e-008	
4.12737030e+001	9.01134378e-007	-9.00066867e-007	4.38497641e-008	
4.13738819e+001	9.02446557e-007	-9.01395383e-007	4.35448316e-008	
4.14740608e+001	9.03758888e-007	-9.02723899e-007	4.32398990e-008	
4.15742397e+001	9.05608398e-007	-9.04590620e-007	4.29229633e-008	
4.16744186e+001	9.11714540e-007	-9.10722913e-007	4.25109076e-008	
4.17745975e+001	9.17821215e-007	-9.16855207e-007	4.20988518e-008	
4.18747764e+001	9.23928414e-007	-9.22987500e-007	4.16867961e-008	
4.19749553e+001	9.30036125e-007	-9.29119793e-007	4.12747404e-008	
4.20751342e+001	9.40445272e-007	-9.39553913e-007	4.09359891e-008	
4.21753131e+001	9.52288749e-007	-9.51421958e-007	4.06216722e-008	
4.22754919e+001	9.64132933e-007	-9.63290003e-007	4.03073553e-008	
4.23756708e+001	9.75977798e-007	-9.75158048e-007	3.99930384e-008	
4.24758497e+001	9.89747118e-007	-9.88952202e-007	3.96598000e-008	
4.25760286e+001	1.00655235e-006	-1.00578497e-006	3.92967111e-008	
4.26762075e+001	1.02335861e-006	-1.02261773e-006	3.89336222e-008	
4.27763864e+001	1.04016586e-006	-1.03945050e-006	3.85705333e-008	
4.28765653e+001	1.05690343e-006	-1.05621256e-006	3.82083677e-008	
4.29767442e+001	1.07098637e-006	-1.07031623e-006	3.78809143e-008	
4.30769231e+001	1.08506995e-006	-1.08441990e-006	3.75534610e-008	
4.31771020e+001	1.09915414e-006	-1.09852357e-006	3.72260077e-008	
4.32772809e+001	1.11323892e-006	-1.11262725e-006	3.68985544e-008	
4.33774597e+001	1.12732427e-006	-1.12673092e-006	3.65711011e-008	
4.34776386e+001	1.14141016e-006	-1.14083459e-006	3.62436478e-008	
4.35778175e+001	1.15549659e-006	-1.15493826e-006	3.59161945e-008	
4.36779964e+001	1.16958352e-006	-1.16904193e-006	3.55887412e-008	
4.37781753e+001	1.18412229e-006	-1.18359823e-006	3.52254277e-008	
4.38783542e+001	1.19970567e-006	-1.19920145e-006	3.47791650e-008	
4.39785331e+001	1.21528973e-006	-1.21480467e-006	3.43329022e-008	
4.40787120e+001	1.23087443e-006	-1.23040789e-006	3.38866394e-008	
4.41788909e+001	1.24645976e-006	-1.24601111e-006	3.34403766e-008	
4.42790698e+001	1.26104179e-006	-1.26061243e-006	3.29042205e-008	
4.43792487e+001	1.27556015e-006	-1.27514955e-006	3.23623042e-008	
4.44794275e+001	1.29007916e-006	-1.28968667e-006	3.18203879e-008	
4.45796064e+001	1.30459880e-006	-1.30422379e-006	3.12784716e-008	
4.46797853e+001	1.31824427e-006	-1.31788700e-006	3.06891576e-008	
4.47799642e+001	1.33125106e-006	-1.33091152e-006	3.00651984e-008	
4.48801431e+001	1.34425849e-006	-1.34393605e-006	2.94412393e-008	
4.49803220e+001	1.35726653e-006	-1.35696057e-006	2.88172801e-008	
4.50805009e+001	1.36910007e-006	-1.36880920e-006	2.82200451e-008	
4.51806798e+001	1.37666115e-006	-1.37638204e-006	2.77199797e-008	
4.52808587e+001	1.38422254e-006	-1.38395488e-006	2.72199142e-008	
4.53810376e+001	1.39178423e-006	-1.39152772e-006	2.67198488e-008	
4.54812165e+001	1.39934622e-006	-1.39910056e-006	2.62197833e-008	
4.55813953e+001	1.40281721e-006	-1.40257779e-006	2.59167067e-008	
4.56815742e+001	1.40558682e-006	-1.40535281e-006	2.56474052e-008	
4.57817531e+001	1.40835651e-006	-1.40812784e-006	2.53781036e-008	
4.58819320e+001	1.41112627e-006	-1.41090286e-006	2.51088021e-008	
4.59821109e+001	1.41372665e-006	-1.41350930e-006	2.47891673e-008	
4.60822898e+001	1.41615190e-006	-1.41594138e-006	2.44174795e-008	
4.61824687e+001	1.41857727e-006	-1.41837346e-006	2.40457917e-008	
4.62826476e+001	1.42100276e-006	-1.42080554e-006	2.36741039e-008	
4.63828265e+001	1.42327407e-006	-1.42308356e-006	2.32862021e-008	
4.64830054e+001	1.42450871e-006	-1.42432641e-006	2.27893599e-008	
4.65831843e+001	1.42574354e-006	-1.42556925e-006	2.22925178e-008	
4.66833631e+001	1.42697856e-006	-1.42681209e-006	2.17956757e-008	
4.67835420e+001	1.42821376e-006	-1.42805494e-006	2.12988336e-008	
4.68837209e+001	1.42761447e-006	-1.42746083e-006	2.09439116e-008	
4.69838998e+001	1.42645950e-006	-1.42631029e-006	2.06319791e-008	
4.70840787e+001	1.42530460e-006	-1.42515974e-006	2.03200467e-008	
4.71842576e+001	1.42414975e-006	-1.42400920e-006	2.00081142e-008	
4.72844365e+001	1.42297119e-006	-1.42283406e-006	1.97545522e-008	
4.73846154e+001	1.42175782e-006	-1.42162290e-006	1.95865810e-008	
4.74847943e+001	1.42054447e-006	-1.42041174e-006	1.94186098e-008	
4.75849732e+001	1.41933114e-006	-1.41920058e-006	1.92506385e-008	
4.76851521e+001	1.41804946e-006	-1.41792111e-006	1.90786862e-008	
4.77853309e+001	1.41526199e-006	-1.41513687e-006	1.88190312e-008	
4.78855098e+001	1.41247456e-006	-1.41235262e-006	1.85593762e-008	
4.79856887e+001	1.40968716e-006	-1.40956837e-006	1.82997211e-008	
4.80858676e+001	1.40689979e-006	-1.40678413e-006	1.80400661e-008	
4.81860465e+001	1.40289879e-006	-1.40278679e-006	1.77262499e-008	
4.82862254e+001	1.39833028e-006	-1.39822218e-006	1.73871060e-008	
4.83864043e+001	1.39376183e-006	-1.39365756e-006	1.70479621e-008	
4.84865832e+001	1.38919344e-006	-1.38909295e-006	1.67088181e-008	
4.85867621e+001	1.38494203e-006	-1.38484474e-006	1.64161865e-008	
4.86869410e+001	1.38136621e-006	-1.38127095e-006	1.62226970e-008	
4.87871199e+001	1.37779040e-006	-1.37769716e-006	1.60292075e-008	
4.88872987e+001	1.37421462e-006	-1.37412337e-006	1.58357180e-008	
4.89874776e+001	1.37063884e-006	-1.37054958e-006	1.56422284e-008	
4.90876565e+001	1.36773135e-006	-1.36764333e-006	1.55167455e-008	
4.91878354e+001	1.36485369e-006	-1.36476687e-006	1.53942972e-008	
4.92880143e+001	1.36197603e-006	-1.36189040e-006	1.52718489e-008	
4.93881932e+001	1.35909837e-006	-1.35901394e-006	1.51494005e-008	
4.94883721e+001	1.35518368e-006	-1.35510080e-006	1.49876500e-008	
4.95885510e+001	1.35056382e-006	-1.35048273e-006	1.47991746e-008	
4.96887299e+001	1.34594397e-006	-1.34586467e-006	1.46106992e-008	
4.97889088e+001	1.34132414e-006	-1.34124661e-006	1.44222239e-008	
4.98890877e+001	1.33689139e-006	-1.33681548e-006	1.42463601e-008	
4.99892665e+001	1.33307375e-006	-1.33299905e-006	1.41119657e-008	
5.00894454e+001	1.32925611e-006	-1.32918262e-006	1.39775713e-008	
5.01896243e+001	1.32543848e-006	-1.32536619e-006	1.38431769e-008	
5.02898032e+001	1.32162086e-006	-1.32154976e-006	1.37087825e-008	
5.03899821e+001	1.31712686e-006	-1.31705697e-006	1.35687371e-008	
5.04901610e+001	1.31253284e-006	-1.31246415e-006	1.34278562e-008	
5.05903399e+001	1.30793882e-006	-1.30787133e-006	1.32869752e-008	
5.06905188e+001	1.30334481e-006	-1.30327851e-006	1.31460942e-008	
5.07906977e+001	1.29908338e-006	-1.29901813e-006	1.30205998e-008	
5.08908766e+001	1.29514263e-006	-1.29507829e-006	1.29099411e-008	
5.09910555e+001	1.29120188e-006	-1.29113844e-006	1.27992824e-008	
5.10912343e+001	1.28726114e-006	-1.28719860e-006	1.26886237e-008	
5.11914132e+001	1.28332040e-006	-1.28325876e-006	1.25779650e-008	
5.12915921e+001	1.27937966e-006	-1.27931891e-006	1.24673063e-008	
5.13917710e+001	1.27543893e-006	-1.27537907e-006	1.23566476e-008	
5.14919499e+001	1.27149820e-006	-1.27143923e-006	1.22459888e-008	
5.15921288e+001	1.26755748e-006	-1.26749938e-006	1.21353301e-008	
5.16923077e+001	1.26443983e-006	-1.26438235e-006	1.20558867e-008	
5.17924866e+001	1.26154759e-006	-1.26149066e-006	1.19849918e-008	
5.18926655e+001	1.25865536e-006	-1.25859897e-006	1.19140970e-008	
5.19928444e+001	1.25576313e-006	-1.25570728e-006	1.18432022e-008	
5.20930233e+001	1.25287090e-006	-1.25281559e-006	1.17723074e-008	
5.21932021e+001	1.24997867e-006	-1.24992390e-006	1.17014125e-008	
5.22933810e+001	1.24708644e-006	-1.24703221e-006	1.16305177e-008	
5.23935599e+001	1.24419422e-006	-1.24414052e-006	1.15596229e-008	
5.24937388e+001	1.24129518e-006	-1.24124202e-006	1.14888793e-008	
5.25939177e+001	1.23829116e-006	-1.23823850e-006	1.14204659e-008	
5.26940966e+001	1.23528715e-006	-1.23523498e-006	1.13520525e-008	
5.27942755e+001	1.23228313e-006	-1.23223147e-006	1.12836391e-008	
5.28944544e+001	1.22927911e-006	-1.22922795e-006	1.12152257e-008	
5.29946333e+001	1.22608693e-006	-1.22603628e-006	1.11445065e-008	
5.30948122e+001	1.22281365e-006	-1.22276352e-006	1.10727937e-008	
5.31949911e+001	1.21954038e-006	-1.21949076e-006	1.10010808e-008	
5.32951699e+001	1.21626711e-006	-1.21621800e-006	1.09293680e-008	
5.33953488e+001	1.21346376e-006	-1.21341508e-006	1.08684788e-008	
5.34955277e+001	1.21158556e-006	-1.21153717e-006	1.08288986e-008	
5.35957066e+001	1.20970736e-006	-1.20965925e-006	1.07893185e-008	
5.36958855e+001	1.20782916e-006	-1.20778133e-006	1.07497384e-008	
5.37960644e+001	1.20595097e-006	-1.20590341e-006	1.07101582e-008	
5.38962433e+001	1.20449148e-006	-1.20444413e-006	1.06800783e-008	
5.39964222e+001	1.20304282e-006	-1.20299568e-006	1.06502439e-008	
5.40966011e+001	1.20159416e-006	-1.20154722e-006	1.06204096e-008	
5.41967800e+001	1.20014550e-006	-1.20009877e-006	1.05905753e-008	
5.42969589e+001	1.19863883e-006	-1.19859231e-006	1.05599123e-008	
5.43971377e+001	1.19709550e-006	-1.19704920e-006	1.05287257e-008	
5.44973166e+001	1.19555218e-006	-1.19550609e-006	1.04975390e-008	
5.45974955e+001	1.19400885e-006	-1.19396298e-006	1.04663524e-008	
5.46976744e+001	1.19256667e-006	-1.19252099e-006	1.04373070e-008	
5.47978533e+001	1.19142676e-006	-1.19138124e-006	1.04146606e-008	
5.48980322e+001	1.19028686e-006	-1.19024149e-006	1.03920143e-008	
5.49982111e+001	1.18914695e-006	-1.18910174e-006	1.03693680e-008	
5.50983900e+001	1.18800705e-006	-1.18796199e-006	1.03467217e-008	
5.51985689e+001	1.18711787e-006	-1.18707293e-006	1.03292056e-008	
5.52987478e+001	1.18626010e-006	-1.18621528e-006	1.03123323e-008	
5.53989267e+001	1.18564209e-006	-1.18559735e-006	1.03002132e-008	
5.54991055e+001	1.18512314e-006	-1.18507846e-006	1.02900583e-008	
5.55992844e+001	1.18471616e-006	-1.18467154e-006	1.02821031e-008	
5.56994633e+001	1.18440983e-006	-1.18436525e-006	1.02761255e-008	
5.57996422e+001	1.18413271e-006	-1.18408816e-006	1.02707182e-008	
5.58998211e+001	1.18394135e-006	-1.18389683e-006	1.02669848e-008	
5.60000000e+001	1.18388849e-006	-1.18384398e-006	1.02659513e-008	
