% Column 0: Length, cm
% Column 1: |B.t|, Tesla
% Column 2: Re[B.t], Tesla
% Column 3: Im[B.t], Tesla
0.00000000e+000	1.90911147e-006	-1.90873016e-006	3.81548651e-008	
1.00178891e-001	1.90875634e-006	-1.90837497e-006	3.81545442e-008	
2.00357782e-001	1.90793275e-006	-1.90755122e-006	3.81537968e-008	
3.00536673e-001	1.90677511e-006	-1.90639338e-006	3.81527343e-008	
4.00715564e-001	1.90551107e-006	-1.90512910e-006	3.81515708e-008	
5.00894454e-001	1.90325953e-006	-1.90287716e-006	3.81488946e-008	
6.01073345e-001	1.90017311e-006	-1.89979020e-006	3.81449394e-008	
7.01252236e-001	1.89708669e-006	-1.89670324e-006	3.81409843e-008	
8.01431127e-001	1.89400027e-006	-1.89361627e-006	3.81370291e-008	
9.01610018e-001	1.89023350e-006	-1.88984885e-006	3.81313263e-008	
1.00178891e+000	1.88331653e-006	-1.88293075e-006	3.81175314e-008	
1.10196780e+000	1.87639957e-006	-1.87601265e-006	3.81037364e-008	
1.20214669e+000	1.86948263e-006	-1.86909455e-006	3.80899414e-008	
1.30232558e+000	1.86256569e-006	-1.86217645e-006	3.80761464e-008	
1.40250447e+000	1.85564875e-006	-1.85525835e-006	3.80623514e-008	
1.50268336e+000	1.84873183e-006	-1.84834025e-006	3.80485564e-008	
1.60286225e+000	1.84181492e-006	-1.84142215e-006	3.80347615e-008	
1.70304114e+000	1.83489801e-006	-1.83450405e-006	3.80209665e-008	
1.80322004e+000	1.82658744e-006	-1.82619216e-006	3.79981719e-008	
1.90339893e+000	1.81656734e-006	-1.81617059e-006	3.79643378e-008	
2.00357782e+000	1.80654725e-006	-1.80614901e-006	3.79305037e-008	
2.10375671e+000	1.79652719e-006	-1.79612744e-006	3.78966697e-008	
2.20393560e+000	1.78650714e-006	-1.78610586e-006	3.78628356e-008	
2.30411449e+000	1.77648710e-006	-1.77608429e-006	3.78290015e-008	
2.40429338e+000	1.76646709e-006	-1.76606271e-006	3.77951675e-008	
2.50447227e+000	1.75644709e-006	-1.75604114e-006	3.77613334e-008	
2.60465116e+000	1.74642712e-006	-1.74601956e-006	3.77274994e-008	
2.70483005e+000	1.73260411e-006	-1.73219461e-006	3.76677766e-008	
2.80500894e+000	1.71730658e-006	-1.71689496e-006	3.75980160e-008	
2.90518784e+000	1.70200910e-006	-1.70159531e-006	3.75282554e-008	
3.00536673e+000	1.68671165e-006	-1.68629566e-006	3.74584948e-008	
3.10554562e+000	1.67006168e-006	-1.66964346e-006	3.73727307e-008	
3.20572451e+000	1.65096869e-006	-1.65054822e-006	3.72580602e-008	
3.30590340e+000	1.63187575e-006	-1.63145298e-006	3.71433897e-008	
3.40608229e+000	1.61278288e-006	-1.61235775e-006	3.70287191e-008	
3.50626118e+000	1.59369008e-006	-1.59326251e-006	3.69140486e-008	
3.60644007e+000	1.57609010e-006	-1.57566072e-006	3.67873223e-008	
3.70661896e+000	1.55850212e-006	-1.55807087e-006	3.66605000e-008	
3.80679785e+000	1.54091418e-006	-1.54048103e-006	3.65336777e-008	
3.90697674e+000	1.52332630e-006	-1.52289118e-006	3.64068553e-008	
4.00715564e+000	1.50573847e-006	-1.50530134e-006	3.62800330e-008	
4.10733453e+000	1.48815071e-006	-1.48771149e-006	3.61532107e-008	
4.20751342e+000	1.47056300e-006	-1.47012164e-006	3.60263884e-008	
4.30769231e+000	1.45297536e-006	-1.45253180e-006	3.58995661e-008	
4.40787120e+000	1.43191401e-006	-1.43146818e-006	3.57291632e-008	
4.50805009e+000	1.40114783e-006	-1.40069963e-006	3.54370056e-008	
4.60822898e+000	1.37038182e-006	-1.36993108e-006	3.51448480e-008	
4.70840787e+000	1.33961599e-006	-1.33916253e-006	3.48526904e-008	
4.80858676e+000	1.30885035e-006	-1.30839398e-006	3.45605328e-008	
4.90876565e+000	1.27222781e-006	-1.27176908e-006	3.41616396e-008	
5.00894454e+000	1.23494977e-006	-1.23448849e-006	3.37507972e-008	
5.10912343e+000	1.19767203e-006	-1.19720789e-006	3.33399547e-008	
5.20930233e+000	1.16039462e-006	-1.15992730e-006	3.29291122e-008	
5.30948122e+000	1.13259338e-006	-1.13212383e-006	3.26098251e-008	
5.40966011e+000	1.11302579e-006	-1.11255498e-006	3.23700903e-008	
5.50983900e+000	1.09345829e-006	-1.09298613e-006	3.21303555e-008	
5.61001789e+000	1.07389090e-006	-1.07341727e-006	3.18906207e-008	
5.71019678e+000	1.05278681e-006	-1.05231173e-006	3.16242146e-008	
5.81037567e+000	1.02422328e-006	-1.02374710e-006	3.12283460e-008	
5.91055456e+000	9.95659971e-007	-9.95182464e-007	3.08324775e-008	
6.01073345e+000	9.67096901e-007	-9.66617829e-007	3.04366089e-008	
6.11091234e+000	9.38534092e-007	-9.38053195e-007	3.00407404e-008	
6.21109123e+000	9.03389906e-007	-9.02907605e-007	2.95157393e-008	
6.31127013e+000	8.66667775e-007	-8.66183794e-007	2.89597699e-008	
6.41144902e+000	8.29946166e-007	-8.29459983e-007	2.84038004e-008	
6.51162791e+000	7.93225150e-007	-7.92736171e-007	2.78478309e-008	
6.61180680e+000	7.63813571e-007	-7.63322338e-007	2.73893976e-008	
6.71198569e+000	7.43617522e-007	-7.43125227e-007	2.70539422e-008	
6.81216458e+000	7.23421689e-007	-7.22928117e-007	2.67184868e-008	
6.91234347e+000	7.03226088e-007	-7.02731006e-007	2.63830315e-008	
7.01252236e+000	6.82498827e-007	-6.82001995e-007	2.60370329e-008	
7.11270125e+000	6.55490321e-007	-6.54991537e-007	2.55665244e-008	
7.21288014e+000	6.28482336e-007	-6.27981079e-007	2.50960159e-008	
7.31305903e+000	6.01474940e-007	-6.00970621e-007	2.46255075e-008	
7.41323792e+000	5.74468218e-007	-5.73960164e-007	2.41549990e-008	
7.51341682e+000	5.48229436e-007	-5.47716531e-007	2.37089987e-008	
7.61359571e+000	5.22299015e-007	-5.21780257e-007	2.32728232e-008	
7.71377460e+000	4.96369589e-007	-4.95843984e-007	2.28366478e-008	
7.81395349e+000	4.70441321e-007	-4.69907710e-007	2.24004723e-008	
7.91413238e+000	4.47331052e-007	-4.46787714e-007	2.20410767e-008	
8.01431127e+000	4.29463114e-007	-4.28908213e-007	2.18245528e-008	
8.11449016e+000	4.11596295e-007	-4.11028713e-007	2.16080289e-008	
8.21466905e+000	3.93730745e-007	-3.93149212e-007	2.13915050e-008	
8.31484794e+000	3.75866647e-007	-3.75269712e-007	2.11749811e-008	
8.41502683e+000	3.65769785e-007	-3.65160863e-007	2.10969189e-008	
8.51520572e+000	3.55789489e-007	-3.55167962e-007	2.10209226e-008	
8.61538462e+000	3.45809938e-007	-3.45175061e-007	2.09449264e-008	
8.71556351e+000	3.35831197e-007	-3.35182161e-007	2.08689301e-008	
8.81574240e+000	3.29917699e-007	-3.29248727e-007	2.09991387e-008	
8.91592129e+000	3.26484940e-007	-3.25792317e-007	2.12551704e-008	
9.01610018e+000	3.23052889e-007	-3.22335907e-007	2.15112021e-008	
9.11627907e+000	3.19621567e-007	-3.18879497e-007	2.17672338e-008	
9.21645796e+000	3.17908193e-007	-3.17136158e-007	2.21421979e-008	
9.31663685e+000	3.21165572e-007	-3.20350873e-007	2.28613785e-008	
9.41681574e+000	3.24423693e-007	-3.23565588e-007	2.35805590e-008	
9.51699463e+000	3.27682535e-007	-3.26780303e-007	2.42997396e-008	
9.61717352e+000	3.30942077e-007	-3.29995019e-007	2.50189202e-008	
9.71735242e+000	3.41923697e-007	-3.40923354e-007	2.61358217e-008	
9.81753131e+000	3.53835192e-007	-3.52780413e-007	2.73006098e-008	
9.91771020e+000	3.65746859e-007	-3.64637472e-007	2.84653979e-008	
1.00178891e+001	3.77658681e-007	-3.76494530e-007	2.96301861e-008	
1.01180680e+001	3.94446684e-007	-3.93225993e-007	3.10081464e-008	
1.02182469e+001	4.15588659e-007	-4.14309918e-007	3.25764527e-008	
1.03184258e+001	4.36730653e-007	-4.35393843e-007	3.41447591e-008	
1.04186047e+001	4.57872663e-007	-4.56477768e-007	3.57130654e-008	
1.05187835e+001	4.80947251e-007	-4.79492293e-007	3.73818019e-008	
1.06189624e+001	5.13870750e-007	-5.12345555e-007	3.95623475e-008	
1.07191413e+001	5.46794495e-007	-5.45198818e-007	4.17428931e-008	
1.08193202e+001	5.79718446e-007	-5.78052081e-007	4.39234387e-008	
1.09194991e+001	6.12642568e-007	-6.10905343e-007	4.61039842e-008	
1.10196780e+001	6.61647308e-007	-6.59828609e-007	4.90241427e-008	
1.11198569e+001	7.14678803e-007	-7.12775077e-007	5.21294675e-008	
1.12200358e+001	7.67711122e-007	-7.65721545e-007	5.52347923e-008	
1.13202147e+001	8.20744104e-007	-8.18668013e-007	5.83401171e-008	
1.14203936e+001	8.84202140e-007	-8.82035318e-007	6.18637320e-008	
1.15205725e+001	9.61172864e-007	-9.58909055e-007	6.59294898e-008	
1.16207513e+001	1.03814514e-006	-1.03578279e-006	6.99952475e-008	
1.17209302e+001	1.11511864e-006	-1.11265653e-006	7.40610053e-008	
1.18211091e+001	1.19692021e-006	-1.19435537e-006	7.83150929e-008	
1.19212880e+001	1.34163133e-006	-1.33893452e-006	8.50234850e-008	
1.20214669e+001	1.48634705e-006	-1.48351367e-006	9.17318771e-008	
1.21216458e+001	1.63106613e-006	-1.62809282e-006	9.84402692e-008	
1.22218247e+001	1.77578776e-006	-1.77267197e-006	1.05148661e-007	
1.23220036e+001	1.92162530e-006	-1.91839140e-006	1.11437088e-007	
1.24221825e+001	2.06792665e-006	-2.06458283e-006	1.17551459e-007	
1.25223614e+001	2.21423036e-006	-2.21077426e-006	1.23665831e-007	
1.26225403e+001	2.36053600e-006	-2.35696570e-006	1.29780203e-007	
1.27227191e+001	2.50866159e-006	-2.50498288e-006	1.35807772e-007	
1.28228980e+001	2.66027578e-006	-2.65650093e-006	1.41668900e-007	
1.29230769e+001	2.81189183e-006	-2.80801897e-006	1.47530028e-007	
1.30232558e+001	2.96350944e-006	-2.95953702e-006	1.53391156e-007	
1.31234347e+001	3.11512839e-006	-3.11105507e-006	1.59252284e-007	
1.32236136e+001	3.51509385e-006	-3.51083119e-006	1.73058048e-007	
1.33237925e+001	3.92052387e-006	-3.91605977e-006	1.87038295e-007	
1.34239714e+001	4.32596133e-006	-4.32128834e-006	2.01018542e-007	
1.35241503e+001	4.73140430e-006	-4.72651692e-006	2.14998790e-007	
1.36243292e+001	5.13411442e-006	-5.12903909e-006	2.28229845e-007	
1.37245081e+001	5.53511230e-006	-5.52986363e-006	2.40990477e-007	
1.38246869e+001	5.93611421e-006	-5.93068818e-006	2.53751109e-007	
1.39248658e+001	6.33711936e-006	-6.33151272e-006	2.66511740e-007	
1.40250447e+001	6.79951391e-006	-6.79373417e-006	2.80295370e-007	
1.41252236e+001	7.44607876e-006	-7.44014731e-006	2.97148011e-007	
1.42254025e+001	8.09265446e-006	-8.08656045e-006	3.14000652e-007	
1.43255814e+001	8.73923861e-006	-8.73297359e-006	3.30853293e-007	
1.44257603e+001	9.38582946e-006	-9.37938672e-006	3.47705935e-007	
1.45259392e+001	1.04066772e-005	-1.04000251e-005	3.72034051e-007	
1.46261181e+001	1.14758197e-005	-1.14689394e-005	3.97326518e-007	
1.47262970e+001	1.25449743e-005	-1.25378537e-005	4.22618984e-007	
1.48264758e+001	1.36141382e-005	-1.36067679e-005	4.47911451e-007	
1.49266547e+001	1.46152779e-005	-1.46077458e-005	4.69160523e-007	
1.50268336e+001	1.55540020e-005	-1.55463855e-005	4.86699398e-007	
1.51270125e+001	1.64927351e-005	-1.64850252e-005	5.04238272e-007	
1.52271914e+001	1.74314758e-005	-1.74236648e-005	5.21777146e-007	
1.53273703e+001	1.83702229e-005	-1.83623045e-005	5.39316021e-007	
1.54275492e+001	1.93089754e-005	-1.93009442e-005	5.56854895e-007	
1.55277281e+001	2.02477328e-005	-2.02395838e-005	5.74393769e-007	
1.56279070e+001	2.11864942e-005	-2.11782235e-005	5.91932644e-007	
1.57280859e+001	2.21252591e-005	-2.21168632e-005	6.09471518e-007	
1.58282648e+001	2.37297789e-005	-2.37213747e-005	6.31498665e-007	
1.59284436e+001	2.55081163e-005	-2.54997131e-005	6.54697418e-007	
1.60286225e+001	2.72864735e-005	-2.72780515e-005	6.77896172e-007	
1.61288014e+001	2.90648469e-005	-2.90563899e-005	7.01094926e-007	
1.62289803e+001	3.12654280e-005	-3.12570094e-005	7.25504120e-007	
1.63291592e+001	3.40286077e-005	-3.40203079e-005	7.51526215e-007	
1.64293381e+001	3.67918236e-005	-3.67836064e-005	7.77548311e-007	
1.65295170e+001	3.95550681e-005	-3.95469049e-005	8.03570406e-007	
1.66296959e+001	4.23260561e-005	-4.23179334e-005	8.29179325e-007	
1.67298748e+001	4.52091611e-005	-4.52011924e-005	8.48793594e-007	
1.68300537e+001	4.80922926e-005	-4.80844515e-005	8.68407862e-007	
1.69302326e+001	5.09754461e-005	-5.09677105e-005	8.88022131e-007	
1.70304114e+001	5.38586180e-005	-5.38509696e-005	9.07636399e-007	
1.71305903e+001	5.65681270e-005	-5.65606405e-005	9.20295326e-007	
1.72307692e+001	5.92032963e-005	-5.91959917e-005	9.29976523e-007	
1.73309481e+001	6.18384826e-005	-6.18313430e-005	9.39657719e-007	
1.74311270e+001	6.44736839e-005	-6.44666943e-005	9.49338915e-007	
1.75313059e+001	6.72573726e-005	-6.72505737e-005	9.56294723e-007	
1.76314848e+001	7.03345195e-005	-7.03279968e-005	9.57863851e-007	
1.77316637e+001	7.34116897e-005	-7.34054199e-005	9.59432979e-007	
1.78318426e+001	7.64888802e-005	-7.64828430e-005	9.61002107e-007	
1.79320215e+001	7.95660887e-005	-7.95602660e-005	9.62571235e-007	
1.80322004e+001	8.26433133e-005	-8.26376891e-005	9.64140363e-007	
1.81323792e+001	8.57205521e-005	-8.57151122e-005	9.65709491e-007	
1.82325581e+001	8.87978037e-005	-8.87925352e-005	9.67278619e-007	
1.83327370e+001	9.18750668e-005	-9.18699583e-005	9.68847747e-007	
1.84329159e+001	9.57327081e-005	-9.57278151e-005	9.67886408e-007	
1.85330948e+001	1.00094637e-004	-1.00089983e-004	9.65289924e-007	
1.86332737e+001	1.04456586e-004	-1.04452150e-004	9.62693440e-007	
1.87334526e+001	1.08818553e-004	-1.08814318e-004	9.60096956e-007	
1.88336315e+001	1.12967350e-004	-1.12963296e-004	9.56972915e-007	
1.89338104e+001	1.16452788e-004	-1.16448895e-004	9.52207314e-007	
1.90339893e+001	1.19938237e-004	-1.19934495e-004	9.47441712e-007	
1.91341682e+001	1.23423694e-004	-1.23420094e-004	9.42676111e-007	
1.92343470e+001	1.26909159e-004	-1.26905693e-004	9.37910509e-007	
1.93345259e+001	1.30705659e-004	-1.30702338e-004	9.31772067e-007	
1.94347048e+001	1.34545005e-004	-1.34541822e-004	9.25444558e-007	
1.95348837e+001	1.38384358e-004	-1.38381306e-004	9.19117050e-007	
1.96350626e+001	1.42223719e-004	-1.42220790e-004	9.12789541e-007	
1.97352415e+001	1.45813285e-004	-1.45810467e-004	9.06563230e-007	
1.98354204e+001	1.49167328e-004	-1.49164610e-004	9.00432322e-007	
1.99355993e+001	1.52521376e-004	-1.52518754e-004	8.94301415e-007	
2.00357782e+001	1.55875428e-004	-1.55872897e-004	8.88170507e-007	
2.01359571e+001	1.58998167e-004	-1.58995718e-004	8.82400874e-007	
2.02361360e+001	1.60814637e-004	-1.60812236e-004	8.78671412e-007	
2.03363148e+001	1.62631108e-004	-1.62628755e-004	8.74941950e-007	
2.04364937e+001	1.64447581e-004	-1.64445273e-004	8.71212487e-007	
2.05366726e+001	1.66264055e-004	-1.66261792e-004	8.67483025e-007	
2.06368515e+001	1.67799222e-004	-1.67797007e-004	8.62145944e-007	
2.07370304e+001	1.69257888e-004	-1.69255722e-004	8.56371666e-007	
2.08372093e+001	1.70716555e-004	-1.70714436e-004	8.50597388e-007	
2.09373882e+001	1.72175223e-004	-1.72173150e-004	8.44823110e-007	
2.10375671e+001	1.73597834e-004	-1.73595818e-004	8.36775795e-007	
2.11377460e+001	1.74971046e-004	-1.74969098e-004	8.25614332e-007	
2.12379249e+001	1.76344260e-004	-1.76342379e-004	8.14452870e-007	
2.13381038e+001	1.77717475e-004	-1.77715659e-004	8.03291407e-007	
2.14382826e+001	1.79026173e-004	-1.79024419e-004	7.92277677e-007	
2.15384615e+001	1.79280952e-004	-1.79279239e-004	7.83677425e-007	
2.16386404e+001	1.79535731e-004	-1.79534058e-004	7.75077173e-007	
2.17388193e+001	1.79790511e-004	-1.79788877e-004	7.66476922e-007	
2.18389982e+001	1.80045292e-004	-1.80043697e-004	7.57876670e-007	
2.19391771e+001	1.79710267e-004	-1.79708708e-004	7.48684718e-007	
2.20393560e+001	1.79114485e-004	-1.79112960e-004	7.39231171e-007	
2.21395349e+001	1.78518704e-004	-1.78517212e-004	7.29777624e-007	
2.22397138e+001	1.77922923e-004	-1.77921465e-004	7.20324077e-007	
2.23398927e+001	1.77113831e-004	-1.77112412e-004	7.08927921e-007	
2.24400716e+001	1.75870041e-004	-1.75868674e-004	6.93573066e-007	
2.25402504e+001	1.74626252e-004	-1.74624935e-004	6.78218211e-007	
2.26404293e+001	1.73382464e-004	-1.73381196e-004	6.62863355e-007	
2.27406082e+001	1.72138676e-004	-1.72137458e-004	6.47508500e-007	
2.28407871e+001	1.70200288e-004	-1.70199115e-004	6.31796581e-007	
2.29409660e+001	1.68236649e-004	-1.68235521e-004	6.16071672e-007	
2.30411449e+001	1.66273011e-004	-1.66271927e-004	6.00346763e-007	
2.31413238e+001	1.64309373e-004	-1.64308333e-004	5.84621855e-007	
2.32415027e+001	1.61669216e-004	-1.61668215e-004	5.68698751e-007	
2.33416816e+001	1.58579298e-004	-1.58578335e-004	5.52643875e-007	
2.34418605e+001	1.55489380e-004	-1.55488454e-004	5.36588999e-007	
2.35420394e+001	1.52399462e-004	-1.52398573e-004	5.20534123e-007	
2.36422182e+001	1.49380492e-004	-1.49379635e-004	5.06275438e-007	
2.37423971e+001	1.46590681e-004	-1.46589835e-004	4.97818244e-007	
2.38425760e+001	1.43800869e-004	-1.43800036e-004	4.89361049e-007	
2.39427549e+001	1.41011057e-004	-1.41010237e-004	4.80903855e-007	
2.40429338e+001	1.38221245e-004	-1.38220438e-004	4.72446661e-007	
2.41431127e+001	1.35431434e-004	-1.35430639e-004	4.63989467e-007	
2.42432916e+001	1.32641622e-004	-1.32640840e-004	4.55532273e-007	
2.43434705e+001	1.29851810e-004	-1.29851041e-004	4.47075079e-007	
2.44436494e+001	1.27061999e-004	-1.27061241e-004	4.38617885e-007	
2.45438283e+001	1.24028974e-004	-1.24028223e-004	4.31596273e-007	
2.46440072e+001	1.20760310e-004	-1.20759559e-004	4.25965523e-007	
2.47441860e+001	1.17491647e-004	-1.17490895e-004	4.20334773e-007	
2.48443649e+001	1.14222984e-004	-1.14222231e-004	4.14704023e-007	
2.49445438e+001	1.10959698e-004	-1.10958942e-004	4.09718918e-007	
2.50447227e+001	1.07728484e-004	-1.07727709e-004	4.08582608e-007	
2.51449016e+001	1.04497271e-004	-1.04496477e-004	4.07446299e-007	
2.52450805e+001	1.01266059e-004	-1.01265244e-004	4.06309989e-007	
2.53452594e+001	9.80348490e-005	-9.80340117e-005	4.05173679e-007	
2.54454383e+001	9.45953451e-005	-9.45944749e-005	4.05763568e-007	
2.55456172e+001	9.10968826e-005	-9.10959742e-005	4.06842035e-007	
2.56457961e+001	8.75984232e-005	-8.75974734e-005	4.07920502e-007	
2.57459750e+001	8.40999672e-005	-8.40989727e-005	4.08998969e-007	
2.58461538e+001	8.13573875e-005	-8.13563535e-005	4.10185891e-007	
2.59463327e+001	7.96797001e-005	-7.96786374e-005	4.11525576e-007	
2.60465116e+001	7.80020139e-005	-7.80009212e-005	4.12865261e-007	
2.61466905e+001	7.63243291e-005	-7.63232051e-005	4.14204946e-007	
2.62468694e+001	7.46213921e-005	-7.46202348e-005	4.15593637e-007	
2.63470483e+001	7.24475151e-005	-7.24463098e-005	4.17896225e-007	
2.64472272e+001	7.02736411e-005	-7.02723848e-005	4.20198813e-007	
2.65474061e+001	6.80997704e-005	-6.80984597e-005	4.22501400e-007	
2.66475850e+001	6.59259034e-005	-6.59245347e-005	4.24803988e-007	
2.67477639e+001	6.34448432e-005	-6.34434040e-005	4.27338680e-007	
2.68479428e+001	6.08235889e-005	-6.08220691e-005	4.29979299e-007	
2.69481216e+001	5.82023421e-005	-5.82007342e-005	4.32619919e-007	
2.70483005e+001	5.55811036e-005	-5.55793993e-005	4.35260538e-007	
2.71484794e+001	5.30778272e-005	-5.30760231e-005	4.37614281e-007	
2.72486583e+001	5.08224810e-005	-5.08205818e-005	4.39365034e-007	
2.73488372e+001	4.85671437e-005	-4.85651404e-005	4.41115787e-007	
2.74490161e+001	4.63118166e-005	-4.63096991e-005	4.42866541e-007	
2.75491950e+001	4.40565013e-005	-4.40542577e-005	4.44617294e-007	
2.76493739e+001	4.21452679e-005	-4.21429179e-005	4.45058303e-007	
2.77495528e+001	4.02490794e-005	-4.02466145e-005	4.45442079e-007	
2.78497317e+001	3.83465822e-005	-3.83439976e-005	4.45214866e-007	
2.79499106e+001	3.63621518e-005	-3.63594345e-005	4.44529526e-007	
2.80500894e+001	3.41663755e-005	-3.41634987e-005	4.43362642e-007	
2.81502683e+001	3.26791091e-005	-3.26761197e-005	4.42011692e-007	
2.82504472e+001	3.15223129e-005	-3.15192345e-005	4.40529137e-007	
2.83506261e+001	3.01985156e-005	-3.01953348e-005	4.38294139e-007	
2.84508050e+001	2.89060543e-005	-2.89027705e-005	4.35698839e-007	
2.85509839e+001	2.76578389e-005	-2.76544550e-005	4.32633415e-007	
2.86511628e+001	2.64375502e-005	-2.64340648e-005	4.29276233e-007	
2.87513417e+001	2.55297339e-005	-2.55261775e-005	4.26115568e-007	
2.88515206e+001	2.46726597e-005	-2.46690335e-005	4.22989417e-007	
2.89516995e+001	2.37132470e-005	-2.37095569e-005	4.18326939e-007	
2.90518784e+001	2.27051510e-005	-2.27013957e-005	4.12933533e-007	
2.91520572e+001	2.16970623e-005	-2.16932345e-005	4.07540128e-007	
2.92522361e+001	2.06889821e-005	-2.06850734e-005	4.02146722e-007	
2.93524150e+001	1.97778561e-005	-1.97738767e-005	3.96726647e-007	
2.94525939e+001	1.90791588e-005	-1.90751468e-005	3.91248143e-007	
2.95527728e+001	1.83804657e-005	-1.83764169e-005	3.85769639e-007	
2.96529517e+001	1.76817771e-005	-1.76776871e-005	3.80291134e-007	
2.97531306e+001	1.69830937e-005	-1.69789572e-005	3.74812630e-007	
2.98533095e+001	1.65360598e-005	-1.65319327e-005	3.69427550e-007	
2.99534884e+001	1.61025209e-005	-1.60984052e-005	3.64047482e-007	
3.00536673e+001	1.56689832e-005	-1.56648776e-005	3.58667414e-007	
3.01538462e+001	1.52354467e-005	-1.52313501e-005	3.53287346e-007	
3.02540250e+001	1.48019118e-005	-1.47978226e-005	3.47907278e-007	
3.03542039e+001	1.43683783e-005	-1.43642950e-005	3.42527211e-007	
3.04543828e+001	1.39348466e-005	-1.39307675e-005	3.37147143e-007	
3.05545617e+001	1.35013168e-005	-1.34972400e-005	3.31767075e-007	
3.06547406e+001	1.30863513e-005	-1.30822876e-005	3.26099612e-007	
3.07549195e+001	1.27369681e-005	-1.27329623e-005	3.19416779e-007	
3.08550984e+001	1.23875853e-005	-1.23836371e-005	3.12733945e-007	
3.09552773e+001	1.20382029e-005	-1.20343119e-005	3.06051112e-007	
3.10554562e+001	1.16888209e-005	-1.16849866e-005	2.99368278e-007	
3.11556351e+001	1.13394393e-005	-1.13356614e-005	2.92685445e-007	
3.12558140e+001	1.09900582e-005	-1.09863361e-005	2.86002612e-007	
3.13559928e+001	1.06406776e-005	-1.06370109e-005	2.79319778e-007	
3.14561717e+001	1.02912976e-005	-1.02876857e-005	2.72636945e-007	
3.15563506e+001	1.00201917e-005	-1.00166333e-005	2.67019636e-007	
3.16565295e+001	9.82987360e-006	-9.82636798e-006	2.62502103e-007	
3.17567084e+001	9.63955554e-006	-9.63610269e-006	2.57984570e-007	
3.18568873e+001	9.44923752e-006	-9.44583739e-006	2.53467037e-007	
3.19570662e+001	9.26243099e-006	-9.25908459e-006	2.48958510e-007	
3.20572451e+001	9.09958029e-006	-9.09629461e-006	2.44511432e-007	
3.21574240e+001	8.93672960e-006	-8.93350463e-006	2.40064354e-007	
3.22576029e+001	8.77387890e-006	-8.77071465e-006	2.35617276e-007	
3.23577818e+001	8.61102821e-006	-8.60792467e-006	2.31170197e-007	
3.24579606e+001	8.41299037e-006	-8.40996751e-006	2.25507237e-007	
3.25581395e+001	8.20405798e-006	-8.20112195e-006	2.19467819e-007	
3.26583184e+001	7.99512562e-006	-7.99227639e-006	2.13428402e-007	
3.27584973e+001	7.78619328e-006	-7.78343084e-006	2.07388984e-007	
3.28586762e+001	7.59767490e-006	-7.59499211e-006	2.01888049e-007	
3.29588551e+001	7.43986208e-006	-7.43724822e-006	1.97197070e-007	
3.30590340e+001	7.28204929e-006	-7.27950433e-006	1.92506090e-007	
3.31592129e+001	7.12423654e-006	-7.12176044e-006	1.87815111e-007	
3.32593918e+001	6.96773488e-006	-6.96532690e-006	1.83167755e-007	
3.33595707e+001	6.84729672e-006	-6.84493776e-006	1.79720429e-007	
3.34597496e+001	6.72685858e-006	-6.72454862e-006	1.76273102e-007	
3.35599284e+001	6.60642045e-006	-6.60415948e-006	1.72825776e-007	
3.36601073e+001	6.48598233e-006	-6.48377033e-006	1.69378450e-007	
3.37602862e+001	6.36554423e-006	-6.36338119e-006	1.65931124e-007	
3.38604651e+001	6.24510614e-006	-6.24299205e-006	1.62483797e-007	
3.39606440e+001	6.12466807e-006	-6.12260290e-006	1.59036471e-007	
3.40608229e+001	6.00423001e-006	-6.00221376e-006	1.55589145e-007	
3.41610018e+001	5.87654748e-006	-5.87458025e-006	1.52043362e-007	
3.42611807e+001	5.73247843e-006	-5.73056049e-006	1.48274876e-007	
3.43613596e+001	5.58840939e-006	-5.58654074e-006	1.44506390e-007	
3.44615385e+001	5.44434035e-006	-5.44252099e-006	1.40737904e-007	
3.45617174e+001	5.30027131e-006	-5.29850123e-006	1.36969418e-007	
3.46618962e+001	5.19386913e-006	-5.19212859e-006	1.34451645e-007	
3.47620751e+001	5.08977273e-006	-5.08806050e-006	1.32010434e-007	
3.48622540e+001	4.98567634e-006	-4.98399242e-006	1.29569224e-007	
3.49624329e+001	4.88157997e-006	-4.87992433e-006	1.27128013e-007	
3.50626118e+001	4.79120551e-006	-4.78957132e-006	1.25126978e-007	
3.51627907e+001	4.71084699e-006	-4.70922925e-006	1.23447238e-007	
3.52629696e+001	4.63048851e-006	-4.62888718e-006	1.21767499e-007	
3.53631485e+001	4.55013007e-006	-4.54854511e-006	1.20087759e-007	
3.54633274e+001	4.46977167e-006	-4.46820303e-006	1.18408019e-007	
3.55635063e+001	4.38941332e-006	-4.38786096e-006	1.16728280e-007	
3.56636852e+001	4.30905501e-006	-4.30751889e-006	1.15048540e-007	
3.57638640e+001	4.22869676e-006	-4.22717681e-006	1.13368800e-007	
3.58640429e+001	4.14833856e-006	-4.14683474e-006	1.11689061e-007	
3.59642218e+001	4.04314738e-006	-4.04165941e-006	1.09681489e-007	
3.60644007e+001	3.93355901e-006	-3.93208663e-006	1.07615866e-007	
3.61645796e+001	3.82397085e-006	-3.82251386e-006	1.05550243e-007	
3.62647585e+001	3.71438294e-006	-3.71294109e-006	1.03484621e-007	
3.63649374e+001	3.60049253e-006	-3.59906446e-006	1.01397550e-007	
3.64651163e+001	3.48203898e-006	-3.48062313e-006	9.92877288e-008	
3.65652952e+001	3.36358589e-006	-3.36218180e-006	9.71779078e-008	
3.66654741e+001	3.24513331e-006	-3.24374048e-006	9.50680867e-008	
3.67656530e+001	3.13182484e-006	-3.13044219e-006	9.30513397e-008	
3.68658318e+001	3.05586668e-006	-3.05449019e-006	9.17104487e-008	
3.69660107e+001	2.97990880e-006	-2.97853820e-006	9.03695578e-008	
3.70661896e+001	2.90395124e-006	-2.90258621e-006	8.90286668e-008	
3.71663685e+001	2.82799401e-006	-2.82663422e-006	8.76877759e-008	
3.72665474e+001	2.75114112e-006	-2.74978783e-006	8.62806273e-008	
3.73667263e+001	2.67400063e-006	-2.67265402e-006	8.48521858e-008	
3.74669052e+001	2.59686053e-006	-2.59552020e-006	8.34237443e-008	
3.75670841e+001	2.51972086e-006	-2.51838639e-006	8.19953027e-008	
3.76672630e+001	2.42436525e-006	-2.42303976e-006	8.01573061e-008	
3.77674419e+001	2.30082022e-006	-2.29950835e-006	7.76855115e-008	
3.78676208e+001	2.17727646e-006	-2.17597695e-006	7.52137169e-008	
3.79677996e+001	2.05373418e-006	-2.05244554e-006	7.27419223e-008	
3.80679785e+001	1.93155695e-006	-1.93027745e-006	7.02939314e-008	
3.81681574e+001	1.85621151e-006	-1.85494110e-006	6.86636380e-008	
3.82683363e+001	1.78086680e-006	-1.77960475e-006	6.70333446e-008	
3.83685152e+001	1.70552290e-006	-1.70426841e-006	6.54030511e-008	
3.84686941e+001	1.63017993e-006	-1.62893206e-006	6.37727577e-008	
3.85688730e+001	1.56152765e-006	-1.56029312e-006	6.20803268e-008	
3.86690519e+001	1.49626061e-006	-1.49504278e-006	6.03564570e-008	
3.87692308e+001	1.43099413e-006	-1.42979244e-006	5.86325872e-008	
3.88694097e+001	1.36572828e-006	-1.36454209e-006	5.69087174e-008	
3.89695886e+001	1.29587854e-006	-1.29471056e-006	5.50067364e-008	
3.90697674e+001	1.21532047e-006	-1.21417780e-006	5.26887045e-008	
3.91699463e+001	1.13476354e-006	-1.13364504e-006	5.03706725e-008	
3.92701252e+001	1.05420802e-006	-1.05311228e-006	4.80526406e-008	
3.93703041e+001	9.73654245e-007	-9.72579526e-007	4.57346087e-008	
3.94704830e+001	9.31913047e-007	-9.30860054e-007	4.42886813e-008	
3.95706619e+001	8.92847187e-007	-8.91815813e-007	4.29028652e-008	
3.96708408e+001	8.53781599e-007	-8.52771572e-007	4.15170492e-008	
3.97710197e+001	8.14716322e-007	-8.13727331e-007	4.01312331e-008	
3.98711986e+001	7.75651402e-007	-7.74683090e-007	3.87454170e-008	
3.99713775e+001	7.36586896e-007	-7.35638849e-007	3.73596009e-008	
4.00715564e+001	6.97522875e-007	-6.96594608e-007	3.59737849e-008	
4.01717352e+001	6.58459424e-007	-6.57550367e-007	3.45879688e-008	
4.02719141e+001	6.19607413e-007	-6.18718743e-007	3.31732297e-008	
4.03720930e+001	5.81563735e-007	-5.80701989e-007	3.16477187e-008	
4.04722719e+001	5.43520572e-007	-5.42685235e-007	3.01222077e-008	
4.05724508e+001	5.05478038e-007	-5.04668481e-007	2.85966966e-008	
4.06726297e+001	4.67436288e-007	-4.66651727e-007	2.70711856e-008	
4.07728086e+001	4.36153941e-007	-4.35396426e-007	2.56945993e-008	
4.08729875e+001	4.06132960e-007	-4.05402594e-007	2.43457971e-008	
4.09731664e+001	3.76112483e-007	-3.75408762e-007	2.29969948e-008	
4.10733453e+001	3.46092644e-007	-3.45414930e-007	2.16481925e-008	
4.11735242e+001	3.18927824e-007	-3.18275880e-007	2.03818921e-008	
4.12737030e+001	2.94874128e-007	-2.94248024e-007	1.92055035e-008	
4.13738819e+001	2.70820953e-007	-2.70220169e-007	1.80291149e-008	
4.14740608e+001	2.46768454e-007	-2.46192314e-007	1.68527264e-008	
4.15742397e+001	2.24047423e-007	-2.23494132e-007	1.57359715e-008	
4.16744186e+001	2.11642339e-007	-2.11104304e-007	1.50815330e-008	
4.17745975e+001	1.99237506e-007	-1.98714476e-007	1.44270946e-008	
4.18747764e+001	1.86832974e-007	-1.86324647e-007	1.37726561e-008	
4.19749553e+001	1.74428808e-007	-1.73934819e-007	1.31182176e-008	
4.20751342e+001	1.63815371e-007	-1.63336511e-007	1.25163859e-008	
4.21753131e+001	1.53798939e-007	-1.53335380e-007	1.19320899e-008	
4.22754919e+001	1.43782751e-007	-1.43334250e-007	1.13477938e-008	
4.23756708e+001	1.33766863e-007	-1.33333119e-007	1.07634978e-008	
4.24758497e+001	1.24392127e-007	-1.23972302e-007	1.02112397e-008	
4.25760286e+001	1.16038048e-007	-1.15631071e-007	9.70999596e-009	
4.26762075e+001	1.07684310e-007	-1.07289839e-007	9.20875226e-009	
4.27763864e+001	9.93309999e-008	-9.89486070e-008	8.70750856e-009	
4.28765653e+001	9.10556753e-008	-9.06847867e-008	8.21008247e-009	
4.29767442e+001	8.63066041e-008	-8.59455261e-008	7.88647262e-009	
4.30769231e+001	8.15576756e-008	-8.12062655e-008	7.56286276e-009	
4.31771020e+001	7.68089163e-008	-7.64670049e-008	7.23925291e-009	
4.32772809e+001	7.20603595e-008	-7.17277443e-008	6.91564305e-009	
4.33774597e+001	6.79594416e-008	-6.76355583e-008	6.62698636e-009	
4.34776386e+001	6.41963258e-008	-6.38808454e-008	6.35655925e-009	
4.35778175e+001	6.04333749e-008	-6.01261324e-008	6.08613214e-009	
4.36779964e+001	5.66706216e-008	-5.63714194e-008	5.81570503e-009	
4.37781753e+001	5.32862650e-008	-5.29951836e-008	5.56206366e-009	
4.38783542e+001	5.08145664e-008	-5.05322583e-008	5.34892831e-009	
4.39785331e+001	4.83429120e-008	-4.80693329e-008	5.13579295e-009	
4.40787120e+001	4.58713088e-008	-4.56064076e-008	4.92265759e-009	
4.41788909e+001	4.33997657e-008	-4.31434823e-008	4.70952224e-009	
4.42790698e+001	4.10878041e-008	-4.08429026e-008	4.47939196e-009	
4.43792487e+001	3.87880920e-008	-3.85547784e-008	4.24795717e-009	
4.44794275e+001	3.64883908e-008	-3.62666542e-008	4.01652237e-009	
4.45796064e+001	3.41887027e-008	-3.39785300e-008	3.78508758e-009	
4.46797853e+001	3.28621485e-008	-3.26616948e-008	3.62415463e-009	
4.47799642e+001	3.22864525e-008	-3.20942578e-008	3.51761743e-009	
4.48801431e+001	3.17108167e-008	-3.15268208e-008	3.41108024e-009	
4.49803220e+001	3.11352445e-008	-3.09593838e-008	3.30454304e-009	
4.50805009e+001	3.06799449e-008	-3.05120191e-008	3.20557494e-009	
4.51806798e+001	3.07049234e-008	-3.05442720e-008	3.13684079e-009	
4.52808587e+001	3.07300691e-008	-3.05765248e-008	3.06810664e-009	
4.53810376e+001	3.07553818e-008	-3.06087777e-008	2.99937249e-009	
4.54812165e+001	3.07808609e-008	-3.06410306e-008	2.93063834e-009	
4.55813953e+001	3.14394094e-008	-3.13049822e-008	2.90423049e-009	
4.56815742e+001	3.22223982e-008	-3.20928841e-008	2.88612790e-009	
4.57817531e+001	3.30056308e-008	-3.28807861e-008	2.86802530e-009	
4.58819320e+001	3.37890901e-008	-3.36686880e-008	2.84992270e-009	
4.59821109e+001	3.52817398e-008	-3.51656061e-008	2.86029904e-009	
4.60822898e+001	3.75688627e-008	-3.74565686e-008	2.90256957e-009	
4.61824687e+001	3.98564714e-008	-3.97475311e-008	2.94484010e-009	
4.62826476e+001	4.21444869e-008	-4.20384936e-008	2.98711063e-009	
4.63828265e+001	4.45377025e-008	-4.44342243e-008	3.03424646e-009	
4.64830054e+001	4.78023015e-008	-4.77002560e-008	3.12179599e-009	
4.65831843e+001	5.10672339e-008	-5.09662877e-008	3.20934552e-009	
4.66833631e+001	5.43324395e-008	-5.42323193e-008	3.29689505e-009	
4.67835420e+001	5.75978718e-008	-5.74983510e-008	3.38444457e-009	
4.68837209e+001	6.08634943e-008	-6.07643827e-008	3.47199410e-009	
4.69838998e+001	6.41292781e-008	-6.40304143e-008	3.55954363e-009	
4.70840787e+001	6.73951996e-008	-6.72964460e-008	3.64709316e-009	
4.71842576e+001	7.06612398e-008	-7.05624777e-008	3.73464268e-009	
4.72844365e+001	7.45624547e-008	-7.44634880e-008	3.84039094e-009	
4.73846154e+001	7.95045951e-008	-7.94051154e-008	3.97596321e-009	
4.74847943e+001	8.44468931e-008	-8.43467429e-008	4.11153547e-009	
4.75849732e+001	8.93893227e-008	-8.92883704e-008	4.24710774e-009	
4.76851521e+001	9.43318630e-008	-9.42299978e-008	4.38268000e-009	
4.77853309e+001	9.92744975e-008	-9.91716253e-008	4.51825226e-009	
4.78855098e+001	1.04217213e-007	-1.04113253e-007	4.65382453e-009	
4.79856887e+001	1.09159998e-007	-1.09054880e-007	4.78939679e-009	
4.80858676e+001	1.14102844e-007	-1.13996508e-007	4.92496906e-009	
4.81860465e+001	1.21420836e-007	-1.21313254e-007	5.11016057e-009	
4.82862254e+001	1.30015390e-007	-1.29906419e-007	5.32201814e-009	
4.83864043e+001	1.38610096e-007	-1.38499584e-007	5.53387571e-009	
4.84865832e+001	1.47204926e-007	-1.47092749e-007	5.74573327e-009	
4.85867621e+001	1.55274237e-007	-1.55160562e-007	5.94042437e-009	
4.86869410e+001	1.62032590e-007	-1.61918017e-007	6.09229856e-009	
4.87871199e+001	1.68791008e-007	-1.68675472e-007	6.24417275e-009	
4.88872987e+001	1.75549483e-007	-1.75432926e-007	6.39604695e-009	
4.89874776e+001	1.82308009e-007	-1.82190381e-007	6.54792114e-009	
4.90876565e+001	1.88890095e-007	-1.88772040e-007	6.67719090e-009	
4.91878354e+001	1.95457294e-007	-1.95338813e-007	6.80454667e-009	
4.92880143e+001	2.02024546e-007	-2.01905587e-007	6.93190244e-009	
4.93881932e+001	2.08591846e-007	-2.08472361e-007	7.05925820e-009	
4.94883721e+001	2.16696491e-007	-2.16576557e-007	7.20863291e-009	
4.95885510e+001	2.26020491e-007	-2.25900121e-007	7.37547127e-009	
4.96887299e+001	2.35344575e-007	-2.35223686e-007	7.54230963e-009	
4.97889088e+001	2.44668732e-007	-2.44547250e-007	7.70914799e-009	
4.98890877e+001	2.53801756e-007	-2.53679762e-007	7.86829229e-009	
4.99892665e+001	2.62137576e-007	-2.62015616e-007	7.99535381e-009	
5.00894454e+001	2.70473457e-007	-2.70351470e-007	8.12241533e-009	
5.01896243e+001	2.78809395e-007	-2.78687324e-007	8.24947685e-009	
5.02898032e+001	2.87145384e-007	-2.87023178e-007	8.37653838e-009	
5.03899821e+001	2.95758975e-007	-2.95636849e-007	8.49850924e-009	
5.04901610e+001	3.04429800e-007	-3.04307753e-007	8.61943128e-009	
5.05903399e+001	3.13100675e-007	-3.12978656e-007	8.74035332e-009	
5.06905188e+001	3.21771597e-007	-3.21649559e-007	8.86127536e-009	
5.07906977e+001	3.30302039e-007	-3.30180104e-007	8.97415383e-009	
5.08908766e+001	3.38670799e-007	-3.38549116e-007	9.07777504e-009	
5.09910555e+001	3.47039603e-007	-3.46918128e-007	9.18139624e-009	
5.10912343e+001	3.55408446e-007	-3.55287140e-007	9.28501745e-009	
5.11914132e+001	3.63630740e-007	-3.63509594e-007	9.38564976e-009	
5.12915921e+001	3.70543573e-007	-3.70422807e-007	9.45958119e-009	
5.13917710e+001	3.77456434e-007	-3.77336019e-007	9.53351262e-009	
5.14919499e+001	3.84369321e-007	-3.84249232e-007	9.60744405e-009	
5.15921288e+001	3.91282234e-007	-3.91162444e-007	9.68137549e-009	
5.16923077e+001	3.97429291e-007	-3.97309920e-007	9.74008041e-009	
5.17924866e+001	4.03302223e-007	-4.03183300e-007	9.79333513e-009	
5.18926655e+001	4.09175174e-007	-4.09056680e-007	9.84658986e-009	
5.19928444e+001	4.15048143e-007	-4.14930060e-007	9.89984458e-009	
5.20930233e+001	4.20921132e-007	-4.20803440e-007	9.95309931e-009	
5.21932021e+001	4.26794137e-007	-4.26676820e-007	1.00063540e-008	
5.22933810e+001	4.32667159e-007	-4.32550200e-007	1.00596088e-008	
5.23935599e+001	4.38540198e-007	-4.38423580e-007	1.01128635e-008	
5.24937388e+001	4.44416711e-007	-4.44300421e-007	1.01660772e-008	
5.25939177e+001	4.50728441e-007	-4.50612693e-007	1.02141575e-008	
5.26940966e+001	4.57040192e-007	-4.56924965e-007	1.02622377e-008	
5.27942755e+001	4.63351962e-007	-4.63237237e-007	1.03103180e-008	
5.28944544e+001	4.69663750e-007	-4.69549509e-007	1.03583982e-008	
5.29946333e+001	4.74782971e-007	-4.74669179e-007	1.03942080e-008	
5.30948122e+001	4.79241965e-007	-4.79128602e-007	1.04232247e-008	
5.31949911e+001	4.83700969e-007	-4.83588026e-007	1.04522413e-008	
5.32951699e+001	4.88159983e-007	-4.88047449e-007	1.04812580e-008	
5.33953488e+001	4.92037431e-007	-4.91925261e-007	1.05057426e-008	
5.34955277e+001	4.94414889e-007	-4.94302986e-007	1.05185384e-008	
5.35957066e+001	4.96792349e-007	-4.96680712e-007	1.05313342e-008	
5.36958855e+001	4.99169813e-007	-4.99058437e-007	1.05441300e-008	
5.37960644e+001	5.01547279e-007	-5.01436162e-007	1.05569259e-008	
5.38962433e+001	5.03924748e-007	-5.03813887e-007	1.05697217e-008	
5.39964222e+001	5.06302220e-007	-5.06191613e-007	1.05825175e-008	
5.40966011e+001	5.08679695e-007	-5.08569338e-007	1.05953133e-008	
5.41967800e+001	5.11057172e-007	-5.10947063e-007	1.06081091e-008	
5.42969589e+001	5.13226153e-007	-5.13116283e-007	1.06190192e-008	
5.43971377e+001	5.15225154e-007	-5.15115518e-007	1.06283919e-008	
5.44973166e+001	5.17224157e-007	-5.17114752e-007	1.06377647e-008	
5.45974955e+001	5.19223162e-007	-5.19113986e-007	1.06471374e-008	
5.46976744e+001	5.21222169e-007	-5.21113220e-007	1.06565102e-008	
5.47978533e+001	5.23221178e-007	-5.23112454e-007	1.06658829e-008	
5.48980322e+001	5.25220188e-007	-5.25111688e-007	1.06752556e-008	
5.49982111e+001	5.27219201e-007	-5.27110923e-007	1.06846284e-008	
5.50983900e+001	5.29218215e-007	-5.29110157e-007	1.06940011e-008	
5.51985689e+001	5.30272893e-007	-5.30164958e-007	1.06984985e-008	
5.52987478e+001	5.31123618e-007	-5.31015787e-007	1.07019431e-008	
5.53989267e+001	5.31974344e-007	-5.31866616e-007	1.07053876e-008	
5.54991055e+001	5.32825069e-007	-5.32717444e-007	1.07088321e-008	
5.55992844e+001	5.33476653e-007	-5.33369107e-007	1.07114467e-008	
5.56994633e+001	5.33892695e-007	-5.33785200e-007	1.07130797e-008	
5.57996422e+001	5.34272609e-007	-5.34165161e-007	1.07145699e-008	
5.58998211e+001	5.34539722e-007	-5.34432306e-007	1.07156151e-008	
5.60000000e+001	5.34654011e-007	-5.34546609e-007	1.07160612e-008	
