% Column 0: Length, cm
% Column 1: |B.t|, Tesla
% Column 2: Re[B.t], Tesla
% Column 3: Im[B.t], Tesla
0.00000000e+000	2.42180617e-006	-2.42170181e-006	2.24831816e-008	
1.00178891e-001	2.42140712e-006	-2.42130273e-006	2.24834242e-008	
2.00357782e-001	2.42023612e-006	-2.42013168e-006	2.24841350e-008	
3.00536673e-001	2.41830534e-006	-2.41820080e-006	2.24852787e-008	
4.00715564e-001	2.41612740e-006	-2.41602276e-006	2.24865619e-008	
5.00894454e-001	2.41296582e-006	-2.41286103e-006	2.24881631e-008	
6.01073345e-001	2.40898102e-006	-2.40887604e-006	2.24900306e-008	
7.01252236e-001	2.40499623e-006	-2.40489105e-006	2.24918980e-008	
8.01431127e-001	2.40101143e-006	-2.40090606e-006	2.24937655e-008	
9.01610018e-001	2.39644939e-006	-2.39634381e-006	2.24955358e-008	
1.00178891e+000	2.38925878e-006	-2.38915286e-006	2.24968637e-008	
1.10196780e+000	2.38206817e-006	-2.38196192e-006	2.24981917e-008	
1.20214669e+000	2.37487756e-006	-2.37477098e-006	2.24995196e-008	
1.30232558e+000	2.36768696e-006	-2.36758004e-006	2.25008476e-008	
1.40250447e+000	2.36049636e-006	-2.36038910e-006	2.25021755e-008	
1.50268336e+000	2.35330576e-006	-2.35319816e-006	2.25035034e-008	
1.60286225e+000	2.34611516e-006	-2.34600722e-006	2.25048314e-008	
1.70304114e+000	2.33892456e-006	-2.33881628e-006	2.25061593e-008	
1.80322004e+000	2.32931339e-006	-2.32920467e-006	2.25052563e-008	
1.90339893e+000	2.31676033e-006	-2.31665105e-006	2.25016417e-008	
2.00357782e+000	2.30420727e-006	-2.30409744e-006	2.24980271e-008	
2.10375671e+000	2.29165422e-006	-2.29154382e-006	2.24944125e-008	
2.20393560e+000	2.27854986e-006	-2.27843887e-006	2.24897980e-008	
2.30411449e+000	2.25966364e-006	-2.25955187e-006	2.24746975e-008	
2.40429338e+000	2.24077744e-006	-2.24066488e-006	2.24595969e-008	
2.50447227e+000	2.22189126e-006	-2.22177789e-006	2.24444964e-008	
2.60465116e+000	2.20300508e-006	-2.20289090e-006	2.24293958e-008	
2.70483005e+000	2.18737629e-006	-2.18726145e-006	2.24141063e-008	
2.80500894e+000	2.17299729e-006	-2.17288185e-006	2.23987444e-008	
2.90518784e+000	2.15861829e-006	-2.15850224e-006	2.23833826e-008	
3.00536673e+000	2.14423931e-006	-2.14412264e-006	2.23680207e-008	
3.10554562e+000	2.12846351e-006	-2.12834619e-006	2.23470351e-008	
3.20572451e+000	2.11018697e-006	-2.11006897e-006	2.23159813e-008	
3.30590340e+000	2.09191046e-006	-2.09179175e-006	2.22849275e-008	
3.40608229e+000	2.07363395e-006	-2.07351453e-006	2.22538738e-008	
3.50626118e+000	2.05535746e-006	-2.05523732e-006	2.22228200e-008	
3.60644007e+000	2.02019606e-006	-2.02007473e-006	2.21403066e-008	
3.70661896e+000	1.98493362e-006	-1.98481106e-006	2.20574852e-008	
3.80679785e+000	1.94967123e-006	-1.94954739e-006	2.19746637e-008	
3.90697674e+000	1.91440889e-006	-1.91428371e-006	2.18918422e-008	
4.00715564e+000	1.88328182e-006	-1.88315550e-006	2.18117639e-008	
4.10733453e+000	1.85458627e-006	-1.85445892e-006	2.17332984e-008	
4.20751342e+000	1.82589076e-006	-1.82576234e-006	2.16548330e-008	
4.30769231e+000	1.79719529e-006	-1.79706576e-006	2.15763675e-008	
4.40787120e+000	1.77016892e-006	-1.77003840e-006	2.14961119e-008	
4.50805009e+000	1.74776298e-006	-1.74763183e-006	2.14109008e-008	
4.60822898e+000	1.72535705e-006	-1.72522525e-006	2.13256897e-008	
4.70840787e+000	1.70295115e-006	-1.70281868e-006	2.12404785e-008	
4.80858676e+000	1.68054527e-006	-1.68041211e-006	2.11552674e-008	
4.90876565e+000	1.63944673e-006	-1.63931240e-006	2.09869251e-008	
5.00894454e+000	1.59629540e-006	-1.59615976e-006	2.08094529e-008	
5.10912343e+000	1.55314416e-006	-1.55300712e-006	2.06319807e-008	
5.20930233e+000	1.50999302e-006	-1.50985447e-006	2.04545085e-008	
5.30948122e+000	1.46641283e-006	-1.46627290e-006	2.02578952e-008	
5.40966011e+000	1.42246219e-006	-1.42232095e-006	2.00447587e-008	
5.50983900e+000	1.37851166e-006	-1.37836900e-006	1.98316221e-008	
5.61001789e+000	1.33456126e-006	-1.33441706e-006	1.96184856e-008	
5.71019678e+000	1.29319313e-006	-1.29304738e-006	1.94149876e-008	
5.81037567e+000	1.26422324e-006	-1.26407655e-006	1.92577704e-008	
5.91055456e+000	1.23525341e-006	-1.23510573e-006	1.91005531e-008	
6.01073345e+000	1.20628366e-006	-1.20613491e-006	1.89433358e-008	
6.11091234e+000	1.17731397e-006	-1.17716408e-006	1.87861186e-008	
6.21109123e+000	1.14939232e-006	-1.14924150e-006	1.86193109e-008	
6.31127013e+000	1.12171969e-006	-1.12156795e-006	1.84502248e-008	
6.41144902e+000	1.09404714e-006	-1.09389439e-006	1.82811386e-008	
6.51162791e+000	1.06637467e-006	-1.06622084e-006	1.81120525e-008	
6.61180680e+000	1.03298271e-006	-1.03282750e-006	1.79062879e-008	
6.71198569e+000	9.92420052e-007	-9.92263008e-007	1.76545379e-008	
6.81216458e+000	9.51857617e-007	-9.51698517e-007	1.74027878e-008	
6.91234347e+000	9.11295435e-007	-9.11134025e-007	1.71510377e-008	
7.01252236e+000	8.71451568e-007	-8.71287612e-007	1.69036532e-008	
7.11270125e+000	8.39936467e-007	-8.39770295e-007	1.67069068e-008	
7.21288014e+000	8.08421586e-007	-8.08252977e-007	1.65101604e-008	
7.31305903e+000	7.76906953e-007	-7.76735660e-007	1.63134139e-008	
7.41323792e+000	7.45392598e-007	-7.45218343e-007	1.61166675e-008	
7.51341682e+000	7.22855899e-007	-7.22678778e-007	1.60010519e-008	
7.61359571e+000	7.03897254e-007	-7.03717251e-007	1.59177708e-008	
7.71377460e+000	6.84938779e-007	-6.84755723e-007	1.58344896e-008	
7.81395349e+000	6.65980488e-007	-6.65794195e-007	1.57512084e-008	
7.91413238e+000	6.48345012e-007	-6.48154632e-007	1.57107432e-008	
8.01431127e+000	6.33158656e-007	-6.32962744e-007	1.57495515e-008	
8.11449016e+000	6.17972574e-007	-6.17770856e-007	1.57883599e-008	
8.21466905e+000	6.02786788e-007	-6.02578967e-007	1.58271683e-008	
8.31484794e+000	5.87601319e-007	-5.87387079e-007	1.58659767e-008	
8.41502683e+000	5.83077541e-007	-5.82853221e-007	1.61722674e-008	
8.51520572e+000	5.78701523e-007	-5.78466756e-007	1.64822577e-008	
8.61538462e+000	5.74325831e-007	-5.74080291e-007	1.67922480e-008	
8.71556351e+000	5.69950473e-007	-5.69693826e-007	1.71022383e-008	
8.81574240e+000	5.69924878e-007	-5.69658993e-007	1.74068586e-008	
8.91592129e+000	5.72542280e-007	-5.72268364e-007	1.77082137e-008	
9.01610018e+000	5.75159766e-007	-5.74877736e-007	1.80095688e-008	
9.11627907e+000	5.77777336e-007	-5.77487108e-007	1.83109239e-008	
9.21645796e+000	5.84561465e-007	-5.84262244e-007	1.87012358e-008	
9.31663685e+000	6.03347730e-007	-6.03037433e-007	1.93478002e-008	
9.41681574e+000	6.22133997e-007	-6.21812621e-007	1.99943645e-008	
9.51699463e+000	6.40920268e-007	-6.40587810e-007	2.06409288e-008	
9.61717352e+000	6.59706541e-007	-6.59362998e-007	2.12874931e-008	
9.71735242e+000	6.99164733e-007	-6.98802838e-007	2.24926041e-008	
9.81753131e+000	7.41090692e-007	-7.40709570e-007	2.37643924e-008	
9.91771020e+000	7.83016658e-007	-7.82616302e-007	2.50361808e-008	
1.00178891e+001	8.24942630e-007	-8.24523034e-007	2.63079692e-008	
1.01180680e+001	8.87568106e-007	-8.87126222e-007	2.80037175e-008	
1.02182469e+001	9.68622538e-007	-9.68155463e-007	3.00769181e-008	
1.03184258e+001	1.04967718e-006	-1.04918470e-006	3.21501187e-008	
1.04186047e+001	1.13073197e-006	-1.13021394e-006	3.42233193e-008	
1.05187835e+001	1.21953985e-006	-1.21899541e-006	3.64364982e-008	
1.06189624e+001	1.34767554e-006	-1.34710065e-006	3.93597337e-008	
1.07191413e+001	1.47581173e-006	-1.47520589e-006	4.22829692e-008	
1.08193202e+001	1.60394831e-006	-1.60331113e-006	4.52062047e-008	
1.09194991e+001	1.73208519e-006	-1.73141637e-006	4.81294402e-008	
1.10196780e+001	1.84061526e-006	-1.83992280e-006	5.04842715e-008	
1.11198569e+001	1.94425417e-006	-1.94353989e-006	5.26973045e-008	
1.12200358e+001	2.04789327e-006	-2.04715698e-006	5.49103376e-008	
1.13202147e+001	2.15153251e-006	-2.15077407e-006	5.71233706e-008	
1.14203936e+001	2.26523969e-006	-2.26446058e-006	5.94065181e-008	
1.15205725e+001	2.39197006e-006	-2.39117209e-006	6.17803598e-008	
1.16207513e+001	2.51870076e-006	-2.51788359e-006	6.41542016e-008	
1.17209302e+001	2.64543175e-006	-2.64459509e-006	6.65280434e-008	
1.18211091e+001	2.78695216e-006	-2.78609523e-006	6.91065030e-008	
1.19212880e+001	3.12000809e-006	-3.11912244e-006	7.43349006e-008	
1.20214669e+001	3.45306640e-006	-3.45214965e-006	7.95632983e-008	
1.21216458e+001	3.78612645e-006	-3.78517686e-006	8.47916960e-008	
1.22218247e+001	4.11918783e-006	-4.11820407e-006	9.00200936e-008	
1.23220036e+001	4.54716693e-006	-4.54616026e-006	9.56764386e-008	
1.24221825e+001	5.01442225e-006	-5.01339468e-006	1.01509860e-007	
1.25223614e+001	5.48168022e-006	-5.48062911e-006	1.07343282e-007	
1.26225403e+001	5.94894021e-006	-5.94786354e-006	1.13176704e-007	
1.27227191e+001	6.41620178e-006	-6.41509796e-006	1.19010126e-007	
1.28228980e+001	6.88346461e-006	-6.88233239e-006	1.24843548e-007	
1.29230769e+001	7.35072846e-006	-7.34956681e-006	1.30676969e-007	
1.30232558e+001	7.81799314e-006	-7.81680124e-006	1.36510391e-007	
1.31234347e+001	8.28525852e-006	-8.28403567e-006	1.42343813e-007	
1.32236136e+001	8.93185327e-006	-8.93062711e-006	1.47994127e-007	
1.33237925e+001	9.58235764e-006	-9.58112585e-006	1.53640432e-007	
1.34239714e+001	1.02328644e-005	-1.02316246e-005	1.59286737e-007	
1.35241503e+001	1.08833732e-005	-1.08821233e-005	1.64933041e-007	
1.36243292e+001	1.15338835e-005	-1.15326221e-005	1.70579346e-007	
1.37245081e+001	1.21843953e-005	-1.21831208e-005	1.76225651e-007	
1.38246869e+001	1.28349082e-005	-1.28336196e-005	1.81871955e-007	
1.39248658e+001	1.34854221e-005	-1.34841183e-005	1.87518260e-007	
1.40250447e+001	1.42713493e-005	-1.42700376e-005	1.93493184e-007	
1.41252236e+001	1.54635080e-005	-1.54622087e-005	2.00453936e-007	
1.42254025e+001	1.66556714e-005	-1.66543798e-005	2.07414687e-007	
1.43255814e+001	1.78478385e-005	-1.78465510e-005	2.14375439e-007	
1.44257603e+001	1.90400086e-005	-1.90387221e-005	2.21336190e-007	
1.45259392e+001	2.07209597e-005	-2.07197021e-005	2.28288922e-007	
1.46261181e+001	2.24650172e-005	-2.24637856e-005	2.35240621e-007	
1.47262970e+001	2.42090806e-005	-2.42078691e-005	2.42192320e-007	
1.48264758e+001	2.59531485e-005	-2.59519526e-005	2.49144019e-007	
1.49266547e+001	2.77681257e-005	-2.77669554e-005	2.54935950e-007	
1.50268336e+001	2.96482135e-005	-2.96470764e-005	2.59663024e-007	
1.51270125e+001	3.15283059e-005	-3.15271974e-005	2.64390098e-007	
1.52271914e+001	3.34084023e-005	-3.34073183e-005	2.69117172e-007	
1.53273703e+001	3.53320308e-005	-3.53309733e-005	2.73359725e-007	
1.54275492e+001	3.74894123e-005	-3.74884037e-005	2.75000576e-007	
1.55277281e+001	3.96467993e-005	-3.96458341e-005	2.76641428e-007	
1.56279070e+001	4.18041908e-005	-4.18032645e-005	2.78282279e-007	
1.57280859e+001	4.39615862e-005	-4.39606950e-005	2.79923131e-007	
1.58282648e+001	4.70384033e-005	-4.70375728e-005	2.79524951e-007	
1.59284436e+001	5.03557315e-005	-5.03549608e-005	2.78593408e-007	
1.60286225e+001	5.36730671e-005	-5.36723489e-005	2.77661865e-007	
1.61288014e+001	5.69904088e-005	-5.69897369e-005	2.76730322e-007	
1.62289803e+001	6.04406726e-005	-6.04400467e-005	2.75066025e-007	
1.63291592e+001	6.40683574e-005	-6.40677782e-005	2.72423735e-007	
1.64293381e+001	6.76960473e-005	-6.76955098e-005	2.69781444e-007	
1.65295170e+001	7.13237416e-005	-7.13232413e-005	2.67139154e-007	
1.66296959e+001	7.49402429e-005	-7.49397762e-005	2.64488862e-007	
1.67298748e+001	7.83930022e-005	-7.83925653e-005	2.61721600e-007	
1.68300537e+001	8.18457641e-005	-8.18453544e-005	2.58954339e-007	
1.69302326e+001	8.52985282e-005	-8.52981435e-005	2.56187077e-007	
1.70304114e+001	8.87512945e-005	-8.87509327e-005	2.53419816e-007	
1.71305903e+001	9.13834254e-005	-9.13830790e-005	2.51614950e-007	
1.72307692e+001	9.36632547e-005	-9.36629205e-005	2.50223238e-007	
1.73309481e+001	9.59430846e-005	-9.59427619e-005	2.48831527e-007	
1.74311270e+001	9.82229150e-005	-9.82226033e-005	2.47439815e-007	
1.75313059e+001	1.00998119e-004	-1.00997818e-004	2.46704931e-007	
1.76314848e+001	1.04755275e-004	-1.04754983e-004	2.47272038e-007	
1.77316637e+001	1.08512431e-004	-1.08512148e-004	2.47839145e-007	
1.78318426e+001	1.12269588e-004	-1.12269313e-004	2.48406252e-007	
1.79320215e+001	1.16026745e-004	-1.16026478e-004	2.48973359e-007	
1.80322004e+001	1.21104019e-004	-1.21103752e-004	2.54120357e-007	
1.81323792e+001	1.26220754e-004	-1.26220487e-004	2.59404254e-007	
1.82325581e+001	1.31337488e-004	-1.31337222e-004	2.64688151e-007	
1.83327370e+001	1.36454223e-004	-1.36453956e-004	2.69972048e-007	
1.84329159e+001	1.40464848e-004	-1.40464573e-004	2.78026157e-007	
1.85330948e+001	1.43758265e-004	-1.43757977e-004	2.87876535e-007	
1.86332737e+001	1.47051682e-004	-1.47051381e-004	2.97726913e-007	
1.87334526e+001	1.50345099e-004	-1.50344785e-004	3.07577291e-007	
1.88336315e+001	1.53638516e-004	-1.53638188e-004	3.17427669e-007	
1.89338104e+001	1.56931934e-004	-1.56931592e-004	3.27278047e-007	
1.90339893e+001	1.60225351e-004	-1.60224996e-004	3.37128425e-007	
1.91341682e+001	1.63518768e-004	-1.63518400e-004	3.46978803e-007	
1.92343470e+001	1.66812186e-004	-1.66811804e-004	3.56829181e-007	
1.93345259e+001	1.70730353e-004	-1.70729941e-004	3.75378534e-007	
1.94347048e+001	1.74735351e-004	-1.74734904e-004	3.95136892e-007	
1.95348837e+001	1.78740349e-004	-1.78739867e-004	4.14895250e-007	
1.96350626e+001	1.82745347e-004	-1.82744830e-004	4.34653609e-007	
1.97352415e+001	1.86316381e-004	-1.86315827e-004	4.54601611e-007	
1.98354204e+001	1.89476494e-004	-1.89475900e-004	4.74729141e-007	
1.99355993e+001	1.92636608e-004	-1.92635972e-004	4.94856672e-007	
2.00357782e+001	1.95796723e-004	-1.95796045e-004	5.14984203e-007	
2.01359571e+001	1.98849249e-004	-1.98848529e-004	5.34905196e-007	
2.02361360e+001	2.01288760e-004	-2.01287999e-004	5.53649336e-007	
2.03363148e+001	2.03728273e-004	-2.03727469e-004	5.72393475e-007	
2.04364937e+001	2.06167786e-004	-2.06166938e-004	5.91137615e-007	
2.05366726e+001	2.08607299e-004	-2.08606408e-004	6.09881754e-007	
2.06368515e+001	2.10211711e-004	-2.10210787e-004	6.23022952e-007	
2.07370304e+001	2.11587355e-004	-2.11586404e-004	6.34629274e-007	
2.08372093e+001	2.12963000e-004	-2.12962020e-004	6.46235596e-007	
2.09373882e+001	2.14338646e-004	-2.14337636e-004	6.57841918e-007	
2.10375671e+001	2.15410902e-004	-2.15409870e-004	6.66795461e-007	
2.11377460e+001	2.16065284e-004	-2.16064238e-004	6.72095174e-007	
2.12379249e+001	2.16719665e-004	-2.16718606e-004	6.77394886e-007	
2.13381038e+001	2.17374046e-004	-2.17372974e-004	6.82694598e-007	
2.14382826e+001	2.17990198e-004	-2.17989113e-004	6.87593386e-007	
2.15384615e+001	2.17965465e-004	-2.17964387e-004	6.85771132e-007	
2.16386404e+001	2.17940733e-004	-2.17939660e-004	6.83948878e-007	
2.17388193e+001	2.17916001e-004	-2.17914934e-004	6.82126624e-007	
2.18389982e+001	2.17891269e-004	-2.17890207e-004	6.80304370e-007	
2.19391771e+001	2.17170914e-004	-2.17169875e-004	6.71818158e-007	
2.20393560e+001	2.16140896e-004	-2.16139887e-004	6.60365410e-007	
2.21395349e+001	2.15110877e-004	-2.15109899e-004	6.48912663e-007	
2.22397138e+001	2.14080859e-004	-2.14079910e-004	6.37459915e-007	
2.23398927e+001	2.12725360e-004	-2.12724447e-004	6.23456308e-007	
2.24400716e+001	2.10701887e-004	-2.10701021e-004	6.04217681e-007	
2.25402504e+001	2.08678415e-004	-2.08677595e-004	5.84979053e-007	
2.26404293e+001	2.06654944e-004	-2.06654169e-004	5.65740426e-007	
2.27406082e+001	2.04631473e-004	-2.04630744e-004	5.46501799e-007	
2.28407871e+001	2.02386496e-004	-2.02385806e-004	5.28432517e-007	
2.29409660e+001	2.00133083e-004	-2.00132432e-004	5.10407846e-007	
2.30411449e+001	1.97879670e-004	-1.97879057e-004	4.92383175e-007	
2.31413238e+001	1.95626258e-004	-1.95625683e-004	4.74358504e-007	
2.32415027e+001	1.93372847e-004	-1.93372308e-004	4.56333832e-007	
2.33416816e+001	1.91119436e-004	-1.91118934e-004	4.38309161e-007	
2.34418605e+001	1.88866027e-004	-1.88865559e-004	4.20284490e-007	
2.35420394e+001	1.86612618e-004	-1.86612185e-004	4.02259819e-007	
2.36422182e+001	1.83977222e-004	-1.83976823e-004	3.83212502e-007	
2.37423971e+001	1.80095760e-004	-1.80095399e-004	3.60829400e-007	
2.38425760e+001	1.76214300e-004	-1.76213975e-004	3.38446298e-007	
2.39427549e+001	1.72332841e-004	-1.72332552e-004	3.16063197e-007	
2.40429338e+001	1.68451384e-004	-1.68451128e-004	2.93680095e-007	
2.41431127e+001	1.64073406e-004	-1.64073179e-004	2.73000261e-007	
2.42432916e+001	1.59621415e-004	-1.59621215e-004	2.52574248e-007	
2.43434705e+001	1.55169425e-004	-1.55169251e-004	2.32148235e-007	
2.44436494e+001	1.50717436e-004	-1.50717287e-004	2.11722222e-007	
2.45438283e+001	1.46533949e-004	-1.46533818e-004	1.96035008e-007	
2.46440072e+001	1.42612641e-004	-1.42612521e-004	1.84975083e-007	
2.47441860e+001	1.38691334e-004	-1.38691225e-004	1.73915157e-007	
2.48443649e+001	1.34770026e-004	-1.34769928e-004	1.62855232e-007	
2.49445438e+001	1.30860141e-004	-1.30860052e-004	1.52640266e-007	
2.50447227e+001	1.27019502e-004	-1.27019417e-004	1.47546905e-007	
2.51449016e+001	1.23178864e-004	-1.23178781e-004	1.42453543e-007	
2.52450805e+001	1.19338225e-004	-1.19338146e-004	1.37360182e-007	
2.53452594e+001	1.15497587e-004	-1.15497511e-004	1.32266820e-007	
2.54454383e+001	1.11607799e-004	-1.11607724e-004	1.29735010e-007	
2.55456172e+001	1.07703920e-004	-1.07703844e-004	1.27937179e-007	
2.56457961e+001	1.03800041e-004	-1.03799964e-004	1.26139349e-007	
2.57459750e+001	9.98961618e-005	-9.98960845e-005	1.24341519e-007	
2.58461538e+001	9.64870259e-005	-9.64869466e-005	1.23656889e-007	
2.59463327e+001	9.37812417e-005	-9.37811590e-005	1.24554789e-007	
2.60465116e+001	9.10754577e-005	-9.10753713e-005	1.25452690e-007	
2.61466905e+001	8.83696739e-005	-8.83695836e-005	1.26350591e-007	
2.62468694e+001	8.56903918e-005	-8.56902972e-005	1.27319819e-007	
2.63470483e+001	8.35298101e-005	-8.35297094e-005	1.29685096e-007	
2.64472272e+001	8.13692287e-005	-8.13691215e-005	1.32050374e-007	
2.65474061e+001	7.92086477e-005	-7.92085337e-005	1.34415651e-007	
2.66475850e+001	7.70480673e-005	-7.70479459e-005	1.36780928e-007	
2.67477639e+001	7.42936957e-005	-7.42935635e-005	1.40152130e-007	
2.68479428e+001	7.12653573e-005	-7.12652118e-005	1.43987458e-007	
2.69481216e+001	6.82370202e-005	-6.82368601e-005	1.47822786e-007	
2.70483005e+001	6.52086848e-005	-6.52085085e-005	1.51658114e-007	
2.71484794e+001	6.23222042e-005	-6.23220103e-005	1.55464336e-007	
2.72486583e+001	5.97372509e-005	-5.97370388e-005	1.59208670e-007	
2.73488372e+001	5.71522995e-005	-5.71520672e-005	1.62953003e-007	
2.74490161e+001	5.45673503e-005	-5.45670957e-005	1.66697336e-007	
2.75491950e+001	5.19824036e-005	-5.19821242e-005	1.70441670e-007	
2.76493739e+001	4.95721552e-005	-4.95718503e-005	1.73856764e-007	
2.77495528e+001	4.71700241e-005	-4.71696910e-005	1.77256565e-007	
2.78497317e+001	4.47792110e-005	-4.47788473e-005	1.80478283e-007	
2.79499106e+001	4.27043109e-005	-4.27039184e-005	1.83098984e-007	
2.80500894e+001	4.07331683e-005	-4.07327466e-005	1.85362412e-007	
2.81502683e+001	3.91980636e-005	-3.91976179e-005	1.86928156e-007	
2.82504472e+001	3.78708035e-005	-3.78703361e-005	1.88140053e-007	
2.83506261e+001	3.63139518e-005	-3.63134580e-005	1.89369289e-007	
2.84508050e+001	3.46784088e-005	-3.46778861e-005	1.90406740e-007	
2.85509839e+001	3.31940272e-005	-3.31934779e-005	1.90961773e-007	
2.86511628e+001	3.17096480e-005	-3.17090697e-005	1.91516806e-007	
2.87513417e+001	3.02338919e-005	-3.02332850e-005	1.91564331e-007	
2.88515206e+001	2.87595161e-005	-2.87588783e-005	1.91530763e-007	
2.89516995e+001	2.75297561e-005	-2.75290942e-005	1.90908499e-007	
2.90518784e+001	2.64150766e-005	-2.64143932e-005	1.90009273e-007	
2.91520572e+001	2.53003991e-005	-2.52996923e-005	1.89110047e-007	
2.92522361e+001	2.41857237e-005	-2.41849913e-005	1.88210822e-007	
2.93524150e+001	2.31766043e-005	-2.31758485e-005	1.87166197e-007	
2.94525939e+001	2.23962534e-005	-2.23954826e-005	1.85806452e-007	
2.95527728e+001	2.16159037e-005	-2.16151167e-005	1.84446707e-007	
2.96529517e+001	2.08355553e-005	-2.08347509e-005	1.83086962e-007	
2.97531306e+001	2.00552084e-005	-2.00543850e-005	1.81727217e-007	
2.98533095e+001	1.95337671e-005	-1.95329381e-005	1.79969203e-007	
2.99534884e+001	1.90255558e-005	-1.90247213e-005	1.78190843e-007	
3.00536673e+001	1.85173450e-005	-1.85165046e-005	1.76412483e-007	
3.01538462e+001	1.80091346e-005	-1.80082879e-005	1.74634123e-007	
3.02540250e+001	1.74946099e-005	-1.74937614e-005	1.72298799e-007	
3.03542039e+001	1.69756444e-005	-1.69747975e-005	1.69571703e-007	
3.04543828e+001	1.64566793e-005	-1.64558335e-005	1.66844607e-007	
3.05545617e+001	1.59377146e-005	-1.59368696e-005	1.64117511e-007	
3.06547406e+001	1.54529711e-005	-1.54521282e-005	1.61399131e-007	
3.07549195e+001	1.50876581e-005	-1.50868234e-005	1.58711179e-007	
3.08550984e+001	1.47223453e-005	-1.47215185e-005	1.56023227e-007	
3.09552773e+001	1.43570326e-005	-1.43562137e-005	1.53335275e-007	
3.10554562e+001	1.39917200e-005	-1.39909089e-005	1.50647323e-007	
3.11556351e+001	1.36264074e-005	-1.36256041e-005	1.47959371e-007	
3.12558140e+001	1.32610950e-005	-1.32602993e-005	1.45271420e-007	
3.13559928e+001	1.28957828e-005	-1.28949945e-005	1.42583468e-007	
3.14561717e+001	1.25304706e-005	-1.25296897e-005	1.39895516e-007	
3.15563506e+001	1.22290552e-005	-1.22282843e-005	1.37314833e-007	
3.16565295e+001	1.19930748e-005	-1.19923167e-005	1.34844005e-007	
3.17567084e+001	1.17570943e-005	-1.17563491e-005	1.32373176e-007	
3.18568873e+001	1.15211138e-005	-1.15203815e-005	1.29902347e-007	
3.19570662e+001	1.12851334e-005	-1.12844139e-005	1.27431519e-007	
3.20572451e+001	1.10491529e-005	-1.10484463e-005	1.24960690e-007	
3.21574240e+001	1.08131725e-005	-1.08124787e-005	1.22489861e-007	
3.22576029e+001	1.05771920e-005	-1.05765111e-005	1.20019033e-007	
3.23577818e+001	1.03412116e-005	-1.03405435e-005	1.17548204e-007	
3.24579606e+001	1.01435380e-005	-1.01428845e-005	1.15136591e-007	
3.25581395e+001	9.95760681e-006	-9.95696853e-006	1.12743131e-007	
3.26583184e+001	9.77167565e-006	-9.77105255e-006	1.10349671e-007	
3.27584973e+001	9.58574450e-006	-9.58513657e-006	1.07956211e-007	
3.28586762e+001	9.39981335e-006	-9.39922058e-006	1.05562751e-007	
3.29588551e+001	9.21388222e-006	-9.21330460e-006	1.03169291e-007	
3.30590340e+001	9.02795110e-006	-9.02738862e-006	1.00775831e-007	
3.31592129e+001	8.84201999e-006	-8.84147264e-006	9.83823712e-008	
3.32593918e+001	8.65685778e-006	-8.65632553e-006	9.59944998e-008	
3.33595707e+001	8.49185998e-006	-8.49134243e-006	9.37531583e-008	
3.34597496e+001	8.32686220e-006	-8.32635933e-006	9.15118169e-008	
3.35599284e+001	8.16186445e-006	-8.16137623e-006	8.92704754e-008	
3.36601073e+001	7.99686671e-006	-7.99639313e-006	8.70291339e-008	
3.37602862e+001	7.85730495e-006	-7.85684347e-006	8.51573421e-008	
3.38604651e+001	7.73013724e-006	-7.72968662e-006	8.34656192e-008	
3.39606440e+001	7.60296954e-006	-7.60252977e-006	8.17738963e-008	
3.40608229e+001	7.47580185e-006	-7.47537291e-006	8.00821734e-008	
3.41610018e+001	7.35351095e-006	-7.35309221e-006	7.84738052e-008	
3.42611807e+001	7.24217540e-006	-7.24176549e-006	7.70526873e-008	
3.43613596e+001	7.13083986e-006	-7.13043876e-006	7.56315694e-008	
3.44615385e+001	7.01950432e-006	-7.01911204e-006	7.42104516e-008	
3.45617174e+001	6.90816880e-006	-6.90778531e-006	7.27893337e-008	
3.46618962e+001	6.78350934e-006	-6.78313439e-006	7.13216589e-008	
3.47620751e+001	6.65805510e-006	-6.65768868e-006	6.98512077e-008	
3.48622540e+001	6.53260086e-006	-6.53224296e-006	6.83807565e-008	
3.49624329e+001	6.40714662e-006	-6.40679724e-006	6.69103053e-008	
3.50626118e+001	6.30678876e-006	-6.30644605e-006	6.57470062e-008	
3.51627907e+001	6.22465163e-006	-6.22431426e-006	6.48067082e-008	
3.52629696e+001	6.14251449e-006	-6.14218246e-006	6.38664101e-008	
3.53631485e+001	6.06037736e-006	-6.06005066e-006	6.29261121e-008	
3.54633274e+001	5.97733311e-006	-5.97701154e-006	6.20011395e-008	
3.55635063e+001	5.89097747e-006	-5.89066027e-006	6.11321116e-008	
3.56636852e+001	5.80462184e-006	-5.80430901e-006	6.02630838e-008	
3.57638640e+001	5.71826620e-006	-5.71795774e-006	5.93940559e-008	
3.58640429e+001	5.63191057e-006	-5.63160647e-006	5.85250281e-008	
3.59642218e+001	5.52453562e-006	-5.52423615e-006	5.75219869e-008	
3.60644007e+001	5.41347168e-006	-5.41317688e-006	5.64954262e-008	
3.61645796e+001	5.30240774e-006	-5.30211760e-006	5.54688655e-008	
3.62647585e+001	5.19134381e-006	-5.19105833e-006	5.44423049e-008	
3.63649374e+001	5.08151933e-006	-5.08123781e-006	5.34881931e-008	
3.64651163e+001	4.97300367e-006	-4.97272537e-006	5.26105920e-008	
3.65652952e+001	4.86448802e-006	-4.86421293e-006	5.17329908e-008	
3.66654741e+001	4.75597239e-006	-4.75570049e-006	5.08553897e-008	
3.67656530e+001	4.64744960e-006	-4.64718076e-006	4.99882199e-008	
3.68658318e+001	4.53887508e-006	-4.53860846e-006	4.91961033e-008	
3.69660107e+001	4.43030060e-006	-4.43003617e-006	4.84039866e-008	
3.70661896e+001	4.32172615e-006	-4.32146387e-006	4.76118700e-008	
3.71663685e+001	4.21315173e-006	-4.21289158e-006	4.68197533e-008	
3.72665474e+001	4.10661483e-006	-4.10635613e-006	4.60945200e-008	
3.73667263e+001	4.00072949e-006	-4.00047199e-006	4.53906753e-008	
3.74669052e+001	3.89484421e-006	-3.89458785e-006	4.46868306e-008	
3.75670841e+001	3.78895899e-006	-3.78870370e-006	4.39829858e-008	
3.76672630e+001	3.68676360e-006	-3.68650909e-006	4.33194508e-008	
3.77674419e+001	3.59025864e-006	-3.59000449e-006	4.27180820e-008	
3.78676208e+001	3.49375377e-006	-3.49349990e-006	4.21167133e-008	
3.79677996e+001	3.39724898e-006	-3.39699531e-006	4.15153445e-008	
3.80679785e+001	3.30122607e-006	-3.30097248e-006	4.09171697e-008	
3.81681574e+001	3.22132405e-006	-3.22107038e-006	4.04258681e-008	
3.82683363e+001	3.14142211e-006	-3.14116827e-006	3.99345665e-008	
3.83685152e+001	3.06152026e-006	-3.06126616e-006	3.94432648e-008	
3.84686941e+001	2.98161850e-006	-2.98136405e-006	3.89519632e-008	
3.85688730e+001	2.90339933e-006	-2.90314474e-006	3.84482799e-008	
3.86690519e+001	2.82602923e-006	-2.82577457e-006	3.79383512e-008	
3.87692308e+001	2.74865924e-006	-2.74840439e-006	3.74284225e-008	
3.88694097e+001	2.67128935e-006	-2.67103422e-006	3.69184939e-008	
3.89695886e+001	2.59391958e-006	-2.59366405e-006	3.64085652e-008	
3.90697674e+001	2.51654994e-006	-2.51629388e-006	3.58986366e-008	
3.91699463e+001	2.43918044e-006	-2.43892370e-006	3.53887079e-008	
3.92701252e+001	2.36181109e-006	-2.36155353e-006	3.48787793e-008	
3.93703041e+001	2.28444191e-006	-2.28418336e-006	3.43688506e-008	
3.94704830e+001	2.18269432e-006	-2.18243608e-006	3.35743518e-008	
3.95706619e+001	2.07928053e-006	-2.07902243e-006	3.27603999e-008	
3.96708408e+001	1.97586706e-006	-1.97560878e-006	3.19464481e-008	
3.97710197e+001	1.87245397e-006	-1.87219514e-006	3.11324962e-008	
3.98711986e+001	1.77683496e-006	-1.77657658e-006	3.03010462e-008	
3.99713775e+001	1.68705532e-006	-1.68679814e-006	2.94564838e-008	
4.00715564e+001	1.59727599e-006	-1.59701971e-006	2.86119213e-008	
4.01717352e+001	1.50749703e-006	-1.50724127e-006	2.77673589e-008	
4.02719141e+001	1.42035532e-006	-1.42010027e-006	2.69160306e-008	
4.03720930e+001	1.34329400e-006	-1.34304161e-006	2.60388326e-008	
4.04722719e+001	1.26623297e-006	-1.26598295e-006	2.51616345e-008	
4.05724508e+001	1.18917227e-006	-1.18892429e-006	2.42844364e-008	
4.06726297e+001	1.11211199e-006	-1.11186563e-006	2.34072384e-008	
4.07728086e+001	1.06164647e-006	-1.06140183e-006	2.27897833e-008	
4.08729875e+001	1.01613389e-006	-1.01589090e-006	2.22207018e-008	
4.09731664e+001	9.70621489e-007	-9.70379968e-007	2.16516203e-008	
4.10733453e+001	9.25109295e-007	-9.24869036e-007	2.10825388e-008	
4.11735242e+001	8.85166780e-007	-8.84928663e-007	2.05302161e-008	
4.12737030e+001	8.51290153e-007	-8.51055273e-007	1.99961456e-008	
4.13738819e+001	8.17413606e-007	-8.17181884e-007	1.94620751e-008	
4.14740608e+001	7.83537151e-007	-7.83308494e-007	1.89280047e-008	
4.15742397e+001	7.47835699e-007	-7.47610386e-007	1.83560283e-008	
4.16744186e+001	6.97997681e-007	-6.97778509e-007	1.74904375e-008	
4.17745975e+001	6.48159874e-007	-6.47946631e-007	1.66248467e-008	
4.18747764e+001	5.98322332e-007	-5.98114754e-007	1.57592560e-008	
4.19749553e+001	5.48485127e-007	-5.48282877e-007	1.48936652e-008	
4.20751342e+001	5.06705344e-007	-5.06509378e-007	1.40909578e-008	
4.21753131e+001	4.67611194e-007	-4.67421752e-007	1.33092071e-008	
4.22754919e+001	4.28517281e-007	-4.28334125e-007	1.25274564e-008	
4.23756708e+001	3.89423675e-007	-3.89246499e-007	1.17457056e-008	
4.24758497e+001	3.58575778e-007	-3.58403482e-007	1.11145414e-008	
4.25760286e+001	3.40862422e-007	-3.40693708e-007	1.07232550e-008	
4.26762075e+001	3.23149146e-007	-3.22983933e-007	1.03319686e-008	
4.27763864e+001	3.05435966e-007	-3.05274159e-007	9.94068217e-009	
4.28765653e+001	2.87831855e-007	-2.87673349e-007	9.55099865e-009	
4.29767442e+001	2.75227262e-007	-2.75072287e-007	9.23486409e-009	
4.30769231e+001	2.62622710e-007	-2.62471225e-007	8.91872953e-009	
4.31771020e+001	2.50018205e-007	-2.49870163e-007	8.60259498e-009	
4.32772809e+001	2.37413756e-007	-2.37269101e-007	8.28646042e-009	
4.33774597e+001	2.22550079e-007	-2.22410088e-007	7.89242253e-009	
4.34776386e+001	2.06507029e-007	-2.06372322e-007	7.45771476e-009	
4.35778175e+001	1.90464081e-007	-1.90334557e-007	7.02300699e-009	
4.36779964e+001	1.74421264e-007	-1.74296791e-007	6.58829922e-009	
4.37781753e+001	1.59760581e-007	-1.59641010e-007	6.17990400e-009	
4.38783542e+001	1.48440001e-007	-1.48325269e-007	5.83510122e-009	
4.39785331e+001	1.37119489e-007	-1.37009529e-007	5.49029845e-009	
4.40787120e+001	1.25799064e-007	-1.25693788e-007	5.14549568e-009	
4.41788909e+001	1.14478750e-007	-1.14378047e-007	4.80069291e-009	
4.42790698e+001	1.07765829e-007	-1.07668998e-007	4.56736518e-009	
4.43792487e+001	1.01408647e-007	-1.01315621e-007	4.34264417e-009	
4.44794275e+001	9.50514868e-008	-9.49622443e-008	4.11792316e-009	
4.45796064e+001	8.86943541e-008	-8.86088676e-008	3.89320215e-009	
4.46797853e+001	8.38237967e-008	-8.37417357e-008	3.70817933e-009	
4.47799642e+001	8.01024742e-008	-8.00236000e-008	3.55384672e-009	
4.48801431e+001	7.63811532e-008	-7.63054642e-008	3.39951410e-009	
4.49803220e+001	7.26598339e-008	-7.25873285e-008	3.24518149e-009	
4.50805009e+001	6.92830426e-008	-6.92136340e-008	3.10046134e-009	
4.51806798e+001	6.72873668e-008	-6.72207114e-008	2.99427520e-009	
4.52808587e+001	6.52916954e-008	-6.52277888e-008	2.88808907e-009	
4.53810376e+001	6.32960290e-008	-6.32348662e-008	2.78190294e-009	
4.54812165e+001	6.13003679e-008	-6.12419435e-008	2.67571681e-009	
4.55813953e+001	6.09836284e-008	-6.09273247e-008	2.61993028e-009	
4.56815742e+001	6.09979269e-008	-6.09435903e-008	2.57408032e-009	
4.57817531e+001	6.10122609e-008	-6.09598559e-008	2.52823036e-009	
4.58819320e+001	6.10266303e-008	-6.09761215e-008	2.48238041e-009	
4.59821109e+001	6.10410351e-008	-6.09923871e-008	2.43653045e-009	
4.60822898e+001	6.10554753e-008	-6.10086528e-008	2.39068049e-009	
4.61824687e+001	6.10699508e-008	-6.10249184e-008	2.34483054e-009	
4.62826476e+001	6.10844616e-008	-6.10411840e-008	2.29898058e-009	
4.63828265e+001	6.13533828e-008	-6.13117949e-008	2.25862731e-009	
4.64830054e+001	6.37531438e-008	-6.37129203e-008	2.26431612e-009	
4.65831843e+001	6.61530042e-008	-6.61140458e-008	2.27000493e-009	
4.66833631e+001	6.85529537e-008	-6.85151712e-008	2.27569374e-009	
4.67835420e+001	7.09529833e-008	-7.09162966e-008	2.28138256e-009	
4.68837209e+001	7.52588319e-008	-7.52229445e-008	2.32387557e-009	
4.69838998e+001	8.02263725e-008	-8.01910875e-008	2.37914491e-009	
4.70840787e+001	8.51940192e-008	-8.51592305e-008	2.43441425e-009	
4.71842576e+001	9.01617545e-008	-9.01273735e-008	2.48968359e-009	
4.72844365e+001	9.47052425e-008	-9.46711254e-008	2.54184346e-009	
4.73846154e+001	9.85504527e-008	-9.85164423e-008	2.58888571e-009	
4.74847943e+001	1.02395693e-007	-1.02361759e-007	2.63592797e-009	
4.75849732e+001	1.06240959e-007	-1.06207076e-007	2.68297023e-009	
4.76851521e+001	1.10097813e-007	-1.10063957e-007	2.73016072e-009	
4.77853309e+001	1.14790928e-007	-1.14757065e-007	2.78806933e-009	
4.78855098e+001	1.19484071e-007	-1.19450172e-007	2.84597795e-009	
4.79856887e+001	1.24177238e-007	-1.24143279e-007	2.90388657e-009	
4.80858676e+001	1.28870426e-007	-1.28836387e-007	2.96179518e-009	
4.81860465e+001	1.36148026e-007	-1.36113910e-007	3.04767859e-009	
4.82862254e+001	1.44821499e-007	-1.44787266e-007	3.14867100e-009	
4.83864043e+001	1.53495025e-007	-1.53460621e-007	3.24966341e-009	
4.84865832e+001	1.62168595e-007	-1.62133977e-007	3.35065582e-009	
4.85867621e+001	1.71247744e-007	-1.71212930e-007	3.45289618e-009	
4.86869410e+001	1.81344512e-007	-1.81309599e-007	3.55826803e-009	
4.87871199e+001	1.91441327e-007	-1.91406268e-007	3.66363989e-009	
4.88872987e+001	2.01538183e-007	-2.01502937e-007	3.76901174e-009	
4.89874776e+001	2.11635073e-007	-2.11599606e-007	3.87438360e-009	
4.90876565e+001	2.24684703e-007	-2.24649205e-007	3.99382760e-009	
4.91878354e+001	2.37988971e-007	-2.37953402e-007	4.11448507e-009	
4.92880143e+001	2.51293290e-007	-2.51257599e-007	4.23514253e-009	
4.93881932e+001	2.64597652e-007	-2.64561797e-007	4.35580000e-009	
4.94883721e+001	2.75341525e-007	-2.75305554e-007	4.45050966e-009	
4.95885510e+001	2.84043165e-007	-2.84007127e-007	4.52452360e-009	
4.96887299e+001	2.92744820e-007	-2.92708700e-007	4.59853755e-009	
4.97889088e+001	3.01446488e-007	-3.01410273e-007	4.67255150e-009	
4.98890877e+001	3.10277159e-007	-3.10240878e-007	4.74478312e-009	
4.99892665e+001	3.19650802e-007	-3.19614618e-007	4.80951241e-009	
5.00894454e+001	3.29024464e-007	-3.28988358e-007	4.87424169e-009	
5.01896243e+001	3.38398142e-007	-3.38362097e-007	4.93897097e-009	
5.02898032e+001	3.47771835e-007	-3.47735837e-007	5.00370026e-009	
5.03899821e+001	3.59487986e-007	-3.59452113e-007	5.07846403e-009	
5.04901610e+001	3.71692010e-007	-3.71656257e-007	5.15531753e-009	
5.05903399e+001	3.83896057e-007	-3.83860401e-007	5.23217103e-009	
5.06905188e+001	3.96100125e-007	-3.96064545e-007	5.30902453e-009	
5.07906977e+001	4.06953046e-007	-4.06917565e-007	5.37371211e-009	
5.08908766e+001	4.16240722e-007	-4.16205377e-007	5.42430606e-009	
5.09910555e+001	4.25528411e-007	-4.25493189e-007	5.47490000e-009	
5.10912343e+001	4.34816111e-007	-4.34781001e-007	5.52549395e-009	
5.11914132e+001	4.44029648e-007	-4.43994648e-007	5.57503376e-009	
5.12915921e+001	4.52567810e-007	-4.52532976e-007	5.61497523e-009	
5.13917710e+001	4.61105982e-007	-4.61071305e-007	5.65491670e-009	
5.14919499e+001	4.69644162e-007	-4.69609633e-007	5.69485817e-009	
5.15921288e+001	4.78182351e-007	-4.78147962e-007	5.73479964e-009	
5.16923077e+001	4.85913787e-007	-4.85879572e-007	5.76632729e-009	
5.17924866e+001	4.93353783e-007	-4.93319750e-007	5.79481544e-009	
5.18926655e+001	5.00793786e-007	-5.00759928e-007	5.82330359e-009	
5.19928444e+001	5.08233796e-007	-5.08200106e-007	5.85179173e-009	
5.20930233e+001	5.15673812e-007	-5.15640284e-007	5.88027988e-009	
5.21932021e+001	5.23113834e-007	-5.23080462e-007	5.90876803e-009	
5.22933810e+001	5.30553862e-007	-5.30520640e-007	5.93725618e-009	
5.23935599e+001	5.37993896e-007	-5.37960818e-007	5.96574433e-009	
5.24937388e+001	5.45425021e-007	-5.45392083e-007	5.99417418e-009	
5.25939177e+001	5.51366155e-007	-5.51333367e-007	6.01286871e-009	
5.26940966e+001	5.57307292e-007	-5.57274652e-007	6.03156324e-009	
5.27942755e+001	5.63248433e-007	-5.63215937e-007	6.05025777e-009	
5.28944544e+001	5.69189578e-007	-5.69157222e-007	6.06895230e-009	
5.29946333e+001	5.74032179e-007	-5.73999953e-007	6.08250624e-009	
5.30948122e+001	5.78261173e-007	-5.78229070e-007	6.09318882e-009	
5.31949911e+001	5.82490169e-007	-5.82458187e-007	6.10387140e-009	
5.32951699e+001	5.86719167e-007	-5.86687304e-007	6.11455398e-009	
5.33953488e+001	5.91403957e-007	-5.91372229e-007	6.12595063e-009	
5.34955277e+001	5.97276760e-007	-5.97245208e-007	6.13920849e-009	
5.35957066e+001	6.03149566e-007	-6.03118186e-007	6.15246635e-009	
5.36958855e+001	6.09022375e-007	-6.08991164e-007	6.16572421e-009	
5.37960644e+001	6.14895189e-007	-6.14864142e-007	6.17898207e-009	
5.38962433e+001	6.18574243e-007	-6.18543309e-007	6.18619913e-009	
5.39964222e+001	6.22044122e-007	-6.22013295e-007	6.19284020e-009	
5.40966011e+001	6.25514002e-007	-6.25483280e-007	6.19948127e-009	
5.41967800e+001	6.28983884e-007	-6.28953265e-007	6.20612233e-009	
5.42969589e+001	6.31415459e-007	-6.31384915e-007	6.21048249e-009	
5.43971377e+001	6.32992723e-007	-6.32962232e-007	6.21296594e-009	
5.44973166e+001	6.34569988e-007	-6.34539548e-007	6.21544938e-009	
5.45974955e+001	6.36147253e-007	-6.36116864e-007	6.21793282e-009	
5.46976744e+001	6.37821609e-007	-6.37791275e-007	6.22051773e-009	
5.47978533e+001	6.39925698e-007	-6.39895434e-007	6.22355167e-009	
5.48980322e+001	6.42029787e-007	-6.41999593e-007	6.22658561e-009	
5.49982111e+001	6.44133877e-007	-6.44103752e-007	6.22961956e-009	
5.50983900e+001	6.46237967e-007	-6.46207911e-007	6.23265350e-009	
5.51985689e+001	6.47796035e-007	-6.47766032e-007	6.23472778e-009	
5.52987478e+001	6.49234200e-007	-6.49204245e-007	6.23659133e-009	
5.53989267e+001	6.50672365e-007	-6.50642458e-007	6.23845488e-009	
5.54991055e+001	6.52110530e-007	-6.52080671e-007	6.24031843e-009	
5.55992844e+001	6.53218326e-007	-6.53188505e-007	6.24171766e-009	
5.56994633e+001	6.53931374e-007	-6.53901577e-007	6.24256210e-009	
5.57996422e+001	6.54556740e-007	-6.54526965e-007	6.24330263e-009	
5.58998211e+001	6.54917592e-007	-6.54887829e-007	6.24372972e-009	
5.60000000e+001	6.55041437e-007	-6.55011678e-007	6.24387611e-009	
