% Column 0: Length, cm
% Column 1: |B.t|, Tesla
% Column 2: Re[B.t], Tesla
% Column 3: Im[B.t], Tesla
0.00000000e+000	5.72716144e-006	-5.72638709e-006	9.41759362e-008	
1.00178891e-001	5.72828781e-006	-5.72751371e-006	9.41693516e-008	
2.00357782e-001	5.72868202e-006	-5.72790779e-006	9.41806822e-008	
3.00536673e-001	5.72593371e-006	-5.72515828e-006	9.42311085e-008	
4.00715564e-001	5.72480709e-006	-5.72403078e-006	9.42754796e-008	
5.00894454e-001	5.72402178e-006	-5.72324452e-006	9.43266475e-008	
6.01073345e-001	5.72130957e-006	-5.72053048e-006	9.44150663e-008	
7.01252236e-001	5.71718116e-006	-5.71639964e-006	9.45282714e-008	
8.01431127e-001	5.71275835e-006	-5.71197424e-006	9.46477150e-008	
9.01610018e-001	5.70487723e-006	-5.70408884e-006	9.48404406e-008	
1.00178891e+000	5.69699612e-006	-5.69620343e-006	9.50331662e-008	
1.10196780e+000	5.68958146e-006	-5.68878480e-006	9.52085629e-008	
1.20214669e+000	5.68217780e-006	-5.68137734e-006	9.53731689e-008	
1.30232558e+000	5.67460544e-006	-5.67380060e-006	9.55700526e-008	
1.40250447e+000	5.66896434e-006	-5.66815539e-006	9.57659688e-008	
1.50268336e+000	5.66332325e-006	-5.66251019e-006	9.59618849e-008	
1.60286225e+000	5.65615700e-006	-5.65533930e-006	9.61737407e-008	
1.70304114e+000	5.64551133e-006	-5.64468785e-006	9.64219596e-008	
1.80322004e+000	5.63486569e-006	-5.63403641e-006	9.66701785e-008	
1.90339893e+000	5.62632520e-006	-5.62549051e-006	9.69110772e-008	
2.00357782e+000	5.61575372e-006	-5.61491225e-006	9.72123797e-008	
2.10375671e+000	5.60329764e-006	-5.60244812e-006	9.75678707e-008	
2.20393560e+000	5.59081798e-006	-5.58996042e-006	9.79193039e-008	
2.30411449e+000	5.57810051e-006	-5.57723553e-006	9.82299126e-008	
2.40429338e+000	5.56372502e-006	-5.56285227e-006	9.85430383e-008	
2.50447227e+000	5.54006991e-006	-5.53918734e-006	9.88850177e-008	
2.60465116e+000	5.52104514e-006	-5.52015259e-006	9.92716615e-008	
2.70483005e+000	5.50202046e-006	-5.50111783e-006	9.96583054e-008	
2.80500894e+000	5.48299589e-006	-5.48208308e-006	1.00044949e-007	
2.90518784e+000	5.46499165e-006	-5.46406814e-006	1.00464356e-007	
3.00536673e+000	5.44768141e-006	-5.44674680e-006	1.00906045e-007	
3.10554562e+000	5.43037128e-006	-5.42942546e-006	1.01347734e-007	
3.20572451e+000	5.41306126e-006	-5.41210413e-006	1.01789423e-007	
3.30590340e+000	5.39598234e-006	-5.39501348e-006	1.02249807e-007	
3.40608229e+000	5.36787079e-006	-5.36688634e-006	1.02800068e-007	
3.50626118e+000	5.32401344e-006	-5.32301226e-006	1.03245509e-007	
3.60644007e+000	5.28015640e-006	-5.27913817e-006	1.03690951e-007	
3.70661896e+000	5.23629969e-006	-5.23526408e-006	1.04136392e-007	
3.80679785e+000	5.20019371e-006	-5.19913934e-006	1.04712720e-007	
3.90697674e+000	5.16654622e-006	-5.16547210e-006	1.05346264e-007	
4.00715564e+000	5.12103897e-006	-5.11994489e-006	1.05850921e-007	
4.10733453e+000	5.07553212e-006	-5.07441768e-006	1.06355578e-007	
4.20751342e+000	5.03002569e-006	-5.02889046e-006	1.06860235e-007	
4.30769231e+000	4.98258811e-006	-4.98143061e-006	1.07393638e-007	
4.40787120e+000	4.92752120e-006	-4.92633661e-006	1.08040587e-007	
4.50805009e+000	4.86485413e-006	-4.86364055e-006	1.08657129e-007	
4.60822898e+000	4.78894598e-006	-4.78770033e-006	1.09220697e-007	
4.70840787e+000	4.71306321e-006	-4.71178491e-006	1.09762431e-007	
4.80858676e+000	4.64183181e-006	-4.64052636e-006	1.10079982e-007	
4.90876565e+000	4.57528417e-006	-4.57395033e-006	1.10469949e-007	
5.00894454e+000	4.51144439e-006	-4.51008201e-006	1.10863897e-007	
5.10912343e+000	4.44760547e-006	-4.44621368e-006	1.11257845e-007	
5.20930233e+000	4.37497903e-006	-4.37354761e-006	1.11905198e-007	
5.30948122e+000	4.26909152e-006	-4.26762006e-006	1.12078032e-007	
5.40966011e+000	4.15835528e-006	-4.15684283e-006	1.12144191e-007	
5.50983900e+000	4.04762129e-006	-4.04606561e-006	1.12210351e-007	
5.61001789e+000	3.93688972e-006	-3.93528838e-006	1.12276511e-007	
5.71019678e+000	3.82689014e-006	-3.82523693e-006	1.12474711e-007	
5.81037567e+000	3.65786032e-006	-3.65614024e-006	1.12163825e-007	
5.91055456e+000	3.50765734e-006	-3.50587873e-006	1.11688744e-007	
6.01073345e+000	3.36018687e-006	-3.35834671e-006	1.11189868e-007	
6.11091234e+000	3.19234475e-006	-3.19044832e-006	1.10020489e-007	
6.21109123e+000	3.01426826e-006	-3.01231436e-006	1.08514133e-007	
6.31127013e+000	2.83619979e-006	-2.83418041e-006	1.07007778e-007	
6.41144902e+000	2.65857103e-006	-2.65647628e-006	1.05516323e-007	
6.51162791e+000	2.48625992e-006	-2.48407507e-006	1.04208696e-007	
6.61180680e+000	2.31396297e-006	-2.31167385e-006	1.02901069e-007	
6.71198569e+000	2.11748678e-006	-2.11511223e-006	1.00252254e-007	
6.81216458e+000	1.90426737e-006	-1.90177173e-006	9.74603028e-008	
6.91234347e+000	1.68308997e-006	-1.68041025e-006	9.49381059e-008	
7.01252236e+000	1.46197265e-006	-1.45904877e-006	9.24159089e-008	
7.11270125e+000	1.18450645e-006	-1.18126499e-006	8.75703145e-008	
7.21288014e+000	9.13152855e-007	-9.09270157e-007	8.41184742e-008	
7.31305903e+000	5.80775897e-007	-5.75179840e-007	8.04288176e-008	
7.41323792e+000	2.48031234e-007	-2.35631975e-007	7.74407218e-008	
7.51341682e+000	1.74039643e-007	1.61341653e-007	6.52584756e-008	
7.61359571e+000	6.92236486e-007	6.87728381e-007	7.88734813e-008	
7.71377460e+000	1.55923553e-006	1.55334027e-006	1.35460154e-007	
7.81395349e+000	4.11531747e-006	4.00937927e-006	9.27747685e-007	
7.91413238e+000	2.98529830e-006	2.96358836e-006	-3.59374449e-007	
8.01431127e+000	1.97362624e-006	1.90362561e-006	-5.20970316e-007	
8.11449016e+000	1.46570880e-006	1.41968136e-006	-3.64427103e-007	
8.21466905e+000	1.17721958e-006	1.14007750e-006	-2.93375572e-007	
8.31484794e+000	1.07203886e-006	1.04614379e-006	-2.34201821e-007	
8.41502683e+000	8.59617823e-007	8.30982161e-007	-2.20026019e-007	
8.51520572e+000	7.77161336e-007	7.53101571e-007	-1.91879561e-007	
8.61538462e+000	7.47877540e-007	7.28626571e-007	-1.68594591e-007	
8.71556351e+000	6.97655748e-007	6.78985871e-007	-1.60317591e-007	
8.81574240e+000	6.81459641e-007	6.66826796e-007	-1.40460908e-007	
8.91592129e+000	6.14129364e-007	5.96098651e-007	-1.47720258e-007	
9.01610018e+000	5.83666177e-007	5.65103218e-007	-1.46029310e-007	
9.11627907e+000	6.12104799e-007	5.96591615e-007	-1.36933305e-007	
9.21645796e+000	5.88349903e-007	5.70612292e-007	-1.43377891e-007	
9.31663685e+000	6.36001663e-007	6.20520722e-007	-1.39470963e-007	
9.41681574e+000	6.78937314e-007	6.64522022e-007	-1.39163064e-007	
9.51699463e+000	6.81627775e-007	6.60156108e-007	-1.69736080e-007	
9.61717352e+000	7.49687875e-007	7.26454307e-007	-1.85191926e-007	
9.71735242e+000	8.19914129e-007	7.85340863e-007	-2.35582063e-007	
9.81753131e+000	1.07372667e-006	1.05058736e-006	-2.21709626e-007	
9.91771020e+000	1.44091698e-006	1.44030520e-006	4.19842797e-008	
1.00178891e+001	9.27701661e-007	9.25865125e-007	-5.83450258e-008	
1.01180680e+001	8.09556605e-007	8.05698848e-007	-7.89383480e-008	
1.02182469e+001	8.15860622e-007	8.12080678e-007	-7.84444164e-008	
1.03184258e+001	8.68106014e-007	8.64555106e-007	-7.84380032e-008	
1.04186047e+001	9.46573711e-007	9.43331543e-007	-7.82776403e-008	
1.05187835e+001	1.01326358e-006	1.01024861e-006	-7.81077498e-008	
1.06189624e+001	1.07281263e-006	1.07000669e-006	-7.75411271e-008	
1.07191413e+001	1.13573469e-006	1.13311777e-006	-7.70545264e-008	
1.08193202e+001	1.19363365e-006	1.19098763e-006	-7.94339484e-008	
1.09194991e+001	1.24526364e-006	1.24225827e-006	-8.64634831e-008	
1.10196780e+001	1.33438411e-006	1.33087029e-006	-9.67741139e-008	
1.11198569e+001	1.42948691e-006	1.42540444e-006	-1.07958372e-007	
1.12200358e+001	1.54347970e-006	1.53867285e-006	-1.21718682e-007	
1.13202147e+001	1.74213004e-006	1.73672664e-006	-1.37104463e-007	
1.14203936e+001	1.90860553e-006	1.90293785e-006	-1.46978270e-007	
1.15205725e+001	2.19189925e-006	2.18617739e-006	-1.58274313e-007	
1.16207513e+001	2.51772513e-006	2.51156281e-006	-1.76045637e-007	
1.17209302e+001	2.83951673e-006	2.83300128e-006	-1.92247258e-007	
1.18211091e+001	3.18904269e-006	3.18232183e-006	-2.06932456e-007	
1.19212880e+001	3.52091274e-006	3.51427765e-006	-2.16053585e-007	
1.20214669e+001	3.84748275e-006	3.84099700e-006	-2.23305897e-007	
1.21216458e+001	3.99355577e-006	3.98895494e-006	-1.91640675e-007	
1.22218247e+001	4.05010758e-006	4.04918319e-006	-8.65269392e-008	
1.23220036e+001	3.93264892e-006	3.93263978e-006	8.47770054e-009	
1.24221825e+001	3.66613972e-006	3.66520017e-006	8.29950527e-008	
1.25223614e+001	2.91513705e-006	2.90987912e-006	1.75007233e-007	
1.26225403e+001	2.48448440e-006	2.47205426e-006	2.48214554e-007	
1.27227191e+001	2.12513254e-006	2.10212551e-006	3.11860011e-007	
1.28228980e+001	1.68476223e-006	1.63968253e-006	3.87123986e-007	
1.29230769e+001	1.75182387e-006	1.69270563e-006	4.51258792e-007	
1.30232558e+001	1.83280168e-006	1.76132464e-006	5.06850569e-007	
1.31234347e+001	3.02659267e-006	2.97499485e-006	5.56478983e-007	
1.32236136e+001	4.74912591e-006	4.71918742e-006	5.32416208e-007	
1.33237925e+001	6.94542669e-006	6.92939846e-006	4.71581289e-007	
1.34239714e+001	1.02033422e-005	1.01945023e-005	4.24634981e-007	
1.35241503e+001	1.34394115e-005	1.34392689e-005	6.19009208e-008	
1.36243292e+001	1.57057321e-005	1.57038951e-005	-2.40209594e-007	
1.37245081e+001	1.74130938e-005	1.74033272e-005	-5.83126617e-007	
1.38246869e+001	1.89585343e-005	1.89446056e-005	-7.26595308e-007	
1.39248658e+001	2.06112362e-005	2.05941324e-005	-8.39506215e-007	
1.40250447e+001	2.25254685e-005	2.25081182e-005	-8.83938551e-007	
1.41252236e+001	2.47944320e-005	2.47768448e-005	-9.33711824e-007	
1.42254025e+001	2.72514360e-005	2.72335634e-005	-9.86807527e-007	
1.43255814e+001	3.01332476e-005	3.01151969e-005	-1.04284463e-006	
1.44257603e+001	3.38264078e-005	3.38074068e-005	-1.13362694e-006	
1.45259392e+001	3.74809739e-005	3.74627974e-005	-1.16713924e-006	
1.46261181e+001	4.22515065e-005	4.22333817e-005	-1.23744564e-006	
1.47262970e+001	4.72994250e-005	4.72836000e-005	-1.22343065e-006	
1.48264758e+001	5.26901969e-005	5.26750117e-005	-1.26490432e-006	
1.49266547e+001	6.19621647e-005	6.19500439e-005	-1.22552645e-006	
1.50268336e+001	6.97599627e-005	6.97555725e-005	-7.82617298e-007	
1.51270125e+001	8.16627882e-005	8.16627445e-005	8.44335216e-008	
1.52271914e+001	8.97326110e-005	8.97116411e-005	1.93983069e-006	
1.53273703e+001	9.74989392e-005	9.73156317e-005	5.97586562e-006	
1.54275492e+001	9.40351623e-005	9.34490552e-005	1.04826442e-005	
1.55277281e+001	7.95601336e-005	7.85276088e-005	1.27761307e-005	
1.56279070e+001	5.32319250e-005	5.18020332e-005	1.22550886e-005	
1.57280859e+001	2.94787701e-005	2.74860181e-005	1.06544213e-005	
1.58282648e+001	8.66704020e-006	2.41645450e-006	8.32336071e-006	
1.59284436e+001	1.90195905e-005	-1.77460593e-005	6.84267510e-006	
1.60286225e+001	3.68190968e-005	-3.64588201e-005	5.13812421e-006	
1.61288014e+001	4.67626170e-005	-4.65452977e-005	4.50306665e-006	
1.62289803e+001	5.91152650e-005	-5.89975559e-005	3.72866664e-006	
1.63291592e+001	7.15108637e-005	-7.14498141e-005	2.95426663e-006	
1.64293381e+001	7.98714439e-005	-7.98304684e-005	2.55809821e-006	
1.65295170e+001	8.64646257e-005	-8.64333049e-005	2.32708015e-006	
1.66296959e+001	9.30597500e-005	-9.30361413e-005	2.09606210e-006	
1.67298748e+001	9.98094847e-005	-9.97920581e-005	1.86504027e-006	
1.68300537e+001	1.07202452e-004	-1.07189361e-004	1.67526520e-006	
1.69302326e+001	1.14665556e-004	-1.14655186e-004	1.54211955e-006	
1.70304114e+001	1.22129139e-004	-1.22121011e-004	1.40897390e-006	
1.71305903e+001	1.29593116e-004	-1.29586836e-004	1.27582825e-006	
1.72307692e+001	1.36770050e-004	-1.36765286e-004	1.14160904e-006	
1.73309481e+001	1.43163411e-004	-1.43159609e-004	1.04340701e-006	
1.74311270e+001	1.49752469e-004	-1.49749456e-004	9.50023406e-007	
1.75313059e+001	1.56341650e-004	-1.56339303e-004	8.56639804e-007	
1.76314848e+001	1.62930938e-004	-1.62929150e-004	7.63256203e-007	
1.77316637e+001	1.69520321e-004	-1.69518997e-004	6.69872602e-007	
1.78318426e+001	1.76109788e-004	-1.76108844e-004	5.76489001e-007	
1.79320215e+001	1.82699330e-004	-1.82698691e-004	4.83105399e-007	
1.80322004e+001	1.91535800e-004	-1.91535387e-004	3.98148167e-007	
1.81323792e+001	2.01943216e-004	-2.01942997e-004	2.97472700e-007	
1.82325581e+001	2.12461227e-004	-2.12461134e-004	1.98406017e-007	
1.83327370e+001	2.22979293e-004	-2.22979271e-004	9.93393347e-008	
1.84329159e+001	2.34962401e-004	-2.34962400e-004	-2.26668783e-008	
1.85330948e+001	2.49339463e-004	-2.49339397e-004	-1.82157398e-007	
1.86332737e+001	2.63716614e-004	-2.63716393e-004	-3.41647918e-007	
1.87334526e+001	2.77893552e-004	-2.77893102e-004	-4.99785093e-007	
1.88336315e+001	2.92435782e-004	-2.92434928e-004	-7.06837937e-007	
1.89338104e+001	3.10620293e-004	-3.10618964e-004	-9.08822470e-007	
1.90339893e+001	3.28829815e-004	-3.28827943e-004	-1.10982979e-006	
1.91341682e+001	3.47039397e-004	-3.47036921e-004	-1.31083712e-006	
1.92343470e+001	3.65468179e-004	-3.65464728e-004	-1.58819921e-006	
1.93345259e+001	3.90155676e-004	-3.90150642e-004	-1.98195274e-006	
1.94347048e+001	4.16107054e-004	-4.16101513e-004	-2.14749875e-006	
1.95348837e+001	4.37990114e-004	-4.37984632e-004	-2.19141058e-006	
1.96350626e+001	4.59873183e-004	-4.59867751e-004	-2.23532242e-006	
1.97352415e+001	4.81756262e-004	-4.81750870e-004	-2.27923425e-006	
1.98354204e+001	5.03639347e-004	-5.03633989e-004	-2.32314608e-006	
1.99355993e+001	5.32414508e-004	-5.32409782e-004	-2.24342628e-006	
2.00357782e+001	5.62910153e-004	-5.62907955e-004	-1.57302294e-006	
2.01359571e+001	5.93318288e-004	-5.93317714e-004	-8.25123568e-007	
2.02361360e+001	6.19522830e-004	-6.19522744e-004	-3.25123845e-007	
2.03363148e+001	6.43328618e-004	-6.43328617e-004	3.34278999e-008	
2.04364937e+001	6.67134604e-004	-6.67134489e-004	3.91979644e-007	
2.05366726e+001	6.89296946e-004	-6.89296076e-004	1.09513265e-006	
2.06368515e+001	7.10453786e-004	-7.10450944e-004	2.00926886e-006	
2.07370304e+001	7.30501829e-004	-7.30496300e-004	2.84229626e-006	
2.08372093e+001	7.44612632e-004	-7.44605240e-004	3.31782324e-006	
2.09373882e+001	7.59083983e-004	-7.59073858e-004	3.92062356e-006	
2.10375671e+001	7.73555701e-004	-7.73542476e-004	4.52342388e-006	
2.11377460e+001	7.83895961e-004	-7.83880767e-004	4.88062212e-006	
2.12379249e+001	7.94095163e-004	-7.94077728e-004	5.26209444e-006	
2.13381038e+001	8.04294489e-004	-8.04274688e-004	5.64356676e-006	
2.14382826e+001	8.06882559e-004	-8.06862114e-004	5.74395501e-006	
2.15384615e+001	8.06744429e-004	-8.06723983e-004	5.74366556e-006	
2.16386404e+001	8.06486913e-004	-8.06466434e-004	5.74740678e-006	
2.17388193e+001	8.06042516e-004	-8.06022063e-004	5.74213761e-006	
2.18389982e+001	8.00119089e-004	-8.00100231e-004	5.49342409e-006	
2.19391771e+001	7.91625557e-004	-7.91608677e-004	5.16962719e-006	
2.20393560e+001	7.84781839e-004	-7.84766482e-004	4.90957164e-006	
2.21395349e+001	7.78999576e-004	-7.78985454e-004	4.69052615e-006	
2.22397138e+001	7.73498955e-004	-7.73485983e-004	4.47963041e-006	
2.23398927e+001	7.57818893e-004	-7.57809066e-004	3.85926100e-006	
2.24400716e+001	7.38698227e-004	-7.38691712e-004	3.10238555e-006	
2.25402504e+001	7.19578180e-004	-7.19574358e-004	2.34551011e-006	
2.26404293e+001	6.98284979e-004	-6.98282733e-004	1.77125020e-006	
2.27406082e+001	6.72557497e-004	-6.72556700e-004	1.03548948e-006	
2.28407871e+001	6.45791198e-004	-6.45791162e-004	2.15270733e-007	
2.29409660e+001	6.19025919e-004	-6.19025624e-004	-6.04948014e-007	
2.30411449e+001	5.92346047e-004	-5.92344340e-004	-1.42178074e-006	
2.31413238e+001	5.72772605e-004	-5.72769461e-004	-1.89778107e-006	
2.32415027e+001	5.42813761e-004	-5.42809767e-004	-2.08224413e-006	
2.33416816e+001	5.12855082e-004	-5.12850073e-004	-2.26670718e-006	
2.34418605e+001	4.82896600e-004	-4.82890379e-004	-2.45117024e-006	
2.35420394e+001	4.56361327e-004	-4.56354092e-004	-2.56986832e-006	
2.36422182e+001	4.33700522e-004	-4.33694037e-004	-2.37166256e-006	
2.37423971e+001	4.10169172e-004	-4.10163719e-004	-2.11504541e-006	
2.38425760e+001	3.86637867e-004	-3.86633400e-004	-1.85842825e-006	
2.39427549e+001	3.63106615e-004	-3.63103082e-004	-1.60181110e-006	
2.40429338e+001	3.43410773e-004	-3.43407869e-004	-1.41223556e-006	
2.41431127e+001	3.26512329e-004	-3.26509853e-004	-1.27155788e-006	
2.42432916e+001	3.06667957e-004	-3.06666265e-004	-1.01881188e-006	
2.43434705e+001	2.86084376e-004	-2.86083424e-004	-7.37939987e-007	
2.44436494e+001	2.70231211e-004	-2.70230716e-004	-5.17156469e-007	
2.45438283e+001	2.56390623e-004	-2.56390389e-004	-3.46328585e-007	
2.46440072e+001	2.40708290e-004	-2.40708217e-004	-1.87873668e-007	
2.47441860e+001	2.25026047e-004	-2.25026045e-004	-2.94187518e-008	
2.48443649e+001	2.10815750e-004	-2.10815719e-004	1.14576169e-007	
2.49445438e+001	2.02363695e-004	-2.02363595e-004	2.01337499e-007	
2.50447227e+001	1.93911686e-004	-1.93911472e-004	2.88098829e-007	
2.51449016e+001	1.85459728e-004	-1.85459349e-004	3.74860159e-007	
2.52450805e+001	1.77007827e-004	-1.77007226e-004	4.61621489e-007	
2.53452594e+001	1.69604028e-004	-1.69603204e-004	5.28453975e-007	
2.54454383e+001	1.62495689e-004	-1.62494619e-004	5.89668981e-007	
2.55456172e+001	1.55387396e-004	-1.55386033e-004	6.50883986e-007	
2.56457961e+001	1.48279158e-004	-1.48277448e-004	7.12098991e-007	
2.57459750e+001	1.41193254e-004	-1.41191143e-004	7.72045254e-007	
2.58461538e+001	1.34127564e-004	-1.34124990e-004	8.30843968e-007	
2.59463327e+001	1.27061952e-004	-1.27058838e-004	8.89642683e-007	
2.60465116e+001	1.18954879e-004	-1.18951039e-004	9.55774026e-007	
2.61466905e+001	1.11286480e-004	-1.11281654e-004	1.03636276e-006	
2.62468694e+001	1.03660373e-004	-1.03654341e-004	1.11825054e-006	
2.63470483e+001	9.60345267e-005	-9.60270273e-005	1.20013832e-006	
2.64472272e+001	8.84090096e-005	-8.83997138e-005	1.28202611e-006	
2.65474061e+001	8.07839148e-005	-8.07724002e-005	1.36391389e-006	
2.66475850e+001	7.31593742e-005	-7.31450866e-005	1.44580168e-006	
2.67477639e+001	6.55355813e-005	-6.55177730e-005	1.52768946e-006	
2.68479428e+001	5.82151515e-005	-5.81928701e-005	1.61050576e-006	
2.69481216e+001	5.06303865e-005	-5.06010127e-005	1.72439713e-006	
2.70483005e+001	4.27506759e-005	-4.27101044e-005	1.86206247e-006	
2.71484794e+001	3.48765727e-005	-3.48191960e-005	1.99972781e-006	
2.72486583e+001	2.70129807e-005	-2.69282877e-005	2.13739315e-006	
2.73488372e+001	1.96723655e-005	-1.95423079e-005	2.25835506e-006	
2.74490161e+001	1.30362877e-005	-1.28213828e-005	2.35731645e-006	
2.75491950e+001	5.95655489e-006	-5.41274394e-006	2.48651346e-006	
2.76493739e+001	3.33396705e-006	2.07005173e-006	2.61346936e-006	
2.77495528e+001	7.22346879e-006	6.72378934e-006	2.63991633e-006	
2.78497317e+001	1.16256568e-005	1.13161689e-005	2.66462323e-006	
2.79499106e+001	1.52814157e-005	1.50516281e-005	2.64010522e-006	
2.80500894e+001	1.68572541e-005	1.66691895e-005	2.51100337e-006	
2.81502683e+001	1.75230725e-005	1.73560604e-005	2.41355302e-006	
2.82504472e+001	1.81909786e-005	1.80429313e-005	2.31610267e-006	
2.83506261e+001	1.77325565e-005	1.75988832e-005	2.17321662e-006	
2.84508050e+001	1.38593394e-005	1.37294910e-005	1.89271430e-006	
2.85509839e+001	1.01136063e-005	9.96067313e-006	1.75214794e-006	
2.86511628e+001	6.39858656e-006	6.19218979e-006	1.61204700e-006	
2.87513417e+001	3.35784912e-006	3.01458816e-006	1.47898916e-006	
2.88515206e+001	1.68313028e-006	9.70560682e-007	1.37511436e-006	
2.89516995e+001	1.75875408e-006	-1.16369425e-006	1.31872348e-006	
2.90518784e+001	3.80717735e-006	-3.59315540e-006	1.25850455e-006	
2.91520572e+001	6.14066759e-006	-6.02261654e-006	1.19828561e-006	
2.92522361e+001	8.52835348e-006	-8.45207769e-006	1.13806668e-006	
2.93524150e+001	1.09347905e-005	-1.08815388e-005	1.07784774e-006	
2.94525939e+001	1.17650101e-005	-1.17190038e-005	1.03942832e-006	
2.95527728e+001	1.25347746e-005	-1.24946733e-005	1.00185508e-006	
2.96529517e+001	1.33053312e-005	-1.32703428e-005	9.64281841e-007	
2.97531306e+001	1.41156538e-005	-1.40851763e-005	9.27086870e-007	
2.98533095e+001	1.53772269e-005	-1.53512027e-005	8.94249802e-007	
2.99534884e+001	1.66395414e-005	-1.66172292e-005	8.61412734e-007	
3.00536673e+001	1.79024403e-005	-1.78832556e-005	8.28575667e-007	
3.01538462e+001	1.85455282e-005	-1.85283635e-005	7.97724689e-007	
3.02540250e+001	1.89030843e-005	-1.88874852e-005	7.67788475e-007	
3.03542039e+001	1.92607452e-005	-1.92466070e-005	7.37852261e-007	
3.04543828e+001	1.95993225e-005	-1.95864830e-005	7.09314741e-007	
3.05545617e+001	1.97670206e-005	-1.97548607e-005	6.93240928e-007	
3.06547406e+001	1.99347432e-005	-1.99232384e-005	6.77167114e-007	
3.07549195e+001	2.01024895e-005	-2.00916162e-005	6.61093301e-007	
3.08550984e+001	2.02406848e-005	-2.02304506e-005	6.43575437e-007	
3.09552773e+001	2.02921760e-005	-2.02826464e-005	6.21822768e-007	
3.10554562e+001	2.03276089e-005	-2.03186915e-005	6.02044881e-007	
3.11556351e+001	2.03587444e-005	-2.03504010e-005	5.82797119e-007	
3.12558140e+001	2.02944446e-005	-2.02865580e-005	5.65728308e-007	
3.13559928e+001	2.01879885e-005	-2.01805054e-005	5.49622033e-007	
3.14561717e+001	2.00815411e-005	-2.00744528e-005	5.33515757e-007	
3.15563506e+001	1.99871983e-005	-1.99804952e-005	5.17595964e-007	
3.16565295e+001	1.98953195e-005	-1.98889750e-005	5.02402368e-007	
3.17567084e+001	1.97343200e-005	-1.97282117e-005	4.90966808e-007	
3.18568873e+001	1.95676799e-005	-1.95617800e-005	4.80480952e-007	
3.19570662e+001	1.94010419e-005	-1.93953482e-005	4.69995096e-007	
3.20572451e+001	1.92380876e-005	-1.92326117e-005	4.58976480e-007	
3.21574240e+001	1.90763343e-005	-1.90710781e-005	4.47784460e-007	
3.22576029e+001	1.89047315e-005	-1.88996681e-005	4.37515876e-007	
3.23577818e+001	1.87010751e-005	-1.86961913e-005	4.27365765e-007	
3.24579606e+001	1.84851432e-005	-1.84804717e-005	4.15550062e-007	
3.25581395e+001	1.82692139e-005	-1.82647522e-005	4.03734358e-007	
3.26583184e+001	1.80532873e-005	-1.80490327e-005	3.91918654e-007	
3.27584973e+001	1.78357889e-005	-1.78316855e-005	3.82565681e-007	
3.28586762e+001	1.76182856e-005	-1.76143242e-005	3.73595176e-007	
3.29588551e+001	1.74017291e-005	-1.73979203e-005	3.64067773e-007	
3.30590340e+001	1.71851740e-005	-1.71815164e-005	3.54540370e-007	
3.31592129e+001	1.69615986e-005	-1.69580702e-005	3.45951131e-007	
3.32593918e+001	1.67394724e-005	-1.67360536e-005	3.38301939e-007	
3.33595707e+001	1.65210037e-005	-1.65176851e-005	3.31121490e-007	
3.34597496e+001	1.63025354e-005	-1.62993166e-005	3.23941042e-007	
3.35599284e+001	1.60911556e-005	-1.60880355e-005	3.16864889e-007	
3.36601073e+001	1.58623315e-005	-1.58593062e-005	3.09782506e-007	
3.37602862e+001	1.56325697e-005	-1.56296389e-005	3.02690671e-007	
3.38604651e+001	1.54028084e-005	-1.53999716e-005	2.95598836e-007	
3.39606440e+001	1.51789127e-005	-1.51761609e-005	2.89019430e-007	
3.40608229e+001	1.49641485e-005	-1.49614678e-005	2.83237794e-007	
3.41610018e+001	1.47495253e-005	-1.47469153e-005	2.77459157e-007	
3.42611807e+001	1.45483384e-005	-1.45457961e-005	2.71966828e-007	
3.43613596e+001	1.43471518e-005	-1.43446769e-005	2.66474499e-007	
3.44615385e+001	1.41527643e-005	-1.41503423e-005	2.61819177e-007	
3.45617174e+001	1.39628343e-005	-1.39604558e-005	2.57712597e-007	
3.46618962e+001	1.37543591e-005	-1.37520375e-005	2.52700973e-007	
3.47620751e+001	1.35363041e-005	-1.35340464e-005	2.47221834e-007	
3.48622540e+001	1.33228541e-005	-1.33206540e-005	2.42113841e-007	
3.49624329e+001	1.31210063e-005	-1.31188486e-005	2.37940992e-007	
3.50626118e+001	1.29287128e-005	-1.29266021e-005	2.33605738e-007	
3.51627907e+001	1.27379199e-005	-1.27358534e-005	2.29440748e-007	
3.52629696e+001	1.25472808e-005	-1.25452514e-005	2.25661716e-007	
3.53631485e+001	1.23568627e-005	-1.23548707e-005	2.21866889e-007	
3.54633274e+001	1.21635168e-005	-1.21615622e-005	2.18054685e-007	
3.55635063e+001	1.19661405e-005	-1.19642229e-005	2.14218557e-007	
3.56636852e+001	1.17687643e-005	-1.17668837e-005	2.10382430e-007	
3.57638640e+001	1.15704914e-005	-1.15686486e-005	2.06499477e-007	
3.58640429e+001	1.13787892e-005	-1.13769683e-005	2.03559063e-007	
3.59642218e+001	1.11856860e-005	-1.11838874e-005	2.00586484e-007	
3.60644007e+001	1.09925828e-005	-1.09908064e-005	1.97613904e-007	
3.61645796e+001	1.07994797e-005	-1.07977255e-005	1.94641324e-007	
3.62647585e+001	1.06275265e-005	-1.06257871e-005	1.92270355e-007	
3.63649374e+001	1.04569783e-005	-1.04552529e-005	1.89952690e-007	
3.64651163e+001	1.02864302e-005	-1.02847187e-005	1.87635024e-007	
3.65652952e+001	1.01158822e-005	-1.01141846e-005	1.85317358e-007	
3.66654741e+001	9.94533419e-006	-9.94365040e-006	1.82999692e-007	
3.67656530e+001	9.77478629e-006	-9.77311624e-006	1.80682027e-007	
3.68658318e+001	9.60981501e-006	-9.60815281e-006	1.78729319e-007	
3.69660107e+001	9.44673774e-006	-9.44508127e-006	1.76900556e-007	
3.70661896e+001	9.28366063e-006	-9.28200973e-006	1.75071792e-007	
3.71663685e+001	9.11023354e-006	-9.10859241e-006	1.72914546e-007	
3.72665474e+001	8.93630043e-006	-8.93466915e-006	1.70741236e-007	
3.73667263e+001	8.76396115e-006	-8.76233879e-006	1.68623424e-007	
3.74669052e+001	8.60802861e-006	-8.60640702e-006	1.67076958e-007	
3.75670841e+001	8.43653529e-006	-8.43490762e-006	1.65714017e-007	
3.76672630e+001	8.25441874e-006	-8.25277991e-006	1.64476374e-007	
3.77674419e+001	8.07230287e-006	-8.07065219e-006	1.63238731e-007	
3.78676208e+001	7.89497728e-006	-7.89331720e-006	1.61894533e-007	
3.79677996e+001	7.72578768e-006	-7.72412305e-006	1.60369344e-007	
3.80679785e+001	7.57756910e-006	-7.57589752e-006	1.59154988e-007	
3.81681574e+001	7.40536231e-006	-7.40366429e-006	1.58574975e-007	
3.82683363e+001	7.23315682e-006	-7.23143106e-006	1.57994963e-007	
3.83685152e+001	7.06095273e-006	-7.05919783e-006	1.57414950e-007	
3.84686941e+001	6.88875015e-006	-6.88696460e-006	1.56834938e-007	
3.85688730e+001	6.70025549e-006	-6.69840886e-006	1.57296834e-007	
3.86690519e+001	6.50644635e-006	-6.50452725e-006	1.58017104e-007	
3.87692308e+001	6.31264175e-006	-6.31064564e-006	1.58737374e-007	
3.88694097e+001	6.11884212e-006	-6.11676402e-006	1.59457644e-007	
3.89695886e+001	5.93745344e-006	-5.93526050e-006	1.61357172e-007	
3.90697674e+001	5.76016569e-006	-5.75784064e-006	1.63645749e-007	
3.91699463e+001	5.53449628e-006	-5.53194056e-006	1.68174766e-007	
3.92701252e+001	5.20100640e-006	-5.19796989e-006	1.77698104e-007	
3.93703041e+001	4.86760108e-006	-4.86399922e-006	1.87221443e-007	
3.94704830e+001	4.53429897e-006	-4.53002855e-006	1.96744781e-007	
3.95706619e+001	4.20112464e-006	-4.19605788e-006	2.06268119e-007	
3.96708408e+001	3.91946861e-006	-3.91336274e-006	2.18692231e-007	
3.97710197e+001	3.36493339e-006	-3.35534410e-006	2.53855631e-007	
3.98711986e+001	2.88503954e-006	-2.87169855e-006	2.77129248e-007	
3.99713775e+001	2.43259597e-006	-2.41445391e-006	2.96539199e-007	
4.00715564e+001	1.76472624e-006	-1.73150191e-006	3.40822321e-007	
4.01717352e+001	8.76937140e-007	-7.74421177e-007	4.11449373e-007	
4.02719141e+001	4.51768944e-007	1.32341349e-007	4.31950166e-007	
4.03720930e+001	1.46726869e-006	1.37626346e-006	5.08700605e-007	
4.04722719e+001	2.94893222e-006	2.89966401e-006	5.36795956e-007	
4.05724508e+001	3.56537611e-006	3.54515343e-006	3.79201747e-007	
4.06726297e+001	3.64992723e-006	3.64674170e-006	1.52458948e-007	
4.07728086e+001	3.45232224e-006	3.45231538e-006	6.88090503e-009	
4.08729875e+001	2.98878393e-006	2.98804929e-006	-6.62633787e-008	
4.09731664e+001	2.62798885e-006	2.62609149e-006	-9.98443850e-008	
4.10733453e+001	2.29663992e-006	2.29397207e-006	-1.10666457e-007	
4.11735242e+001	2.02773856e-006	2.02495079e-006	-1.06291950e-007	
4.12737030e+001	1.78164612e-006	1.77871862e-006	-1.02092897e-007	
4.13738819e+001	1.55940267e-006	1.55665642e-006	-9.25067390e-008	
4.14740608e+001	1.37815144e-006	1.37555204e-006	-8.46048059e-008	
4.15742397e+001	1.22835935e-006	1.22585968e-006	-7.83244409e-008	
4.16744186e+001	1.10657326e-006	1.10419492e-006	-7.25118925e-008	
4.17745975e+001	1.01994547e-006	1.01756178e-006	-6.96906343e-008	
4.18747764e+001	9.39538425e-007	9.37093989e-007	-6.77296621e-008	
4.19749553e+001	8.66877904e-007	8.64459896e-007	-6.47023147e-008	
4.20751342e+001	7.91040668e-007	7.88667252e-007	-6.12315643e-008	
4.21753131e+001	7.20433432e-007	7.18383515e-007	-5.43088909e-008	
4.22754919e+001	6.62704956e-007	6.61294728e-007	-4.32104390e-008	
4.23756708e+001	5.80583157e-007	5.80330287e-007	-1.71335948e-008	
4.24758497e+001	4.69668638e-007	4.69596943e-007	8.20613147e-009	
4.25760286e+001	3.18994097e-007	3.17340741e-007	3.24359073e-008	
4.26762075e+001	1.78573453e-007	1.72561518e-007	4.59456285e-008	
4.27763864e+001	6.85789705e-008	4.20510102e-008	5.41736812e-008	
4.28765653e+001	7.82113171e-008	-5.82572105e-008	5.21834030e-008	
4.29767442e+001	1.19070757e-007	-1.08382989e-007	4.93048973e-008	
4.30769231e+001	1.25103476e-007	-1.16647834e-007	4.52124135e-008	
4.31771020e+001	1.16646254e-007	-1.09441704e-007	4.03591608e-008	
4.32772809e+001	6.32549168e-008	-5.39537976e-008	3.30177562e-008	
4.33774597e+001	2.63368112e-008	7.38120749e-009	2.52813251e-008	
4.34776386e+001	7.72386998e-008	7.54638798e-008	1.64626728e-008	
4.35778175e+001	1.11550376e-007	1.11143031e-007	9.52434675e-009	
4.36779964e+001	1.43177544e-007	1.43172488e-007	1.20325613e-009	
4.37781753e+001	1.63551743e-007	1.63409417e-007	-6.82165735e-009	
4.38783542e+001	1.66662179e-007	1.66260390e-007	-1.15656647e-008	
4.39785331e+001	1.59037926e-007	1.58418513e-007	-1.40227249e-008	
4.40787120e+001	1.49719510e-007	1.48942660e-007	-1.52320612e-008	
4.41788909e+001	1.38260096e-007	1.37446792e-007	-1.49744272e-008	
4.42790698e+001	1.22207554e-007	1.21448051e-007	-1.36035752e-008	
4.43792487e+001	1.11345886e-007	1.10618137e-007	-1.27096046e-008	
4.44794275e+001	9.83272135e-008	9.76268178e-008	-1.17151765e-008	
4.45796064e+001	8.92116936e-008	8.85680210e-008	-1.06972863e-008	
4.46797853e+001	8.03617235e-008	7.97768563e-008	-9.67779936e-009	
4.47799642e+001	7.09051634e-008	7.03992072e-008	-8.45540183e-009	
4.48801431e+001	6.66522422e-008	6.62016202e-008	-7.73736808e-009	
4.49803220e+001	6.21954850e-008	6.17971947e-008	-7.02745216e-009	
4.50805009e+001	6.01542366e-008	5.98141351e-008	-6.38759862e-009	
4.51806798e+001	5.86634265e-008	5.83380900e-008	-6.16967247e-009	
4.52808587e+001	5.75831997e-008	5.72575722e-008	-6.11517115e-009	
4.53810376e+001	5.61270969e-008	5.57928913e-008	-6.11590507e-009	
4.54812165e+001	5.39339709e-008	5.35818029e-008	-6.15334141e-009	
4.55813953e+001	5.22428500e-008	5.18757324e-008	-6.18253666e-009	
4.56815742e+001	5.01801840e-008	4.97956745e-008	-6.20013475e-009	
4.57817531e+001	4.89164712e-008	4.84943939e-008	-6.41209109e-009	
4.58819320e+001	5.09370628e-008	5.04872156e-008	-6.75465985e-009	
4.59821109e+001	6.08067836e-008	6.04729881e-008	-6.36259727e-009	
4.60822898e+001	9.80010526e-008	9.79953067e-008	-1.06121349e-009	
4.61824687e+001	7.43226025e-008	7.19062959e-008	-1.87971768e-008	
4.62826476e+001	6.57565181e-008	6.29886961e-008	-1.88770718e-008	
4.63828265e+001	6.72527826e-008	6.49246394e-008	-1.75421769e-008	
4.64830054e+001	6.85048373e-008	6.61304657e-008	-1.78794363e-008	
4.65831843e+001	7.05235949e-008	6.81813702e-008	-1.80243778e-008	
4.66833631e+001	7.83427605e-008	7.62280554e-008	-1.80795934e-008	
4.67835420e+001	7.74687583e-008	7.47302893e-008	-2.04154932e-008	
4.68837209e+001	8.66507152e-008	8.39997842e-008	-2.12692901e-008	
4.69838998e+001	9.95492483e-008	9.70132668e-008	-2.23266409e-008	
4.70840787e+001	1.10088192e-007	1.07324817e-007	-2.45110913e-008	
4.71842576e+001	1.16098655e-007	1.12343286e-007	-2.92896539e-008	
4.72844365e+001	1.37981404e-007	1.34764863e-007	-2.96192420e-008	
4.73846154e+001	1.42084405e-007	1.37513631e-007	-3.57488373e-008	
4.74847943e+001	1.72120186e-007	1.67244092e-007	-4.06788893e-008	
4.75849732e+001	2.09093893e-007	2.04559264e-007	-4.33100908e-008	
4.76851521e+001	2.49293347e-007	2.44018579e-007	-5.10108428e-008	
4.77853309e+001	2.91889756e-007	2.84222253e-007	-6.64630800e-008	
4.78855098e+001	3.56493876e-007	3.46203318e-007	-8.50361467e-008	
4.79856887e+001	4.39032224e-007	4.19044696e-007	-1.30961202e-007	
4.80858676e+001	7.43565031e-007	7.38434669e-007	-8.71963029e-008	
4.81860465e+001	1.03675981e-006	1.00866897e-006	2.39703567e-007	
4.82862254e+001	3.83316593e-007	3.81815333e-007	3.38919250e-008	
4.83864043e+001	1.88674612e-007	1.86995761e-007	2.51136371e-008	
4.84865832e+001	4.88845092e-008	4.44098087e-008	2.04319392e-008	
4.85867621e+001	6.55953145e-008	-6.26528147e-008	1.94260159e-008	
4.86869410e+001	1.57439323e-007	-1.55996173e-007	2.12681598e-008	
4.87871199e+001	2.26500092e-007	-2.25325038e-007	2.30416719e-008	
4.88872987e+001	2.94541052e-007	-2.93608219e-007	2.34231792e-008	
4.89874776e+001	3.62673473e-007	-3.61891399e-007	2.38046866e-008	
4.90876565e+001	4.20890901e-007	-4.20185285e-007	2.43613899e-008	
4.91878354e+001	4.74748213e-007	-4.74089772e-007	2.49950762e-008	
4.92880143e+001	5.28615901e-007	-5.27994259e-007	2.56287625e-008	
4.93881932e+001	5.86432771e-007	-5.85834848e-007	2.64749988e-008	
4.94883721e+001	6.36169806e-007	-6.35598196e-007	2.69621089e-008	
4.95885510e+001	6.79965414e-007	-6.79418643e-007	2.72630163e-008	
4.96887299e+001	7.23764154e-007	-7.23239089e-007	2.75639236e-008	
4.97889088e+001	7.67565489e-007	-7.67059536e-007	2.78648310e-008	
4.98890877e+001	8.12387914e-007	-8.11898897e-007	2.81834087e-008	
4.99892665e+001	8.58701709e-007	-8.58227702e-007	2.85278167e-008	
5.00894454e+001	8.94799804e-007	-8.94338607e-007	2.87253392e-008	
5.01896243e+001	9.27512019e-007	-9.27063121e-007	2.88533175e-008	
5.02898032e+001	9.60225088e-007	-9.59787635e-007	2.89812958e-008	
5.03899821e+001	9.92938929e-007	-9.92512149e-007	2.91092742e-008	
5.04901610e+001	1.02565347e-006	-1.02523666e-006	2.92372525e-008	
5.05903399e+001	1.05836864e-006	-1.05796118e-006	2.93652308e-008	
5.06905188e+001	1.09108438e-006	-1.09068569e-006	2.94932091e-008	
5.07906977e+001	1.12147298e-006	-1.12108326e-006	2.95630345e-008	
5.08908766e+001	1.14818654e-006	-1.14780679e-006	2.95279997e-008	
5.09910555e+001	1.17490057e-006	-1.17453033e-006	2.94929649e-008	
5.10912343e+001	1.20161501e-006	-1.20125387e-006	2.94579300e-008	
5.11914132e+001	1.22313970e-006	-1.22278568e-006	2.94262526e-008	
5.12915921e+001	1.24334681e-006	-1.24299930e-006	2.93943753e-008	
5.13917710e+001	1.26020187e-006	-1.25986146e-006	2.92893219e-008	
5.14919499e+001	1.27705713e-006	-1.27672361e-006	2.91842685e-008	
5.15921288e+001	1.29512651e-006	-1.29479854e-006	2.91450296e-008	
5.16923077e+001	1.31332305e-006	-1.31300033e-006	2.91126762e-008	
5.17924866e+001	1.33151973e-006	-1.33120213e-006	2.90803227e-008	
5.18926655e+001	1.34808540e-006	-1.34777334e-006	2.90045525e-008	
5.19928444e+001	1.36236328e-006	-1.36205610e-006	2.89291313e-008	
5.20930233e+001	1.37608439e-006	-1.37578161e-006	2.88651818e-008	
5.21932021e+001	1.38980559e-006	-1.38950713e-006	2.88012324e-008	
5.22933810e+001	1.39849517e-006	-1.39820071e-006	2.86967547e-008	
5.23935599e+001	1.40813203e-006	-1.40784132e-006	2.86117264e-008	
5.24937388e+001	1.41874134e-006	-1.41845418e-006	2.85436776e-008	
5.25939177e+001	1.42935072e-006	-1.42906704e-006	2.84756287e-008	
5.26940966e+001	1.43993500e-006	-1.43965476e-006	2.84072488e-008	
5.27942755e+001	1.44816952e-006	-1.44789211e-006	2.83439659e-008	
5.28944544e+001	1.45633154e-006	-1.45605689e-006	2.82824949e-008	
5.29946333e+001	1.46449359e-006	-1.46422166e-006	2.82210239e-008	
5.30948122e+001	1.47265568e-006	-1.47238643e-006	2.81595528e-008	
5.31949911e+001	1.48025099e-006	-1.47998436e-006	2.80941269e-008	
5.32951699e+001	1.48655493e-006	-1.48629083e-006	2.80196905e-008	
5.33953488e+001	1.49285889e-006	-1.49259731e-006	2.79452540e-008	
5.34955277e+001	1.49916288e-006	-1.49890379e-006	2.78708176e-008	
5.35957066e+001	1.50629920e-006	-1.50604248e-006	2.78087410e-008	
5.36958855e+001	1.51287356e-006	-1.51261876e-006	2.77645548e-008	
5.37960644e+001	1.51692262e-006	-1.51666927e-006	2.77229365e-008	
5.38962433e+001	1.52108042e-006	-1.52082861e-006	2.76763777e-008	
5.39964222e+001	1.52531498e-006	-1.52506478e-006	2.76263319e-008	
5.40966011e+001	1.52954955e-006	-1.52930094e-006	2.75762860e-008	
5.41967800e+001	1.53323519e-006	-1.53298801e-006	2.75305677e-008	
5.42969589e+001	1.53660242e-006	-1.53635654e-006	2.74873597e-008	
5.43971377e+001	1.53988964e-006	-1.53964493e-006	2.74516667e-008	
5.44973166e+001	1.54312948e-006	-1.54288583e-006	2.74204246e-008	
5.45974955e+001	1.54636932e-006	-1.54612674e-006	2.73891825e-008	
5.46976744e+001	1.54873607e-006	-1.54849443e-006	2.73574395e-008	
5.47978533e+001	1.55081502e-006	-1.55057426e-006	2.73255314e-008	
5.48980322e+001	1.55289397e-006	-1.55265410e-006	2.72936233e-008	
5.49982111e+001	1.55433080e-006	-1.55409157e-006	2.72694667e-008	
5.50983900e+001	1.55534347e-006	-1.55510473e-006	2.72504302e-008	
5.51985689e+001	1.55635614e-006	-1.55611788e-006	2.72313938e-008	
5.52987478e+001	1.55736881e-006	-1.55713104e-006	2.72123573e-008	
5.53989267e+001	1.55838148e-006	-1.55814420e-006	2.71933209e-008	
5.54991055e+001	1.56014789e-006	-1.55991113e-006	2.71787289e-008	
5.55992844e+001	1.56195126e-006	-1.56171503e-006	2.71643505e-008	
5.56994633e+001	1.56356898e-006	-1.56333321e-006	2.71521404e-008	
5.57996422e+001	1.56366346e-006	-1.56342777e-006	2.71481675e-008	
5.58998211e+001	1.56411176e-006	-1.56387620e-006	2.71444033e-008	
5.60000000e+001	1.56395448e-006	-1.56371890e-006	2.71444675e-008	
