% Column 0: Length, cm
% Column 1: |B.n|, Tesla
% Column 2: Re[B.n], Tesla
% Column 3: Im[B.n], Tesla
0.00000000e+000	1.18616680e-009	-1.18615130e-009	-6.06419645e-012	
1.00178891e-001	1.86070371e-008	-1.86067988e-008	-9.41706244e-011	
2.00357782e-001	3.66301733e-008	-3.66297097e-008	-1.84299125e-010	
3.00536673e-001	5.53338525e-008	-5.53331418e-008	-2.80456078e-010	
4.00715564e-001	7.56645202e-008	-7.56635548e-008	-3.82215232e-010	
5.00894454e-001	9.52303348e-008	-9.52291322e-008	-4.78581180e-010	
6.01073345e-001	1.15077009e-007	-1.15075573e-007	-5.74909479e-010	
7.01252236e-001	1.34646169e-007	-1.34644517e-007	-6.67086481e-010	
8.01431127e-001	1.54163371e-007	-1.54161505e-007	-7.58477515e-010	
9.01610018e-001	1.73070230e-007	-1.73068189e-007	-8.40636024e-010	
1.00178891e+000	1.91977090e-007	-1.91974872e-007	-9.22794534e-010	
1.10196780e+000	2.11330656e-007	-2.11328277e-007	-1.00278345e-009	
1.20214669e+000	2.32087166e-007	-2.32084662e-007	-1.07811293e-009	
1.30232558e+000	2.54922499e-007	-2.54919906e-007	-1.14995853e-009	
1.40250447e+000	2.77295244e-007	-2.77292541e-007	-1.22441691e-009	
1.50268336e+000	2.99667991e-007	-2.99665176e-007	-1.29887528e-009	
1.60286225e+000	3.23152845e-007	-3.23149960e-007	-1.36561116e-009	
1.70304114e+000	3.49174770e-007	-3.49171904e-007	-1.41472957e-009	
1.80322004e+000	3.75196704e-007	-3.75193848e-007	-1.46384797e-009	
1.90339893e+000	3.98993309e-007	-3.98990357e-007	-1.53498413e-009	
2.00357782e+000	4.25335882e-007	-4.25332926e-007	-1.58571468e-009	
2.10375671e+000	4.54027040e-007	-4.54024159e-007	-1.61748080e-009	
2.20393560e+000	4.82516690e-007	-4.82513871e-007	-1.64928842e-009	
2.30411449e+000	5.08978898e-007	-5.08976120e-007	-1.68151346e-009	
2.40429338e+000	5.36374697e-007	-5.36371979e-007	-1.70776008e-009	
2.50447227e+000	5.69975450e-007	-5.69972906e-007	-1.70275430e-009	
2.60465116e+000	6.04399593e-007	-6.04397139e-007	-1.72216973e-009	
2.70483005e+000	6.38823746e-007	-6.38821372e-007	-1.74158516e-009	
2.80500894e+000	6.73247908e-007	-6.73245604e-007	-1.76100059e-009	
2.90518784e+000	7.07652983e-007	-7.07650866e-007	-1.73098219e-009	
3.00536673e+000	7.42045099e-007	-7.42043226e-007	-1.66734266e-009	
3.10554562e+000	7.76437241e-007	-7.76435585e-007	-1.60370313e-009	
3.20572451e+000	8.10829407e-007	-8.10827944e-007	-1.54006360e-009	
3.30590340e+000	8.45594374e-007	-8.45593059e-007	-1.49101991e-009	
3.40608229e+000	8.93352769e-007	-8.93351672e-007	-1.40039276e-009	
3.50626118e+000	9.40490776e-007	-9.40489948e-007	-1.24809404e-009	
3.60644007e+000	9.87628831e-007	-9.87628223e-007	-1.09579531e-009	
3.70661896e+000	1.03476693e-006	-1.03476650e-006	-9.43496589e-010	
3.80679785e+000	1.08005268e-006	-1.08005238e-006	-8.02812575e-010	
3.90697674e+000	1.12477968e-006	-1.12477949e-006	-6.61819981e-010	
4.00715564e+000	1.17247202e-006	-1.17247192e-006	-4.84898516e-010	
4.10733453e+000	1.22016439e-006	-1.22016435e-006	-3.07977051e-010	
4.20751342e+000	1.26785679e-006	-1.26785678e-006	-1.31055587e-010	
4.30769231e+000	1.32102049e-006	-1.32102049e-006	6.76646459e-011	
4.40787120e+000	1.39579638e-006	-1.39579634e-006	3.52492389e-010	
4.50805009e+000	1.46501888e-006	-1.46501869e-006	7.44710408e-010	
4.60822898e+000	1.52456643e-006	-1.52456586e-006	1.32402130e-009	
4.70840787e+000	1.58414229e-006	-1.58414115e-006	1.89763170e-009	
4.80858676e+000	1.64745880e-006	-1.64745710e-006	2.36384999e-009	
4.90876565e+000	1.71304466e-006	-1.71304239e-006	2.78622282e-009	
5.00894454e+000	1.77803539e-006	-1.77803258e-006	3.16001074e-009	
5.10912343e+000	1.84302615e-006	-1.84302277e-006	3.53379866e-009	
5.20930233e+000	1.92011587e-006	-1.92011145e-006	4.11973304e-009	
5.30948122e+000	1.99056064e-006	-1.99055470e-006	4.86409178e-009	
5.40966011e+000	2.05866586e-006	-2.05865820e-006	5.61470723e-009	
5.50983900e+000	2.12677122e-006	-2.12676170e-006	6.36532269e-009	
5.61001789e+000	2.19487674e-006	-2.19486520e-006	7.11593814e-009	
5.71019678e+000	2.30733977e-006	-2.30732494e-006	8.27238808e-009	
5.81037567e+000	2.40787459e-006	-2.40785540e-006	9.61129488e-009	
5.91055456e+000	2.49605891e-006	-2.49603608e-006	1.06755104e-008	
6.01073345e+000	2.58245360e-006	-2.58242710e-006	1.16999191e-008	
6.11091234e+000	2.64572750e-006	-2.64569733e-006	1.26342879e-008	
6.21109123e+000	2.69738160e-006	-2.69734770e-006	1.35234050e-008	
6.31127013e+000	2.74903585e-006	-2.74899807e-006	1.44125221e-008	
6.41144902e+000	2.80220810e-006	-2.80216621e-006	1.53228140e-008	
6.51162791e+000	2.87410684e-006	-2.87405951e-006	1.64943455e-008	
6.61180680e+000	2.94600577e-006	-2.94595280e-006	1.76658770e-008	
6.71198569e+000	3.02773377e-006	-3.02767556e-006	1.87741223e-008	
6.81216458e+000	3.10608450e-006	-3.10602263e-006	1.96040982e-008	
6.91234347e+000	3.17844345e-006	-3.17837926e-006	2.02005263e-008	
7.01252236e+000	3.25080242e-006	-3.25073589e-006	2.07969545e-008	
7.11270125e+000	3.33082379e-006	-3.33075933e-006	2.07217399e-008	
7.21288014e+000	3.37839752e-006	-3.37834224e-006	1.93254638e-008	
7.31305903e+000	3.46724804e-006	-3.46721255e-006	1.56883563e-008	
7.41323792e+000	3.55803340e-006	-3.55801475e-006	1.15187288e-008	
7.51341682e+000	3.75616215e-006	-3.75616191e-006	-1.33508673e-009	
7.61359571e+000	3.96278816e-006	-3.96263829e-006	-3.44644454e-008	
7.71377460e+000	4.45086048e-006	-4.44855364e-006	-1.43281171e-007	
7.81395349e+000	4.07892935e-006	-4.07187863e-006	2.39727001e-007	
7.91413238e+000	4.30360816e-007	-2.69440589e-007	3.35577414e-007	
8.01431127e+000	1.18201009e-007	-6.26023046e-008	1.00261807e-007	
8.11449016e+000	7.01695263e-008	-5.28353844e-008	4.61755842e-008	
8.21466905e+000	5.71522812e-008	-4.71507813e-008	3.22984065e-008	
8.31484794e+000	3.16924405e-008	-2.11658613e-008	2.35884951e-008	
8.41502683e+000	4.56798782e-008	-4.26277299e-008	1.64173054e-008	
8.51520572e+000	1.11478704e-008	-6.95095503e-009	8.71545976e-009	
8.61538462e+000	3.05917489e-008	-2.74265819e-008	1.35512992e-008	
8.71556351e+000	7.91109059e-009	-5.00692073e-009	6.12503871e-009	
8.81574240e+000	1.64861798e-008	-1.60029892e-008	3.96212826e-009	
8.91592129e+000	5.43911189e-009	-5.22953124e-009	1.49530637e-009	
9.01610018e+000	1.09962073e-008	9.99442582e-009	4.58563260e-009	
9.11627907e+000	6.52623598e-009	6.49371485e-009	6.50709932e-010	
9.21645796e+000	2.85167598e-009	-1.24078148e-009	-2.56758977e-009	
9.31663685e+000	5.52438489e-009	1.81004160e-009	-5.21944229e-009	
9.41681574e+000	5.82809183e-010	4.36001093e-010	3.86742279e-010	
9.51699463e+000	7.94008420e-009	4.75807574e-009	-6.35654405e-009	
9.61717352e+000	1.90368394e-008	1.52497496e-008	-1.13950160e-008	
9.71735242e+000	2.57020862e-008	1.60451994e-008	-2.00785659e-008	
9.81753131e+000	5.95105093e-008	3.94803151e-008	-4.45287035e-008	
9.91771020e+000	5.84994606e-007	5.50368516e-007	-1.98275530e-007	
1.00178891e+001	9.42738658e-007	9.41647257e-007	4.53499918e-008	
1.01180680e+001	6.87249050e-007	6.87198868e-007	-8.30497919e-009	
1.02182469e+001	5.94385807e-007	5.94047129e-007	-2.00623187e-008	
1.03184258e+001	5.31376337e-007	5.30665013e-007	-2.74855609e-008	
1.04186047e+001	5.31903610e-007	5.30933706e-007	-3.21068619e-008	
1.05187835e+001	5.44253857e-007	5.43039026e-007	-3.63438654e-008	
1.06189624e+001	5.88786244e-007	5.87496503e-007	-3.89499708e-008	
1.07191413e+001	6.34638714e-007	6.33286295e-007	-4.14097293e-008	
1.08193202e+001	6.96317862e-007	6.94930082e-007	-4.39402561e-008	
1.09194991e+001	7.43164219e-007	7.41777302e-007	-4.53816179e-008	
1.10196780e+001	7.58990519e-007	7.57487914e-007	-4.77353977e-008	
1.11198569e+001	7.51831372e-007	7.50060675e-007	-5.15693345e-008	
1.12200358e+001	7.20017928e-007	7.17751824e-007	-5.70800823e-008	
1.13202147e+001	7.32399980e-007	7.29452542e-007	-6.56408304e-008	
1.14203936e+001	7.93491335e-007	7.89902672e-007	-7.53808169e-008	
1.15205725e+001	8.87037012e-007	8.82624310e-007	-8.83684833e-008	
1.16207513e+001	9.52403180e-007	9.47098018e-007	-1.00385061e-007	
1.17209302e+001	1.09349846e-006	1.08723097e-006	-1.16908942e-007	
1.18211091e+001	1.33634694e-006	1.32865093e-006	-1.43212631e-007	
1.19212880e+001	1.63226021e-006	1.62287323e-006	-1.74802373e-007	
1.20214669e+001	1.94943482e-006	1.93824365e-006	-2.08584911e-007	
1.21216458e+001	2.38786847e-006	2.37557191e-006	-2.42020529e-007	
1.22218247e+001	3.14265911e-006	3.12877274e-006	-2.95105831e-007	
1.23220036e+001	3.70442931e-006	3.69032934e-006	-3.22902193e-007	
1.24221825e+001	4.06049351e-006	4.04749934e-006	-3.24586848e-007	
1.25223614e+001	4.34953385e-006	4.33843719e-006	-3.10495505e-007	
1.26225403e+001	4.58678056e-006	4.57639961e-006	-3.08419375e-007	
1.27227191e+001	3.95685041e-006	3.94599628e-006	-2.92879750e-007	
1.28228980e+001	3.11685219e-006	3.10499833e-006	-2.71574885e-007	
1.29230769e+001	2.19170397e-006	2.17813435e-006	-2.43509839e-007	
1.30232558e+001	1.46529383e-006	1.44883673e-006	-2.18993462e-007	
1.31234347e+001	1.99881628e-007	-1.13275064e-007	-1.64685838e-007	
1.32236136e+001	8.12615996e-007	-8.04414114e-007	-1.15163751e-007	
1.33237925e+001	1.14805470e-006	-1.14620694e-006	-6.51094355e-008	
1.34239714e+001	1.99929553e-006	-1.99890155e-006	3.96884877e-008	
1.35241503e+001	7.38764522e-007	-7.22883577e-007	1.52356007e-007	
1.36243292e+001	3.84569458e-007	3.55881472e-007	1.45746511e-007	
1.37245081e+001	2.05990600e-006	2.05990584e-006	-8.00124027e-010	
1.38246869e+001	3.13331691e-006	3.13136352e-006	-1.10622631e-007	
1.39248658e+001	3.99073691e-006	3.98477899e-006	-2.17984965e-007	
1.40250447e+001	5.36969250e-006	5.35759209e-006	-3.60283962e-007	
1.41252236e+001	6.33116262e-006	6.31454834e-006	-4.58365970e-007	
1.42254025e+001	7.09029359e-006	7.06903179e-006	-5.48682818e-007	
1.43255814e+001	8.47084566e-006	8.44399751e-006	-6.73893358e-007	
1.44257603e+001	1.05928306e-005	1.05616384e-005	-8.12313931e-007	
1.45259392e+001	1.20723515e-005	1.20348954e-005	-9.50243985e-007	
1.46261181e+001	1.41981260e-005	1.41490414e-005	-1.17957972e-006	
1.47262970e+001	1.71193777e-005	1.70565408e-005	-1.46543885e-006	
1.48264758e+001	1.98122475e-005	1.97345376e-005	-1.75304695e-006	
1.49266547e+001	2.62351028e-005	2.61358649e-005	-2.27973392e-006	
1.50268336e+001	3.47164281e-005	3.46044533e-005	-2.78607055e-006	
1.51270125e+001	4.30397020e-005	4.28857872e-005	-3.63664731e-006	
1.52271914e+001	5.79639768e-005	5.77863704e-005	-4.53409286e-006	
1.53273703e+001	8.41637471e-005	8.39878836e-005	-5.43798940e-006	
1.54275492e+001	1.16070246e-004	1.15987488e-004	-4.38230803e-006	
1.55277281e+001	1.43237230e-004	1.43216830e-004	-2.41736303e-006	
1.56279070e+001	1.65617307e-004	1.65616977e-004	3.30443464e-007	
1.57280859e+001	1.77887607e-004	1.77878564e-004	1.79363779e-006	
1.58282648e+001	1.79206008e-004	1.79191984e-004	2.24192833e-006	
1.59284436e+001	1.80069262e-004	1.80051224e-004	2.54867822e-006	
1.60286225e+001	1.72394814e-004	1.72379913e-004	2.26659845e-006	
1.61288014e+001	1.68970429e-004	1.68957917e-004	2.05622484e-006	
1.62289803e+001	1.68902727e-004	1.68890243e-004	2.05353852e-006	
1.63291592e+001	1.68835026e-004	1.68822570e-004	2.05085220e-006	
1.64293381e+001	1.68589279e-004	1.68577795e-004	1.96775735e-006	
1.65295170e+001	1.68265857e-004	1.68255692e-004	1.84955306e-006	
1.66296959e+001	1.67942512e-004	1.67933588e-004	1.73134878e-006	
1.67298748e+001	1.67871982e-004	1.67864052e-004	1.63162794e-006	
1.68300537e+001	1.69115732e-004	1.69108253e-004	1.59043897e-006	
1.69302326e+001	1.70823048e-004	1.70816182e-004	1.53156841e-006	
1.70304114e+001	1.72530398e-004	1.72524112e-004	1.47269785e-006	
1.71305903e+001	1.74237778e-004	1.74232042e-004	1.41382729e-006	
1.72307692e+001	1.75762399e-004	1.75757205e-004	1.35123940e-006	
1.73309481e+001	1.79242527e-004	1.79237590e-004	1.33028675e-006	
1.74311270e+001	1.83501595e-004	1.83496821e-004	1.32370853e-006	
1.75313059e+001	1.87760671e-004	1.87756051e-004	1.31713031e-006	
1.76314848e+001	1.92019754e-004	1.92015282e-004	1.31055209e-006	
1.77316637e+001	1.96278844e-004	1.96274512e-004	1.30397387e-006	
1.78318426e+001	2.00537939e-004	2.00533743e-004	1.29739566e-006	
1.79320215e+001	2.04797041e-004	2.04792973e-004	1.29081744e-006	
1.80322004e+001	2.11084316e-004	2.11080299e-004	1.30218152e-006	
1.81323792e+001	2.15599569e-004	2.15595819e-004	1.27154076e-006	
1.82325581e+001	2.19760234e-004	2.19756766e-004	1.23465616e-006	
1.83327370e+001	2.23920917e-004	2.23917713e-004	1.19777157e-006	
1.84329159e+001	2.29425969e-004	2.29423099e-004	1.14761427e-006	
1.85330948e+001	2.37127802e-004	2.37125362e-004	1.07576875e-006	
1.86332737e+001	2.44829684e-004	2.44827625e-004	1.00392323e-006	
1.87334526e+001	2.52639617e-004	2.52637860e-004	9.42116504e-007	
1.88336315e+001	2.62381910e-004	2.62380188e-004	9.50662191e-007	
1.89338104e+001	2.69480157e-004	2.69479182e-004	7.24919945e-007	
1.90339893e+001	2.76522741e-004	2.76522297e-004	4.95813475e-007	
1.91341682e+001	2.83565538e-004	2.83565412e-004	2.66707005e-007	
1.92343470e+001	2.92336238e-004	2.92336231e-004	6.60167135e-008	
1.93345259e+001	3.01451466e-004	3.01450973e-004	-5.44690743e-007	
1.94347048e+001	3.04724708e-004	3.04721716e-004	-1.35017647e-006	
1.95348837e+001	3.06729853e-004	3.06724040e-004	-1.88834155e-006	
1.96350626e+001	3.08735899e-004	3.08726363e-004	-2.42650663e-006	
1.97352415e+001	3.10742829e-004	3.10728687e-004	-2.96467170e-006	
1.98354204e+001	3.12750627e-004	3.12731010e-004	-3.50283678e-006	
1.99355993e+001	3.06438084e-004	3.06399214e-004	-4.88065111e-006	
2.00357782e+001	2.95098512e-004	2.95044027e-004	-5.67045825e-006	
2.01359571e+001	2.83451134e-004	2.83380293e-004	-6.33678587e-006	
2.02361360e+001	2.73295353e-004	2.73208166e-004	-6.90277632e-006	
2.03363148e+001	2.63991187e-004	2.63887128e-004	-7.41151584e-006	
2.04364937e+001	2.54689271e-004	2.54566090e-004	-7.92025535e-006	
2.05366726e+001	2.36579608e-004	2.36445092e-004	-7.97681756e-006	
2.06368515e+001	2.13077515e-004	2.12936290e-004	-7.75653283e-006	
2.07370304e+001	1.90407095e-004	1.90258223e-004	-7.52796950e-006	
2.08372093e+001	1.71011766e-004	1.70865601e-004	-7.06898551e-006	
2.09373882e+001	1.49808058e-004	1.49672699e-004	-6.36690180e-006	
2.10375671e+001	1.28604620e-004	1.28479797e-004	-5.66481810e-006	
2.11377460e+001	1.09669876e-004	1.09556759e-004	-4.97979460e-006	
2.12379249e+001	8.41279626e-005	8.40415074e-005	-3.81302115e-006	
2.13381038e+001	5.85860500e-005	5.85262559e-005	-2.64624771e-006	
2.14382826e+001	3.45517102e-005	3.45165988e-005	-1.55726780e-006	
2.15384615e+001	1.10573472e-005	1.10462103e-005	-4.96151692e-007	
2.16386404e+001	1.31104386e-005	-1.30943174e-005	6.49963782e-007	
2.17388193e+001	3.82388671e-005	-3.81919265e-005	1.89412478e-006	
2.18389982e+001	6.08403856e-005	-6.07695489e-005	2.93503899e-006	
2.19391771e+001	8.02148739e-005	-8.01276968e-005	3.73874134e-006	
2.20393560e+001	9.98192810e-005	-9.97153789e-005	4.55324748e-006	
2.21395349e+001	1.19571596e-004	-1.19450739e-004	5.37470460e-006	
2.22397138e+001	1.38076225e-004	-1.37942153e-004	6.08329992e-006	
2.23398927e+001	1.61215330e-004	-1.61074278e-004	6.74236421e-006	
2.24400716e+001	1.86596121e-004	-1.86447198e-004	7.45349900e-006	
2.25402504e+001	2.11977413e-004	-2.11820118e-004	8.16463380e-006	
2.26404293e+001	2.26347982e-004	-2.26196760e-004	8.27252878e-006	
2.27406082e+001	2.37021656e-004	-2.36890639e-004	7.87977630e-006	
2.28407871e+001	2.48468291e-004	-2.48357076e-004	7.43334281e-006	
2.29409660e+001	2.59917439e-004	-2.59823513e-004	6.98690931e-006	
2.30411449e+001	2.71397977e-004	-2.71319075e-004	6.54380905e-006	
2.31413238e+001	2.85214590e-004	-2.85144172e-004	6.33747633e-006	
2.32415027e+001	2.93796260e-004	-2.93751103e-004	5.15091412e-006	
2.33416816e+001	3.02384022e-004	-3.02358034e-004	3.96435192e-006	
2.34418605e+001	3.10977372e-004	-3.10964965e-004	2.77778971e-006	
2.35420394e+001	3.16607242e-004	-3.16601672e-004	1.87800640e-006	
2.36422182e+001	3.11346303e-004	-3.11342982e-004	1.43801178e-006	
2.37423971e+001	3.04506712e-004	-3.04505177e-004	9.66973898e-007	
2.38425760e+001	2.97667785e-004	-2.97667372e-004	4.95936014e-007	
2.39427549e+001	2.90829567e-004	-2.90829566e-004	2.48981305e-008	
2.40429338e+001	2.84546302e-004	-2.84546188e-004	-2.55082450e-007	
2.41431127e+001	2.78667469e-004	-2.78667188e-004	-3.95712353e-007	
2.42432916e+001	2.70956845e-004	-2.70956200e-004	-5.91321170e-007	
2.43434705e+001	2.62786655e-004	-2.62785435e-004	-8.00728089e-007	
2.44436494e+001	2.53223177e-004	-2.53221703e-004	-8.63995469e-007	
2.45438283e+001	2.43973861e-004	-2.43972337e-004	-8.62110871e-007	
2.46440072e+001	2.36597232e-004	-2.36595471e-004	-9.12762727e-007	
2.47441860e+001	2.29220629e-004	-2.29218605e-004	-9.63414582e-007	
2.48443649e+001	2.22119403e-004	-2.22117159e-004	-9.98566132e-007	
2.49445438e+001	2.16824299e-004	-2.16822031e-004	-9.91746804e-007	
2.50447227e+001	2.11529196e-004	-2.11526902e-004	-9.84927476e-007	
2.51449016e+001	2.06234094e-004	-2.06231774e-004	-9.78108148e-007	
2.52450805e+001	2.00938994e-004	-2.00936646e-004	-9.71288820e-007	
2.53452594e+001	1.96408860e-004	-1.96406511e-004	-9.60579963e-007	
2.54454383e+001	1.92094352e-004	-1.92092009e-004	-9.48774738e-007	
2.55456172e+001	1.87779845e-004	-1.87777507e-004	-9.36969513e-007	
2.56457961e+001	1.83465338e-004	-1.83463006e-004	-9.25164287e-007	
2.57459750e+001	1.78920693e-004	-1.78918363e-004	-9.12949848e-007	
2.58461538e+001	1.74167891e-004	-1.74165564e-004	-9.00365285e-007	
2.59463327e+001	1.69415091e-004	-1.69412765e-004	-8.87780723e-007	
2.60465116e+001	1.65559960e-004	-1.65557606e-004	-8.82932064e-007	
2.61466905e+001	1.61708248e-004	-1.61705920e-004	-8.67661454e-007	
2.62468694e+001	1.58083980e-004	-1.58081670e-004	-8.54463781e-007	
2.63470483e+001	1.54459712e-004	-1.54457421e-004	-8.41266109e-007	
2.64472272e+001	1.50835444e-004	-1.50833171e-004	-8.28068436e-007	
2.65474061e+001	1.47211177e-004	-1.47208922e-004	-8.14870763e-007	
2.66475850e+001	1.43586910e-004	-1.43584672e-004	-8.01673091e-007	
2.67477639e+001	1.39962644e-004	-1.39960423e-004	-7.88475418e-007	
2.68479428e+001	1.36416893e-004	-1.36414734e-004	-7.67366166e-007	
2.69481216e+001	1.32568183e-004	-1.32566114e-004	-7.40636745e-007	
2.70483005e+001	1.28460946e-004	-1.28458973e-004	-7.11973161e-007	
2.71484794e+001	1.24353709e-004	-1.24351831e-004	-6.83309578e-007	
2.72486583e+001	1.20246472e-004	-1.20244690e-004	-6.54645994e-007	
2.73488372e+001	1.15048606e-004	-1.15047030e-004	-6.02198352e-007	
2.74490161e+001	1.08414260e-004	-1.08413021e-004	-5.18424105e-007	
2.75491950e+001	1.01749345e-004	-1.01748429e-004	-4.31609103e-007	
2.76493739e+001	9.36160621e-005	-9.36155439e-005	-3.11503750e-007	
2.77495528e+001	8.63923487e-005	-8.63920841e-005	-2.13812437e-007	
2.78497317e+001	7.92425602e-005	-7.92424727e-005	-1.17737716e-007	
2.79499106e+001	6.98865925e-005	-6.98865870e-005	2.75670613e-008	
2.80500894e+001	6.02316404e-005	-6.02314332e-005	1.58000861e-007	
2.81502683e+001	5.37501960e-005	-5.37497312e-005	2.23532950e-007	
2.82504472e+001	4.72689130e-005	-4.72680292e-005	2.89065038e-007	
2.83506261e+001	4.02894808e-005	-4.02879372e-005	3.52674127e-007	
2.84508050e+001	3.18009637e-005	-3.17983146e-005	4.10458806e-007	
2.85509839e+001	2.75721638e-005	-2.75692147e-005	4.03260388e-007	
2.86511628e+001	2.33576397e-005	-2.33542852e-005	3.95845836e-007	
2.87513417e+001	1.88356623e-005	-1.88314593e-005	3.97890320e-007	
2.88515206e+001	1.46095927e-005	-1.46038709e-005	4.08846359e-007	
2.89516995e+001	1.32385287e-005	-1.32327880e-005	3.89824819e-007	
2.90518784e+001	1.21182913e-005	-1.21127507e-005	3.66407506e-007	
2.91520572e+001	1.09980630e-005	-1.09927133e-005	3.42990194e-007	
2.92522361e+001	9.87784685e-006	-9.87267601e-006	3.19572882e-007	
2.93524150e+001	8.75764763e-006	-8.75263868e-006	2.96155569e-007	
2.94525939e+001	8.07645458e-006	-8.07128796e-006	2.88841251e-007	
2.95527728e+001	7.41233749e-006	-7.40696546e-006	2.82151991e-007	
2.96529517e+001	6.74826745e-006	-6.74264295e-006	2.75462732e-007	
2.97531306e+001	6.14095267e-006	-6.13508308e-006	2.68431210e-007	
2.98533095e+001	6.18682319e-006	-6.18146401e-006	2.57456600e-007	
2.99534884e+001	6.23272059e-006	-6.22784493e-006	2.46481991e-007	
3.00536673e+001	6.27864427e-006	-6.27422586e-006	2.35507382e-007	
3.01538462e+001	6.07305890e-006	-6.06876397e-006	2.28359872e-007	
3.02540250e+001	5.75163062e-006	-5.74730693e-006	2.22975068e-007	
3.03542039e+001	5.43021109e-006	-5.42584989e-006	2.17590264e-007	
3.04543828e+001	5.15395136e-006	-5.14958741e-006	2.12047450e-007	
3.05545617e+001	5.28003668e-006	-5.27605181e-006	2.05096618e-007	
3.06547406e+001	5.40614865e-006	-5.40251622e-006	1.98145785e-007	
3.07549195e+001	5.53228544e-006	-5.52898062e-006	1.91194952e-007	
3.08550984e+001	5.60713185e-006	-5.60408923e-006	1.84692983e-007	
3.09552773e+001	5.53150592e-006	-5.52859248e-006	1.79507346e-007	
3.10554562e+001	5.56593002e-006	-5.56319347e-006	1.74514544e-007	
3.11556351e+001	5.62990436e-006	-5.62734999e-006	1.69573509e-007	
3.12558140e+001	5.65318869e-006	-5.65080743e-006	1.64066274e-007	
3.13559928e+001	5.65850131e-006	-5.65628636e-006	1.58308924e-007	
3.14561717e+001	5.66382011e-006	-5.66176529e-006	1.52551574e-007	
3.15563506e+001	5.65532440e-006	-5.65341593e-006	1.46909355e-007	
3.16565295e+001	5.60979113e-006	-5.60798032e-006	1.42524431e-007	
3.17567084e+001	5.58527650e-006	-5.58353013e-006	1.39659955e-007	
3.18568873e+001	5.57222772e-006	-5.57055341e-006	1.36588706e-007	
3.19570662e+001	5.55918029e-006	-5.55757668e-006	1.33517456e-007	
3.20572451e+001	5.55096600e-006	-5.54943690e-006	1.30282688e-007	
3.21574240e+001	5.54432608e-006	-5.54287146e-006	1.26994696e-007	
3.22576029e+001	5.53577318e-006	-5.53438938e-006	1.23769661e-007	
3.23577818e+001	5.50507403e-006	-5.50376303e-006	1.20135900e-007	
3.24579606e+001	5.45645646e-006	-5.45522367e-006	1.15981840e-007	
3.25581395e+001	5.40784067e-006	-5.40668431e-006	1.11827780e-007	
3.26583184e+001	5.35922672e-006	-5.35814496e-006	1.07673720e-007	
3.27584973e+001	5.32727833e-006	-5.32625376e-006	1.04476459e-007	
3.28586762e+001	5.30267376e-006	-5.30169753e-006	1.01746328e-007	
3.29588551e+001	5.28604225e-006	-5.28510409e-006	9.95863701e-008	
3.30590340e+001	5.26941138e-006	-5.26851064e-006	9.74264118e-008	
3.31592129e+001	5.24823035e-006	-5.24737632e-006	9.46763534e-008	
3.32593918e+001	5.20723726e-006	-5.20642949e-006	9.17160237e-008	
3.33595707e+001	5.15108953e-006	-5.15032436e-006	8.87826302e-008	
3.34597496e+001	5.09494255e-006	-5.09421922e-006	8.58492368e-008	
3.35599284e+001	5.04610371e-006	-5.04541825e-006	8.31700982e-008	
3.36601073e+001	5.01378879e-006	-5.01314020e-006	8.06430282e-008	
3.37602862e+001	4.98026370e-006	-4.97965180e-006	7.80671299e-008	
3.38604651e+001	4.94673946e-006	-4.94616340e-006	7.54912317e-008	
3.39606440e+001	4.91330641e-006	-4.91276217e-006	7.31278941e-008	
3.40608229e+001	4.88001458e-006	-4.87949667e-006	7.10954799e-008	
3.41610018e+001	4.84693035e-006	-4.84643824e-006	6.90664846e-008	
3.42611807e+001	4.83362299e-006	-4.83315356e-006	6.73639622e-008	
3.43613596e+001	4.82031611e-006	-4.81986888e-006	6.56614398e-008	
3.44615385e+001	4.78203024e-006	-4.78160799e-006	6.35471525e-008	
3.45617174e+001	4.72736837e-006	-4.72697269e-006	6.11629117e-008	
3.46618962e+001	4.67550827e-006	-4.67513603e-006	5.89971130e-008	
3.47620751e+001	4.62509563e-006	-4.62474507e-006	5.69441541e-008	
3.48622540e+001	4.57437372e-006	-4.57404468e-006	5.48655594e-008	
3.49624329e+001	4.52287194e-006	-4.52256464e-006	5.27223725e-008	
3.50626118e+001	4.47175133e-006	-4.47146377e-006	5.07112766e-008	
3.51627907e+001	4.43063671e-006	-4.43036702e-006	4.88849040e-008	
3.52629696e+001	4.40932156e-006	-4.40906685e-006	4.73938019e-008	
3.53631485e+001	4.38817200e-006	-4.38793080e-006	4.60083338e-008	
3.54633274e+001	4.36830789e-006	-4.36807995e-006	4.46251425e-008	
3.55635063e+001	4.35021331e-006	-4.34999836e-006	4.32450854e-008	
3.56636852e+001	4.33211906e-006	-4.33191677e-006	4.18650284e-008	
3.57638640e+001	4.31271741e-006	-4.31252781e-006	4.04393935e-008	
3.58640429e+001	4.27997176e-006	-4.27979723e-006	3.86511718e-008	
3.59642218e+001	4.24973610e-006	-4.24957598e-006	3.68904602e-008	
3.60644007e+001	4.21950097e-006	-4.21935473e-006	3.51297486e-008	
3.61645796e+001	4.18926639e-006	-4.18913349e-006	3.33690370e-008	
3.62647585e+001	4.17876128e-006	-4.17863632e-006	3.23155251e-008	
3.63649374e+001	4.17016417e-006	-4.17004655e-006	3.13210931e-008	
3.64651163e+001	4.16156727e-006	-4.16145677e-006	3.03266611e-008	
3.65652952e+001	4.15297058e-006	-4.15286700e-006	2.93322290e-008	
3.66654741e+001	4.14437410e-006	-4.14427722e-006	2.83377970e-008	
3.67656530e+001	4.13577784e-006	-4.13568745e-006	2.73433650e-008	
3.68658318e+001	4.12701874e-006	-4.12693543e-006	2.62219885e-008	
3.69660107e+001	4.11820456e-006	-4.11812832e-006	2.50575000e-008	
3.70661896e+001	4.10939068e-006	-4.10932121e-006	2.38930115e-008	
3.71663685e+001	4.10204051e-006	-4.10197703e-006	2.28209031e-008	
3.72665474e+001	4.09476217e-006	-4.09470439e-006	2.17533124e-008	
3.73667263e+001	4.08908345e-006	-4.08903109e-006	2.06929000e-008	
3.74669052e+001	4.09987009e-006	-4.09982273e-006	1.97063864e-008	
3.75670841e+001	4.12597664e-006	-4.12593491e-006	1.85573465e-008	
3.76672630e+001	4.16254267e-006	-4.16250673e-006	1.72973470e-008	
3.77674419e+001	4.19910917e-006	-4.19907854e-006	1.60373474e-008	
3.78676208e+001	4.23233400e-006	-4.23230811e-006	1.48053042e-008	
3.79677996e+001	4.25988233e-006	-4.25986056e-006	1.36207470e-008	
3.80679785e+001	4.29564681e-006	-4.29562987e-006	1.20632828e-008	
3.81681574e+001	4.32796535e-006	-4.32795231e-006	1.06251800e-008	
3.82683363e+001	4.36028444e-006	-4.36027476e-006	9.18707728e-009	
3.83685152e+001	4.39260404e-006	-4.39259720e-006	7.74897452e-009	
3.84686941e+001	4.42492415e-006	-4.42491965e-006	6.31087176e-009	
3.85688730e+001	4.49234917e-006	-4.49234674e-006	4.67159579e-009	
3.86690519e+001	4.56507512e-006	-4.56507410e-006	3.04407772e-009	
3.87692308e+001	4.63780168e-006	-4.63780147e-006	1.41655965e-009	
3.88694097e+001	4.71052884e-006	-4.71052883e-006	-2.10958420e-010	
3.89695886e+001	4.84319840e-006	-4.84319707e-006	-3.59152015e-009	
3.90697674e+001	4.99564608e-006	-4.99564038e-006	-7.55042790e-009	
3.91699463e+001	5.14193251e-006	-5.14192134e-006	-1.07194347e-008	
3.92701252e+001	5.27447932e-006	-5.27446537e-006	-1.21276189e-008	
3.93703041e+001	5.40702635e-006	-5.40700941e-006	-1.35358030e-008	
3.94704830e+001	5.53957361e-006	-5.53955345e-006	-1.49439872e-008	
3.95706619e+001	5.67212106e-006	-5.67209749e-006	-1.63521713e-008	
3.96708408e+001	5.96962150e-006	-5.96957350e-006	-2.39402034e-008	
3.97710197e+001	6.32131287e-006	-6.32125523e-006	-2.69948342e-008	
3.98711986e+001	6.56519337e-006	-6.56513939e-006	-2.66224235e-008	
3.99713775e+001	6.77678252e-006	-6.77673521e-006	-2.53209785e-008	
4.00715564e+001	7.02997321e-006	-7.02994031e-006	-2.15063424e-008	
4.01717352e+001	7.28366285e-006	-7.28365306e-006	-1.19427527e-008	
4.02719141e+001	6.95114130e-006	-6.95108425e-006	2.81621404e-008	
4.03720930e+001	6.87969455e-006	-6.87943687e-006	5.95440283e-008	
4.04722719e+001	5.93529579e-006	-5.93218380e-006	1.92175709e-007	
4.05724508e+001	4.66791478e-006	-4.65961387e-006	2.78257093e-007	
4.06726297e+001	3.30079268e-006	-3.28918707e-006	2.76551389e-007	
4.07728086e+001	2.33130121e-006	-2.32007310e-006	2.28530443e-007	
4.08729875e+001	1.78611294e-006	-1.77711807e-006	1.79027404e-007	
4.09731664e+001	1.33775945e-006	-1.33060269e-006	1.38191230e-007	
4.10733453e+001	9.77336166e-007	-9.72042477e-007	1.01584468e-007	
4.11735242e+001	8.20331505e-007	-8.16067874e-007	8.35284497e-008	
4.12737030e+001	6.59711551e-007	-6.56338007e-007	6.66314570e-008	
4.13738819e+001	5.61990241e-007	-5.59418916e-007	5.36982968e-008	
4.14740608e+001	4.49853054e-007	-4.47767241e-007	4.32697172e-008	
4.15742397e+001	3.80149888e-007	-3.78533856e-007	3.50150917e-008	
4.16744186e+001	3.10062785e-007	-3.08813340e-007	2.78074085e-008	
4.17745975e+001	2.61474554e-007	-2.60522000e-007	2.22986547e-008	
4.18747764e+001	2.18970616e-007	-2.18310066e-007	1.69954567e-008	
4.19749553e+001	1.74242144e-007	-1.73853906e-007	1.16251517e-008	
4.20751342e+001	1.37637228e-007	-1.37519345e-007	5.69527686e-009	
4.21753131e+001	9.10374593e-008	-9.10335917e-008	-8.39153313e-010	
4.22754919e+001	2.04551187e-008	-1.64578413e-008	-1.21470713e-008	
4.23756708e+001	6.89886713e-008	6.61102867e-008	-1.97197047e-008	
4.24758497e+001	1.44451109e-007	1.42954997e-007	-2.07362391e-008	
4.25760286e+001	1.95715143e-007	1.94978156e-007	-1.69686775e-008	
4.26762075e+001	1.91703095e-007	1.91434788e-007	-1.01389548e-008	
4.27763864e+001	1.59696975e-007	1.59656615e-007	-3.59014487e-009	
4.28765653e+001	5.88528893e-008	5.86806852e-008	4.49886289e-009	
4.29767442e+001	2.32155439e-008	-2.11241105e-008	9.62982009e-009	
4.30769231e+001	1.14766398e-007	-1.13816682e-007	1.47339380e-008	
4.31771020e+001	1.97622520e-007	-1.96692288e-007	1.91521278e-008	
4.32772809e+001	2.32813197e-007	-2.31871101e-007	2.09231178e-008	
4.33774597e+001	2.71058666e-007	-2.70101940e-007	2.27539481e-008	
4.34776386e+001	2.51306534e-007	-2.50209734e-007	2.34534232e-008	
4.35778175e+001	2.38749029e-007	-2.37572288e-007	2.36750224e-008	
4.36779964e+001	2.06794931e-007	-2.05537541e-007	2.27697710e-008	
4.37781753e+001	1.67910087e-007	-1.66658309e-007	2.04647337e-008	
4.38783542e+001	1.35044682e-007	-1.33898580e-007	1.75566602e-008	
4.39785331e+001	1.05764406e-007	-1.04827304e-007	1.40479858e-008	
4.40787120e+001	8.35487114e-008	-8.27933045e-008	1.12096340e-008	
4.41788909e+001	6.61294546e-008	-6.54881185e-008	9.18755115e-009	
4.42790698e+001	5.46285815e-008	-5.40944606e-008	7.62044890e-009	
4.43792487e+001	4.42621660e-008	-4.38122968e-008	6.29459960e-009	
4.44794275e+001	3.56995766e-008	-3.53289415e-008	5.13085428e-009	
4.45796064e+001	3.34467180e-008	-3.31388823e-008	4.52740844e-009	
4.46797853e+001	3.16262845e-008	-3.13771203e-008	3.96209440e-009	
4.47799642e+001	3.12314024e-008	-3.10377749e-008	3.47232326e-009	
4.48801431e+001	3.08104036e-008	-3.06478623e-008	3.16061844e-009	
4.49803220e+001	3.01627278e-008	-3.00291253e-008	2.83580355e-009	
4.50805009e+001	2.97434084e-008	-2.96244578e-008	2.65741353e-009	
4.51806798e+001	2.76697396e-008	-2.75697464e-008	2.35022810e-009	
4.52808587e+001	2.47873446e-008	-2.46838646e-008	2.26258370e-009	
4.53810376e+001	2.26139200e-008	-2.25131871e-008	2.13208461e-009	
4.54812165e+001	2.15713543e-008	-2.14887459e-008	1.88603503e-009	
4.55813953e+001	2.16042888e-008	-2.15425303e-008	1.63238615e-009	
4.56815742e+001	2.20616289e-008	-2.20168426e-008	1.40503024e-009	
4.57817531e+001	2.75395432e-008	-2.75193146e-008	1.05535110e-009	
4.58819320e+001	3.48841579e-008	-3.48805026e-008	5.04986286e-010	
4.59821109e+001	5.34854476e-008	-5.34179716e-008	-2.68577991e-009	
4.60822898e+001	3.49184297e-008	-3.28781785e-008	1.17610422e-008	
4.61824687e+001	2.72162585e-009	-1.81596472e-009	2.02719496e-009	
4.62826476e+001	4.09848721e-010	2.23648581e-010	3.43449103e-010	
4.63828265e+001	1.23468446e-009	-1.21374225e-009	2.26440853e-010	
4.64830054e+001	5.53691852e-010	4.57489180e-010	-3.11894721e-010	
4.65831843e+001	2.45125564e-009	2.39221231e-009	-5.34765799e-010	
4.66833631e+001	6.67513701e-010	2.87314480e-010	-6.02515503e-010	
4.67835420e+001	1.08435653e-009	6.77358483e-010	-8.46767124e-010	
4.68837209e+001	1.62394915e-009	1.33959230e-009	-9.17988722e-010	
4.69838998e+001	1.47031781e-009	1.30476772e-009	-6.77802075e-010	
4.70840787e+001	3.52101485e-009	2.87681488e-009	-2.03014328e-009	
4.71842576e+001	1.58062480e-009	6.93025853e-010	-1.42059492e-009	
4.72844365e+001	3.96980895e-009	3.25435882e-009	-2.27344052e-009	
4.73846154e+001	3.02334602e-009	3.13715447e-010	-3.00702574e-009	
4.74847943e+001	7.18294479e-009	6.40831175e-009	-3.24472437e-009	
4.75849732e+001	6.83918778e-009	5.21336029e-009	-4.42666510e-009	
4.76851521e+001	5.12691356e-009	3.08003636e-009	-4.09861180e-009	
4.77853309e+001	1.84344221e-008	1.62436043e-008	-8.71626291e-009	
4.78855098e+001	1.71734658e-008	1.22208937e-008	-1.20655578e-008	
4.79856887e+001	3.33589372e-008	2.13355900e-008	-2.56439328e-008	
4.80858676e+001	1.08821849e-007	6.83932497e-008	-8.46437129e-008	
4.81860465e+001	1.03716147e-006	1.03527302e-006	-6.25595678e-008	
4.82862254e+001	1.14629420e-006	1.14563406e-006	3.88970700e-008	
4.83864043e+001	1.01255545e-006	1.01251027e-006	9.56456905e-009	
4.84865832e+001	9.51474706e-007	9.51474703e-007	7.90843824e-011	
4.85867621e+001	9.31009226e-007	9.31006234e-007	-2.36032967e-009	
4.86869410e+001	8.96221211e-007	8.96206953e-007	-5.05535718e-009	
4.87871199e+001	8.68362173e-007	8.68347385e-007	-5.06777484e-009	
4.88872987e+001	8.57096386e-007	8.57079689e-007	-5.34987574e-009	
4.89874776e+001	8.45830743e-007	8.45811993e-007	-5.63197663e-009	
4.90876565e+001	8.35387920e-007	8.35369089e-007	-5.60911142e-009	
4.91878354e+001	8.25306616e-007	8.25288606e-007	-5.45224096e-009	
4.92880143e+001	8.15225322e-007	8.15208124e-007	-5.29537050e-009	
4.93881932e+001	8.03065400e-007	8.03049122e-007	-5.11313182e-009	
4.94883721e+001	7.80158669e-007	7.80144109e-007	-4.76625842e-009	
4.95885510e+001	7.58406170e-007	7.58392851e-007	-4.49473052e-009	
4.96887299e+001	7.36653699e-007	7.36641593e-007	-4.22320262e-009	
4.97889088e+001	7.14901256e-007	7.14890334e-007	-3.95167472e-009	
4.98890877e+001	6.92967044e-007	6.92957284e-007	-3.67768852e-009	
4.99892665e+001	6.70767110e-007	6.70758492e-007	-3.40010880e-009	
5.00894454e+001	6.54336911e-007	6.54329146e-007	-3.18784973e-009	
5.01896243e+001	6.37493360e-007	6.37486360e-007	-2.98746501e-009	
5.02898032e+001	6.20649831e-007	6.20643573e-007	-2.78708029e-009	
5.03899821e+001	6.03806328e-007	6.03800787e-007	-2.58669556e-009	
5.04901610e+001	5.86962852e-007	5.86958001e-007	-2.38631084e-009	
5.05903399e+001	5.70119405e-007	5.70115215e-007	-2.18592612e-009	
5.06905188e+001	5.53275991e-007	5.53272428e-007	-1.98554140e-009	
5.07906977e+001	5.35684756e-007	5.35681742e-007	-1.79695761e-009	
5.08908766e+001	5.16439102e-007	5.16436550e-007	-1.62377459e-009	
5.09910555e+001	4.97193473e-007	4.97191357e-007	-1.45059157e-009	
5.10912343e+001	4.77947871e-007	4.77946164e-007	-1.27740855e-009	
5.11914132e+001	4.62640563e-007	4.62639119e-007	-1.15591226e-009	
5.12915921e+001	4.48227780e-007	4.48226557e-007	-1.04717233e-009	
5.13917710e+001	4.28810214e-007	4.28809172e-007	-9.45529981e-010	
5.14919499e+001	4.09392656e-007	4.09391787e-007	-8.43887637e-010	
5.15921288e+001	3.91758657e-007	3.91757956e-007	-7.41540414e-010	
5.16923077e+001	3.74311262e-007	3.74310716e-007	-6.39119450e-010	
5.17924866e+001	3.56863880e-007	3.56863477e-007	-5.36698485e-010	
5.18926655e+001	3.41939221e-007	3.41938929e-007	-4.46507690e-010	
5.19928444e+001	3.31226207e-007	3.31225982e-007	-3.86023437e-010	
5.20930233e+001	3.21663430e-007	3.21663255e-007	-3.35103130e-010	
5.21932021e+001	3.12100658e-007	3.12100528e-007	-2.84182823e-010	
5.22933810e+001	2.98893314e-007	2.98893210e-007	-2.49323877e-010	
5.23935599e+001	2.86160570e-007	2.86160491e-007	-2.12345329e-010	
5.24937388e+001	2.73968482e-007	2.73968428e-007	-1.72962430e-010	
5.25939177e+001	2.61776398e-007	2.61776364e-007	-1.33579531e-010	
5.26940966e+001	2.49610019e-007	2.49610001e-007	-9.44419198e-011	
5.27942755e+001	2.40198410e-007	2.40198401e-007	-6.55230531e-011	
5.28944544e+001	2.30888064e-007	2.30888061e-007	-3.63364270e-011	
5.29946333e+001	2.21577721e-007	2.21577721e-007	-7.14980087e-012	
5.30948122e+001	2.12267382e-007	2.12267381e-007	2.20368252e-011	
5.31949911e+001	2.02794067e-007	2.02794062e-007	4.58791460e-011	
5.32951699e+001	1.92949432e-007	1.92949423e-007	5.75453134e-011	
5.33953488e+001	1.83104797e-007	1.83104784e-007	6.92114807e-011	
5.34955277e+001	1.73260163e-007	1.73260145e-007	8.08776481e-011	
5.35957066e+001	1.63267934e-007	1.63267906e-007	9.66196195e-011	
5.36958855e+001	1.53876806e-007	1.53876766e-007	1.10759009e-010	
5.37960644e+001	1.45699331e-007	1.45699286e-007	1.14287595e-010	
5.38962433e+001	1.37237517e-007	1.37237466e-007	1.17714517e-010	
5.39964222e+001	1.28575012e-007	1.28574955e-007	1.21069684e-010	
5.40966011e+001	1.19912509e-007	1.19912444e-007	1.24424851e-010	
5.41967800e+001	1.12330944e-007	1.12330875e-007	1.24199332e-010	
5.42969589e+001	1.05376407e-007	1.05376337e-007	1.21896739e-010	
5.43971377e+001	9.91349963e-008	9.91349218e-008	1.21511253e-010	
5.44973166e+001	9.33159507e-008	9.33158707e-008	1.22261218e-010	
5.45974955e+001	8.74969060e-008	8.74968195e-008	1.23011182e-010	
5.46976744e+001	8.06714559e-008	8.06713689e-008	1.18457801e-010	
5.47978533e+001	7.35142593e-008	7.35141738e-008	1.12156251e-010	
5.48980322e+001	6.63570630e-008	6.63569786e-008	1.05854700e-010	
5.49982111e+001	5.98801137e-008	5.98800348e-008	9.72388359e-011	
5.50983900e+001	5.38524992e-008	5.38524288e-008	8.70942587e-011	
5.51985689e+001	4.78248846e-008	4.78248227e-008	7.69496814e-011	
5.52987478e+001	4.17972701e-008	4.17972167e-008	6.68051042e-011	
5.53989267e+001	3.57696555e-008	3.57696107e-008	5.66605270e-011	
5.54991055e+001	2.96695344e-008	2.96694958e-008	4.78220066e-011	
5.55992844e+001	2.35660541e-008	2.35660217e-008	3.90453512e-011	
5.56994633e+001	1.74477569e-008	1.74477313e-008	2.98560829e-011	
5.57996422e+001	1.16557918e-008	1.16557747e-008	1.99312121e-011	
5.58998211e+001	5.52733052e-009	5.52732234e-009	9.50945741e-012	
5.60000000e+001	3.50915046e-010	3.50914621e-010	5.45978062e-013	
