% Column 0: Length, cm
% Column 1: |B.n|, Tesla
% Column 2: Re[B.n], Tesla
% Column 3: Im[B.n], Tesla
0.00000000e+000	1.57709929e-009	-1.57704212e-009	-1.34274220e-011	
1.00178891e-001	2.47377259e-008	-2.47368645e-008	-2.06441603e-010	
2.00357782e-001	4.87001346e-008	-4.86984539e-008	-4.04588793e-010	
3.00536673e-001	7.35652029e-008	-7.35626259e-008	-6.15741062e-010	
4.00715564e-001	1.00595479e-007	-1.00591978e-007	-8.39309432e-010	
5.00894454e-001	1.26610097e-007	-1.26605734e-007	-1.05109792e-009	
6.01073345e-001	1.52999324e-007	-1.52994113e-007	-1.26286013e-009	
7.01252236e-001	1.79021882e-007	-1.79015883e-007	-1.46563182e-009	
8.01431127e-001	2.04975797e-007	-2.04969020e-007	-1.66670064e-009	
9.01610018e-001	2.30123371e-007	-2.30115952e-007	-1.84776636e-009	
1.00178891e+000	2.55270947e-007	-2.55262884e-007	-2.02883208e-009	
1.10196780e+000	2.81016104e-007	-2.81007451e-007	-2.20537124e-009	
1.20214669e+000	3.08636246e-007	-3.08627129e-007	-2.37226637e-009	
1.30232558e+000	3.39031799e-007	-3.39022343e-007	-2.53213753e-009	
1.40250447e+000	3.68808225e-007	-3.68798360e-007	-2.69748221e-009	
1.50268336e+000	3.98584658e-007	-3.98574377e-007	-2.86282689e-009	
1.60286225e+000	4.29850747e-007	-4.29840195e-007	-3.01188119e-009	
1.70304114e+000	4.64515224e-007	-4.64504721e-007	-3.12377199e-009	
1.80322004e+000	4.99179734e-007	-4.99169247e-007	-3.23566279e-009	
1.90339893e+000	5.30857940e-007	-5.30847090e-007	-3.39415737e-009	
2.00357782e+000	5.65948745e-007	-5.65937864e-007	-3.50948182e-009	
2.10375671e+000	6.04187716e-007	-6.04177082e-007	-3.58468433e-009	
2.20393560e+000	6.42157925e-007	-6.42147495e-007	-3.65993236e-009	
2.30411449e+000	6.77423801e-007	-6.77413501e-007	-3.73563833e-009	
2.40429338e+000	7.13939831e-007	-7.13929725e-007	-3.79877512e-009	
2.50447227e+000	7.58757636e-007	-7.58748138e-007	-3.79648691e-009	
2.60465116e+000	8.04653171e-007	-8.04643977e-007	-3.84652576e-009	
2.70483005e+000	8.50548741e-007	-8.50539815e-007	-3.89656462e-009	
2.80500894e+000	8.96444341e-007	-8.96435653e-007	-3.94660348e-009	
2.90518784e+000	9.42355962e-007	-9.42347930e-007	-3.89077934e-009	
3.00536673e+000	9.88278552e-007	-9.88271388e-007	-3.76295525e-009	
3.10554562e+000	1.03420123e-006	-1.03419485e-006	-3.63513117e-009	
3.20572451e+000	1.08012400e-006	-1.08011830e-006	-3.50730709e-009	
3.30590340e+000	1.12653174e-006	-1.12652658e-006	-3.41075906e-009	
3.40608229e+000	1.19030405e-006	-1.19029967e-006	-3.22817497e-009	
3.50626118e+000	1.25330086e-006	-1.25329747e-006	-2.91378960e-009	
3.60644007e+000	1.31629783e-006	-1.31629526e-006	-2.59940422e-009	
3.70661896e+000	1.37929495e-006	-1.37929306e-006	-2.28501885e-009	
3.80679785e+000	1.43981194e-006	-1.43981056e-006	-1.99478754e-009	
3.90697674e+000	1.49958406e-006	-1.49958309e-006	-1.70367049e-009	
4.00715564e+000	1.56334132e-006	-1.56334075e-006	-1.33672575e-009	
4.10733453e+000	1.62709870e-006	-1.62709841e-006	-9.69781005e-010	
4.20751342e+000	1.69085617e-006	-1.69085606e-006	-6.02836265e-010	
4.30769231e+000	1.76192940e-006	-1.76192939e-006	-1.90477932e-010	
4.40787120e+000	1.86190046e-006	-1.86190042e-006	4.01269051e-010	
4.50805009e+000	1.95455540e-006	-1.95455502e-006	1.22388195e-009	
4.60822898e+000	2.03446456e-006	-2.03446309e-006	2.44870413e-009	
4.70840787e+000	2.11440701e-006	-2.11440384e-006	3.66130854e-009	
4.80858676e+000	2.19924775e-006	-2.19924285e-006	4.64363998e-009	
4.90876565e+000	2.28707840e-006	-2.28707171e-006	5.53201496e-009	
5.00894454e+000	2.37407445e-006	-2.37406604e-006	6.31644576e-009	
5.10912343e+000	2.46107062e-006	-2.46106038e-006	7.10087655e-009	
5.20930233e+000	2.56438432e-006	-2.56437078e-006	8.33545762e-009	
5.30948122e+000	2.65896781e-006	-2.65894933e-006	9.91204124e-009	
5.40966011e+000	2.75043615e-006	-2.75041209e-006	1.15029060e-008	
5.50983900e+000	2.84190502e-006	-2.84187486e-006	1.30937707e-008	
5.61001789e+000	2.93337438e-006	-2.93333762e-006	1.46846354e-008	
5.71019678e+000	3.08435309e-006	-3.08430552e-006	1.71313597e-008	
5.81037567e+000	3.21956927e-006	-3.21950725e-006	1.99836848e-008	
5.91055456e+000	3.33808235e-006	-3.33800821e-006	2.22467738e-008	
6.01073345e+000	3.45417535e-006	-3.45408899e-006	2.44244741e-008	
6.11091234e+000	3.53934541e-006	-3.53924673e-006	2.64292242e-008	
6.21109123e+000	3.60897473e-006	-3.60886340e-006	2.83470543e-008	
6.31127013e+000	3.67860457e-006	-3.67848007e-006	3.02648845e-008	
6.41144902e+000	3.75027812e-006	-3.75013965e-006	3.22268313e-008	
6.51162791e+000	3.84716004e-006	-3.84700325e-006	3.47330586e-008	
6.61180680e+000	3.94404265e-006	-3.94386684e-006	3.72392859e-008	
6.71198569e+000	4.05396734e-006	-4.05377360e-006	3.96333306e-008	
6.81216458e+000	4.15912368e-006	-4.15891692e-006	4.14710366e-008	
6.91234347e+000	4.25606914e-006	-4.25585355e-006	4.28375416e-008	
7.01252236e+000	4.35301464e-006	-4.35279019e-006	4.42040466e-008	
7.11270125e+000	4.45956838e-006	-4.45934949e-006	4.41840696e-008	
7.21288014e+000	4.52160233e-006	-4.52141170e-006	4.15196345e-008	
7.31305903e+000	4.63653080e-006	-4.63640249e-006	3.44932795e-008	
7.41323792e+000	4.75352245e-006	-4.75344881e-006	2.64587333e-008	
7.51341682e+000	5.00567956e-006	-5.00567956e-006	6.61877978e-011	
7.61359571e+000	5.24854017e-006	-5.24819148e-006	-6.04981401e-008	
7.71377460e+000	5.79105010e-006	-5.78607609e-006	-2.39968357e-007	
7.81395349e+000	5.50487212e-006	-5.50468239e-006	4.57038350e-008	
7.91413238e+000	1.11995560e-006	-7.30411753e-007	8.48998951e-007	
8.01431127e+000	2.17704170e-007	-1.09061608e-007	1.88416218e-007	
8.11449016e+000	1.66500165e-007	-1.13241379e-007	1.22060210e-007	
8.21466905e+000	1.09291705e-007	-8.35691609e-008	7.04334584e-008	
8.31484794e+000	7.38341783e-008	-4.72033606e-008	5.67743660e-008	
8.41502683e+000	7.04691312e-008	-6.36812680e-008	3.01760593e-008	
8.51520572e+000	3.41190677e-008	-1.83573413e-008	2.87596732e-008	
8.61538462e+000	4.59236820e-008	-4.22948472e-008	1.78921902e-008	
8.71556351e+000	2.00895531e-008	-1.18054381e-008	1.62549001e-008	
8.81574240e+000	2.29000862e-008	-2.19346480e-008	6.57914631e-009	
8.91592129e+000	9.10781426e-009	-7.31796944e-009	5.42214016e-009	
9.01610018e+000	1.11127649e-008	7.60585994e-009	8.10212549e-009	
9.11627907e+000	6.52218824e-009	6.17431051e-009	2.10162537e-009	
9.21645796e+000	4.96447710e-009	5.82055712e-010	-4.93023773e-009	
9.31663685e+000	1.10981755e-008	6.09095673e-009	-9.27737811e-009	
9.41681574e+000	9.61011415e-009	9.15661591e-010	-9.56639210e-009	
9.51699463e+000	2.14761831e-008	1.16282484e-008	-1.80557548e-008	
9.61717352e+000	3.94573990e-008	2.87364488e-008	-2.70389136e-008	
9.71735242e+000	4.77214577e-008	2.69420170e-008	-3.93886436e-008	
9.81753131e+000	1.77405194e-007	9.16429585e-008	-1.51901847e-007	
9.91771020e+000	9.34107872e-007	9.09822347e-007	-2.11614776e-007	
1.00178891e+001	1.20933192e-006	1.20780821e-006	6.06878153e-008	
1.01180680e+001	9.20551332e-007	9.20237023e-007	-2.40536329e-008	
1.02182469e+001	8.08184737e-007	8.06802174e-007	-4.72527377e-008	
1.03184258e+001	7.31504092e-007	7.28798722e-007	-6.28542636e-008	
1.04186047e+001	7.36639834e-007	7.33016680e-007	-7.29711646e-008	
1.05187835e+001	7.57164044e-007	7.52686116e-007	-8.22253065e-008	
1.06189624e+001	8.18790437e-007	8.14040172e-007	-8.80702995e-008	
1.07191413e+001	8.82027661e-007	8.77047221e-007	-9.36000315e-008	
1.08193202e+001	9.66196016e-007	9.61038344e-007	-9.96997590e-008	
1.09194991e+001	1.02948663e-006	1.02423788e-006	-1.03824264e-007	
1.10196780e+001	1.05250136e-006	1.04677049e-006	-1.09684422e-007	
1.11198569e+001	1.04647661e-006	1.03974674e-006	-1.18490552e-007	
1.12200358e+001	1.00945439e-006	1.00094268e-006	-1.30812586e-007	
1.13202147e+001	1.03418732e-006	1.02326166e-006	-1.49929927e-007	
1.14203936e+001	1.12465610e-006	1.11145171e-006	-1.71832604e-007	
1.15205725e+001	1.26121366e-006	1.24507129e-006	-2.01140235e-007	
1.16207513e+001	1.35947999e-006	1.34017392e-006	-2.28297378e-007	
1.17209302e+001	1.56209689e-006	1.53930782e-006	-2.65853590e-007	
1.18211091e+001	1.90923837e-006	1.88140334e-006	-3.24827081e-007	
1.19212880e+001	2.33217221e-006	2.29835217e-006	-3.95732885e-007	
1.20214669e+001	2.78553748e-006	2.74532750e-006	-4.71588772e-007	
1.21216458e+001	3.40031063e-006	3.35622888e-006	-5.45747292e-007	
1.22218247e+001	4.45783300e-006	4.40891919e-006	-6.58564073e-007	
1.23220036e+001	5.23257682e-006	5.18308817e-006	-7.17953507e-007	
1.24221825e+001	5.70643347e-006	5.66047443e-006	-7.22780871e-007	
1.25223614e+001	6.07494847e-006	6.03500101e-006	-6.95529775e-007	
1.26225403e+001	6.38744798e-006	6.34970911e-006	-6.93315157e-007	
1.27227191e+001	5.53417237e-006	5.49452444e-006	-6.61260227e-007	
1.28228980e+001	4.39700100e-006	4.35356542e-006	-6.16511093e-007	
1.29230769e+001	3.14265038e-006	3.09296328e-006	-5.56623367e-007	
1.30232558e+001	2.15881518e-006	2.09907363e-006	-5.04353892e-007	
1.31234347e+001	3.85555341e-007	-2.90371370e-008	-3.84460356e-007	
1.32236136e+001	1.02918900e-006	-9.91107096e-007	-2.77374682e-007	
1.33237925e+001	1.49573424e-006	-1.48623548e-006	-1.68300401e-007	
1.34239714e+001	2.70819656e-006	-2.70774464e-006	4.94731674e-008	
1.35241503e+001	1.14395768e-006	-1.10966141e-006	2.78012102e-007	
1.36243292e+001	4.40811475e-007	3.40167196e-007	2.80358763e-007	
1.37245081e+001	2.75319733e-006	2.75317541e-006	-1.09863920e-008	
1.38246869e+001	4.28283427e-006	4.27584982e-006	-2.44494836e-007	
1.39248658e+001	5.52368443e-006	5.50314986e-006	-4.75847950e-007	
1.40250447e+001	7.48809404e-006	7.44640406e-006	-7.89062051e-007	
1.41252236e+001	8.85877069e-006	8.80121879e-006	-1.00814984e-006	
1.42254025e+001	9.95361437e-006	9.87960192e-006	-1.21157126e-006	
1.43255814e+001	1.19066523e-005	1.18110404e-005	-1.50588634e-006	
1.44257603e+001	1.48522604e-005	1.47398558e-005	-1.82381154e-006	
1.45259392e+001	1.69422489e-005	1.68076472e-005	-2.13138321e-006	
1.46261181e+001	1.99754870e-005	1.98021108e-005	-2.62611694e-006	
1.47262970e+001	2.41319641e-005	2.39102600e-005	-3.26361103e-006	
1.48264758e+001	2.79871155e-005	2.77131640e-005	-3.90629996e-006	
1.49266547e+001	3.70459846e-005	3.66937813e-005	-5.09621312e-006	
1.50268336e+001	4.88232831e-005	4.84273024e-005	-6.20559105e-006	
1.51270125e+001	6.07242540e-005	6.01888884e-005	-8.04566557e-006	
1.52271914e+001	8.15357292e-005	8.09355547e-005	-9.87477210e-006	
1.53273703e+001	1.17490238e-004	1.16933100e-004	-1.14283050e-005	
1.54275492e+001	1.59069678e-004	1.58827090e-004	-8.78169510e-006	
1.55277281e+001	1.93405704e-004	1.93348321e-004	-4.71098709e-006	
1.56279070e+001	2.20612516e-004	2.20612035e-004	4.60702574e-007	
1.57280859e+001	2.35621589e-004	2.35598737e-004	3.28154237e-006	
1.58282648e+001	2.36984940e-004	2.36947541e-004	4.21004209e-006	
1.59284436e+001	2.37862345e-004	2.37813200e-004	4.83495299e-006	
1.60286225e+001	2.27880564e-004	2.27840044e-004	4.29715988e-006	
1.61288014e+001	2.23491264e-004	2.23458153e-004	3.84693576e-006	
1.62289803e+001	2.23398842e-004	2.23365979e-004	3.83171066e-006	
1.63291592e+001	2.23306421e-004	2.23273805e-004	3.81648557e-006	
1.64293381e+001	2.23046813e-004	2.23017247e-004	3.63155741e-006	
1.65295170e+001	2.22714449e-004	2.22688913e-004	3.37253041e-006	
1.66296959e+001	2.22382375e-004	2.22360579e-004	3.11350340e-006	
1.67298748e+001	2.22371674e-004	2.22352838e-004	2.89424276e-006	
1.68300537e+001	2.24062936e-004	2.24045439e-004	2.80010710e-006	
1.69302326e+001	2.26387350e-004	2.26371641e-004	2.66682705e-006	
1.70304114e+001	2.28711877e-004	2.28697844e-004	2.53354699e-006	
1.71305903e+001	2.31036515e-004	2.31024047e-004	2.40026693e-006	
1.72307692e+001	2.33120791e-004	2.33109844e-004	2.25916108e-006	
1.73309481e+001	2.37775315e-004	2.37765187e-004	2.19450718e-006	
1.74311270e+001	2.43455968e-004	2.43446385e-004	2.16007303e-006	
1.75313059e+001	2.49136651e-004	2.49127582e-004	2.12563887e-006	
1.76314848e+001	2.54817361e-004	2.54808780e-004	2.09120472e-006	
1.77316637e+001	2.60498097e-004	2.60489977e-004	2.05677057e-006	
1.78318426e+001	2.66178857e-004	2.66171175e-004	2.02233641e-006	
1.79320215e+001	2.71859640e-004	2.71852372e-004	1.98790226e-006	
1.80322004e+001	2.80227119e-004	2.80220118e-004	1.98075636e-006	
1.81323792e+001	2.86273392e-004	2.86266880e-004	1.93090131e-006	
1.82325581e+001	2.91852960e-004	2.91846947e-004	1.87340852e-006	
1.83327370e+001	2.97432558e-004	2.97427015e-004	1.81591572e-006	
1.84329159e+001	3.04818264e-004	3.04813239e-004	1.75027235e-006	
1.85330948e+001	3.15155243e-004	3.15150812e-004	1.67131056e-006	
1.86332737e+001	3.25492279e-004	3.25488384e-004	1.59234877e-006	
1.87334526e+001	3.35963475e-004	3.35960018e-004	1.52414027e-006	
1.88336315e+001	3.48943059e-004	3.48939666e-004	1.53878142e-006	
1.89338104e+001	3.58627653e-004	3.58625298e-004	1.29963198e-006	
1.90339893e+001	3.68241232e-004	3.68239715e-004	1.05672313e-006	
1.91341682e+001	3.77855009e-004	3.77854132e-004	8.13814286e-007	
1.92343470e+001	3.89745728e-004	3.89745257e-004	6.06155222e-007	
1.93345259e+001	4.02504273e-004	4.02504270e-004	-5.10981942e-008	
1.94347048e+001	4.07659688e-004	4.07658633e-004	-9.27204451e-007	
1.95348837e+001	4.10855233e-004	4.10852473e-004	-1.50599520e-006	
1.96350626e+001	4.14051562e-004	4.14046313e-004	-2.08478594e-006	
1.97352415e+001	4.17248655e-004	4.17240153e-004	-2.66357668e-006	
1.98354204e+001	4.20446495e-004	4.20433993e-004	-3.24236743e-006	
1.99355993e+001	4.13354666e-004	4.13327571e-004	-4.73276838e-006	
2.00357782e+001	3.98960274e-004	3.98921605e-004	-5.55461115e-006	
2.01359571e+001	3.84030836e-004	3.83980167e-004	-6.23813151e-006	
2.02361360e+001	3.71005303e-004	3.70942434e-004	-6.82975120e-006	
2.03363148e+001	3.59066551e-004	3.58990929e-004	-7.36893369e-006	
2.04364937e+001	3.47129514e-004	3.47039423e-004	-7.90811618e-006	
2.05366726e+001	3.22988842e-004	3.22891139e-004	-7.94385532e-006	
2.06368515e+001	2.91376342e-004	2.91275338e-004	-7.67135971e-006	
2.07370304e+001	2.60871437e-004	2.60766493e-004	-7.39884518e-006	
2.08372093e+001	2.34558438e-004	2.34455966e-004	-6.93259366e-006	
2.09373882e+001	2.05603301e-004	2.05509477e-004	-6.21064848e-006	
2.10375671e+001	1.76648280e-004	1.76562988e-004	-5.48870330e-006	
2.11377460e+001	1.50761088e-004	1.50684276e-004	-4.81190932e-006	
2.12379249e+001	1.15640602e-004	1.15582187e-004	-3.67517845e-006	
2.13381038e+001	8.05201209e-005	8.04800979e-005	-2.53844758e-006	
2.14382826e+001	4.74845488e-005	4.74614201e-005	-1.48188550e-006	
2.15384615e+001	1.51957557e-005	1.51889711e-005	-4.54037986e-007	
2.16386404e+001	1.80628322e-005	-1.80510393e-005	6.52599961e-007	
2.17388193e+001	5.26856723e-005	-5.26531540e-005	1.85079467e-006	
2.18389982e+001	8.37717374e-005	-8.37226126e-005	2.86846973e-006	
2.19391771e+001	1.10353416e-004	-1.10292458e-004	3.66742872e-006	
2.20393560e+001	1.37246825e-004	-1.37173971e-004	4.47130223e-006	
2.21395349e+001	1.64340793e-004	-1.64256005e-004	5.27833764e-006	
2.22397138e+001	1.89670672e-004	-1.89576524e-004	5.97541335e-006	
2.23398927e+001	2.21171596e-004	-2.21071383e-004	6.65721572e-006	
2.24400716e+001	2.55718804e-004	-2.55611701e-004	7.40035010e-006	
2.25402504e+001	2.90266275e-004	-2.90152019e-004	8.14348448e-006	
2.26404293e+001	3.09556895e-004	-3.09446610e-004	8.26235506e-006	
2.27406082e+001	3.23458958e-004	-3.23363029e-004	7.87713725e-006	
2.28407871e+001	3.38344814e-004	-3.38262985e-004	7.44087365e-006	
2.29409660e+001	3.53232398e-004	-3.53162940e-004	7.00461005e-006	
2.30411449e+001	3.68163348e-004	-3.68104695e-004	6.57149759e-006	
2.31413238e+001	3.86408653e-004	-3.86356434e-004	6.35242371e-006	
2.32415027e+001	3.96723783e-004	-3.96691244e-004	5.08098625e-006	
2.33416816e+001	4.07043882e-004	-4.07026055e-004	3.80954878e-006	
2.34418605e+001	4.17368583e-004	-4.17360866e-004	2.53811131e-006	
2.35420394e+001	4.24013592e-004	-4.24010668e-004	1.57487612e-006	
2.36422182e+001	4.16566537e-004	-4.16565069e-004	1.10610927e-006	
2.37423971e+001	4.06981666e-004	-4.06981217e-004	6.04082935e-007	
2.38425760e+001	3.97397379e-004	-3.97397366e-004	1.02056604e-007	
2.39427549e+001	3.87813720e-004	-3.87813514e-004	-3.99969727e-007	
2.40429338e+001	3.79160520e-004	-3.79159885e-004	-6.93865791e-007	
2.41431127e+001	3.71185670e-004	-3.71184729e-004	-8.35958741e-007	
2.42432916e+001	3.60713359e-004	-3.60711874e-004	-1.03470918e-006	
2.43434705e+001	3.49614397e-004	-3.49612171e-004	-1.24767900e-006	
2.44436494e+001	3.36801964e-004	-3.36799460e-004	-1.29863615e-006	
2.45438283e+001	3.24473309e-004	-3.24470776e-004	-1.28204066e-006	
2.46440072e+001	3.14590505e-004	-3.14587692e-004	-1.33054512e-006	
2.47441860e+001	3.04707728e-004	-3.04704608e-004	-1.37904958e-006	
2.48443649e+001	2.95207162e-004	-2.95203786e-004	-1.41180754e-006	
2.49445438e+001	2.88155249e-004	-2.88151833e-004	-1.40308958e-006	
2.50447227e+001	2.81103338e-004	-2.81099879e-004	-1.39437162e-006	
2.51449016e+001	2.74051429e-004	-2.74047926e-004	-1.38565366e-006	
2.52450805e+001	2.66999523e-004	-2.66995972e-004	-1.37693570e-006	
2.53452594e+001	2.60971584e-004	-2.60967999e-004	-1.36802364e-006	
2.54454383e+001	2.55232280e-004	-2.55228661e-004	-1.35905688e-006	
2.55456172e+001	2.49492977e-004	-2.49489324e-004	-1.35009011e-006	
2.56457961e+001	2.43753676e-004	-2.43749986e-004	-1.34112334e-006	
2.57459750e+001	2.37707863e-004	-2.37704138e-004	-1.33082228e-006	
2.58461538e+001	2.31384817e-004	-2.31381056e-004	-1.31931439e-006	
2.59463327e+001	2.25061774e-004	-2.25057975e-004	-1.30780651e-006	
2.60465116e+001	2.19927669e-004	-2.19923809e-004	-1.30300895e-006	
2.61466905e+001	2.14808153e-004	-2.14804292e-004	-1.28778640e-006	
2.62468694e+001	2.09990471e-004	-2.09986570e-004	-1.27988663e-006	
2.63470483e+001	2.05172791e-004	-2.05168848e-004	-1.27198685e-006	
2.64472272e+001	2.00355114e-004	-2.00351126e-004	-1.26408708e-006	
2.65474061e+001	1.95537439e-004	-1.95533404e-004	-1.25618730e-006	
2.66475850e+001	1.90719767e-004	-1.90715682e-004	-1.24828753e-006	
2.67477639e+001	1.85902097e-004	-1.85897959e-004	-1.24038775e-006	
2.68479428e+001	1.81195089e-004	-1.81191049e-004	-1.20987722e-006	
2.69481216e+001	1.76089474e-004	-1.76085596e-004	-1.16873739e-006	
2.70483005e+001	1.70641465e-004	-1.70637748e-004	-1.12627575e-006	
2.71484794e+001	1.65193456e-004	-1.65189900e-004	-1.08381411e-006	
2.72486583e+001	1.59745447e-004	-1.59742052e-004	-1.04135248e-006	
2.73488372e+001	1.52863591e-004	-1.52860636e-004	-9.50468406e-007	
2.74490161e+001	1.44093226e-004	-1.44091028e-004	-7.95805869e-007	
2.75491950e+001	1.35285488e-004	-1.35283993e-004	-6.36053096e-007	
2.76493739e+001	1.24548742e-004	-1.24548063e-004	-4.11125241e-007	
2.77495528e+001	1.15003378e-004	-1.15003154e-004	-2.27019589e-007	
2.78497317e+001	1.05555285e-004	-1.05555275e-004	-4.60209246e-008	
2.79499106e+001	9.32083031e-005	-9.32080148e-005	2.31821144e-007	
2.80500894e+001	8.04463689e-005	-8.04449162e-005	4.83456640e-007	
2.81502683e+001	7.18606897e-005	-7.18581180e-005	6.07947308e-007	
2.82504472e+001	6.32755591e-005	-6.32713199e-005	7.32437977e-007	
2.83506261e+001	5.40240665e-005	-5.40173216e-005	8.53653354e-007	
2.84508050e+001	4.27533891e-005	-4.27424982e-005	9.64948480e-007	
2.85509839e+001	3.71074181e-005	-3.70952852e-005	9.48837901e-007	
2.86511628e+001	3.14805978e-005	-3.14667896e-005	9.32303571e-007	
2.87513417e+001	2.54531481e-005	-2.54360027e-005	9.34084543e-007	
2.88515206e+001	1.98300466e-005	-1.98071549e-005	9.52557563e-007	
2.89516995e+001	1.79856314e-005	-1.79625331e-005	9.11230798e-007	
2.90518784e+001	1.64713752e-005	-1.64488362e-005	8.61386223e-007	
2.91520572e+001	1.49571717e-005	-1.49351393e-005	8.11541649e-007	
2.92522361e+001	1.34430391e-005	-1.34214424e-005	7.61697074e-007	
2.93524150e+001	1.19290040e-005	-1.19077455e-005	7.11852500e-007	
2.94525939e+001	1.10151054e-005	-1.09931798e-005	6.94653692e-007	
2.95527728e+001	1.01246454e-005	-1.01018702e-005	6.78722075e-007	
2.96529517e+001	9.23437693e-006	-9.21056057e-006	6.62790457e-007	
2.97531306e+001	8.41950397e-006	-8.39467695e-006	6.46100612e-007	
2.98533095e+001	8.47051807e-006	-8.44774752e-006	6.20675526e-007	
2.99534884e+001	8.52163314e-006	-8.50081810e-006	5.95250439e-007	
3.00536673e+001	8.57284739e-006	-8.55388868e-006	5.69825352e-007	
3.01538462e+001	8.29270413e-006	-8.27427109e-006	5.52611689e-007	
3.02540250e+001	7.85993744e-006	-7.84142216e-006	5.39180089e-007	
3.03542039e+001	7.42720464e-006	-7.40857323e-006	5.25748489e-007	
3.04543828e+001	7.05446956e-006	-7.03586707e-006	5.11971937e-007	
3.05545617e+001	7.21609669e-006	-7.19909064e-006	4.95121542e-007	
3.06547406e+001	7.37783260e-006	-7.36231421e-006	4.78271146e-007	
3.07549195e+001	7.53967029e-006	-7.52553778e-006	4.61420750e-007	
3.08550984e+001	7.63365602e-006	-7.62064140e-006	4.45565892e-007	
3.09552773e+001	7.52841836e-006	-7.51597724e-006	4.32630536e-007	
3.10554562e+001	7.56993004e-006	-7.55825154e-006	4.20326633e-007	
3.11556351e+001	7.65086796e-006	-7.63997118e-006	4.08192242e-007	
3.12558140e+001	7.67711560e-006	-7.66695866e-006	3.94777030e-007	
3.13559928e+001	7.67921586e-006	-7.66976862e-006	3.80796026e-007	
3.14561717e+001	7.68134202e-006	-7.67257858e-006	3.66815021e-007	
3.15563506e+001	7.66517389e-006	-7.65703672e-006	3.53099732e-007	
3.16565295e+001	7.60075994e-006	-7.59304745e-006	3.42318778e-007	
3.17567084e+001	7.56570802e-006	-7.55827990e-006	3.35175870e-007	
3.18568873e+001	7.54576058e-006	-7.53864696e-006	3.27573909e-007	
3.19570662e+001	7.52581916e-006	-7.51901403e-006	3.19971948e-007	
3.20572451e+001	7.51218407e-006	-7.50570395e-006	3.11957711e-007	
3.21574240e+001	7.50060723e-006	-7.49445186e-006	3.03809286e-007	
3.22576029e+001	7.48656287e-006	-7.48071519e-006	2.95844158e-007	
3.23577818e+001	7.44267113e-006	-7.43713747e-006	2.86949232e-007	
3.24579606e+001	7.37442759e-006	-7.36923114e-006	2.76793379e-007	
3.25581395e+001	7.30619188e-006	-7.30132482e-006	2.66637526e-007	
3.26583184e+001	7.23796422e-006	-7.23341850e-006	2.56481673e-007	
3.27584973e+001	7.19276489e-006	-7.18846478e-006	2.48678308e-007	
3.28586762e+001	7.15773852e-006	-7.15364633e-006	2.42001802e-007	
3.29588551e+001	7.13378907e-006	-7.12986200e-006	2.36673659e-007	
3.30590340e+001	7.10984251e-006	-7.10607766e-006	2.31345517e-007	
3.31592129e+001	7.07928043e-006	-7.07571446e-006	2.24669018e-007	
3.32593918e+001	7.02205355e-006	-7.01868206e-006	2.17573353e-007	
3.33595707e+001	6.94460081e-006	-6.94140705e-006	2.10591001e-007	
3.34597496e+001	6.86715116e-006	-6.86413203e-006	2.03608650e-007	
3.35599284e+001	6.79970063e-006	-6.79684055e-006	1.97198313e-007	
3.36601073e+001	6.75438405e-006	-6.75167836e-006	1.91162804e-007	
3.37602862e+001	6.70741143e-006	-6.70485928e-006	1.85013888e-007	
3.38604651e+001	6.66044231e-006	-6.65804019e-006	1.78864972e-007	
3.39606440e+001	6.61378150e-006	-6.61151239e-006	1.73232913e-007	
3.40608229e+001	6.56759758e-006	-6.56543810e-006	1.68405515e-007	
3.41610018e+001	6.52169464e-006	-6.51964267e-006	1.63586276e-007	
3.42611807e+001	6.50243231e-006	-6.50047468e-006	1.59546004e-007	
3.43613596e+001	6.48317194e-006	-6.48130669e-006	1.55505731e-007	
3.44615385e+001	6.43024714e-006	-6.42848528e-006	1.50516627e-007	
3.45617174e+001	6.35525287e-006	-6.35360067e-006	1.44905469e-007	
3.46618962e+001	6.28419468e-006	-6.28263948e-006	1.39799765e-007	
3.47620751e+001	6.21517036e-006	-6.21370499e-006	1.34955160e-007	
3.48622540e+001	6.14570246e-006	-6.14432601e-006	1.30063844e-007	
3.49624329e+001	6.07511435e-006	-6.07382710e-006	1.25054829e-007	
3.50626118e+001	6.00516470e-006	-6.00395869e-006	1.20345672e-007	
3.51627907e+001	5.94871320e-006	-5.94758063e-006	1.16075117e-007	
3.52629696e+001	5.91894123e-006	-5.91787004e-006	1.12603297e-007	
3.53631485e+001	5.88950917e-006	-5.88849372e-006	1.09361404e-007	
3.54633274e+001	5.86178464e-006	-5.86082368e-006	1.06136355e-007	
3.55635063e+001	5.83641037e-006	-5.83550259e-006	1.02934495e-007	
3.56636852e+001	5.81103740e-006	-5.81018150e-006	9.97326354e-008	
3.57638640e+001	5.78387512e-006	-5.78307127e-006	9.64267912e-008	
3.58640429e+001	5.73865492e-006	-5.73791292e-006	9.22801153e-008	
3.59642218e+001	5.69682177e-006	-5.69613911e-006	8.81901956e-008	
3.60644007e+001	5.65499070e-006	-5.65436530e-006	8.41002758e-008	
3.61645796e+001	5.61316176e-006	-5.61259149e-006	8.00103560e-008	
3.62647585e+001	5.59830945e-006	-5.59777221e-006	7.75564545e-008	
3.63649374e+001	5.58605348e-006	-5.58554673e-006	7.52409635e-008	
3.64651163e+001	5.57379834e-006	-5.57332126e-006	7.29254725e-008	
3.65652952e+001	5.56154404e-006	-5.56109578e-006	7.06099815e-008	
3.66654741e+001	5.54929057e-006	-5.54887031e-006	6.82944905e-008	
3.67656530e+001	5.53703795e-006	-5.53664483e-006	6.59789994e-008	
3.68658318e+001	5.52446954e-006	-5.52410578e-006	6.33958358e-008	
3.69660107e+001	5.51179471e-006	-5.51146023e-006	6.07217672e-008	
3.70661896e+001	5.49912105e-006	-5.49881468e-006	5.80476985e-008	
3.71663685e+001	5.48846465e-006	-5.48818327e-006	5.55746019e-008	
3.72665474e+001	5.47790785e-006	-5.47765037e-006	5.31113335e-008	
3.73667263e+001	5.46948963e-006	-5.46925495e-006	5.06669367e-008	
3.74669052e+001	5.48307832e-006	-5.48286455e-006	4.84168200e-008	
3.75670841e+001	5.51695686e-006	-5.51676647e-006	4.58331375e-008	
3.76672630e+001	5.56468867e-006	-5.56452236e-006	4.30217232e-008	
3.77674419e+001	5.61242229e-006	-5.61227825e-006	4.02103090e-008	
3.78676208e+001	5.65572679e-006	-5.65560275e-006	3.74559663e-008	
3.79677996e+001	5.69150657e-006	-5.69140019e-006	3.47985646e-008	
3.80679785e+001	5.73790627e-006	-5.73782051e-006	3.13702042e-008	
3.81681574e+001	5.77981689e-006	-5.77974816e-006	2.81863218e-008	
3.82683363e+001	5.82172950e-006	-5.82167581e-006	2.50024394e-008	
3.83685152e+001	5.86364405e-006	-5.86360346e-006	2.18185570e-008	
3.84686941e+001	5.90556050e-006	-5.90553110e-006	1.86346745e-008	
3.85688730e+001	5.99411375e-006	-5.99409483e-006	1.50600909e-008	
3.86690519e+001	6.08974786e-006	-6.08973697e-006	1.15140275e-008	
3.87692308e+001	6.18538425e-006	-6.18537912e-006	7.96796423e-009	
3.88694097e+001	6.28102282e-006	-6.28102126e-006	4.42190091e-009	
3.89695886e+001	6.45508480e-006	-6.45508420e-006	-2.78053409e-009	
3.90697674e+001	6.65502833e-006	-6.65501892e-006	-1.11892414e-008	
3.91699463e+001	6.84746106e-006	-6.84743746e-006	-1.79777133e-008	
3.92701252e+001	7.02313302e-006	-7.02310116e-006	-2.11544065e-008	
3.93703041e+001	7.19880599e-006	-7.19876487e-006	-2.43310998e-008	
3.94704830e+001	7.37447988e-006	-7.37442857e-006	-2.75077930e-008	
3.95706619e+001	7.55015463e-006	-7.55009228e-006	-3.06844863e-008	
3.96708408e+001	7.94054486e-006	-7.94040667e-006	-4.68463320e-008	
3.97710197e+001	8.40724963e-006	-8.40707871e-006	-5.36088071e-008	
3.98711986e+001	8.73306987e-006	-8.73290756e-006	-5.32444277e-008	
3.99713775e+001	9.01660768e-006	-9.01646373e-006	-5.09480390e-008	
4.00715564e+001	9.35756976e-006	-9.35747210e-006	-4.27523969e-008	
4.01717352e+001	9.70401629e-006	-9.70399109e-006	-2.21155652e-008	
4.02719141e+001	9.29665402e-006	-9.29647271e-006	5.80616126e-008	
4.03720930e+001	9.22854977e-006	-9.22771964e-006	1.23778839e-007	
4.04722719e+001	8.09692343e-006	-8.08829809e-006	3.73634830e-007	
4.05724508e+001	6.49420772e-006	-6.47038252e-006	5.55773221e-007	
4.06726297e+001	4.66671902e-006	-4.63014673e-006	5.83101805e-007	
4.07728086e+001	3.32295436e-006	-3.28569141e-006	4.96243509e-007	
4.08729875e+001	2.54715396e-006	-2.51649760e-006	3.93996384e-007	
4.09731664e+001	1.91053717e-006	-1.88558358e-006	3.07777265e-007	
4.10733453e+001	1.39566682e-006	-1.37677000e-006	2.28889120e-007	
4.11735242e+001	1.16963412e-006	-1.15432930e-006	1.88594374e-007	
4.12737030e+001	9.39856721e-007	-9.27729190e-007	1.50496530e-007	
4.13738819e+001	7.97418046e-007	-7.88226141e-007	1.20727342e-007	
4.14740608e+001	6.38613387e-007	-6.31117227e-007	9.75607705e-008	
4.15742397e+001	5.38315763e-007	-5.32508469e-007	7.88580461e-008	
4.16744186e+001	4.38515449e-007	-4.34075103e-007	6.22463145e-008	
4.17745975e+001	3.69006628e-007	-3.65644992e-007	4.96953821e-008	
4.18747764e+001	3.07744480e-007	-3.05426160e-007	3.77031290e-008	
4.19749553e+001	2.43227801e-007	-2.41868142e-007	2.56819926e-008	
4.20751342e+001	1.89093628e-007	-1.88695241e-007	1.22680927e-008	
4.21753131e+001	1.21486472e-007	-1.21462338e-007	-2.42143846e-009	
4.22754919e+001	3.04034432e-008	-1.24955021e-008	-2.77169945e-008	
4.23756708e+001	1.12953088e-007	1.04821837e-007	-4.20806665e-008	
4.24758497e+001	2.12829103e-007	2.08574406e-007	-4.23431736e-008	
4.25760286e+001	2.76968886e-007	2.74914618e-007	-3.36707092e-008	
4.26762075e+001	2.65278276e-007	2.64578547e-007	-1.92550387e-008	
4.27763864e+001	2.17025987e-007	2.16966075e-007	-5.09915962e-009	
4.28765653e+001	7.67542703e-008	7.57605855e-008	1.23106333e-008	
4.29767442e+001	4.19772812e-008	-3.49892562e-008	2.31914659e-008	
4.30769231e+001	1.66474650e-007	-1.62980860e-007	3.39271046e-008	
4.31771020e+001	2.80659961e-007	-2.77317125e-007	4.31882654e-008	
4.32772809e+001	3.29158405e-007	-3.25807752e-007	4.68461781e-008	
4.33774597e+001	3.81799829e-007	-3.78428955e-007	5.06224817e-008	
4.34776386e+001	3.56347008e-007	-3.52527870e-007	5.20316323e-008	
4.35778175e+001	3.39911633e-007	-3.35828589e-007	5.25269155e-008	
4.36779964e+001	2.96606641e-007	-2.92236175e-007	5.07298459e-008	
4.37781753e+001	2.42689618e-007	-2.38304022e-007	4.59286790e-008	
4.38783542e+001	1.96182626e-007	-1.92128456e-007	3.96771878e-008	
4.39785331e+001	1.53865358e-007	-1.50513084e-007	3.19430745e-008	
4.40787120e+001	1.21616652e-007	-1.18887559e-007	2.56194935e-008	
4.41788909e+001	9.65669158e-008	-9.42358156e-008	2.10898146e-008	
4.42790698e+001	7.98052083e-008	-7.78569800e-008	1.75260361e-008	
4.43792487e+001	6.47771852e-008	-6.31297525e-008	1.45161319e-008	
4.44794275e+001	5.23020911e-008	-5.09451241e-008	1.18365139e-008	
4.45796064e+001	4.87049314e-008	-4.75710708e-008	1.04481367e-008	
4.46797853e+001	4.57210826e-008	-4.47966309e-008	9.14763635e-009	
4.47799642e+001	4.47033758e-008	-4.39787974e-008	8.01605818e-009	
4.48801431e+001	4.38382560e-008	-4.32265013e-008	7.29810099e-009	
4.49803220e+001	4.26648730e-008	-4.21591759e-008	6.54944846e-009	
4.50805009e+001	4.19484335e-008	-4.15013140e-008	6.10835522e-009	
4.51806798e+001	3.89101529e-008	-3.85347145e-008	5.39219587e-009	
4.52808587e+001	3.50201782e-008	-3.46385698e-008	5.15580876e-009	
4.53810376e+001	3.20209887e-008	-3.16527037e-008	4.84252665e-009	
4.54812165e+001	3.03945842e-008	-3.00887589e-008	4.30085279e-009	
4.55813953e+001	3.01908570e-008	-2.99583217e-008	3.73989379e-009	
4.56815742e+001	3.05840527e-008	-3.04132017e-008	3.22822645e-009	
4.57817531e+001	3.75398270e-008	-3.74591627e-008	2.45962162e-009	
4.58819320e+001	4.68082805e-008	-4.67891354e-008	1.33863055e-009	
4.59821109e+001	6.85795522e-008	-6.84755064e-008	-3.77624282e-009	
4.60822898e+001	5.52120424e-008	-5.39349248e-008	1.18065029e-008	
4.61824687e+001	8.42010065e-009	-3.85903681e-009	7.48371097e-009	
4.62826476e+001	1.20975822e-009	3.66731663e-010	1.15283253e-009	
4.63828265e+001	1.49662699e-009	-1.49501529e-009	-6.94380264e-011	
4.64830054e+001	1.13649318e-009	9.04706625e-010	-6.87839126e-010	
4.65831843e+001	3.24336566e-009	3.18394395e-009	-6.17998162e-010	
4.66833631e+001	2.08984355e-009	1.13582462e-009	-1.75423729e-009	
4.67835420e+001	2.61434331e-009	1.60810647e-009	-2.06125800e-009	
4.68837209e+001	3.25101529e-009	2.29439686e-009	-2.30322458e-009	
4.69838998e+001	3.28391249e-009	2.03263365e-009	-2.57924052e-009	
4.70840787e+001	6.57338601e-009	5.38613472e-009	-3.76815026e-009	
4.71842576e+001	5.01372312e-009	2.22762765e-009	-4.49166946e-009	
4.72844365e+001	8.57392481e-009	6.25345313e-009	-5.86570631e-009	
4.73846154e+001	7.75416442e-009	3.10970652e-009	-7.10329439e-009	
4.74847943e+001	1.29171708e-008	1.03258832e-008	-7.76076259e-009	
4.75849732e+001	1.45267217e-008	9.86476288e-009	-1.06635875e-008	
4.76851521e+001	1.82769866e-008	9.65667783e-009	-1.55176291e-008	
4.77853309e+001	3.05623775e-008	2.53972078e-008	-1.70011986e-008	
4.78855098e+001	4.22647115e-008	2.70053122e-008	-3.25118278e-008	
4.79856887e+001	5.95536880e-008	3.45881083e-008	-4.84799394e-008	
4.80858676e+001	2.84772776e-007	1.85017296e-007	-2.16481255e-007	
4.81860465e+001	1.40164973e-006	1.40157914e-006	-1.40671259e-008	
4.82862254e+001	1.48924393e-006	1.48781941e-006	6.51219868e-008	
4.83864043e+001	1.34028050e-006	1.34018109e-006	1.63241530e-008	
4.84865832e+001	1.26824168e-006	1.26824142e-006	-8.11455827e-010	
4.85867621e+001	1.24332218e-006	1.24330987e-006	-5.53146455e-009	
4.86869410e+001	1.19947070e-006	1.19942014e-006	-1.10139483e-008	
4.87871199e+001	1.16230260e-006	1.16224998e-006	-1.10598065e-008	
4.88872987e+001	1.14756663e-006	1.14750815e-006	-1.15844858e-008	
4.89874776e+001	1.13283105e-006	1.13276633e-006	-1.21091652e-008	
4.90876565e+001	1.11890317e-006	1.11883856e-006	-1.20243680e-008	
4.91878354e+001	1.10533013e-006	1.10526850e-006	-1.16717607e-008	
4.92880143e+001	1.09175712e-006	1.09169845e-006	-1.13191533e-008	
4.93881932e+001	1.07538563e-006	1.07533024e-006	-1.09137876e-008	
4.94883721e+001	1.04453566e-006	1.04448615e-006	-1.01699049e-008	
4.95885510e+001	1.01529276e-006	1.01524749e-006	-9.58700246e-009	
4.96887299e+001	9.86049952e-007	9.86008841e-007	-9.00410002e-009	
4.97889088e+001	9.56807247e-007	9.56770187e-007	-8.42119758e-009	
4.98890877e+001	9.27320097e-007	9.27287016e-007	-7.83273507e-009	
4.99892665e+001	8.97475583e-007	8.97446411e-007	-7.23614488e-009	
5.00894454e+001	8.75382121e-007	8.75355850e-007	-6.78184379e-009	
5.01896243e+001	8.52747069e-007	8.52723393e-007	-6.35439001e-009	
5.02898032e+001	8.30112095e-007	8.30090936e-007	-5.92693623e-009	
5.03899821e+001	8.07477206e-007	8.07458478e-007	-5.49948246e-009	
5.04901610e+001	7.84842410e-007	7.84826021e-007	-5.07202868e-009	
5.05903399e+001	7.62207715e-007	7.62193564e-007	-4.64457491e-009	
5.06905188e+001	7.39573130e-007	7.39561107e-007	-4.21712113e-009	
5.07906977e+001	7.15951291e-007	7.15941126e-007	-3.81530664e-009	
5.08908766e+001	6.90136092e-007	6.90127483e-007	-3.44718032e-009	
5.09910555e+001	6.64320976e-007	6.64313841e-007	-3.07905400e-009	
5.10912343e+001	6.38505953e-007	6.38500198e-007	-2.71092768e-009	
5.11914132e+001	6.17987566e-007	6.17982699e-007	-2.45264171e-009	
5.12915921e+001	5.98673114e-007	5.98668992e-007	-2.22147230e-009	
5.13917710e+001	5.72689948e-007	5.72686435e-007	-2.00594467e-009	
5.14919499e+001	5.46706810e-007	5.46703878e-007	-1.79041704e-009	
5.15921288e+001	5.23101869e-007	5.23099504e-007	-1.57305920e-009	
5.16923077e+001	4.99745769e-007	4.99743930e-007	-1.35550988e-009	
5.17924866e+001	4.76389716e-007	4.76388357e-007	-1.13796056e-009	
5.18926655e+001	4.56408539e-007	4.56407557e-007	-9.46467262e-010	
5.19928444e+001	4.42069576e-007	4.42068819e-007	-8.18045262e-010	
5.20930233e+001	4.29272795e-007	4.29272208e-007	-7.09905541e-010	
5.21932021e+001	4.16476031e-007	4.16475596e-007	-6.01765821e-010	
5.22933810e+001	3.98832335e-007	3.98831985e-007	-5.27871892e-010	
5.23935599e+001	3.81819803e-007	3.81819539e-007	-4.49419864e-010	
5.24937388e+001	3.65526291e-007	3.65526108e-007	-3.65811355e-010	
5.25939177e+001	3.49232791e-007	3.49232677e-007	-2.82202845e-010	
5.26940966e+001	3.32973790e-007	3.32973730e-007	-1.99115333e-010	
5.27942755e+001	3.20397397e-007	3.20397368e-007	-1.37712872e-010	
5.28944544e+001	3.07955832e-007	3.07955823e-007	-7.57401572e-011	
5.29946333e+001	2.95514279e-007	2.95514279e-007	-1.37674428e-011	
5.30948122e+001	2.83072738e-007	2.83072734e-007	4.82052716e-011	
5.31949911e+001	2.70418389e-007	2.70418371e-007	9.88229972e-011	
5.32951699e+001	2.57279163e-007	2.57279134e-007	1.23570179e-010	
5.33953488e+001	2.44139942e-007	2.44139897e-007	1.48317361e-010	
5.34955277e+001	2.31000724e-007	2.31000659e-007	1.73064544e-010	
5.35957066e+001	2.17661213e-007	2.17661115e-007	2.06475623e-010	
5.36958855e+001	2.05124724e-007	2.05124588e-007	2.36485578e-010	
5.37960644e+001	1.94215820e-007	1.94215667e-007	2.43948599e-010	
5.38962433e+001	1.82927794e-007	1.82927622e-007	2.51194875e-010	
5.39964222e+001	1.71372181e-007	1.71371986e-007	2.58288170e-010	
5.40966011e+001	1.59816571e-007	1.59816351e-007	2.65381464e-010	
5.41967800e+001	1.49705588e-007	1.49705354e-007	2.64866400e-010	
5.42969589e+001	1.40432599e-007	1.40432359e-007	2.59937901e-010	
5.43971377e+001	1.32109052e-007	1.32108798e-007	2.59087832e-010	
5.44973166e+001	1.24347834e-007	1.24347560e-007	2.60653304e-010	
5.45974955e+001	1.16586618e-007	1.16586323e-007	2.62218776e-010	
5.46976744e+001	1.07487692e-007	1.07487395e-007	2.52501256e-010	
5.47978533e+001	9.79478085e-008	9.79475167e-008	2.39064467e-010	
5.48980322e+001	8.84079264e-008	8.84076385e-008	2.25627677e-010	
5.49982111e+001	7.97772135e-008	7.97769442e-008	2.07270577e-010	
5.50983900e+001	7.17470486e-008	7.17468083e-008	1.85663381e-010	
5.51985689e+001	6.37168837e-008	6.37166725e-008	1.64056185e-010	
5.52987478e+001	5.56867188e-008	5.56865366e-008	1.42448989e-010	
5.53989267e+001	4.76565540e-008	4.76564008e-008	1.20841793e-010	
5.54991055e+001	3.95286155e-008	3.95284838e-008	1.02029142e-010	
5.55992844e+001	3.13961464e-008	3.13960357e-008	8.33488874e-011	
5.56994633e+001	2.32442818e-008	2.32441942e-008	6.37998440e-011	
5.57996422e+001	1.55283078e-008	1.55282491e-008	4.27190576e-011	
5.58998211e+001	7.36413098e-009	7.36410200e-009	2.06592904e-011	
5.60000000e+001	4.68810644e-010	4.68806733e-010	1.91485670e-012	
