% Column 0: Length, cm
% Column 1: |B.t|, Tesla
% Column 2: Re[B.t], Tesla
% Column 3: Im[B.t], Tesla
0.00000000e+000	7.60975845e-006	-7.60903601e-006	1.04855155e-007	
1.00178891e-001	7.61125948e-006	-7.61053728e-006	1.04848220e-007	
2.00357782e-001	7.61178197e-006	-7.61105965e-006	1.04860687e-007	
3.00536673e-001	7.60810644e-006	-7.60738302e-006	1.04914645e-007	
4.00715564e-001	7.60659378e-006	-7.60586956e-006	1.04962626e-007	
5.00894454e-001	7.60553430e-006	-7.60480921e-006	1.05018172e-007	
6.01073345e-001	7.60189731e-006	-7.60117056e-006	1.05113645e-007	
7.01252236e-001	7.59636664e-006	-7.59563766e-006	1.05235632e-007	
8.01431127e-001	7.59044202e-006	-7.58971069e-006	1.05364318e-007	
9.01610018e-001	7.57988982e-006	-7.57915459e-006	1.05571697e-007	
1.00178891e+000	7.56933765e-006	-7.56859850e-006	1.05779075e-007	
1.10196780e+000	7.55941149e-006	-7.55866873e-006	1.05967715e-007	
1.20214669e+000	7.54950268e-006	-7.54875646e-006	1.06144591e-007	
1.30232558e+000	7.53936092e-006	-7.53861071e-006	1.06356658e-007	
1.40250447e+000	7.53179332e-006	-7.53103936e-006	1.06568392e-007	
1.50268336e+000	7.52422574e-006	-7.52346801e-006	1.06780127e-007	
1.60286225e+000	7.51462142e-006	-7.51385947e-006	1.07008698e-007	
1.70304114e+000	7.50037064e-006	-7.49960343e-006	1.07275677e-007	
1.80322004e+000	7.48611989e-006	-7.48534739e-006	1.07542657e-007	
1.90339893e+000	7.47467667e-006	-7.47389925e-006	1.07802422e-007	
2.00357782e+000	7.46051135e-006	-7.45972774e-006	1.08127414e-007	
2.10375671e+000	7.44382057e-006	-7.44302963e-006	1.08510901e-007	
2.20393560e+000	7.42709936e-006	-7.42630109e-006	1.08889946e-007	
2.30411449e+000	7.41007149e-006	-7.40926646e-006	1.09224306e-007	
2.40429338e+000	7.39083318e-006	-7.39002108e-006	1.09560796e-007	
2.50447227e+000	7.35921984e-006	-7.35839881e-006	1.09925343e-007	
2.60465116e+000	7.33376637e-006	-7.33293626e-006	1.10340449e-007	
2.70483005e+000	7.30831300e-006	-7.30747371e-006	1.10755555e-007	
2.80500894e+000	7.28285971e-006	-7.28201117e-006	1.11170661e-007	
2.90518784e+000	7.25875798e-006	-7.25789969e-006	1.11622005e-007	
3.00536673e+000	7.23557551e-006	-7.23470711e-006	1.12097996e-007	
3.10554562e+000	7.21239313e-006	-7.21151453e-006	1.12573986e-007	
3.20572451e+000	7.18921085e-006	-7.18832195e-006	1.13049977e-007	
3.30590340e+000	7.16633181e-006	-7.16543221e-006	1.13546468e-007	
3.40608229e+000	7.12872574e-006	-7.12781197e-006	1.14137065e-007	
3.50626118e+000	7.07016033e-006	-7.06923138e-006	1.14607148e-007	
3.60644007e+000	7.01159521e-006	-7.01065080e-006	1.15077230e-007	
3.70661896e+000	6.95303037e-006	-6.95207021e-006	1.15547313e-007	
3.80679785e+000	6.90476229e-006	-6.90378507e-006	1.16163470e-007	
3.90697674e+000	6.85975623e-006	-6.85876106e-006	1.16843133e-007	
4.00715564e+000	6.79897626e-006	-6.79796298e-006	1.17377372e-007	
4.10733453e+000	6.73819666e-006	-6.73716491e-006	1.17911610e-007	
4.20751342e+000	6.67741743e-006	-6.67636684e-006	1.18445849e-007	
4.30769231e+000	6.61405686e-006	-6.61298606e-006	1.19010795e-007	
4.40787120e+000	6.54049867e-006	-6.53940330e-006	1.19697033e-007	
4.50805009e+000	6.45681869e-006	-6.45569704e-006	1.20346983e-007	
4.60822898e+000	6.35550453e-006	-6.35435385e-006	1.20933713e-007	
4.70840787e+000	6.25422926e-006	-6.25304904e-006	1.21496606e-007	
4.80858676e+000	6.15921014e-006	-6.15800539e-006	1.21816255e-007	
4.90876565e+000	6.07041506e-006	-6.06918463e-006	1.22216719e-007	
5.00894454e+000	5.98522744e-006	-5.98397119e-006	1.22622709e-007	
5.10912343e+000	5.90004059e-006	-5.89875775e-006	1.23028699e-007	
5.20930233e+000	5.80307650e-006	-5.80175777e-006	1.23708076e-007	
5.30948122e+000	5.66190310e-006	-5.66054826e-006	1.23855156e-007	
5.40966011e+000	5.51429376e-006	-5.51290201e-006	1.23883650e-007	
5.50983900e+000	5.36668646e-006	-5.36525576e-006	1.23912145e-007	
5.61001789e+000	5.21908136e-006	-5.21760950e-006	1.23940639e-007	
5.71019678e+000	5.07241965e-006	-5.07090105e-006	1.24111309e-007	
5.81037567e+000	4.84721380e-006	-4.84563521e-006	1.23697631e-007	
5.91055456e+000	4.64713506e-006	-4.64550389e-006	1.23117539e-007	
6.01073345e+000	4.45070144e-006	-4.44901492e-006	1.22513330e-007	
6.11091234e+000	4.22728852e-006	-4.22555168e-006	1.21166061e-007	
6.21109123e+000	3.99032004e-006	-3.98853192e-006	1.19445350e-007	
6.31127013e+000	3.75335884e-006	-3.75151216e-006	1.17724640e-007	
6.41144902e+000	3.51697618e-006	-3.51506199e-006	1.16019983e-007	
6.51162791e+000	3.28763400e-006	-3.28563905e-006	1.14513384e-007	
6.61180680e+000	3.05830467e-006	-3.05621612e-006	1.13006785e-007	
6.71198569e+000	2.79711536e-006	-2.79495155e-006	1.10000887e-007	
6.81216458e+000	2.51363180e-006	-2.51136056e-006	1.06831615e-007	
6.91234347e+000	2.21944138e-006	-2.21700523e-006	1.03960849e-007	
7.01252236e+000	1.92530565e-006	-1.92264990e-006	1.01090082e-007	
7.11270125e+000	1.55668523e-006	-1.55374768e-006	9.55879217e-008	
7.21288014e+000	1.19574288e-006	-1.19223010e-006	9.15883589e-008	
7.31305903e+000	7.53175385e-007	-7.48114819e-007	8.71629447e-008	
7.41323792e+000	3.08070301e-007	-2.96537676e-007	8.35027995e-008	
7.51341682e+000	2.37831605e-007	2.27886812e-007	6.80549295e-008	
7.61359571e+000	9.36288361e-007	9.32731898e-007	8.15297533e-008	
7.71377460e+000	2.10616920e-006	2.10176274e-006	1.36169435e-007	
7.81395349e+000	5.80572837e-006	5.68808052e-006	1.16285077e-006	
7.91413238e+000	3.80265613e-006	3.75294445e-006	-6.12863416e-007	
8.01431127e+000	2.43090872e-006	2.34273694e-006	-6.48768737e-007	
8.11449016e+000	1.83875416e-006	1.78022920e-006	-4.60218265e-007	
8.21466905e+000	1.47086348e-006	1.42274566e-006	-3.73140945e-007	
8.31484794e+000	1.35401139e-006	1.31922875e-006	-3.04930075e-007	
8.41502683e+000	1.07195513e-006	1.03468369e-006	-2.80209662e-007	
8.51520572e+000	9.71949899e-007	9.40749377e-007	-2.44289205e-007	
8.61538462e+000	9.42284138e-007	9.16685479e-007	-2.18144742e-007	
8.71556351e+000	8.77799093e-007	8.52707723e-007	-2.08376552e-007	
8.81574240e+000	8.63358756e-007	8.44151997e-007	-1.81095962e-007	
8.91592129e+000	7.69418617e-007	7.45867282e-007	-1.88910045e-007	
9.01610018e+000	7.28386861e-007	7.04797150e-007	-1.83870599e-007	
9.11627907e+000	7.71155356e-007	7.51164304e-007	-1.74449909e-007	
9.21645796e+000	7.36215084e-007	7.13933617e-007	-1.79753834e-007	
9.31663685e+000	8.02529490e-007	7.83001927e-007	-1.75958985e-007	
9.41681574e+000	8.59848642e-007	8.42106285e-007	-1.73771952e-007	
9.51699463e+000	8.52499050e-007	8.25085377e-007	-2.14449878e-007	
9.61717352e+000	9.39677363e-007	9.09983109e-007	-2.34359313e-007	
9.71735242e+000	1.01119403e-006	9.67539310e-007	-2.93906522e-007	
9.81753131e+000	1.34577693e-006	1.31141212e-006	-3.02181751e-007	
9.91771020e+000	1.94844179e-006	1.94826266e-006	2.64205371e-008	
1.00178891e+001	1.22165016e-006	1.21990614e-006	-6.52541784e-008	
1.01180680e+001	1.05701910e-006	1.05340199e-006	-8.73705506e-008	
1.02182469e+001	1.06619474e-006	1.06274858e-006	-8.56544440e-008	
1.03184258e+001	1.13620363e-006	1.13300940e-006	-8.51374933e-008	
1.04186047e+001	1.24100489e-006	1.23810304e-006	-8.48173928e-008	
1.05187835e+001	1.33005040e-006	1.32736191e-006	-8.45246918e-008	
1.06189624e+001	1.40981267e-006	1.40732492e-006	-8.37159563e-008	
1.07191413e+001	1.49407469e-006	1.49176914e-006	-8.29699426e-008	
1.08193202e+001	1.57079148e-006	1.56847065e-006	-8.53561225e-008	
1.09194991e+001	1.63779241e-006	1.63515691e-006	-9.28755259e-008	
1.10196780e+001	1.75376350e-006	1.75067209e-006	-1.04084676e-007	
1.11198569e+001	1.87741933e-006	1.87381319e-006	-1.16307605e-007	
1.12200358e+001	2.02553477e-006	2.02127088e-006	-1.31358744e-007	
1.13202147e+001	2.28614755e-006	2.28134775e-006	-1.48064414e-007	
1.14203936e+001	2.50521989e-006	2.50017543e-006	-1.58901020e-007	
1.15205725e+001	2.87951465e-006	2.87441302e-006	-1.71331346e-007	
1.16207513e+001	3.30884979e-006	3.30334931e-006	-1.90709953e-007	
1.17209302e+001	3.73278244e-006	3.72694304e-006	-2.08711040e-007	
1.18211091e+001	4.19298100e-006	4.18690391e-006	-2.25666388e-007	
1.19212880e+001	4.63017730e-006	4.62411067e-006	-2.36943772e-007	
1.20214669e+001	5.06040872e-006	5.05440947e-006	-2.46335799e-007	
1.21216458e+001	5.26157053e-006	5.25725353e-006	-2.13095664e-007	
1.22218247e+001	5.36204335e-006	5.36109091e-006	-1.01060115e-007	
1.23220036e+001	5.22796344e-006	5.22796329e-006	1.21994716e-009	
1.24221825e+001	4.89053193e-006	4.88983375e-006	8.26347267e-008	
1.25223614e+001	3.91099439e-006	3.90666585e-006	1.83953952e-007	
1.26225403e+001	3.35151113e-006	3.34110388e-006	2.63916068e-007	
1.27227191e+001	2.88071398e-006	2.86151269e-006	3.32051377e-007	
1.28228980e+001	2.29816337e-006	2.26086637e-006	4.12356782e-007	
1.29230769e+001	2.39222019e-006	2.34355947e-006	4.80048384e-007	
1.30232558e+001	2.50445120e-006	2.44576911e-006	5.38970605e-007	
1.31234347e+001	4.10532899e-006	4.06317195e-006	5.86821801e-007	
1.32236136e+001	6.40152988e-006	6.37701422e-006	5.59709210e-007	
1.33237925e+001	9.31870413e-006	9.30551296e-006	4.95656330e-007	
1.34239714e+001	1.36499791e-005	1.36423981e-005	4.54867794e-007	
1.35241503e+001	1.78915652e-005	1.78914733e-005	5.73509993e-008	
1.36243292e+001	2.08542228e-005	2.08524756e-005	-2.69947662e-007	
1.37245081e+001	2.30758281e-005	2.30671300e-005	-6.33525404e-007	
1.38246869e+001	2.51203472e-005	2.51081528e-005	-7.82629731e-007	
1.39248658e+001	2.73131212e-005	2.72983210e-005	-8.99031900e-007	
1.40250447e+001	2.98561964e-005	2.98411809e-005	-9.46774414e-007	
1.41252236e+001	3.28690724e-005	3.28538187e-005	-1.00125710e-006	
1.42254025e+001	3.61304434e-005	3.61148956e-005	-1.05983689e-006	
1.43255814e+001	3.99604180e-005	3.99447865e-005	-1.11760283e-006	
1.44257603e+001	4.48667435e-005	4.48503101e-005	-1.21423117e-006	
1.45259392e+001	4.97353732e-005	4.97195950e-005	-1.25268435e-006	
1.46261181e+001	5.60773762e-005	5.60614562e-005	-1.33612916e-006	
1.47262970e+001	6.28066445e-005	6.27925511e-005	-1.33045682e-006	
1.48264758e+001	6.99765235e-005	6.99627859e-005	-1.38651967e-006	
1.49266547e+001	8.23411891e-005	8.23297843e-005	-1.37041481e-006	
1.50268336e+001	9.28356861e-005	9.28312803e-005	-9.04442528e-007	
1.51270125e+001	1.08861952e-004	1.08861951e-004	9.85118248e-009	
1.52271914e+001	1.19999372e-004	1.19982598e-004	2.00635053e-006	
1.53273703e+001	1.31261851e-004	1.31103517e-004	6.44526570e-006	
1.54275492e+001	1.27822522e-004	1.27291119e-004	1.16433671e-005	
1.55277281e+001	1.09095418e-004	1.08141201e-004	1.43976055e-005	
1.56279070e+001	7.36995273e-005	7.23877176e-005	1.38433614e-005	
1.57280859e+001	4.12986596e-005	3.95186073e-005	1.19941219e-005	
1.58282648e+001	1.07606444e-005	5.43213022e-006	9.28888745e-006	
1.59284436e+001	2.31403196e-005	-2.18623041e-005	7.58380204e-006	
1.60286225e+001	4.75973068e-005	-4.72576986e-005	5.67569701e-006	
1.61288014e+001	6.10781690e-005	-6.08767226e-005	4.95654799e-006	
1.62289803e+001	7.77934596e-005	-7.76864210e-005	4.07950244e-006	
1.63291592e+001	9.45503692e-005	-9.44961194e-005	3.20245689e-006	
1.64293381e+001	1.05813167e-004	-1.05777462e-004	2.74860683e-006	
1.65295170e+001	1.14671723e-004	-1.14644912e-004	2.47954009e-006	
1.66296959e+001	1.23532142e-004	-1.23512363e-004	2.21047335e-006	
1.67298748e+001	1.32598143e-004	-1.32583932e-004	1.94126416e-006	
1.68300537e+001	1.42510903e-004	-1.42500579e-004	1.71535094e-006	
1.69302326e+001	1.52502540e-004	-1.52494666e-004	1.54961500e-006	
1.70304114e+001	1.62494646e-004	-1.62488753e-004	1.38387907e-006	
1.71305903e+001	1.72487142e-004	-1.72482840e-004	1.21814313e-006	
1.72307692e+001	1.82096747e-004	-1.82093707e-004	1.05220197e-006	
1.73309481e+001	1.90653014e-004	-1.90650786e-004	9.21762351e-007	
1.74311270e+001	1.99469971e-004	-1.99468393e-004	7.93620573e-007	
1.75313059e+001	2.08287062e-004	-2.08285999e-004	6.65478794e-007	
1.76314848e+001	2.17104271e-004	-2.17103606e-004	5.37337016e-007	
1.77316637e+001	2.25921583e-004	-2.25921213e-004	4.09195237e-007	
1.78318426e+001	2.34738987e-004	-2.34738819e-004	2.81053459e-007	
1.79320215e+001	2.43556474e-004	-2.43556426e-004	1.52911680e-007	
1.80322004e+001	2.55374275e-004	-2.55374275e-004	1.32886735e-008	
1.81323792e+001	2.69291828e-004	-2.69291790e-004	-1.44140531e-007	
1.82325581e+001	2.83355903e-004	-2.83355747e-004	-2.97710773e-007	
1.83327370e+001	2.97420047e-004	-2.97419704e-004	-4.51281015e-007	
1.84329159e+001	3.13448274e-004	-3.13447614e-004	-6.43215713e-007	
1.85330948e+001	3.32685931e-004	-3.32684719e-004	-8.97839793e-007	
1.86332737e+001	3.51923711e-004	-3.51921824e-004	-1.15246387e-006	
1.87334526e+001	3.70894086e-004	-3.70891422e-004	-1.40579450e-006	
1.88336315e+001	3.90375858e-004	-3.90371940e-004	-1.74882800e-006	
1.89338104e+001	4.14710361e-004	-4.14705185e-004	-2.07197279e-006	
1.90339893e+001	4.39077738e-004	-4.39071215e-004	-2.39330786e-006	
1.91341682e+001	4.63445196e-004	-4.63437246e-004	-2.71464293e-006	
1.92343470e+001	4.88141304e-004	-4.88131024e-004	-3.16795927e-006	
1.93345259e+001	5.21234144e-004	-5.21220218e-004	-3.81019034e-006	
1.94347048e+001	5.55904222e-004	-5.55889437e-004	-4.05441800e-006	
1.95348837e+001	5.85095850e-004	-5.85081510e-004	-4.09642947e-006	
1.96350626e+001	6.14287522e-004	-6.14273582e-004	-4.13844093e-006	
1.97352415e+001	6.43479234e-004	-6.43465655e-004	-4.18045240e-006	
1.98354204e+001	6.72670980e-004	-6.72657727e-004	-4.22246387e-006	
1.99355993e+001	7.10987203e-004	-7.10975674e-004	-4.04900519e-006	
2.00357782e+001	7.51329816e-004	-7.51324393e-004	-2.85474616e-006	
2.01359571e+001	7.91522255e-004	-7.91520783e-004	-1.52664828e-006	
2.02361360e+001	8.26226515e-004	-8.26226277e-004	-6.27809958e-007	
2.03363148e+001	8.57798745e-004	-8.57798744e-004	2.60990241e-008	
2.04364937e+001	8.89371472e-004	-8.89371212e-004	6.80008006e-007	
2.05366726e+001	9.18611527e-004	-9.18609471e-004	1.94333242e-006	
2.06368515e+001	9.46425375e-004	-9.46418605e-004	3.57977332e-006	
2.07370304e+001	9.72796614e-004	-9.72783391e-004	5.07217983e-006	
2.08372093e+001	9.91409267e-004	-9.91391515e-004	5.93278724e-006	
2.09373882e+001	1.01045434e-003	-1.01042993e-003	7.02344463e-006	
2.10375671e+001	1.02950033e-003	-1.02946835e-003	8.11410203e-006	
2.11377460e+001	1.04313864e-003	-1.04310184e-003	8.76254433e-006	
2.12379249e+001	1.05658282e-003	-1.05654050e-003	9.45698784e-006	
2.13381038e+001	1.07002731e-003	-1.06997916e-003	1.01514313e-005	
2.14382826e+001	1.07343703e-003	-1.07338729e-003	1.03336708e-005	
2.15384615e+001	1.07325245e-003	-1.07320272e-003	1.03324508e-005	
2.16386404e+001	1.07290751e-003	-1.07285770e-003	1.03382200e-005	
2.17388193e+001	1.07231662e-003	-1.07226690e-003	1.03269203e-005	
2.18389982e+001	1.06451673e-003	-1.06447094e-003	9.87285127e-006	
2.19391771e+001	1.05332293e-003	-1.05328202e-003	9.28406000e-006	
2.20393560e+001	1.04430294e-003	-1.04426577e-003	8.81087154e-006	
2.21395349e+001	1.03668152e-003	-1.03664739e-003	8.41205988e-006	
2.22397138e+001	1.02943357e-003	-1.02940226e-003	8.02991434e-006	
2.23398927e+001	1.00878880e-003	-1.00876510e-003	6.91490082e-006	
2.24400716e+001	9.83614855e-004	-9.83599173e-004	5.55431855e-006	
2.25402504e+001	9.58442419e-004	-9.58433244e-004	4.19373628e-006	
2.26404293e+001	9.30303241e-004	-9.30297880e-004	3.15854577e-006	
2.27406082e+001	8.96332284e-004	-8.96330383e-004	1.84614195e-006	
2.28407871e+001	8.61015367e-004	-8.61015280e-004	3.86642998e-007	
2.29409660e+001	8.25700873e-004	-8.25700176e-004	-1.07285595e-006	
2.30411449e+001	7.90499892e-004	-7.90495855e-004	-2.52639585e-006	
2.31413238e+001	7.64618431e-004	-7.64610954e-004	-3.38154771e-006	
2.32415027e+001	7.24767895e-004	-7.24758234e-004	-3.74213955e-006	
2.33416816e+001	6.84917802e-004	-6.84905514e-004	-4.10273138e-006	
2.34418605e+001	6.45068236e-004	-6.45052794e-004	-4.46332321e-006	
2.35420394e+001	6.09750985e-004	-6.09732822e-004	-4.70622987e-006	
2.36422182e+001	5.79450854e-004	-5.79434165e-004	-4.39786914e-006	
2.37423971e+001	5.47963367e-004	-5.47948841e-004	-3.98988663e-006	
2.38425760e+001	5.16475938e-004	-5.16463517e-004	-3.58190413e-006	
2.39427549e+001	4.84988579e-004	-4.84978193e-004	-3.17392162e-006	
2.40429338e+001	4.58644601e-004	-4.58635594e-004	-2.87435779e-006	
2.41431127e+001	4.36051998e-004	-4.36043922e-004	-2.65387084e-006	
2.42432916e+001	4.09480097e-004	-4.09473947e-004	-2.24416189e-006	
2.43434705e+001	3.81909715e-004	-3.81905535e-004	-1.78696373e-006	
2.44436494e+001	3.60673412e-004	-3.60670609e-004	-1.42203056e-006	
2.45438283e+001	3.42144329e-004	-3.42142431e-004	-1.13970175e-006	
2.46440072e+001	3.21167255e-004	-3.21166035e-004	-8.85021041e-007	
2.47441860e+001	3.00190301e-004	-3.00189640e-004	-6.30340330e-007	
2.48443649e+001	2.81182434e-004	-2.81182150e-004	-3.99139047e-007	
2.49445438e+001	2.69878085e-004	-2.69877958e-004	-2.62294785e-007	
2.50447227e+001	2.58573796e-004	-2.58573766e-004	-1.25450523e-007	
2.51449016e+001	2.47269574e-004	-2.47269573e-004	1.13937385e-008	
2.52450805e+001	2.35965428e-004	-2.35965381e-004	1.48238000e-007	
2.53452594e+001	2.26069056e-004	-2.26068922e-004	2.46423423e-007	
2.54454383e+001	2.16569527e-004	-2.16569270e-004	3.33711811e-007	
2.55456172e+001	2.07070046e-004	-2.07069618e-004	4.21000198e-007	
2.56457961e+001	1.97570620e-004	-1.97569966e-004	5.08288586e-007	
2.57459750e+001	1.88101127e-004	-1.88100188e-004	5.94334441e-007	
2.58461538e+001	1.78658721e-004	-1.78657430e-004	6.79256453e-007	
2.59463327e+001	1.69216397e-004	-1.69214672e-004	7.64178465e-007	
2.60465116e+001	1.58383438e-004	-1.58381121e-004	8.56837307e-007	
2.61466905e+001	1.48133904e-004	-1.48130795e-004	9.59695433e-007	
2.62468694e+001	1.37940176e-004	-1.37936067e-004	1.06474324e-006	
2.63470483e+001	1.27746695e-004	-1.27741339e-004	1.16979105e-006	
2.64472272e+001	1.17553524e-004	-1.17546611e-004	1.27483886e-006	
2.65474061e+001	1.07360751e-004	-1.07351883e-004	1.37988667e-006	
2.66475850e+001	9.71685019e-005	-9.71571548e-005	1.48493448e-006	
2.67477639e+001	8.69769608e-005	-8.69624268e-005	1.58998229e-006	
2.68479428e+001	7.71901468e-005	-7.71715859e-005	1.69265878e-006	
2.69481216e+001	6.70425238e-005	-6.70175997e-005	1.82792963e-006	
2.70483005e+001	5.64941245e-005	-5.64590945e-005	1.98915868e-006	
2.71484794e+001	4.59509333e-005	-4.59005893e-005	2.15038774e-006	
2.72486583e+001	3.54176013e-005	-3.53420842e-005	2.31161679e-006	
2.73488372e+001	2.55794796e-005	-2.54615707e-005	2.45320124e-006	
2.74490161e+001	1.66731486e-005	-1.64740578e-005	2.56891125e-006	
2.75491950e+001	7.10284509e-006	-6.56201133e-006	2.71853189e-006	
2.76493739e+001	4.48168434e-006	3.44715865e-006	2.86401671e-006	
2.77495528e+001	1.00839147e-005	9.65909394e-006	2.89607305e-006	
2.78497317e+001	1.60576937e-005	1.57888205e-005	2.92620475e-006	
2.79499106e+001	2.09633725e-005	2.07620071e-005	2.89862852e-006	
2.80500894e+001	2.30522863e-005	2.28871322e-005	2.75446595e-006	
2.81502683e+001	2.39263022e-005	2.37794379e-005	2.64693617e-006	
2.82504472e+001	2.48020869e-005	2.46717436e-005	2.53940639e-006	
2.83506261e+001	2.41629815e-005	2.40453946e-005	2.38089745e-006	
2.84508050e+001	1.89326027e-005	1.88193224e-005	2.06798211e-006	
2.85509839e+001	1.38914189e-005	1.37591575e-005	1.91235511e-006	
2.86511628e+001	8.87524681e-006	8.69954447e-006	1.75725126e-006	
2.87513417e+001	4.71320408e-006	4.42966797e-006	1.61007279e-006	
2.88515206e+001	2.24798064e-006	1.67834723e-006	1.49551581e-006	
2.89516995e+001	1.85859939e-006	-1.18275480e-006	1.43369550e-006	
2.90518784e+001	4.64438122e-006	-4.43848308e-006	1.36753242e-006	
2.91520572e+001	7.80348963e-006	-7.69421135e-006	1.30136934e-006	
2.92522361e+001	1.10193880e-005	-1.09499396e-005	1.23520627e-006	
2.93524150e+001	1.42536894e-005	-1.42056679e-005	1.16904319e-006	
2.94525939e+001	1.53740161e-005	-1.53326329e-005	1.12727095e-006	
2.95527728e+001	1.64129648e-005	-1.63769670e-005	1.08644547e-006	
2.96529517e+001	1.74526518e-005	-1.74213012e-005	1.04561999e-006	
2.97531306e+001	1.85450933e-005	-1.85178300e-005	1.00521412e-006	
2.98533095e+001	2.02389153e-005	-2.02156743e-005	9.69642507e-007	
2.99534884e+001	2.19334170e-005	-2.19135185e-005	9.34070892e-007	
3.00536673e+001	2.36284521e-005	-2.36113627e-005	8.98499277e-007	
3.01538462e+001	2.44955069e-005	-2.44802226e-005	8.65192186e-007	
3.02540250e+001	2.49811541e-005	-2.49672644e-005	8.32928101e-007	
3.03542039e+001	2.54668954e-005	-2.54543061e-005	8.00664016e-007	
3.04543828e+001	2.59267596e-005	-2.59153260e-005	7.69895973e-007	
3.05545617e+001	2.61552919e-005	-2.61444659e-005	7.52459089e-007	
3.06547406e+001	2.63838463e-005	-2.63736059e-005	7.35022206e-007	
3.07549195e+001	2.66124222e-005	-2.66027458e-005	7.17585323e-007	
3.08550984e+001	2.68019586e-005	-2.67928520e-005	6.98616561e-007	
3.09552773e+001	2.68769695e-005	-2.68684881e-005	6.75155428e-007	
3.10554562e+001	2.69299885e-005	-2.69220501e-005	6.53832996e-007	
3.11556351e+001	2.69771158e-005	-2.69696863e-005	6.33084694e-007	
3.12558140e+001	2.68963273e-005	-2.68893025e-005	6.14681996e-007	
3.13559928e+001	2.67590343e-005	-2.67523668e-005	5.97315451e-007	
3.14561717e+001	2.66217489e-005	-2.66154311e-005	5.79948906e-007	
3.15563506e+001	2.65005505e-005	-2.64945741e-005	5.62779652e-007	
3.16565295e+001	2.63824111e-005	-2.63767522e-005	5.46407744e-007	
3.17567084e+001	2.61710399e-005	-2.61655903e-005	5.34052351e-007	
3.18568873e+001	2.59518938e-005	-2.59466295e-005	5.22694794e-007	
3.19570662e+001	2.57327496e-005	-2.57276687e-005	5.11337237e-007	
3.20572451e+001	2.55186596e-005	-2.55137721e-005	4.99417403e-007	
3.21574240e+001	2.53062163e-005	-2.53015238e-005	4.87314558e-007	
3.22576029e+001	2.50803841e-005	-2.50758630e-005	4.76193070e-007	
3.23577818e+001	2.48117826e-005	-2.48074213e-005	4.65191807e-007	
3.24579606e+001	2.45272751e-005	-2.45231023e-005	4.52414936e-007	
3.25581395e+001	2.42427699e-005	-2.42387832e-005	4.39638066e-007	
3.26583184e+001	2.39582671e-005	-2.39544642e-005	4.26861196e-007	
3.27584973e+001	2.36710807e-005	-2.36674144e-005	4.16600747e-007	
3.28586762e+001	2.33837810e-005	-2.33802432e-005	4.06749822e-007	
3.29588551e+001	2.30978378e-005	-2.30944365e-005	3.96376077e-007	
3.30590340e+001	2.28118958e-005	-2.28086297e-005	3.86002331e-007	
3.31592129e+001	2.25164116e-005	-2.25132630e-005	3.76536523e-007	
3.32593918e+001	2.22225704e-005	-2.22195214e-005	3.68108155e-007	
3.33595707e+001	2.19334243e-005	-2.19304657e-005	3.60241256e-007	
3.34597496e+001	2.16442786e-005	-2.16414100e-005	3.52374356e-007	
3.35599284e+001	2.13645371e-005	-2.13617571e-005	3.44641986e-007	
3.36601073e+001	2.10615330e-005	-2.10588382e-005	3.36905960e-007	
3.37602862e+001	2.07572833e-005	-2.07546733e-005	3.29157140e-007	
3.38604651e+001	2.04530340e-005	-2.04505085e-005	3.21408320e-007	
3.39606440e+001	2.01564379e-005	-2.01539882e-005	3.14238767e-007	
3.40608229e+001	1.98717561e-005	-1.98693695e-005	3.07971043e-007	
3.41610018e+001	1.95872614e-005	-1.95849376e-005	3.01706400e-007	
3.42611807e+001	1.93206081e-005	-1.93183445e-005	2.95735916e-007	
3.43613596e+001	1.90539549e-005	-1.90517514e-005	2.89765432e-007	
3.44615385e+001	1.87961207e-005	-1.87939643e-005	2.84709228e-007	
3.45617174e+001	1.85440681e-005	-1.85419503e-005	2.80252427e-007	
3.46618962e+001	1.82675436e-005	-1.82654762e-005	2.74825443e-007	
3.47620751e+001	1.79783778e-005	-1.79763668e-005	2.68897296e-007	
3.48622540e+001	1.76952464e-005	-1.76932864e-005	2.63368619e-007	
3.49624329e+001	1.74273188e-005	-1.74253964e-005	2.58846450e-007	
3.50626118e+001	1.71721557e-005	-1.71702744e-005	2.54177364e-007	
3.51627907e+001	1.69189403e-005	-1.69170976e-005	2.49697205e-007	
3.52629696e+001	1.66658172e-005	-1.66640069e-005	2.45635651e-007	
3.53631485e+001	1.64129943e-005	-1.64112166e-005	2.41560330e-007	
3.54633274e+001	1.61562594e-005	-1.61545139e-005	2.37480431e-007	
3.55635063e+001	1.58941388e-005	-1.58924251e-005	2.33394229e-007	
3.56636852e+001	1.56320183e-005	-1.56303363e-005	2.29308028e-007	
3.57638640e+001	1.53687214e-005	-1.53670719e-005	2.25164182e-007	
3.58640429e+001	1.51138815e-005	-1.51122497e-005	2.22088853e-007	
3.59642218e+001	1.48571880e-005	-1.48555742e-005	2.18974624e-007	
3.60644007e+001	1.46004944e-005	-1.45988987e-005	2.15860395e-007	
3.61645796e+001	1.43438010e-005	-1.43422232e-005	2.12746166e-007	
3.62647585e+001	1.41151630e-005	-1.41135969e-005	2.10257563e-007	
3.63649374e+001	1.38883899e-005	-1.38868350e-005	2.07820480e-007	
3.64651163e+001	1.36616169e-005	-1.36600730e-005	2.05383397e-007	
3.65652952e+001	1.34348440e-005	-1.34333110e-005	2.02946314e-007	
3.66654741e+001	1.32080711e-005	-1.32065491e-005	2.00509231e-007	
3.67656530e+001	1.29812983e-005	-1.29797871e-005	1.98072148e-007	
3.68658318e+001	1.27619028e-005	-1.27603978e-005	1.95985920e-007	
3.69660107e+001	1.25450128e-005	-1.25435124e-005	1.94018847e-007	
3.70661896e+001	1.23281229e-005	-1.23266269e-005	1.92051773e-007	
3.71663685e+001	1.20975111e-005	-1.20960229e-005	1.89748003e-007	
3.72665474e+001	1.18662284e-005	-1.18647481e-005	1.87427767e-007	
3.73667263e+001	1.16370564e-005	-1.16355832e-005	1.85167074e-007	
3.74669052e+001	1.14296125e-005	-1.14281391e-005	1.83519364e-007	
3.75670841e+001	1.12013863e-005	-1.11999066e-005	1.82063086e-007	
3.76672630e+001	1.09589721e-005	-1.09574816e-005	1.80737502e-007	
3.77674419e+001	1.07165585e-005	-1.07150566e-005	1.79411918e-007	
3.78676208e+001	1.04805576e-005	-1.04790464e-005	1.77968506e-007	
3.79677996e+001	1.02554485e-005	-1.02539326e-005	1.76324951e-007	
3.80679785e+001	1.00582150e-005	-1.00566922e-005	1.75014365e-007	
3.81681574e+001	9.82883655e-006	-9.82728893e-006	1.74413586e-007	
3.82683363e+001	9.59945936e-006	-9.59788566e-006	1.73812807e-007	
3.83685152e+001	9.37008349e-006	-9.36848239e-006	1.73212028e-007	
3.84686941e+001	9.14070904e-006	-9.13907912e-006	1.72611249e-007	
3.85688730e+001	8.88934505e-006	-8.88765858e-006	1.73148753e-007	
3.86690519e+001	8.63082786e-006	-8.62907435e-006	1.73969556e-007	
3.87692308e+001	8.37231488e-006	-8.37049012e-006	1.74790359e-007	
3.88694097e+001	8.11380653e-006	-8.11190589e-006	1.75611162e-007	
3.89695886e+001	7.87151236e-006	-7.86950522e-006	1.77748163e-007	
3.90697674e+001	7.63457342e-006	-7.63244366e-006	1.80319390e-007	
3.91699463e+001	7.33255412e-006	-7.33021111e-006	1.85350803e-007	
3.92701252e+001	6.88548779e-006	-6.88270140e-006	1.95866388e-007	
3.93703041e+001	6.43850025e-006	-6.43519168e-006	2.06381973e-007	
3.94704830e+001	5.99160912e-006	-5.98768196e-006	2.16897558e-007	
3.95706619e+001	5.54483771e-006	-5.54017224e-006	2.27413143e-007	
3.96708408e+001	5.16580091e-006	-5.16016692e-006	2.41197847e-007	
3.97710197e+001	4.41670978e-006	-4.40784841e-006	2.79638476e-007	
3.98711986e+001	3.76989650e-006	-3.75752545e-006	3.05159133e-007	
3.99713775e+001	3.16022987e-006	-3.14332022e-006	3.26482545e-007	
4.00715564e+001	2.25372328e-006	-2.22226066e-006	3.75268144e-007	
4.01717352e+001	1.03404129e-006	-9.29425664e-007	4.53221059e-007	
4.02719141e+001	5.55209830e-007	2.84518208e-007	4.76767600e-007	
4.03720930e+001	2.04244321e-006	1.96276581e-006	5.64911183e-007	
4.04722719e+001	4.04664210e-006	4.00209270e-006	5.98804048e-007	
4.05724508e+001	4.83206536e-006	4.81455607e-006	4.10981112e-007	
4.06726297e+001	4.89107493e-006	4.88861637e-006	1.55061066e-007	
4.07728086e+001	4.59745299e-006	4.59745243e-006	-2.26799714e-009	
4.08729875e+001	3.96962424e-006	3.96886816e-006	-7.74736984e-008	
4.09731664e+001	3.48250722e-006	3.48070141e-006	-1.12134971e-007	
4.10733453e+001	3.03819736e-006	3.03571255e-006	-1.22851465e-007	
4.11735242e+001	2.67993126e-006	2.67734631e-006	-1.17678707e-007	
4.12737030e+001	2.35236154e-006	2.34966441e-006	-1.12614449e-007	
4.13738819e+001	2.05848724e-006	2.05598167e-006	-1.01533578e-007	
4.14740608e+001	1.81888183e-006	1.81653195e-006	-9.24272275e-008	
4.15742397e+001	1.62075140e-006	1.61851095e-006	-8.51904327e-008	
4.16744186e+001	1.45994062e-006	1.45781987e-006	-7.86628812e-008	
4.17745975e+001	1.34553325e-006	1.34341993e-006	-7.53831503e-008	
4.18747764e+001	1.23912159e-006	1.23696601e-006	-7.30574966e-008	
4.19749553e+001	1.14290396e-006	1.14077103e-006	-6.97919703e-008	
4.20751342e+001	1.04241662e-006	1.04032159e-006	-6.60561072e-008	
4.21753131e+001	9.49150462e-007	9.47341205e-007	-5.85767885e-008	
4.22754919e+001	8.73094278e-007	8.71828306e-007	-4.70002633e-008	
4.23756708e+001	7.67838158e-007	7.67588243e-007	-1.95889420e-008	
4.24758497e+001	6.24629540e-007	6.24583811e-007	7.55814363e-009	
4.25760286e+001	4.27812713e-007	4.26496943e-007	3.35272259e-008	
4.26762075e+001	2.41524059e-007	2.36706396e-007	4.79995105e-008	
4.27763864e+001	8.65462698e-008	6.51344047e-008	5.69891756e-008	
4.28765653e+001	8.75179994e-008	-6.78352519e-008	5.52971864e-008	
4.29767442e+001	1.44566426e-007	-1.34691264e-007	5.25139508e-008	
4.30769231e+001	1.54089678e-007	-1.46341728e-007	4.82465292e-008	
4.31771020e+001	1.44231688e-007	-1.37638373e-007	4.31098373e-008	
4.32772809e+001	7.42137455e-008	-6.53639792e-008	3.51458426e-008	
4.33774597e+001	3.04766747e-008	1.46059863e-008	2.67486984e-008	
4.34776386e+001	1.04533685e-007	1.03134131e-007	1.70482347e-008	
4.35778175e+001	1.49300029e-007	1.48999156e-007	9.47365568e-009	
4.36779964e+001	1.89637074e-007	1.89636682e-007	3.85715987e-010	
4.37781753e+001	2.14933052e-007	2.14775315e-007	-8.23290648e-009	
4.38783542e+001	2.18063240e-007	2.17663567e-007	-1.31965354e-008	
4.39785331e+001	2.07549182e-007	2.06960069e-007	-1.56266668e-008	
4.40787120e+001	1.95026103e-007	1.94303349e-007	-1.67746608e-008	
4.41788909e+001	1.79964571e-007	1.79215988e-007	-1.63974600e-008	
4.42790698e+001	1.59045060e-007	1.58351290e-007	-1.48391394e-008	
4.43792487e+001	1.44862016e-007	1.44200079e-007	-1.38326021e-008	
4.44794275e+001	1.27823530e-007	1.27189234e-007	-1.27182340e-008	
4.45796064e+001	1.15968579e-007	1.15386638e-007	-1.16032407e-008	
4.46797853e+001	1.04466325e-007	1.03938494e-007	-1.04882048e-008	
4.47799642e+001	9.22059153e-008	9.17499476e-008	-9.15848993e-009	
4.48801431e+001	8.67448696e-008	8.63396336e-008	-8.37496741e-009	
4.49803220e+001	8.10093408e-008	8.06520108e-008	-7.60042404e-009	
4.50805009e+001	7.84765748e-008	7.81726462e-008	-6.90001313e-009	
4.51806798e+001	7.65614752e-008	7.62716269e-008	-6.65570539e-009	
4.52808587e+001	7.51191187e-008	7.48271433e-008	-6.61669284e-009	
4.53810376e+001	7.31637125e-008	7.28624901e-008	-6.63222127e-009	
4.54812165e+001	7.02273465e-008	6.99096630e-008	-6.67227280e-009	
4.55813953e+001	6.79636710e-008	6.76320798e-008	-6.70539698e-009	
4.56815742e+001	6.52053839e-008	6.48574252e-008	-6.72729335e-009	
4.57817531e+001	6.34356820e-008	6.30498799e-008	-6.98558485e-009	
4.58819320e+001	6.59840486e-008	6.55637625e-008	-7.43557031e-009	
4.59821109e+001	7.92800404e-008	7.89568325e-008	-7.15146136e-009	
4.60822898e+001	1.31310833e-007	1.31282404e-007	-2.73227024e-009	
4.61824687e+001	9.20019443e-008	8.87979430e-008	-2.40683003e-008	
4.62826476e+001	8.11538994e-008	7.78349572e-008	-2.29711738e-008	
4.63828265e+001	8.39006845e-008	8.09828304e-008	-2.19341298e-008	
4.64830054e+001	8.54051670e-008	8.23597249e-008	-2.26035012e-008	
4.65831843e+001	8.79749561e-008	8.50091432e-008	-2.26503527e-008	
4.66833631e+001	9.85552047e-008	9.57981201e-008	-2.31484031e-008	
4.67835420e+001	9.63424990e-008	9.28400230e-008	-2.57411585e-008	
4.68837209e+001	1.08468183e-007	1.05023562e-007	-2.71182232e-008	
4.69838998e+001	1.25502017e-007	1.22113881e-007	-2.89647433e-008	
4.70840787e+001	1.38901602e-007	1.35176958e-007	-3.19506693e-008	
4.71842576e+001	1.45092608e-007	1.40041951e-007	-3.79488703e-008	
4.72844365e+001	1.74369551e-007	1.70080710e-007	-3.84355581e-008	
4.73846154e+001	1.77291392e-007	1.71429159e-007	-4.52137254e-008	
4.74847943e+001	2.15970934e-007	2.09566328e-007	-5.22053488e-008	
4.75849732e+001	2.64693710e-007	2.58783205e-007	-5.56238496e-008	
4.76851521e+001	3.15969820e-007	3.09063173e-007	-6.57029841e-008	
4.77853309e+001	3.67231469e-007	3.57159204e-007	-8.54181198e-008	
4.78855098e+001	4.47947237e-007	4.35139548e-007	-1.06349899e-007	
4.79856887e+001	5.34771279e-007	5.11289951e-007	-1.56725576e-007	
4.80858676e+001	9.47163206e-007	9.35243500e-007	-1.49792308e-007	
4.81860465e+001	1.46406954e-006	1.43300611e-006	2.99988543e-007	
4.82862254e+001	5.17455549e-007	5.16378170e-007	3.33741028e-008	
4.83864043e+001	2.56234579e-007	2.54857825e-007	2.65263686e-008	
4.84865832e+001	6.72908900e-008	6.36657791e-008	2.17883557e-008	
4.85867621e+001	8.19336653e-008	-7.92586509e-008	2.07651575e-008	
4.86869410e+001	2.04250979e-007	-2.02938501e-007	2.31176819e-008	
4.87871199e+001	2.95898054e-007	-2.94828577e-007	2.51350099e-008	
4.88872987e+001	3.86568332e-007	-3.85720315e-007	2.55912834e-008	
4.89874776e+001	4.77323292e-007	-4.76612054e-007	2.60475569e-008	
4.90876565e+001	5.54793857e-007	-5.54151711e-007	2.66852932e-008	
4.91878354e+001	6.26423975e-007	-6.25824325e-007	2.74027661e-008	
4.92880143e+001	6.98063555e-007	-6.97496939e-007	2.81202391e-008	
4.93881932e+001	7.74902075e-007	-7.74356356e-007	2.90767926e-008	
4.94883721e+001	8.41068027e-007	-8.40545860e-007	2.96324750e-008	
4.95885510e+001	8.99364768e-007	-8.98864955e-007	2.99796179e-008	
4.96887299e+001	9.57664356e-007	-9.57184051e-007	3.03267609e-008	
4.97889088e+001	1.01596630e-006	-1.01550315e-006	3.06739038e-008	
4.98890877e+001	1.07562351e-006	-1.07517552e-006	3.10409207e-008	
4.99892665e+001	1.13726068e-006	-1.13682610e-006	3.14369893e-008	
5.00894454e+001	1.18532207e-006	-1.18489900e-006	3.16664262e-008	
5.01896243e+001	1.22888837e-006	-1.22847638e-006	3.18184022e-008	
5.02898032e+001	1.27245544e-006	-1.27205375e-006	3.19703783e-008	
5.03899821e+001	1.31602322e-006	-1.31563113e-006	3.21223544e-008	
5.04901610e+001	1.35959163e-006	-1.35920850e-006	3.22743304e-008	
5.05903399e+001	1.40316061e-006	-1.40278588e-006	3.24263065e-008	
5.06905188e+001	1.44673011e-006	-1.44636325e-006	3.25782825e-008	
5.07906977e+001	1.48721301e-006	-1.48685423e-006	3.26655641e-008	
5.08908766e+001	1.52282504e-006	-1.52247528e-006	3.26364121e-008	
5.09910555e+001	1.55843749e-006	-1.55809633e-006	3.26072600e-008	
5.10912343e+001	1.59405032e-006	-1.59371738e-006	3.25781079e-008	
5.11914132e+001	1.62274576e-006	-1.62241926e-006	3.25506426e-008	
5.12915921e+001	1.64968523e-006	-1.64936462e-006	3.25224547e-008	
5.13917710e+001	1.67217587e-006	-1.67186170e-006	3.24129507e-008	
5.14919499e+001	1.69466669e-006	-1.69435878e-006	3.23034468e-008	
5.15921288e+001	1.71875887e-006	-1.71845597e-006	3.22663794e-008	
5.16923077e+001	1.74301870e-006	-1.74272056e-006	3.22368901e-008	
5.17924866e+001	1.76727866e-006	-1.76698516e-006	3.22074008e-008	
5.18926655e+001	1.78937609e-006	-1.78908761e-006	3.21296832e-008	
5.19928444e+001	1.80842435e-006	-1.80814029e-006	3.20515849e-008	
5.20930233e+001	1.82672757e-006	-1.82644751e-006	3.19859000e-008	
5.21932021e+001	1.84503087e-006	-1.84475473e-006	3.19202150e-008	
5.22933810e+001	1.85663867e-006	-1.85636618e-006	3.18084374e-008	
5.23935599e+001	1.86950396e-006	-1.86923487e-006	3.17182983e-008	
5.24937388e+001	1.88366091e-006	-1.88339505e-006	3.16470975e-008	
5.25939177e+001	1.89781792e-006	-1.89755522e-006	3.15758968e-008	
5.26940966e+001	1.91194154e-006	-1.91168196e-006	3.15043244e-008	
5.27942755e+001	1.92293224e-006	-1.92267524e-006	3.14375679e-008	
5.28944544e+001	1.93382585e-006	-1.93357135e-006	3.13727761e-008	
5.29946333e+001	1.94471948e-006	-1.94446745e-006	3.13079842e-008	
5.30948122e+001	1.95561314e-006	-1.95536355e-006	3.12431924e-008	
5.31949911e+001	1.96575243e-006	-1.96550523e-006	3.11738811e-008	
5.32951699e+001	1.97417298e-006	-1.97392809e-006	3.10942729e-008	
5.33953488e+001	1.98259356e-006	-1.98235095e-006	3.10146647e-008	
5.34955277e+001	1.99101415e-006	-1.99077381e-006	3.09350566e-008	
5.35957066e+001	2.00054085e-006	-2.00030268e-006	3.08692706e-008	
5.36958855e+001	2.00931402e-006	-2.00907759e-006	3.08229262e-008	
5.37960644e+001	2.01472098e-006	-2.01448586e-006	3.07785903e-008	
5.38962433e+001	2.02027412e-006	-2.02004041e-006	3.07288711e-008	
5.39964222e+001	2.02593045e-006	-2.02569820e-006	3.06753523e-008	
5.40966011e+001	2.03158678e-006	-2.03135599e-006	3.06218335e-008	
5.41967800e+001	2.03651043e-006	-2.03628093e-006	3.05728872e-008	
5.42969589e+001	2.04100907e-006	-2.04078077e-006	3.05265933e-008	
5.43971377e+001	2.04539917e-006	-2.04517193e-006	3.04885120e-008	
5.44973166e+001	2.04972498e-006	-2.04949871e-006	3.04552948e-008	
5.45974955e+001	2.05405079e-006	-2.05382549e-006	3.04220776e-008	
5.46976744e+001	2.05721313e-006	-2.05698868e-006	3.03880354e-008	
5.47978533e+001	2.05999195e-006	-2.05976831e-006	3.03537212e-008	
5.48980322e+001	2.06277077e-006	-2.06254794e-006	3.03194070e-008	
5.49982111e+001	2.06469183e-006	-2.06446959e-006	3.02933844e-008	
5.50983900e+001	2.06604630e-006	-2.06582450e-006	3.02728388e-008	
5.51985689e+001	2.06740077e-006	-2.06717941e-006	3.02522932e-008	
5.52987478e+001	2.06875523e-006	-2.06853433e-006	3.02317476e-008	
5.53989267e+001	2.07010970e-006	-2.06988924e-006	3.02112020e-008	
5.54991055e+001	2.07246756e-006	-2.07224757e-006	3.01957664e-008	
5.55992844e+001	2.07487462e-006	-2.07465511e-006	3.01805766e-008	
5.56994633e+001	2.07703375e-006	-2.07681465e-006	3.01677050e-008	
5.57996422e+001	2.07716067e-006	-2.07694165e-006	3.01633773e-008	
5.58998211e+001	2.07775907e-006	-2.07754017e-006	3.01593862e-008	
5.60000000e+001	2.07754906e-006	-2.07733014e-006	3.01593453e-008	
