% Column 0: Length, cm
% Column 1: |B.n|, Tesla
% Column 2: Re[B.n], Tesla
% Column 3: Im[B.n], Tesla
0.00000000e+000	6.37151352e-016	-6.37150217e-016	-1.20247699e-018	
1.00178891e-001	6.29808332e-015	-6.29807182e-015	-1.20346602e-017	
2.00357782e-001	1.01095462e-014	-1.01095278e-014	-1.92984816e-017	
3.00536673e-001	1.76857174e-014	-1.76856856e-014	-3.35266215e-017	
4.00715564e-001	1.76857174e-014	-1.76856856e-014	-3.35266215e-017	
5.00894454e-001	2.85106899e-014	-2.85106414e-014	-5.25825044e-017	
6.01073345e-001	2.85106899e-014	-2.85106414e-014	-5.25825044e-017	
7.01252236e-001	2.85106899e-014	-2.85106414e-014	-5.25825044e-017	
8.01431127e-001	2.85106899e-014	-2.85106414e-014	-5.25825044e-017	
9.01610018e-001	8.32612859e-014	-8.32612429e-014	-8.46489213e-017	
1.00178891e+000	8.32612859e-014	-8.32612429e-014	-8.46489213e-017	
1.10196780e+000	8.32612859e-014	-8.32612429e-014	-8.46489213e-017	
1.20214669e+000	8.32612859e-014	-8.32612429e-014	-8.46489213e-017	
1.30232558e+000	8.32612859e-014	-8.32612429e-014	-8.46489213e-017	
1.40250447e+000	8.32612859e-014	-8.32612429e-014	-8.46489213e-017	
1.50268336e+000	8.32612859e-014	-8.32612429e-014	-8.46489213e-017	
1.60286225e+000	8.32612859e-014	-8.32612429e-014	-8.46489213e-017	
1.70304114e+000	8.32612859e-014	-8.32612429e-014	-8.46489213e-017	
1.80322004e+000	9.61381660e-014	-9.61381553e-014	-4.53707227e-017	
1.90339893e+000	9.61381660e-014	-9.61381553e-014	-4.53707227e-017	
2.00357782e+000	9.61381660e-014	-9.61381553e-014	-4.53707227e-017	
2.10375671e+000	9.61381660e-014	-9.61381553e-014	-4.53707227e-017	
2.20393560e+000	1.34964642e-013	-1.34964607e-013	9.72710843e-017	
2.30411449e+000	1.34964642e-013	-1.34964607e-013	9.72710843e-017	
2.40429338e+000	1.34964642e-013	-1.34964607e-013	9.72710843e-017	
2.50447227e+000	1.34964642e-013	-1.34964607e-013	9.72710843e-017	
2.60465116e+000	1.34964642e-013	-1.34964607e-013	9.72710843e-017	
2.70483005e+000	1.59911116e-013	-1.59910731e-013	3.51076356e-016	
2.80500894e+000	1.59911116e-013	-1.59910731e-013	3.51076356e-016	
2.90518784e+000	1.59911116e-013	-1.59910731e-013	3.51076356e-016	
3.00536673e+000	1.59911116e-013	-1.59910731e-013	3.51076356e-016	
3.10554562e+000	1.59911116e-013	-1.59910731e-013	3.51076356e-016	
3.20572451e+000	1.59911116e-013	-1.59910731e-013	3.51076356e-016	
3.30590340e+000	1.59911116e-013	-1.59910731e-013	3.51076356e-016	
3.40608229e+000	1.59911116e-013	-1.59910731e-013	3.51076356e-016	
3.50626118e+000	1.59911116e-013	-1.59910731e-013	3.51076356e-016	
3.60644007e+000	2.36530029e-013	-2.36528285e-013	9.08166291e-016	
3.70661896e+000	2.36530029e-013	-2.36528285e-013	9.08166291e-016	
3.80679785e+000	2.36530029e-013	-2.36528285e-013	9.08166291e-016	
3.90697674e+000	2.36530029e-013	-2.36528285e-013	9.08166291e-016	
4.00715564e+000	2.74688299e-013	-2.74683401e-013	1.64032562e-015	
4.10733453e+000	2.74688299e-013	-2.74683401e-013	1.64032562e-015	
4.20751342e+000	2.74688299e-013	-2.74683401e-013	1.64032562e-015	
4.30769231e+000	2.74688299e-013	-2.74683401e-013	1.64032562e-015	
4.40787120e+000	2.74688299e-013	-2.74683401e-013	1.64032562e-015	
4.50805009e+000	2.74688299e-013	-2.74683401e-013	1.64032562e-015	
4.60822898e+000	2.74688299e-013	-2.74683401e-013	1.64032562e-015	
4.70840787e+000	2.74688299e-013	-2.74683401e-013	1.64032562e-015	
4.80858676e+000	2.74688299e-013	-2.74683401e-013	1.64032562e-015	
4.90876565e+000	3.34752679e-013	-3.34743129e-013	2.52846505e-015	
5.00894454e+000	3.34752679e-013	-3.34743129e-013	2.52846505e-015	
5.10912343e+000	3.34752679e-013	-3.34743129e-013	2.52846505e-015	
5.20930233e+000	3.34752679e-013	-3.34743129e-013	2.52846505e-015	
5.30948122e+000	3.60437647e-013	-3.60422238e-013	3.33281081e-015	
5.40966011e+000	3.60437647e-013	-3.60422238e-013	3.33281081e-015	
5.50983900e+000	3.60437647e-013	-3.60422238e-013	3.33281081e-015	
5.61001789e+000	3.60437647e-013	-3.60422238e-013	3.33281081e-015	
5.71019678e+000	2.96072831e-013	-2.96055254e-013	3.22605048e-015	
5.81037567e+000	2.96072831e-013	-2.96055254e-013	3.22605048e-015	
5.91055456e+000	2.96072831e-013	-2.96055254e-013	3.22605048e-015	
6.01073345e+000	2.96072831e-013	-2.96055254e-013	3.22605048e-015	
6.11091234e+000	2.96072831e-013	-2.96055254e-013	3.22605048e-015	
6.21109123e+000	2.96072831e-013	-2.96055254e-013	3.22605048e-015	
6.31127013e+000	2.96072831e-013	-2.96055254e-013	3.22605048e-015	
6.41144902e+000	2.96072831e-013	-2.96055254e-013	3.22605048e-015	
6.51162791e+000	2.96072831e-013	-2.96055254e-013	3.22605048e-015	
6.61180680e+000	3.25637135e-013	-3.25615161e-013	3.78290783e-015	
6.71198569e+000	3.25637135e-013	-3.25615161e-013	3.78290783e-015	
6.81216458e+000	3.25637135e-013	-3.25615161e-013	3.78290783e-015	
6.91234347e+000	3.25637135e-013	-3.25615161e-013	3.78290783e-015	
7.01252236e+000	3.10784615e-013	-3.10767080e-013	3.30135075e-015	
7.11270125e+000	3.10784615e-013	-3.10767080e-013	3.30135075e-015	
7.21288014e+000	3.10784615e-013	-3.10767080e-013	3.30135075e-015	
7.31305903e+000	3.10784615e-013	-3.10767080e-013	3.30135075e-015	
7.41323792e+000	3.10784615e-013	-3.10767080e-013	3.30135075e-015	
7.51341682e+000	2.19211149e-013	-2.19202747e-013	1.91922975e-015	
7.61359571e+000	2.19211149e-013	-2.19202747e-013	1.91922975e-015	
7.71377460e+000	2.19211149e-013	-2.19202747e-013	1.91922975e-015	
7.81395349e+000	2.19211149e-013	-2.19202747e-013	1.91922975e-015	
7.91413238e+000	1.58985446e-013	-1.58983385e-013	-8.09553101e-016	
8.01431127e+000	1.58985446e-013	-1.58983385e-013	-8.09553101e-016	
8.11449016e+000	1.58985446e-013	-1.58983385e-013	-8.09553101e-016	
8.21466905e+000	1.58985446e-013	-1.58983385e-013	-8.09553101e-016	
8.31484794e+000	1.58985446e-013	-1.58983385e-013	-8.09553101e-016	
8.41502683e+000	4.21058206e-014	-4.16830694e-014	-5.95162613e-015	
8.51520572e+000	4.21058206e-014	-4.16830694e-014	-5.95162613e-015	
8.61538462e+000	4.21058206e-014	-4.16830694e-014	-5.95162613e-015	
8.71556351e+000	4.21058206e-014	-4.16830694e-014	-5.95162613e-015	
8.81574240e+000	1.25097541e-013	1.24493338e-013	-1.22802084e-014	
8.91592129e+000	1.25097541e-013	1.24493338e-013	-1.22802084e-014	
9.01610018e+000	1.25097541e-013	1.24493338e-013	-1.22802084e-014	
9.11627907e+000	1.25097541e-013	1.24493338e-013	-1.22802084e-014	
9.21645796e+000	1.25097541e-013	1.24493338e-013	-1.22802084e-014	
9.31663685e+000	1.25097541e-013	1.24493338e-013	-1.22802084e-014	
9.41681574e+000	1.25097541e-013	1.24493338e-013	-1.22802084e-014	
9.51699463e+000	1.25097541e-013	1.24493338e-013	-1.22802084e-014	
9.61717352e+000	1.25097541e-013	1.24493338e-013	-1.22802084e-014	
9.71735242e+000	3.00733593e-013	3.00049040e-013	-2.02797326e-014	
9.81753131e+000	3.00733593e-013	3.00049040e-013	-2.02797326e-014	
9.91771020e+000	3.00733593e-013	3.00049040e-013	-2.02797326e-014	
1.00178891e+001	3.00733593e-013	3.00049040e-013	-2.02797326e-014	
1.01180680e+001	5.81299805e-013	5.80264314e-013	-3.46812456e-014	
1.02182469e+001	5.81299805e-013	5.80264314e-013	-3.46812456e-014	
1.03184258e+001	5.81299805e-013	5.80264314e-013	-3.46812456e-014	
1.04186047e+001	5.81299805e-013	5.80264314e-013	-3.46812456e-014	
1.05187835e+001	9.58372053e-013	9.57131964e-013	-4.87380187e-014	
1.06189624e+001	9.58372053e-013	9.57131964e-013	-4.87380187e-014	
1.07191413e+001	9.58372053e-013	9.57131964e-013	-4.87380187e-014	
1.08193202e+001	9.58372053e-013	9.57131964e-013	-4.87380187e-014	
1.09194991e+001	9.58372053e-013	9.57131964e-013	-4.87380187e-014	
1.10196780e+001	1.23137723e-012	1.23014168e-012	-5.51481202e-014	
1.11198569e+001	1.23137723e-012	1.23014168e-012	-5.51481202e-014	
1.12200358e+001	1.23137723e-012	1.23014168e-012	-5.51481202e-014	
1.13202147e+001	1.23137723e-012	1.23014168e-012	-5.51481202e-014	
1.14203936e+001	1.23137723e-012	1.23014168e-012	-5.51481202e-014	
1.15205725e+001	1.23137723e-012	1.23014168e-012	-5.51481202e-014	
1.16207513e+001	1.23137723e-012	1.23014168e-012	-5.51481202e-014	
1.17209302e+001	1.23137723e-012	1.23014168e-012	-5.51481202e-014	
1.18211091e+001	2.47651425e-012	2.47477050e-012	-9.29182718e-014	
1.19212880e+001	2.47651425e-012	2.47477050e-012	-9.29182718e-014	
1.20214669e+001	2.47651425e-012	2.47477050e-012	-9.29182718e-014	
1.21216458e+001	2.47651425e-012	2.47477050e-012	-9.29182718e-014	
1.22218247e+001	2.47651425e-012	2.47477050e-012	-9.29182718e-014	
1.23220036e+001	3.74828558e-012	3.74664842e-012	-1.10771915e-013	
1.24221825e+001	3.74828558e-012	3.74664842e-012	-1.10771915e-013	
1.25223614e+001	3.74828558e-012	3.74664842e-012	-1.10771915e-013	
1.26225403e+001	3.74828558e-012	3.74664842e-012	-1.10771915e-013	
1.27227191e+001	3.74828558e-012	3.74664842e-012	-1.10771915e-013	
1.28228980e+001	3.74828558e-012	3.74664842e-012	-1.10771915e-013	
1.29230769e+001	3.74828558e-012	3.74664842e-012	-1.10771915e-013	
1.30232558e+001	3.74828558e-012	3.74664842e-012	-1.10771915e-013	
1.31234347e+001	3.74828558e-012	3.74664842e-012	-1.10771915e-013	
1.32236136e+001	7.25169059e-012	7.25018801e-012	-1.47615201e-013	
1.33237925e+001	7.25169059e-012	7.25018801e-012	-1.47615201e-013	
1.34239714e+001	7.25169059e-012	7.25018801e-012	-1.47615201e-013	
1.35241503e+001	7.25169059e-012	7.25018801e-012	-1.47615201e-013	
1.36243292e+001	7.25169059e-012	7.25018801e-012	-1.47615201e-013	
1.37245081e+001	7.25169059e-012	7.25018801e-012	-1.47615201e-013	
1.38246869e+001	7.25169059e-012	7.25018801e-012	-1.47615201e-013	
1.39248658e+001	7.25169059e-012	7.25018801e-012	-1.47615201e-013	
1.40250447e+001	8.83104813e-012	8.82985030e-012	-1.45446646e-013	
1.41252236e+001	8.83104813e-012	8.82985030e-012	-1.45446646e-013	
1.42254025e+001	8.83104813e-012	8.82985030e-012	-1.45446646e-013	
1.43255814e+001	8.83104813e-012	8.82985030e-012	-1.45446646e-013	
1.44257603e+001	8.83104813e-012	8.82985030e-012	-1.45446646e-013	
1.45259392e+001	1.43473754e-011	1.43465079e-011	-1.57767961e-013	
1.46261181e+001	1.43473754e-011	1.43465079e-011	-1.57767961e-013	
1.47262970e+001	1.43473754e-011	1.43465079e-011	-1.57767961e-013	
1.48264758e+001	1.43473754e-011	1.43465079e-011	-1.57767961e-013	
1.49266547e+001	1.59895575e-011	1.59891603e-011	-1.12702761e-013	
1.50268336e+001	1.59895575e-011	1.59891603e-011	-1.12702761e-013	
1.51270125e+001	1.59895575e-011	1.59891603e-011	-1.12702761e-013	
1.52271914e+001	1.59895575e-011	1.59891603e-011	-1.12702761e-013	
1.53273703e+001	1.77107490e-011	1.77105981e-011	-7.31197246e-014	
1.54275492e+001	1.77107490e-011	1.77105981e-011	-7.31197246e-014	
1.55277281e+001	1.77107490e-011	1.77105981e-011	-7.31197246e-014	
1.56279070e+001	1.77107490e-011	1.77105981e-011	-7.31197246e-014	
1.57280859e+001	1.77107490e-011	1.77105981e-011	-7.31197246e-014	
1.58282648e+001	2.94384929e-011	2.94384824e-011	-2.47909888e-014	
1.59284436e+001	2.94384929e-011	2.94384824e-011	-2.47909888e-014	
1.60286225e+001	2.94384929e-011	2.94384824e-011	-2.47909888e-014	
1.61288014e+001	2.94384929e-011	2.94384824e-011	-2.47909888e-014	
1.62289803e+001	3.02460913e-011	3.02460751e-011	3.12826633e-014	
1.63291592e+001	3.02460913e-011	3.02460751e-011	3.12826633e-014	
1.64293381e+001	3.02460913e-011	3.02460751e-011	3.12826633e-014	
1.65295170e+001	3.02460913e-011	3.02460751e-011	3.12826633e-014	
1.66296959e+001	2.97760394e-011	2.97759502e-011	7.29062176e-014	
1.67298748e+001	2.97760394e-011	2.97759502e-011	7.29062176e-014	
1.68300537e+001	2.97760394e-011	2.97759502e-011	7.29062176e-014	
1.69302326e+001	2.97760394e-011	2.97759502e-011	7.29062176e-014	
1.70304114e+001	2.97760394e-011	2.97759502e-011	7.29062176e-014	
1.71305903e+001	2.88991855e-011	2.88990875e-011	7.52605290e-014	
1.72307692e+001	2.88991855e-011	2.88990875e-011	7.52605290e-014	
1.73309481e+001	2.88991855e-011	2.88990875e-011	7.52605290e-014	
1.74311270e+001	2.88991855e-011	2.88990875e-011	7.52605290e-014	
1.75313059e+001	2.88991855e-011	2.88990875e-011	7.52605290e-014	
1.76314848e+001	2.88991855e-011	2.88990875e-011	7.52605290e-014	
1.77316637e+001	2.88991855e-011	2.88990875e-011	7.52605290e-014	
1.78318426e+001	2.88991855e-011	2.88990875e-011	7.52605290e-014	
1.79320215e+001	2.88991855e-011	2.88990875e-011	7.52605290e-014	
1.80322004e+001	3.68125152e-011	3.68124398e-011	7.45193255e-014	
1.81323792e+001	3.68125152e-011	3.68124398e-011	7.45193255e-014	
1.82325581e+001	3.68125152e-011	3.68124398e-011	7.45193255e-014	
1.83327370e+001	3.68125152e-011	3.68124398e-011	7.45193255e-014	
1.84329159e+001	3.18873059e-011	3.18872914e-011	3.04651460e-014	
1.85330948e+001	3.18873059e-011	3.18872914e-011	3.04651460e-014	
1.86332737e+001	3.18873059e-011	3.18872914e-011	3.04651460e-014	
1.87334526e+001	3.18873059e-011	3.18872914e-011	3.04651460e-014	
1.88336315e+001	3.18873059e-011	3.18872914e-011	3.04651460e-014	
1.89338104e+001	3.18873059e-011	3.18872914e-011	3.04651460e-014	
1.90339893e+001	3.18873059e-011	3.18872914e-011	3.04651460e-014	
1.91341682e+001	3.18873059e-011	3.18872914e-011	3.04651460e-014	
1.92343470e+001	3.18873059e-011	3.18872914e-011	3.04651460e-014	
1.93345259e+001	3.60628531e-011	3.60628529e-011	-3.61752043e-015	
1.94347048e+001	3.60628531e-011	3.60628529e-011	-3.61752043e-015	
1.95348837e+001	3.60628531e-011	3.60628529e-011	-3.61752043e-015	
1.96350626e+001	3.60628531e-011	3.60628529e-011	-3.61752043e-015	
1.97352415e+001	2.80858642e-011	2.80858507e-011	-2.75346588e-014	
1.98354204e+001	2.80858642e-011	2.80858507e-011	-2.75346588e-014	
1.99355993e+001	2.80858642e-011	2.80858507e-011	-2.75346588e-014	
2.00357782e+001	2.80858642e-011	2.80858507e-011	-2.75346588e-014	
2.01359571e+001	1.92699746e-011	1.92699365e-011	-3.82951987e-014	
2.02361360e+001	1.92699746e-011	1.92699365e-011	-3.82951987e-014	
2.03363148e+001	1.92699746e-011	1.92699365e-011	-3.82951987e-014	
2.04364937e+001	1.92699746e-011	1.92699365e-011	-3.82951987e-014	
2.05366726e+001	1.92699746e-011	1.92699365e-011	-3.82951987e-014	
2.06368515e+001	1.04933305e-011	1.04933123e-011	-1.95076539e-014	
2.07370304e+001	1.04933305e-011	1.04933123e-011	-1.95076539e-014	
2.08372093e+001	1.04933305e-011	1.04933123e-011	-1.95076539e-014	
2.09373882e+001	1.04933305e-011	1.04933123e-011	-1.95076539e-014	
2.10375671e+001	1.04933305e-011	1.04933123e-011	-1.95076539e-014	
2.11377460e+001	1.04933305e-011	1.04933123e-011	-1.95076539e-014	
2.12379249e+001	1.04933305e-011	1.04933123e-011	-1.95076539e-014	
2.13381038e+001	1.04933305e-011	1.04933123e-011	-1.95076539e-014	
2.14382826e+001	2.08624969e-012	-2.08605294e-012	2.86515455e-014	
2.15384615e+001	2.08624969e-012	-2.08605294e-012	2.86515455e-014	
2.16386404e+001	2.08624969e-012	-2.08605294e-012	2.86515455e-014	
2.17388193e+001	2.08624969e-012	-2.08605294e-012	2.86515455e-014	
2.18389982e+001	2.08624969e-012	-2.08605294e-012	2.86515455e-014	
2.19391771e+001	8.82437118e-012	-8.82421253e-012	5.29158202e-014	
2.20393560e+001	8.82437118e-012	-8.82421253e-012	5.29158202e-014	
2.21395349e+001	8.82437118e-012	-8.82421253e-012	5.29158202e-014	
2.22397138e+001	8.82437118e-012	-8.82421253e-012	5.29158202e-014	
2.23398927e+001	1.57477328e-011	-1.57475811e-011	6.91254236e-014	
2.24400716e+001	1.57477328e-011	-1.57475811e-011	6.91254236e-014	
2.25402504e+001	1.57477328e-011	-1.57475811e-011	6.91254236e-014	
2.26404293e+001	1.57477328e-011	-1.57475811e-011	6.91254236e-014	
2.27406082e+001	1.57477328e-011	-1.57475811e-011	6.91254236e-014	
2.28407871e+001	2.68794811e-011	-2.68793481e-011	8.45596928e-014	
2.29409660e+001	2.68794811e-011	-2.68793481e-011	8.45596928e-014	
2.30411449e+001	2.68794811e-011	-2.68793481e-011	8.45596928e-014	
2.31413238e+001	2.68794811e-011	-2.68793481e-011	8.45596928e-014	
2.32415027e+001	2.68794811e-011	-2.68793481e-011	8.45596928e-014	
2.33416816e+001	2.68794811e-011	-2.68793481e-011	8.45596928e-014	
2.34418605e+001	2.68794811e-011	-2.68793481e-011	8.45596928e-014	
2.35420394e+001	2.68794811e-011	-2.68793481e-011	8.45596928e-014	
2.36422182e+001	2.85591668e-011	-2.85591093e-011	5.73065623e-014	
2.37423971e+001	2.85591668e-011	-2.85591093e-011	5.73065623e-014	
2.38425760e+001	2.85591668e-011	-2.85591093e-011	5.73065623e-014	
2.39427549e+001	2.85591668e-011	-2.85591093e-011	5.73065623e-014	
2.40429338e+001	2.85591668e-011	-2.85591093e-011	5.73065623e-014	
2.41431127e+001	3.43320089e-011	-3.43319962e-011	2.95119399e-014	
2.42432916e+001	3.43320089e-011	-3.43319962e-011	2.95119399e-014	
2.43434705e+001	3.43320089e-011	-3.43319962e-011	2.95119399e-014	
2.44436494e+001	3.43320089e-011	-3.43319962e-011	2.95119399e-014	
2.45438283e+001	3.40660508e-011	-3.40660475e-011	-1.49385185e-014	
2.46440072e+001	3.40660508e-011	-3.40660475e-011	-1.49385185e-014	
2.47441860e+001	3.40660508e-011	-3.40660475e-011	-1.49385185e-014	
2.48443649e+001	3.40660508e-011	-3.40660475e-011	-1.49385185e-014	
2.49445438e+001	3.49245143e-011	-3.49244963e-011	-3.54630592e-014	
2.50447227e+001	3.49245143e-011	-3.49244963e-011	-3.54630592e-014	
2.51449016e+001	3.49245143e-011	-3.49244963e-011	-3.54630592e-014	
2.52450805e+001	3.49245143e-011	-3.49244963e-011	-3.54630592e-014	
2.53452594e+001	3.49245143e-011	-3.49244963e-011	-3.54630592e-014	
2.54454383e+001	3.43387469e-011	-3.43387047e-011	-5.38727999e-014	
2.55456172e+001	3.43387469e-011	-3.43387047e-011	-5.38727999e-014	
2.56457961e+001	3.43387469e-011	-3.43387047e-011	-5.38727999e-014	
2.57459750e+001	3.43387469e-011	-3.43387047e-011	-5.38727999e-014	
2.58461538e+001	2.08289079e-011	-2.08288621e-011	-4.36499046e-014	
2.59463327e+001	2.08289079e-011	-2.08288621e-011	-4.36499046e-014	
2.60465116e+001	2.08289079e-011	-2.08288621e-011	-4.36499046e-014	
2.61466905e+001	2.08289079e-011	-2.08288621e-011	-4.36499046e-014	
2.62468694e+001	2.08289079e-011	-2.08288621e-011	-4.36499046e-014	
2.63470483e+001	2.08289079e-011	-2.08288621e-011	-4.36499046e-014	
2.64472272e+001	2.08289079e-011	-2.08288621e-011	-4.36499046e-014	
2.65474061e+001	2.08289079e-011	-2.08288621e-011	-4.36499046e-014	
2.66475850e+001	2.08289079e-011	-2.08288621e-011	-4.36499046e-014	
2.67477639e+001	2.40631966e-011	-2.40631431e-011	-5.07843345e-014	
2.68479428e+001	2.40631966e-011	-2.40631431e-011	-5.07843345e-014	
2.69481216e+001	2.40631966e-011	-2.40631431e-011	-5.07843345e-014	
2.70483005e+001	2.40631966e-011	-2.40631431e-011	-5.07843345e-014	
2.71484794e+001	2.32868830e-011	-2.32868539e-011	-3.68384794e-014	
2.72486583e+001	2.32868830e-011	-2.32868539e-011	-3.68384794e-014	
2.73488372e+001	2.32868830e-011	-2.32868539e-011	-3.68384794e-014	
2.74490161e+001	2.32868830e-011	-2.32868539e-011	-3.68384794e-014	
2.75491950e+001	2.32868830e-011	-2.32868539e-011	-3.68384794e-014	
2.76493739e+001	1.74939589e-011	-1.74939507e-011	-1.69283385e-014	
2.77495528e+001	1.74939589e-011	-1.74939507e-011	-1.69283385e-014	
2.78497317e+001	1.55682109e-011	-1.55682081e-011	-9.24648445e-015	
2.79499106e+001	1.43224720e-011	-1.43224719e-011	-2.07496347e-015	
2.80500894e+001	1.32031909e-011	-1.32031908e-011	1.38197447e-015	
2.81502683e+001	1.28334882e-011	-1.28334863e-011	6.93562929e-015	
2.82504472e+001	1.27013095e-011	-1.27013047e-011	1.10037515e-014	
2.83506261e+001	1.27833633e-011	-1.27833493e-011	1.89313006e-014	
2.84508050e+001	1.34696856e-011	-1.34696544e-011	2.90133166e-014	
2.85509839e+001	1.34696856e-011	-1.34696544e-011	2.90133166e-014	
2.86511628e+001	1.34696856e-011	-1.34696544e-011	2.90133166e-014	
2.87513417e+001	1.23280010e-011	-1.23279495e-011	3.56187903e-014	
2.88515206e+001	1.23280010e-011	-1.23279495e-011	3.56187903e-014	
2.89516995e+001	8.93645933e-012	-8.93636289e-012	4.15159098e-014	
2.90518784e+001	8.93645933e-012	-8.93636289e-012	4.15159098e-014	
2.91520572e+001	8.93645933e-012	-8.93636289e-012	4.15159098e-014	
2.92522361e+001	8.93645933e-012	-8.93636289e-012	4.15159098e-014	
2.93524150e+001	8.11190120e-012	-8.11165254e-012	6.35156686e-014	
2.94525939e+001	8.11190120e-012	-8.11165254e-012	6.35156686e-014	
2.95527728e+001	8.11190120e-012	-8.11165254e-012	6.35156686e-014	
2.96529517e+001	8.11190120e-012	-8.11165254e-012	6.35156686e-014	
2.97531306e+001	8.11190120e-012	-8.11165254e-012	6.35156686e-014	
2.98533095e+001	5.70458805e-012	-5.70425852e-012	6.13146868e-014	
2.99534884e+001	5.70458805e-012	-5.70425852e-012	6.13146868e-014	
3.00536673e+001	5.70458805e-012	-5.70425852e-012	6.13146868e-014	
3.01538462e+001	5.70458805e-012	-5.70425852e-012	6.13146868e-014	
3.02540250e+001	4.51852151e-012	-4.51801061e-012	6.79466448e-014	
3.03542039e+001	4.51852151e-012	-4.51801061e-012	6.79466448e-014	
3.04543828e+001	4.51852151e-012	-4.51801061e-012	6.79466448e-014	
3.05545617e+001	4.51852151e-012	-4.51801061e-012	6.79466448e-014	
3.06547406e+001	3.49704497e-012	-3.49630524e-012	7.19250043e-014	
3.07549195e+001	3.49704497e-012	-3.49630524e-012	7.19250043e-014	
3.08550984e+001	3.49704497e-012	-3.49630524e-012	7.19250043e-014	
3.09552773e+001	3.49704497e-012	-3.49630524e-012	7.19250043e-014	
3.10554562e+001	3.49704497e-012	-3.49630524e-012	7.19250043e-014	
3.11556351e+001	3.49704497e-012	-3.49630524e-012	7.19250043e-014	
3.12558140e+001	3.49704497e-012	-3.49630524e-012	7.19250043e-014	
3.13559928e+001	3.49704497e-012	-3.49630524e-012	7.19250043e-014	
3.14561717e+001	3.49704497e-012	-3.49630524e-012	7.19250043e-014	
3.15563506e+001	2.28789790e-012	-2.28711318e-012	5.99176851e-014	
3.16565295e+001	2.28789790e-012	-2.28711318e-012	5.99176851e-014	
3.17567084e+001	2.28789790e-012	-2.28711318e-012	5.99176851e-014	
3.18568873e+001	2.28789790e-012	-2.28711318e-012	5.99176851e-014	
3.19570662e+001	2.28789790e-012	-2.28711318e-012	5.99176851e-014	
3.20572451e+001	2.28789790e-012	-2.28711318e-012	5.99176851e-014	
3.21574240e+001	2.28789790e-012	-2.28711318e-012	5.99176851e-014	
3.22576029e+001	2.28789790e-012	-2.28711318e-012	5.99176851e-014	
3.23577818e+001	2.28789790e-012	-2.28711318e-012	5.99176851e-014	
3.24579606e+001	1.69152839e-012	-1.69066745e-012	5.39618427e-014	
3.25581395e+001	1.69152839e-012	-1.69066745e-012	5.39618427e-014	
3.26583184e+001	1.69152839e-012	-1.69066745e-012	5.39618427e-014	
3.27584973e+001	1.69152839e-012	-1.69066745e-012	5.39618427e-014	
3.28586762e+001	1.69152839e-012	-1.69066745e-012	5.39618427e-014	
3.29588551e+001	1.69152839e-012	-1.69066745e-012	5.39618427e-014	
3.30590340e+001	1.69152839e-012	-1.69066745e-012	5.39618427e-014	
3.31592129e+001	1.69152839e-012	-1.69066745e-012	5.39618427e-014	
3.32593918e+001	1.15988287e-012	-1.15926806e-012	3.77604019e-014	
3.33595707e+001	1.15988287e-012	-1.15926806e-012	3.77604019e-014	
3.34597496e+001	1.15988287e-012	-1.15926806e-012	3.77604019e-014	
3.35599284e+001	1.15988287e-012	-1.15926806e-012	3.77604019e-014	
3.36601073e+001	1.15988287e-012	-1.15926806e-012	3.77604019e-014	
3.37602862e+001	1.46389506e-012	-1.46315818e-012	4.64420812e-014	
3.38604651e+001	1.46389506e-012	-1.46315818e-012	4.64420812e-014	
3.39606440e+001	1.46389506e-012	-1.46315818e-012	4.64420812e-014	
3.40608229e+001	1.46389506e-012	-1.46315818e-012	4.64420812e-014	
3.41610018e+001	1.07814603e-012	-1.07766473e-012	3.22118760e-014	
3.42611807e+001	1.07814603e-012	-1.07766473e-012	3.22118760e-014	
3.43613596e+001	1.07814603e-012	-1.07766473e-012	3.22118760e-014	
3.44615385e+001	1.07814603e-012	-1.07766473e-012	3.22118760e-014	
3.45617174e+001	1.07814603e-012	-1.07766473e-012	3.22118760e-014	
3.46618962e+001	1.11112726e-012	-1.11068623e-012	3.13033207e-014	
3.47620751e+001	1.11112726e-012	-1.11068623e-012	3.13033207e-014	
3.48622540e+001	1.11112726e-012	-1.11068623e-012	3.13033207e-014	
3.49624329e+001	1.11112726e-012	-1.11068623e-012	3.13033207e-014	
3.50626118e+001	8.43426148e-013	-8.43156012e-013	2.13449259e-014	
3.51627907e+001	8.43426148e-013	-8.43156012e-013	2.13449259e-014	
3.52629696e+001	8.43426148e-013	-8.43156012e-013	2.13449259e-014	
3.53631485e+001	8.43426148e-013	-8.43156012e-013	2.13449259e-014	
3.54633274e+001	8.43426148e-013	-8.43156012e-013	2.13449259e-014	
3.55635063e+001	8.43426148e-013	-8.43156012e-013	2.13449259e-014	
3.56636852e+001	8.43426148e-013	-8.43156012e-013	2.13449259e-014	
3.57638640e+001	8.43426148e-013	-8.43156012e-013	2.13449259e-014	
3.58640429e+001	8.43426148e-013	-8.43156012e-013	2.13449259e-014	
3.59642218e+001	8.83935335e-013	-8.83724779e-013	1.92922483e-014	
3.60644007e+001	8.83935335e-013	-8.83724779e-013	1.92922483e-014	
3.61645796e+001	8.83935335e-013	-8.83724779e-013	1.92922483e-014	
3.62647585e+001	8.83935335e-013	-8.83724779e-013	1.92922483e-014	
3.63649374e+001	9.82604284e-013	-9.82424055e-013	1.88190442e-014	
3.64651163e+001	9.82604284e-013	-9.82424055e-013	1.88190442e-014	
3.65652952e+001	9.82604284e-013	-9.82424055e-013	1.88190442e-014	
3.66654741e+001	9.82604284e-013	-9.82424055e-013	1.88190442e-014	
3.67656530e+001	9.63199203e-013	-9.63058896e-013	1.64398517e-014	
3.68658318e+001	9.63199203e-013	-9.63058896e-013	1.64398517e-014	
3.69660107e+001	9.63199203e-013	-9.63058896e-013	1.64398517e-014	
3.70661896e+001	9.63199203e-013	-9.63058896e-013	1.64398517e-014	
3.71663685e+001	9.63199203e-013	-9.63058896e-013	1.64398517e-014	
3.72665474e+001	9.26664898e-013	-9.26555730e-013	1.42236436e-014	
3.73667263e+001	9.26664898e-013	-9.26555730e-013	1.42236436e-014	
3.74669052e+001	9.26664898e-013	-9.26555730e-013	1.42236436e-014	
3.75670841e+001	9.26664898e-013	-9.26555730e-013	1.42236436e-014	
3.76672630e+001	8.96999027e-013	-8.96906915e-013	1.28546352e-014	
3.77674419e+001	8.96999027e-013	-8.96906915e-013	1.28546352e-014	
3.78676208e+001	8.96999027e-013	-8.96906915e-013	1.28546352e-014	
3.79677996e+001	8.96999027e-013	-8.96906915e-013	1.28546352e-014	
3.80679785e+001	8.35495562e-013	-8.35416714e-013	1.14781702e-014	
3.81681574e+001	8.35495562e-013	-8.35416714e-013	1.14781702e-014	
3.82683363e+001	8.35495562e-013	-8.35416714e-013	1.14781702e-014	
3.83685152e+001	8.35495562e-013	-8.35416714e-013	1.14781702e-014	
3.84686941e+001	8.35495562e-013	-8.35416714e-013	1.14781702e-014	
3.85688730e+001	8.86909698e-013	-8.86820441e-013	1.25824308e-014	
3.86690519e+001	8.86909698e-013	-8.86820441e-013	1.25824308e-014	
3.87692308e+001	8.86909698e-013	-8.86820441e-013	1.25824308e-014	
3.88694097e+001	8.86909698e-013	-8.86820441e-013	1.25824308e-014	
3.89695886e+001	8.86909698e-013	-8.86820441e-013	1.25824308e-014	
3.90697674e+001	8.86909698e-013	-8.86820441e-013	1.25824308e-014	
3.91699463e+001	8.86909698e-013	-8.86820441e-013	1.25824308e-014	
3.92701252e+001	8.86909698e-013	-8.86820441e-013	1.25824308e-014	
3.93703041e+001	8.86909698e-013	-8.86820441e-013	1.25824308e-014	
3.94704830e+001	7.97944978e-013	-7.97825592e-013	1.38026093e-014	
3.95706619e+001	7.97944978e-013	-7.97825592e-013	1.38026093e-014	
3.96708408e+001	7.97944978e-013	-7.97825592e-013	1.38026093e-014	
3.97710197e+001	7.97944978e-013	-7.97825592e-013	1.38026093e-014	
3.98711986e+001	7.38319698e-013	-7.38171309e-013	1.48018440e-014	
3.99713775e+001	7.38319698e-013	-7.38171309e-013	1.48018440e-014	
4.00715564e+001	7.38319698e-013	-7.38171309e-013	1.48018440e-014	
4.01717352e+001	7.38319698e-013	-7.38171309e-013	1.48018440e-014	
4.02719141e+001	6.40248920e-013	-6.40069545e-013	1.51544383e-014	
4.03720930e+001	6.40248920e-013	-6.40069545e-013	1.51544383e-014	
4.04722719e+001	6.40248920e-013	-6.40069545e-013	1.51544383e-014	
4.05724508e+001	6.40248920e-013	-6.40069545e-013	1.51544383e-014	
4.06726297e+001	6.40248920e-013	-6.40069545e-013	1.51544383e-014	
4.07728086e+001	4.06775416e-013	-4.06598544e-013	1.19942807e-014	
4.08729875e+001	4.06775416e-013	-4.06598544e-013	1.19942807e-014	
4.09731664e+001	4.06775416e-013	-4.06598544e-013	1.19942807e-014	
4.10733453e+001	4.06775416e-013	-4.06598544e-013	1.19942807e-014	
4.11735242e+001	4.06775416e-013	-4.06598544e-013	1.19942807e-014	
4.12737030e+001	4.06775416e-013	-4.06598544e-013	1.19942807e-014	
4.13738819e+001	4.06775416e-013	-4.06598544e-013	1.19942807e-014	
4.14740608e+001	4.06775416e-013	-4.06598544e-013	1.19942807e-014	
4.15742397e+001	3.55968211e-013	-3.55745648e-013	1.25857565e-014	
4.16744186e+001	3.55968211e-013	-3.55745648e-013	1.25857565e-014	
4.17745975e+001	3.55968211e-013	-3.55745648e-013	1.25857565e-014	
4.18747764e+001	3.55968211e-013	-3.55745648e-013	1.25857565e-014	
4.19749553e+001	3.55968211e-013	-3.55745648e-013	1.25857565e-014	
4.20751342e+001	2.70691321e-013	-2.70433190e-013	1.18186681e-014	
4.21753131e+001	2.70691321e-013	-2.70433190e-013	1.18186681e-014	
4.22754919e+001	2.70691321e-013	-2.70433190e-013	1.18186681e-014	
4.23756708e+001	2.70691321e-013	-2.70433190e-013	1.18186681e-014	
4.24758497e+001	1.77839534e-013	-1.77627088e-013	8.69009260e-015	
4.25760286e+001	1.77839534e-013	-1.77627088e-013	8.69009260e-015	
4.26762075e+001	1.77839534e-013	-1.77627088e-013	8.69009260e-015	
4.27763864e+001	1.77839534e-013	-1.77627088e-013	8.69009260e-015	
4.28765653e+001	1.77839534e-013	-1.77627088e-013	8.69009260e-015	
4.29767442e+001	1.77839534e-013	-1.77627088e-013	8.69009260e-015	
4.30769231e+001	1.77839534e-013	-1.77627088e-013	8.69009260e-015	
4.31771020e+001	1.77839534e-013	-1.77627088e-013	8.69009260e-015	
4.32772809e+001	1.77839534e-013	-1.77627088e-013	8.69009260e-015	
4.33774597e+001	1.37051179e-013	-1.36839583e-013	7.61275470e-015	
4.34776386e+001	1.37051179e-013	-1.36839583e-013	7.61275470e-015	
4.35778175e+001	1.37051179e-013	-1.36839583e-013	7.61275470e-015	
4.36779964e+001	1.37051179e-013	-1.36839583e-013	7.61275470e-015	
4.37781753e+001	8.90263863e-014	-8.88405969e-014	5.74854841e-015	
4.38783542e+001	8.90263863e-014	-8.88405969e-014	5.74854841e-015	
4.39785331e+001	8.90263863e-014	-8.88405969e-014	5.74854841e-015	
4.40787120e+001	8.90263863e-014	-8.88405969e-014	5.74854841e-015	
4.41788909e+001	8.90263863e-014	-8.88405969e-014	5.74854841e-015	
4.42790698e+001	5.47332072e-014	-5.45784521e-014	4.11297213e-015	
4.43792487e+001	5.47332072e-014	-5.45784521e-014	4.11297213e-015	
4.44794275e+001	5.47332072e-014	-5.45784521e-014	4.11297213e-015	
4.45796064e+001	5.47332072e-014	-5.45784521e-014	4.11297213e-015	
4.46797853e+001	3.29211583e-014	-3.27916565e-014	2.91717761e-015	
4.47799642e+001	3.29211583e-014	-3.27916565e-014	2.91717761e-015	
4.48801431e+001	3.29211583e-014	-3.27916565e-014	2.91717761e-015	
4.49803220e+001	3.29211583e-014	-3.27916565e-014	2.91717761e-015	
4.50805009e+001	1.90583730e-014	-1.89343810e-014	2.17043715e-015	
4.51806798e+001	1.90583730e-014	-1.89343810e-014	2.17043715e-015	
4.52808587e+001	1.90583730e-014	-1.89343810e-014	2.17043715e-015	
4.53810376e+001	1.90583730e-014	-1.89343810e-014	2.17043715e-015	
4.54812165e+001	1.90583730e-014	-1.89343810e-014	2.17043715e-015	
4.55813953e+001	2.25019890e-015	-1.90279082e-015	1.20115869e-015	
4.56815742e+001	2.25019890e-015	-1.90279082e-015	1.20115869e-015	
4.57817531e+001	2.25019890e-015	-1.90279082e-015	1.20115869e-015	
4.58819320e+001	2.25019890e-015	-1.90279082e-015	1.20115869e-015	
4.59821109e+001	2.25019890e-015	-1.90279082e-015	1.20115869e-015	
4.60822898e+001	2.25019890e-015	-1.90279082e-015	1.20115869e-015	
4.61824687e+001	2.25019890e-015	-1.90279082e-015	1.20115869e-015	
4.62826476e+001	2.25019890e-015	-1.90279082e-015	1.20115869e-015	
4.63828265e+001	2.22221670e-014	2.22217045e-014	-1.43370532e-016	
4.64830054e+001	2.22221670e-014	2.22217045e-014	-1.43370532e-016	
4.65831843e+001	2.22221670e-014	2.22217045e-014	-1.43370532e-016	
4.66833631e+001	2.22221670e-014	2.22217045e-014	-1.43370532e-016	
4.67835420e+001	2.22221670e-014	2.22217045e-014	-1.43370532e-016	
4.68837209e+001	3.77041921e-014	3.76958472e-014	-7.93223022e-016	
4.69838998e+001	3.77041921e-014	3.76958472e-014	-7.93223022e-016	
4.70840787e+001	3.77041921e-014	3.76958472e-014	-7.93223022e-016	
4.71842576e+001	3.77041921e-014	3.76958472e-014	-7.93223022e-016	
4.72844365e+001	4.65530365e-014	4.65390381e-014	-1.14155045e-015	
4.73846154e+001	4.65530365e-014	4.65390381e-014	-1.14155045e-015	
4.74847943e+001	4.65530365e-014	4.65390381e-014	-1.14155045e-015	
4.75849732e+001	4.65530365e-014	4.65390381e-014	-1.14155045e-015	
4.76851521e+001	4.65530365e-014	4.65390381e-014	-1.14155045e-015	
4.77853309e+001	4.65530365e-014	4.65390381e-014	-1.14155045e-015	
4.78855098e+001	4.65530365e-014	4.65390381e-014	-1.14155045e-015	
4.79856887e+001	4.65530365e-014	4.65390381e-014	-1.14155045e-015	
4.80858676e+001	4.65530365e-014	4.65390381e-014	-1.14155045e-015	
4.81860465e+001	6.74349669e-014	6.74166935e-014	-1.56977795e-015	
4.82862254e+001	6.74349669e-014	6.74166935e-014	-1.56977795e-015	
4.83864043e+001	6.74349669e-014	6.74166935e-014	-1.56977795e-015	
4.84865832e+001	6.74349669e-014	6.74166935e-014	-1.56977795e-015	
4.85867621e+001	7.85090681e-014	7.84923426e-014	-1.62047083e-015	
4.86869410e+001	7.85090681e-014	7.84923426e-014	-1.62047083e-015	
4.87871199e+001	7.85090681e-014	7.84923426e-014	-1.62047083e-015	
4.88872987e+001	7.85090681e-014	7.84923426e-014	-1.62047083e-015	
4.89874776e+001	7.85090681e-014	7.84923426e-014	-1.62047083e-015	
4.90876565e+001	9.15418544e-014	9.15268706e-014	-1.65621545e-015	
4.91878354e+001	9.15418544e-014	9.15268706e-014	-1.65621545e-015	
4.92880143e+001	9.15418544e-014	9.15268706e-014	-1.65621545e-015	
4.93881932e+001	9.15418544e-014	9.15268706e-014	-1.65621545e-015	
4.94883721e+001	7.80814348e-014	7.80717333e-014	-1.23082090e-015	
4.95885510e+001	7.80814348e-014	7.80717333e-014	-1.23082090e-015	
4.96887299e+001	7.80814348e-014	7.80717333e-014	-1.23082090e-015	
4.97889088e+001	7.80814348e-014	7.80717333e-014	-1.23082090e-015	
4.98890877e+001	7.80814348e-014	7.80717333e-014	-1.23082090e-015	
4.99892665e+001	7.80814348e-014	7.80717333e-014	-1.23082090e-015	
5.00894454e+001	7.80814348e-014	7.80717333e-014	-1.23082090e-015	
5.01896243e+001	7.80814348e-014	7.80717333e-014	-1.23082090e-015	
5.02898032e+001	7.80814348e-014	7.80717333e-014	-1.23082090e-015	
5.03899821e+001	1.08570153e-013	1.08562194e-013	-1.31460676e-015	
5.04901610e+001	1.08570153e-013	1.08562194e-013	-1.31460676e-015	
5.05903399e+001	1.08570153e-013	1.08562194e-013	-1.31460676e-015	
5.06905188e+001	1.08570153e-013	1.08562194e-013	-1.31460676e-015	
5.07906977e+001	8.46653559e-014	8.46605076e-014	-9.06062651e-016	
5.08908766e+001	8.46653559e-014	8.46605076e-014	-9.06062651e-016	
5.09910555e+001	8.46653559e-014	8.46605076e-014	-9.06062651e-016	
5.10912343e+001	8.46653559e-014	8.46605076e-014	-9.06062651e-016	
5.11914132e+001	7.44154529e-014	7.44124016e-014	-6.73879873e-016	
5.12915921e+001	7.44154529e-014	7.44124016e-014	-6.73879873e-016	
5.13917710e+001	7.44154529e-014	7.44124016e-014	-6.73879873e-016	
5.14919499e+001	7.44154529e-014	7.44124016e-014	-6.73879873e-016	
5.15921288e+001	7.44154529e-014	7.44124016e-014	-6.73879873e-016	
5.16923077e+001	7.47536135e-014	7.47513789e-014	-5.78010254e-016	
5.17924866e+001	7.47536135e-014	7.47513789e-014	-5.78010254e-016	
5.18926655e+001	7.47536135e-014	7.47513789e-014	-5.78010254e-016	
5.19928444e+001	7.47536135e-014	7.47513789e-014	-5.78010254e-016	
5.20930233e+001	7.47536135e-014	7.47513789e-014	-5.78010254e-016	
5.21932021e+001	7.47536135e-014	7.47513789e-014	-5.78010254e-016	
5.22933810e+001	7.47536135e-014	7.47513789e-014	-5.78010254e-016	
5.23935599e+001	7.47536135e-014	7.47513789e-014	-5.78010254e-016	
5.24937388e+001	4.31433773e-014	4.31427860e-014	-2.25878802e-016	
5.25939177e+001	4.31433773e-014	4.31427860e-014	-2.25878802e-016	
5.26940966e+001	4.31433773e-014	4.31427860e-014	-2.25878802e-016	
5.27942755e+001	4.31433773e-014	4.31427860e-014	-2.25878802e-016	
5.28944544e+001	4.31433773e-014	4.31427860e-014	-2.25878802e-016	
5.29946333e+001	4.31433773e-014	4.31427860e-014	-2.25878802e-016	
5.30948122e+001	4.31433773e-014	4.31427860e-014	-2.25878802e-016	
5.31949911e+001	4.31433773e-014	4.31427860e-014	-2.25878802e-016	
5.32951699e+001	4.31433773e-014	4.31427860e-014	-2.25878802e-016	
5.33953488e+001	4.03240813e-014	4.03237322e-014	-1.67778551e-016	
5.34955277e+001	4.03240813e-014	4.03237322e-014	-1.67778551e-016	
5.35957066e+001	4.03240813e-014	4.03237322e-014	-1.67778551e-016	
5.36958855e+001	4.03240813e-014	4.03237322e-014	-1.67778551e-016	
5.37960644e+001	4.03240813e-014	4.03237322e-014	-1.67778551e-016	
5.38962433e+001	2.55617526e-014	2.55616250e-014	-8.07602861e-017	
5.39964222e+001	2.55617526e-014	2.55616250e-014	-8.07602861e-017	
5.40966011e+001	2.55617526e-014	2.55616250e-014	-8.07602861e-017	
5.41967800e+001	2.55617526e-014	2.55616250e-014	-8.07602861e-017	
5.42969589e+001	2.55617526e-014	2.55616250e-014	-8.07602861e-017	
5.43971377e+001	2.55617526e-014	2.55616250e-014	-8.07602861e-017	
5.44973166e+001	2.55617526e-014	2.55616250e-014	-8.07602861e-017	
5.45974955e+001	2.55617526e-014	2.55616250e-014	-8.07602861e-017	
5.46976744e+001	1.83980591e-014	1.83979973e-014	-4.76961519e-017	
5.47978533e+001	1.83980591e-014	1.83979973e-014	-4.76961519e-017	
5.48980322e+001	1.83980591e-014	1.83979973e-014	-4.76961519e-017	
5.49982111e+001	1.83980591e-014	1.83979973e-014	-4.76961519e-017	
5.50983900e+001	1.83980591e-014	1.83979973e-014	-4.76961519e-017	
5.51985689e+001	1.03768877e-014	1.03768619e-014	-2.31747722e-017	
5.52987478e+001	1.03768877e-014	1.03768619e-014	-2.31747722e-017	
5.53989267e+001	1.03768877e-014	1.03768619e-014	-2.31747722e-017	
5.54991055e+001	1.03768877e-014	1.03768619e-014	-2.31747722e-017	
5.55992844e+001	5.21106447e-015	5.21105301e-015	-1.09267546e-017	
5.56994633e+001	5.21106447e-015	5.21105301e-015	-1.09267546e-017	
5.57996422e+001	3.12224589e-015	3.12223904e-015	-6.54100133e-018	
5.58998211e+001	1.95350235e-015	1.95349807e-015	-4.08900738e-018	
5.60000000e+001	2.00474299e-016	2.00473883e-016	-4.08597192e-019	
