% Column 0: Length, cm
% Column 1: |B.n|, Tesla
% Column 2: Re[B.n], Tesla
% Column 3: Im[B.n], Tesla
0.00000000e+000	1.96055618e-016	-1.96055591e-016	-1.03235669e-019	
1.00178891e-001	1.93800539e-015	-1.93800509e-015	-1.07827334e-018	
2.00357782e-001	3.11084096e-015	-3.11084048e-015	-1.72864168e-018	
3.00536673e-001	5.44208973e-015	-5.44208891e-015	-2.99313362e-018	
4.00715564e-001	5.44208973e-015	-5.44208891e-015	-2.99313362e-018	
5.00894454e-001	8.77279988e-015	-8.77279866e-015	-4.61816731e-018	
6.01073345e-001	8.77279988e-015	-8.77279866e-015	-4.61816731e-018	
7.01252236e-001	8.77279988e-015	-8.77279866e-015	-4.61816731e-018	
8.01431127e-001	8.77279988e-015	-8.77279866e-015	-4.61816731e-018	
9.01610018e-001	2.56077602e-014	-2.56077599e-014	-3.73573961e-018	
1.00178891e+000	2.56077602e-014	-2.56077599e-014	-3.73573961e-018	
1.10196780e+000	2.56077602e-014	-2.56077599e-014	-3.73573961e-018	
1.20214669e+000	2.56077602e-014	-2.56077599e-014	-3.73573961e-018	
1.30232558e+000	2.56077602e-014	-2.56077599e-014	-3.73573961e-018	
1.40250447e+000	2.56077602e-014	-2.56077599e-014	-3.73573961e-018	
1.50268336e+000	2.56077602e-014	-2.56077599e-014	-3.73573961e-018	
1.60286225e+000	2.56077602e-014	-2.56077599e-014	-3.73573961e-018	
1.70304114e+000	2.56077602e-014	-2.56077599e-014	-3.73573961e-018	
1.80322004e+000	2.95590921e-014	-2.95590919e-014	3.10183726e-018	
1.90339893e+000	2.95590921e-014	-2.95590919e-014	3.10183726e-018	
2.00357782e+000	2.95590921e-014	-2.95590919e-014	3.10183726e-018	
2.10375671e+000	2.95590921e-014	-2.95590919e-014	3.10183726e-018	
2.20393560e+000	4.14689122e-014	-4.14689033e-014	2.71866087e-017	
2.30411449e+000	4.14689122e-014	-4.14689033e-014	2.71866087e-017	
2.40429338e+000	4.14689122e-014	-4.14689033e-014	2.71866087e-017	
2.50447227e+000	4.14689122e-014	-4.14689033e-014	2.71866087e-017	
2.60465116e+000	4.14689122e-014	-4.14689033e-014	2.71866087e-017	
2.70483005e+000	4.90927713e-014	-4.90927272e-014	6.57621837e-017	
2.80500894e+000	4.90927713e-014	-4.90927272e-014	6.57621837e-017	
2.90518784e+000	4.90927713e-014	-4.90927272e-014	6.57621837e-017	
3.00536673e+000	4.90927713e-014	-4.90927272e-014	6.57621837e-017	
3.10554562e+000	4.90927713e-014	-4.90927272e-014	6.57621837e-017	
3.20572451e+000	4.90927713e-014	-4.90927272e-014	6.57621837e-017	
3.30590340e+000	4.90927713e-014	-4.90927272e-014	6.57621837e-017	
3.40608229e+000	4.90927713e-014	-4.90927272e-014	6.57621837e-017	
3.50626118e+000	4.90927713e-014	-4.90927272e-014	6.57621837e-017	
3.60644007e+000	7.25465151e-014	-7.25463540e-014	1.52860873e-016	
3.70661896e+000	7.25465151e-014	-7.25463540e-014	1.52860873e-016	
3.80679785e+000	7.25465151e-014	-7.25463540e-014	1.52860873e-016	
3.90697674e+000	7.25465151e-014	-7.25463540e-014	1.52860873e-016	
4.00715564e+000	8.41460250e-014	-8.41456171e-014	2.62002971e-016	
4.10733453e+000	8.41460250e-014	-8.41456171e-014	2.62002971e-016	
4.20751342e+000	8.41460250e-014	-8.41456171e-014	2.62002971e-016	
4.30769231e+000	8.41460250e-014	-8.41456171e-014	2.62002971e-016	
4.40787120e+000	8.41460250e-014	-8.41456171e-014	2.62002971e-016	
4.50805009e+000	8.41460250e-014	-8.41456171e-014	2.62002971e-016	
4.60822898e+000	8.41460250e-014	-8.41456171e-014	2.62002971e-016	
4.70840787e+000	8.41460250e-014	-8.41456171e-014	2.62002971e-016	
4.80858676e+000	8.41460250e-014	-8.41456171e-014	2.62002971e-016	
4.90876565e+000	1.02449742e-013	-1.02448974e-013	3.96882437e-016	
5.00894454e+000	1.02449742e-013	-1.02448974e-013	3.96882437e-016	
5.10912343e+000	1.02449742e-013	-1.02448974e-013	3.96882437e-016	
5.20930233e+000	1.02449742e-013	-1.02448974e-013	3.96882437e-016	
5.30948122e+000	1.10196993e-013	-1.10195772e-013	5.18683986e-016	
5.40966011e+000	1.10196993e-013	-1.10195772e-013	5.18683986e-016	
5.50983900e+000	1.10196993e-013	-1.10195772e-013	5.18683986e-016	
5.61001789e+000	1.10196993e-013	-1.10195772e-013	5.18683986e-016	
5.71019678e+000	9.04191089e-014	-9.04176979e-014	5.05133579e-016	
5.81037567e+000	9.04191089e-014	-9.04176979e-014	5.05133579e-016	
5.91055456e+000	9.04191089e-014	-9.04176979e-014	5.05133579e-016	
6.01073345e+000	9.04191089e-014	-9.04176979e-014	5.05133579e-016	
6.11091234e+000	9.04191089e-014	-9.04176979e-014	5.05133579e-016	
6.21109123e+000	9.04191089e-014	-9.04176979e-014	5.05133579e-016	
6.31127013e+000	9.04191089e-014	-9.04176979e-014	5.05133579e-016	
6.41144902e+000	9.04191089e-014	-9.04176979e-014	5.05133579e-016	
6.51162791e+000	9.04191089e-014	-9.04176979e-014	5.05133579e-016	
6.61180680e+000	9.93817432e-014	-9.93798932e-014	6.06385229e-016	
6.71198569e+000	9.93817432e-014	-9.93798932e-014	6.06385229e-016	
6.81216458e+000	9.93817432e-014	-9.93798932e-014	6.06385229e-016	
6.91234347e+000	9.93817432e-014	-9.93798932e-014	6.06385229e-016	
7.01252236e+000	9.48662239e-014	-9.48645653e-014	5.60960435e-016	
7.11270125e+000	9.48662239e-014	-9.48645653e-014	5.60960435e-016	
7.21288014e+000	9.48662239e-014	-9.48645653e-014	5.60960435e-016	
7.31305903e+000	9.48662239e-014	-9.48645653e-014	5.60960435e-016	
7.41323792e+000	9.48662239e-014	-9.48645653e-014	5.60960435e-016	
7.51341682e+000	6.69534139e-014	-6.69524449e-014	3.60220331e-016	
7.61359571e+000	6.69534139e-014	-6.69524449e-014	3.60220331e-016	
7.71377460e+000	6.69534139e-014	-6.69524449e-014	3.60220331e-016	
7.81395349e+000	6.69534139e-014	-6.69524449e-014	3.60220331e-016	
7.91413238e+000	4.88454461e-014	-4.88454433e-014	1.65995310e-017	
8.01431127e+000	4.88454461e-014	-4.88454433e-014	1.65995310e-017	
8.11449016e+000	4.88454461e-014	-4.88454433e-014	1.65995310e-017	
8.21466905e+000	4.88454461e-014	-4.88454433e-014	1.65995310e-017	
8.31484794e+000	4.88454461e-014	-4.88454433e-014	1.65995310e-017	
8.41502683e+000	1.36027093e-014	-1.35868578e-014	-6.56503067e-016	
8.51520572e+000	1.36027093e-014	-1.35868578e-014	-6.56503067e-016	
8.61538462e+000	1.36027093e-014	-1.35868578e-014	-6.56503067e-016	
8.71556351e+000	1.36027093e-014	-1.35868578e-014	-6.56503067e-016	
8.81574240e+000	3.65047059e-014	3.64733943e-014	-1.51164109e-015	
8.91592129e+000	3.65047059e-014	3.64733943e-014	-1.51164109e-015	
9.01610018e+000	3.65047059e-014	3.64733943e-014	-1.51164109e-015	
9.11627907e+000	3.65047059e-014	3.64733943e-014	-1.51164109e-015	
9.21645796e+000	3.65047059e-014	3.64733943e-014	-1.51164109e-015	
9.31663685e+000	3.65047059e-014	3.64733943e-014	-1.51164109e-015	
9.41681574e+000	3.65047059e-014	3.64733943e-014	-1.51164109e-015	
9.51699463e+000	3.65047059e-014	3.64733943e-014	-1.51164109e-015	
9.61717352e+000	3.65047059e-014	3.64733943e-014	-1.51164109e-015	
9.71735242e+000	8.92131609e-014	8.91763081e-014	-2.56401225e-015	
9.81753131e+000	8.92131609e-014	8.91763081e-014	-2.56401225e-015	
9.91771020e+000	8.92131609e-014	8.91763081e-014	-2.56401225e-015	
1.00178891e+001	8.92131609e-014	8.91763081e-014	-2.56401225e-015	
1.01180680e+001	1.73142154e-013	1.73085664e-013	-4.42251007e-015	
1.02182469e+001	1.73142154e-013	1.73085664e-013	-4.42251007e-015	
1.03184258e+001	1.73142154e-013	1.73085664e-013	-4.42251007e-015	
1.04186047e+001	1.73142154e-013	1.73085664e-013	-4.42251007e-015	
1.05187835e+001	2.86798499e-013	2.86730523e-013	-6.24391820e-015	
1.06189624e+001	2.86798499e-013	2.86730523e-013	-6.24391820e-015	
1.07191413e+001	2.86798499e-013	2.86730523e-013	-6.24391820e-015	
1.08193202e+001	2.86798499e-013	2.86730523e-013	-6.24391820e-015	
1.09194991e+001	2.86798499e-013	2.86730523e-013	-6.24391820e-015	
1.10196780e+001	3.69722462e-013	3.69655060e-013	-7.05945559e-015	
1.11198569e+001	3.69722462e-013	3.69655060e-013	-7.05945559e-015	
1.12200358e+001	3.69722462e-013	3.69655060e-013	-7.05945559e-015	
1.13202147e+001	3.69722462e-013	3.69655060e-013	-7.05945559e-015	
1.14203936e+001	3.69722462e-013	3.69655060e-013	-7.05945559e-015	
1.15205725e+001	3.69722462e-013	3.69655060e-013	-7.05945559e-015	
1.16207513e+001	3.69722462e-013	3.69655060e-013	-7.05945559e-015	
1.17209302e+001	3.69722462e-013	3.69655060e-013	-7.05945559e-015	
1.18211091e+001	7.46602242e-013	7.46508599e-013	-1.18245348e-014	
1.19212880e+001	7.46602242e-013	7.46508599e-013	-1.18245348e-014	
1.20214669e+001	7.46602242e-013	7.46508599e-013	-1.18245348e-014	
1.21216458e+001	7.46602242e-013	7.46508599e-013	-1.18245348e-014	
1.22218247e+001	7.46602242e-013	7.46508599e-013	-1.18245348e-014	
1.23220036e+001	1.13511653e-012	1.13503138e-012	-1.39029304e-014	
1.24221825e+001	1.13511653e-012	1.13503138e-012	-1.39029304e-014	
1.25223614e+001	1.13511653e-012	1.13503138e-012	-1.39029304e-014	
1.26225403e+001	1.13511653e-012	1.13503138e-012	-1.39029304e-014	
1.27227191e+001	1.13511653e-012	1.13503138e-012	-1.39029304e-014	
1.28228980e+001	1.13511653e-012	1.13503138e-012	-1.39029304e-014	
1.29230769e+001	1.13511653e-012	1.13503138e-012	-1.39029304e-014	
1.30232558e+001	1.13511653e-012	1.13503138e-012	-1.39029304e-014	
1.31234347e+001	1.13511653e-012	1.13503138e-012	-1.39029304e-014	
1.32236136e+001	2.20767159e-012	2.20759924e-012	-1.78739396e-014	
1.33237925e+001	2.20767159e-012	2.20759924e-012	-1.78739396e-014	
1.34239714e+001	2.20767159e-012	2.20759924e-012	-1.78739396e-014	
1.35241503e+001	2.20767159e-012	2.20759924e-012	-1.78739396e-014	
1.36243292e+001	2.20767159e-012	2.20759924e-012	-1.78739396e-014	
1.37245081e+001	2.20767159e-012	2.20759924e-012	-1.78739396e-014	
1.38246869e+001	2.20767159e-012	2.20759924e-012	-1.78739396e-014	
1.39248658e+001	2.20767159e-012	2.20759924e-012	-1.78739396e-014	
1.40250447e+001	2.69449707e-012	2.69444282e-012	-1.70989616e-014	
1.41252236e+001	2.69449707e-012	2.69444282e-012	-1.70989616e-014	
1.42254025e+001	2.69449707e-012	2.69444282e-012	-1.70989616e-014	
1.43255814e+001	2.69449707e-012	2.69444282e-012	-1.70989616e-014	
1.44257603e+001	2.69449707e-012	2.69444282e-012	-1.70989616e-014	
1.45259392e+001	4.39139320e-012	4.39135988e-012	-1.71066525e-014	
1.46261181e+001	4.39139320e-012	4.39135988e-012	-1.71066525e-014	
1.47262970e+001	4.39139320e-012	4.39135988e-012	-1.71066525e-014	
1.48264758e+001	4.39139320e-012	4.39135988e-012	-1.71066525e-014	
1.49266547e+001	4.90491262e-012	4.90490099e-012	-1.06801154e-014	
1.50268336e+001	4.90491262e-012	4.90490099e-012	-1.06801154e-014	
1.51270125e+001	4.90491262e-012	4.90490099e-012	-1.06801154e-014	
1.52271914e+001	4.90491262e-012	4.90490099e-012	-1.06801154e-014	
1.53273703e+001	5.44164537e-012	5.44164296e-012	-5.12065193e-015	
1.54275492e+001	5.44164537e-012	5.44164296e-012	-5.12065193e-015	
1.55277281e+001	5.44164537e-012	5.44164296e-012	-5.12065193e-015	
1.56279070e+001	5.44164537e-012	5.44164296e-012	-5.12065193e-015	
1.57280859e+001	5.44164537e-012	5.44164296e-012	-5.12065193e-015	
1.58282648e+001	9.05994977e-012	9.05994942e-012	2.53424120e-015	
1.59284436e+001	9.05994977e-012	9.05994942e-012	2.53424120e-015	
1.60286225e+001	9.05994977e-012	9.05994942e-012	2.53424120e-015	
1.61288014e+001	9.05994977e-012	9.05994942e-012	2.53424120e-015	
1.62289803e+001	9.31574233e-012	9.31573930e-012	7.50363568e-015	
1.63291592e+001	9.31574233e-012	9.31573930e-012	7.50363568e-015	
1.64293381e+001	9.31574233e-012	9.31573930e-012	7.50363568e-015	
1.65295170e+001	9.31574233e-012	9.31573930e-012	7.50363568e-015	
1.66296959e+001	9.17283267e-012	9.17282973e-012	7.34392174e-015	
1.67298748e+001	9.17283267e-012	9.17282973e-012	7.34392174e-015	
1.68300537e+001	9.17283267e-012	9.17282973e-012	7.34392174e-015	
1.69302326e+001	9.17283267e-012	9.17282973e-012	7.34392174e-015	
1.70304114e+001	9.17283267e-012	9.17282973e-012	7.34392174e-015	
1.71305903e+001	8.89896216e-012	8.89896165e-012	3.01660006e-015	
1.72307692e+001	8.89896216e-012	8.89896165e-012	3.01660006e-015	
1.73309481e+001	8.89896216e-012	8.89896165e-012	3.01660006e-015	
1.74311270e+001	8.89896216e-012	8.89896165e-012	3.01660006e-015	
1.75313059e+001	8.89896216e-012	8.89896165e-012	3.01660006e-015	
1.76314848e+001	8.89896216e-012	8.89896165e-012	3.01660006e-015	
1.77316637e+001	8.89896216e-012	8.89896165e-012	3.01660006e-015	
1.78318426e+001	8.89896216e-012	8.89896165e-012	3.01660006e-015	
1.79320215e+001	8.89896216e-012	8.89896165e-012	3.01660006e-015	
1.80322004e+001	1.13162124e-011	1.13162019e-011	-1.54117423e-014	
1.81323792e+001	1.13162124e-011	1.13162019e-011	-1.54117423e-014	
1.82325581e+001	1.13162124e-011	1.13162019e-011	-1.54117423e-014	
1.83327370e+001	1.13162124e-011	1.13162019e-011	-1.54117423e-014	
1.84329159e+001	9.78302242e-012	9.78297132e-012	-3.16184178e-014	
1.85330948e+001	9.78302242e-012	9.78297132e-012	-3.16184178e-014	
1.86332737e+001	9.78302242e-012	9.78297132e-012	-3.16184178e-014	
1.87334526e+001	9.78302242e-012	9.78297132e-012	-3.16184178e-014	
1.88336315e+001	9.78302242e-012	9.78297132e-012	-3.16184178e-014	
1.89338104e+001	9.78302242e-012	9.78297132e-012	-3.16184178e-014	
1.90339893e+001	9.78302242e-012	9.78297132e-012	-3.16184178e-014	
1.91341682e+001	9.78302242e-012	9.78297132e-012	-3.16184178e-014	
1.92343470e+001	9.78302242e-012	9.78297132e-012	-3.16184178e-014	
1.93345259e+001	1.10436836e-011	1.10435461e-011	-5.51051818e-014	
1.94347048e+001	1.10436836e-011	1.10435461e-011	-5.51051818e-014	
1.95348837e+001	1.10436836e-011	1.10435461e-011	-5.51051818e-014	
1.96350626e+001	1.10436836e-011	1.10435461e-011	-5.51051818e-014	
1.97352415e+001	8.58751996e-012	8.58734010e-012	-5.55788939e-014	
1.98354204e+001	8.58751996e-012	8.58734010e-012	-5.55788939e-014	
1.99355993e+001	8.58751996e-012	8.58734010e-012	-5.55788939e-014	
2.00357782e+001	8.58751996e-012	8.58734010e-012	-5.55788939e-014	
2.01359571e+001	5.88067409e-012	5.88047038e-012	-4.89466543e-014	
2.02361360e+001	5.88067409e-012	5.88047038e-012	-4.89466543e-014	
2.03363148e+001	5.88067409e-012	5.88047038e-012	-4.89466543e-014	
2.04364937e+001	5.88067409e-012	5.88047038e-012	-4.89466543e-014	
2.05366726e+001	5.88067409e-012	5.88047038e-012	-4.89466543e-014	
2.06368515e+001	3.20117161e-012	3.20105049e-012	-2.78464468e-014	
2.07370304e+001	3.20117161e-012	3.20105049e-012	-2.78464468e-014	
2.08372093e+001	3.20117161e-012	3.20105049e-012	-2.78464468e-014	
2.09373882e+001	3.20117161e-012	3.20105049e-012	-2.78464468e-014	
2.10375671e+001	3.20117161e-012	3.20105049e-012	-2.78464468e-014	
2.11377460e+001	3.20117161e-012	3.20105049e-012	-2.78464468e-014	
2.12379249e+001	3.20117161e-012	3.20105049e-012	-2.78464468e-014	
2.13381038e+001	3.20117161e-012	3.20105049e-012	-2.78464468e-014	
2.14382826e+001	6.31012816e-013	-6.30931882e-013	1.01061145e-014	
2.15384615e+001	6.31012816e-013	-6.30931882e-013	1.01061145e-014	
2.16386404e+001	6.31012816e-013	-6.30931882e-013	1.01061145e-014	
2.17388193e+001	6.31012816e-013	-6.30931882e-013	1.01061145e-014	
2.18389982e+001	6.31012816e-013	-6.30931882e-013	1.01061145e-014	
2.19391771e+001	2.68320336e-012	-2.68302400e-012	3.10243646e-014	
2.20393560e+001	2.68320336e-012	-2.68302400e-012	3.10243646e-014	
2.21395349e+001	2.68320336e-012	-2.68302400e-012	3.10243646e-014	
2.22397138e+001	2.68320336e-012	-2.68302400e-012	3.10243646e-014	
2.23398927e+001	4.79670475e-012	-4.79646637e-012	4.78210931e-014	
2.24400716e+001	4.79670475e-012	-4.79646637e-012	4.78210931e-014	
2.25402504e+001	4.79670475e-012	-4.79646637e-012	4.78210931e-014	
2.26404293e+001	4.79670475e-012	-4.79646637e-012	4.78210931e-014	
2.27406082e+001	4.79670475e-012	-4.79646637e-012	4.78210931e-014	
2.28407871e+001	8.20259308e-012	-8.20231641e-012	6.73702301e-014	
2.29409660e+001	8.20259308e-012	-8.20231641e-012	6.73702301e-014	
2.30411449e+001	8.20259308e-012	-8.20231641e-012	6.73702301e-014	
2.31413238e+001	8.20259308e-012	-8.20231641e-012	6.73702301e-014	
2.32415027e+001	8.20259308e-012	-8.20231641e-012	6.73702301e-014	
2.33416816e+001	8.20259308e-012	-8.20231641e-012	6.73702301e-014	
2.34418605e+001	8.20259308e-012	-8.20231641e-012	6.73702301e-014	
2.35420394e+001	8.20259308e-012	-8.20231641e-012	6.73702301e-014	
2.36422182e+001	8.73141244e-012	-8.73123124e-012	5.62508332e-014	
2.37423971e+001	8.73141244e-012	-8.73123124e-012	5.62508332e-014	
2.38425760e+001	8.73141244e-012	-8.73123124e-012	5.62508332e-014	
2.39427549e+001	8.73141244e-012	-8.73123124e-012	5.62508332e-014	
2.40429338e+001	8.73141244e-012	-8.73123124e-012	5.62508332e-014	
2.41431127e+001	1.05166179e-011	-1.05165062e-011	4.84747926e-014	
2.42432916e+001	1.05166179e-011	-1.05165062e-011	4.84747926e-014	
2.43434705e+001	1.05166179e-011	-1.05165062e-011	4.84747926e-014	
2.44436494e+001	1.05166179e-011	-1.05165062e-011	4.84747926e-014	
2.45438283e+001	1.04585197e-011	-1.04584874e-011	2.59912058e-014	
2.46440072e+001	1.04585197e-011	-1.04584874e-011	2.59912058e-014	
2.47441860e+001	1.04585197e-011	-1.04584874e-011	2.59912058e-014	
2.48443649e+001	1.04585197e-011	-1.04584874e-011	2.59912058e-014	
2.49445438e+001	1.07330626e-011	-1.07330504e-011	1.62167010e-014	
2.50447227e+001	1.07330626e-011	-1.07330504e-011	1.62167010e-014	
2.51449016e+001	1.07330626e-011	-1.07330504e-011	1.62167010e-014	
2.52450805e+001	1.07330626e-011	-1.07330504e-011	1.62167010e-014	
2.53452594e+001	1.07330626e-011	-1.07330504e-011	1.62167010e-014	
2.54454383e+001	1.05639602e-011	-1.05639588e-011	5.52216885e-015	
2.55456172e+001	1.05639602e-011	-1.05639588e-011	5.52216885e-015	
2.56457961e+001	1.05639602e-011	-1.05639588e-011	5.52216885e-015	
2.57459750e+001	1.05639602e-011	-1.05639588e-011	5.52216885e-015	
2.58461538e+001	6.41626425e-012	-6.41626236e-012	-4.92716591e-015	
2.59463327e+001	6.41626425e-012	-6.41626236e-012	-4.92716591e-015	
2.60465116e+001	6.41626425e-012	-6.41626236e-012	-4.92716591e-015	
2.61466905e+001	6.41626425e-012	-6.41626236e-012	-4.92716591e-015	
2.62468694e+001	6.41626425e-012	-6.41626236e-012	-4.92716591e-015	
2.63470483e+001	6.41626425e-012	-6.41626236e-012	-4.92716591e-015	
2.64472272e+001	6.41626425e-012	-6.41626236e-012	-4.92716591e-015	
2.65474061e+001	6.41626425e-012	-6.41626236e-012	-4.92716591e-015	
2.66475850e+001	6.41626425e-012	-6.41626236e-012	-4.92716591e-015	
2.67477639e+001	7.41607546e-012	-7.41606961e-012	-9.31813790e-015	
2.68479428e+001	7.41607546e-012	-7.41606961e-012	-9.31813790e-015	
2.69481216e+001	7.41607546e-012	-7.41606961e-012	-9.31813790e-015	
2.70483005e+001	7.41607546e-012	-7.41606961e-012	-9.31813790e-015	
2.71484794e+001	7.17762923e-012	-7.17762168e-012	-1.04133242e-014	
2.72486583e+001	7.17762923e-012	-7.17762168e-012	-1.04133242e-014	
2.73488372e+001	7.17762923e-012	-7.17762168e-012	-1.04133242e-014	
2.74490161e+001	7.17762923e-012	-7.17762168e-012	-1.04133242e-014	
2.75491950e+001	7.17762923e-012	-7.17762168e-012	-1.04133242e-014	
2.76493739e+001	5.39141513e-012	-5.39140979e-012	-7.58939616e-015	
2.77495528e+001	5.39141513e-012	-5.39140979e-012	-7.58939616e-015	
2.78497317e+001	4.79731863e-012	-4.79731439e-012	-6.37986567e-015	
2.79499106e+001	4.41269545e-012	-4.41269219e-012	-5.37009559e-015	
2.80500894e+001	4.06743630e-012	-4.06743362e-012	-4.66496693e-015	
2.81502683e+001	3.95279918e-012	-3.95279715e-012	-4.00332333e-015	
2.82504472e+001	3.91152043e-012	-3.91151882e-012	-3.55282479e-015	
2.83506261e+001	3.93565955e-012	-3.93565860e-012	-2.74145486e-015	
2.84508050e+001	4.14562639e-012	-4.14562596e-012	-1.89595550e-015	
2.85509839e+001	4.14562639e-012	-4.14562596e-012	-1.89595550e-015	
2.86511628e+001	4.14562639e-012	-4.14562596e-012	-1.89595550e-015	
2.87513417e+001	3.79287143e-012	-3.79287136e-012	-7.01244623e-016	
2.88515206e+001	3.79287143e-012	-3.79287136e-012	-7.01244623e-016	
2.89516995e+001	2.74696591e-012	-2.74696557e-012	1.35770061e-015	
2.90518784e+001	2.74696591e-012	-2.74696557e-012	1.35770061e-015	
2.91520572e+001	2.74696591e-012	-2.74696557e-012	1.35770061e-015	
2.92522361e+001	2.74696591e-012	-2.74696557e-012	1.35770061e-015	
2.93524150e+001	2.48938140e-012	-2.48937755e-012	4.37945896e-015	
2.94525939e+001	2.48938140e-012	-2.48937755e-012	4.37945896e-015	
2.95527728e+001	2.48938140e-012	-2.48937755e-012	4.37945896e-015	
2.96529517e+001	2.48938140e-012	-2.48937755e-012	4.37945896e-015	
2.97531306e+001	2.48938140e-012	-2.48937755e-012	4.37945896e-015	
2.98533095e+001	1.74790328e-012	-1.74789566e-012	5.15961623e-015	
2.99534884e+001	1.74790328e-012	-1.74789566e-012	5.15961623e-015	
3.00536673e+001	1.74790328e-012	-1.74789566e-012	5.15961623e-015	
3.01538462e+001	1.74790328e-012	-1.74789566e-012	5.15961623e-015	
3.02540250e+001	1.38123782e-012	-1.38122223e-012	6.56325608e-015	
3.03542039e+001	1.38123782e-012	-1.38122223e-012	6.56325608e-015	
3.04543828e+001	1.38123782e-012	-1.38122223e-012	6.56325608e-015	
3.05545617e+001	1.38123782e-012	-1.38122223e-012	6.56325608e-015	
3.06547406e+001	1.06566958e-012	-1.06564257e-012	7.58713376e-015	
3.07549195e+001	1.06566958e-012	-1.06564257e-012	7.58713376e-015	
3.08550984e+001	1.06566958e-012	-1.06564257e-012	7.58713376e-015	
3.09552773e+001	1.06566958e-012	-1.06564257e-012	7.58713376e-015	
3.10554562e+001	1.06566958e-012	-1.06564257e-012	7.58713376e-015	
3.11556351e+001	1.06566958e-012	-1.06564257e-012	7.58713376e-015	
3.12558140e+001	1.06566958e-012	-1.06564257e-012	7.58713376e-015	
3.13559928e+001	1.06566958e-012	-1.06564257e-012	7.58713376e-015	
3.14561717e+001	1.06566958e-012	-1.06564257e-012	7.58713376e-015	
3.15563506e+001	6.94923097e-013	-6.94891115e-013	6.66706234e-015	
3.16565295e+001	6.94923097e-013	-6.94891115e-013	6.66706234e-015	
3.17567084e+001	6.94923097e-013	-6.94891115e-013	6.66706234e-015	
3.18568873e+001	6.94923097e-013	-6.94891115e-013	6.66706234e-015	
3.19570662e+001	6.94923097e-013	-6.94891115e-013	6.66706234e-015	
3.20572451e+001	6.94923097e-013	-6.94891115e-013	6.66706234e-015	
3.21574240e+001	6.94923097e-013	-6.94891115e-013	6.66706234e-015	
3.22576029e+001	6.94923097e-013	-6.94891115e-013	6.66706234e-015	
3.23577818e+001	6.94923097e-013	-6.94891115e-013	6.66706234e-015	
3.24579606e+001	5.11941529e-013	-5.11902894e-013	6.28934465e-015	
3.25581395e+001	5.11941529e-013	-5.11902894e-013	6.28934465e-015	
3.26583184e+001	5.11941529e-013	-5.11902894e-013	6.28934465e-015	
3.27584973e+001	5.11941529e-013	-5.11902894e-013	6.28934465e-015	
3.28586762e+001	5.11941529e-013	-5.11902894e-013	6.28934465e-015	
3.29588551e+001	5.11941529e-013	-5.11902894e-013	6.28934465e-015	
3.30590340e+001	5.11941529e-013	-5.11902894e-013	6.28934465e-015	
3.31592129e+001	5.11941529e-013	-5.11902894e-013	6.28934465e-015	
3.32593918e+001	3.50768171e-013	-3.50739172e-013	4.51033409e-015	
3.33595707e+001	3.50768171e-013	-3.50739172e-013	4.51033409e-015	
3.34597496e+001	3.50768171e-013	-3.50739172e-013	4.51033409e-015	
3.35599284e+001	3.50768171e-013	-3.50739172e-013	4.51033409e-015	
3.36601073e+001	3.50768171e-013	-3.50739172e-013	4.51033409e-015	
3.37602862e+001	4.42870334e-013	-4.42835273e-013	5.57261213e-015	
3.38604651e+001	4.42870334e-013	-4.42835273e-013	5.57261213e-015	
3.39606440e+001	4.42870334e-013	-4.42835273e-013	5.57261213e-015	
3.40608229e+001	4.42870334e-013	-4.42835273e-013	5.57261213e-015	
3.41610018e+001	3.26460682e-013	-3.26437490e-013	3.89121558e-015	
3.42611807e+001	3.26460682e-013	-3.26437490e-013	3.89121558e-015	
3.43613596e+001	3.26460682e-013	-3.26437490e-013	3.89121558e-015	
3.44615385e+001	3.26460682e-013	-3.26437490e-013	3.89121558e-015	
3.45617174e+001	3.26460682e-013	-3.26437490e-013	3.89121558e-015	
3.46618962e+001	3.36744656e-013	-3.36723307e-013	3.79176127e-015	
3.47620751e+001	3.36744656e-013	-3.36723307e-013	3.79176127e-015	
3.48622540e+001	3.36744656e-013	-3.36723307e-013	3.79176127e-015	
3.49624329e+001	3.36744656e-013	-3.36723307e-013	3.79176127e-015	
3.50626118e+001	2.55997724e-013	-2.55984574e-013	2.59472057e-015	
3.51627907e+001	2.55997724e-013	-2.55984574e-013	2.59472057e-015	
3.52629696e+001	2.55997724e-013	-2.55984574e-013	2.59472057e-015	
3.53631485e+001	2.55997724e-013	-2.55984574e-013	2.59472057e-015	
3.54633274e+001	2.55997724e-013	-2.55984574e-013	2.59472057e-015	
3.55635063e+001	2.55997724e-013	-2.55984574e-013	2.59472057e-015	
3.56636852e+001	2.55997724e-013	-2.55984574e-013	2.59472057e-015	
3.57638640e+001	2.55997724e-013	-2.55984574e-013	2.59472057e-015	
3.58640429e+001	2.55997724e-013	-2.55984574e-013	2.59472057e-015	
3.59642218e+001	2.68788994e-013	-2.68778716e-013	2.35059165e-015	
3.60644007e+001	2.68788994e-013	-2.68778716e-013	2.35059165e-015	
3.61645796e+001	2.68788994e-013	-2.68778716e-013	2.35059165e-015	
3.62647585e+001	2.68788994e-013	-2.68778716e-013	2.35059165e-015	
3.63649374e+001	2.99213676e-013	-2.99204864e-013	2.29632136e-015	
3.64651163e+001	2.99213676e-013	-2.99204864e-013	2.29632136e-015	
3.65652952e+001	2.99213676e-013	-2.99204864e-013	2.29632136e-015	
3.66654741e+001	2.99213676e-013	-2.99204864e-013	2.29632136e-015	
3.67656530e+001	2.93620806e-013	-2.93613915e-013	2.01156323e-015	
3.68658318e+001	2.93620806e-013	-2.93613915e-013	2.01156323e-015	
3.69660107e+001	2.93620806e-013	-2.93613915e-013	2.01156323e-015	
3.70661896e+001	2.93620806e-013	-2.93613915e-013	2.01156323e-015	
3.71663685e+001	2.93620806e-013	-2.93613915e-013	2.01156323e-015	
3.72665474e+001	2.82725054e-013	-2.82719626e-013	1.75186918e-015	
3.73667263e+001	2.82725054e-013	-2.82719626e-013	1.75186918e-015	
3.74669052e+001	2.82725054e-013	-2.82719626e-013	1.75186918e-015	
3.75670841e+001	2.82725054e-013	-2.82719626e-013	1.75186918e-015	
3.76672630e+001	2.73800390e-013	-2.73795713e-013	1.60027918e-015	
3.77674419e+001	2.73800390e-013	-2.73795713e-013	1.60027918e-015	
3.78676208e+001	2.73800390e-013	-2.73795713e-013	1.60027918e-015	
3.79677996e+001	2.73800390e-013	-2.73795713e-013	1.60027918e-015	
3.80679785e+001	2.55087049e-013	-2.55082951e-013	1.44585996e-015	
3.81681574e+001	2.55087049e-013	-2.55082951e-013	1.44585996e-015	
3.82683363e+001	2.55087049e-013	-2.55082951e-013	1.44585996e-015	
3.83685152e+001	2.55087049e-013	-2.55082951e-013	1.44585996e-015	
3.84686941e+001	2.55087049e-013	-2.55082951e-013	1.44585996e-015	
3.85688730e+001	2.70683009e-013	-2.70678177e-013	1.61728737e-015	
3.86690519e+001	2.70683009e-013	-2.70678177e-013	1.61728737e-015	
3.87692308e+001	2.70683009e-013	-2.70678177e-013	1.61728737e-015	
3.88694097e+001	2.70683009e-013	-2.70678177e-013	1.61728737e-015	
3.89695886e+001	2.70683009e-013	-2.70678177e-013	1.61728737e-015	
3.90697674e+001	2.70683009e-013	-2.70678177e-013	1.61728737e-015	
3.91699463e+001	2.70683009e-013	-2.70678177e-013	1.61728737e-015	
3.92701252e+001	2.70683009e-013	-2.70678177e-013	1.61728737e-015	
3.93703041e+001	2.70683009e-013	-2.70678177e-013	1.61728737e-015	
3.94704830e+001	2.43040961e-013	-2.43033950e-013	1.84596100e-015	
3.95706619e+001	2.43040961e-013	-2.43033950e-013	1.84596100e-015	
3.96708408e+001	2.43040961e-013	-2.43033950e-013	1.84596100e-015	
3.97710197e+001	2.43040961e-013	-2.43033950e-013	1.84596100e-015	
3.98711986e+001	2.24502578e-013	-2.24493611e-013	2.00654619e-015	
3.99713775e+001	2.24502578e-013	-2.24493611e-013	2.00654619e-015	
4.00715564e+001	2.24502578e-013	-2.24493611e-013	2.00654619e-015	
4.01717352e+001	2.24502578e-013	-2.24493611e-013	2.00654619e-015	
4.02719141e+001	1.94253315e-013	-1.94242207e-013	2.07728603e-015	
4.03720930e+001	1.94253315e-013	-1.94242207e-013	2.07728603e-015	
4.04722719e+001	1.94253315e-013	-1.94242207e-013	2.07728603e-015	
4.05724508e+001	1.94253315e-013	-1.94242207e-013	2.07728603e-015	
4.06726297e+001	1.94253315e-013	-1.94242207e-013	2.07728603e-015	
4.07728086e+001	1.22984889e-013	-1.22973732e-013	1.65655438e-015	
4.08729875e+001	1.22984889e-013	-1.22973732e-013	1.65655438e-015	
4.09731664e+001	1.22984889e-013	-1.22973732e-013	1.65655438e-015	
4.10733453e+001	1.22984889e-013	-1.22973732e-013	1.65655438e-015	
4.11735242e+001	1.22984889e-013	-1.22973732e-013	1.65655438e-015	
4.12737030e+001	1.22984889e-013	-1.22973732e-013	1.65655438e-015	
4.13738819e+001	1.22984889e-013	-1.22973732e-013	1.65655438e-015	
4.14740608e+001	1.22984889e-013	-1.22973732e-013	1.65655438e-015	
4.15742397e+001	1.07245111e-013	-1.07230969e-013	1.74153245e-015	
4.16744186e+001	1.07245111e-013	-1.07230969e-013	1.74153245e-015	
4.17745975e+001	1.07245111e-013	-1.07230969e-013	1.74153245e-015	
4.18747764e+001	1.07245111e-013	-1.07230969e-013	1.74153245e-015	
4.19749553e+001	1.07245111e-013	-1.07230969e-013	1.74153245e-015	
4.20751342e+001	8.11509259e-014	-8.11345291e-014	1.63124711e-015	
4.21753131e+001	8.11509259e-014	-8.11345291e-014	1.63124711e-015	
4.22754919e+001	8.11509259e-014	-8.11345291e-014	1.63124711e-015	
4.23756708e+001	8.11509259e-014	-8.11345291e-014	1.63124711e-015	
4.24758497e+001	5.31523638e-014	-5.31389229e-014	1.19526415e-015	
4.25760286e+001	5.31523638e-014	-5.31389229e-014	1.19526415e-015	
4.26762075e+001	5.31523638e-014	-5.31389229e-014	1.19526415e-015	
4.27763864e+001	5.31523638e-014	-5.31389229e-014	1.19526415e-015	
4.28765653e+001	5.31523638e-014	-5.31389229e-014	1.19526415e-015	
4.29767442e+001	5.31523638e-014	-5.31389229e-014	1.19526415e-015	
4.30769231e+001	5.31523638e-014	-5.31389229e-014	1.19526415e-015	
4.31771020e+001	5.31523638e-014	-5.31389229e-014	1.19526415e-015	
4.32772809e+001	5.31523638e-014	-5.31389229e-014	1.19526415e-015	
4.33774597e+001	4.08034398e-014	-4.07901445e-014	1.04154229e-015	
4.34776386e+001	4.08034398e-014	-4.07901445e-014	1.04154229e-015	
4.35778175e+001	4.08034398e-014	-4.07901445e-014	1.04154229e-015	
4.36779964e+001	4.08034398e-014	-4.07901445e-014	1.04154229e-015	
4.37781753e+001	2.63689873e-014	-2.63574353e-014	7.80443296e-016	
4.38783542e+001	2.63689873e-014	-2.63574353e-014	7.80443296e-016	
4.39785331e+001	2.63689873e-014	-2.63574353e-014	7.80443296e-016	
4.40787120e+001	2.63689873e-014	-2.63574353e-014	7.80443296e-016	
4.41788909e+001	2.63689873e-014	-2.63574353e-014	7.80443296e-016	
4.42790698e+001	1.61142753e-014	-1.61047647e-014	5.53555401e-016	
4.43792487e+001	1.61142753e-014	-1.61047647e-014	5.53555401e-016	
4.44794275e+001	1.61142753e-014	-1.61047647e-014	5.53555401e-016	
4.45796064e+001	1.61142753e-014	-1.61047647e-014	5.53555401e-016	
4.46797853e+001	9.61793003e-015	-9.61007805e-015	3.88558790e-016	
4.47799642e+001	9.61793003e-015	-9.61007805e-015	3.88558790e-016	
4.48801431e+001	9.61793003e-015	-9.61007805e-015	3.88558790e-016	
4.49803220e+001	9.61793003e-015	-9.61007805e-015	3.88558790e-016	
4.50805009e+001	5.48455566e-015	-5.47715175e-015	2.84885128e-016	
4.51806798e+001	5.48455566e-015	-5.47715175e-015	2.84885128e-016	
4.52808587e+001	5.48455566e-015	-5.47715175e-015	2.84885128e-016	
4.53810376e+001	5.48455566e-015	-5.47715175e-015	2.84885128e-016	
4.54812165e+001	5.48455566e-015	-5.47715175e-015	2.84885128e-016	
4.55813953e+001	4.31325896e-016	-4.03984675e-016	1.51123827e-016	
4.56815742e+001	4.31325896e-016	-4.03984675e-016	1.51123827e-016	
4.57817531e+001	4.31325896e-016	-4.03984675e-016	1.51123827e-016	
4.58819320e+001	4.31325896e-016	-4.03984675e-016	1.51123827e-016	
4.59821109e+001	4.31325896e-016	-4.03984675e-016	1.51123827e-016	
4.60822898e+001	4.31325896e-016	-4.03984675e-016	1.51123827e-016	
4.61824687e+001	4.31325896e-016	-4.03984675e-016	1.51123827e-016	
4.62826476e+001	4.31325896e-016	-4.03984675e-016	1.51123827e-016	
4.63828265e+001	6.78917465e-015	6.78909167e-015	-3.35663608e-017	
4.64830054e+001	6.78917465e-015	6.78909167e-015	-3.35663608e-017	
4.65831843e+001	6.78917465e-015	6.78909167e-015	-3.35663608e-017	
4.66833631e+001	6.78917465e-015	6.78909167e-015	-3.35663608e-017	
4.67835420e+001	6.78917465e-015	6.78909167e-015	-3.35663608e-017	
4.68837209e+001	1.14389092e-014	1.14382449e-014	-1.23276337e-016	
4.69838998e+001	1.14389092e-014	1.14382449e-014	-1.23276337e-016	
4.70840787e+001	1.14389092e-014	1.14382449e-014	-1.23276337e-016	
4.71842576e+001	1.14389092e-014	1.14382449e-014	-1.23276337e-016	
4.72844365e+001	1.41024460e-014	1.41014245e-014	-1.69736244e-016	
4.73846154e+001	1.41024460e-014	1.41014245e-014	-1.69736244e-016	
4.74847943e+001	1.41024460e-014	1.41014245e-014	-1.69736244e-016	
4.75849732e+001	1.41024460e-014	1.41014245e-014	-1.69736244e-016	
4.76851521e+001	1.41024460e-014	1.41014245e-014	-1.69736244e-016	
4.77853309e+001	1.41024460e-014	1.41014245e-014	-1.69736244e-016	
4.78855098e+001	1.41024460e-014	1.41014245e-014	-1.69736244e-016	
4.79856887e+001	1.41024460e-014	1.41014245e-014	-1.69736244e-016	
4.80858676e+001	1.41024460e-014	1.41014245e-014	-1.69736244e-016	
4.81860465e+001	2.04482759e-014	2.04469763e-014	-2.30538585e-016	
4.82862254e+001	2.04482759e-014	2.04469763e-014	-2.30538585e-016	
4.83864043e+001	2.04482759e-014	2.04469763e-014	-2.30538585e-016	
4.84865832e+001	2.04482759e-014	2.04469763e-014	-2.30538585e-016	
4.85867621e+001	2.38461820e-014	2.38450040e-014	-2.37027745e-016	
4.86869410e+001	2.38461820e-014	2.38450040e-014	-2.37027745e-016	
4.87871199e+001	2.38461820e-014	2.38450040e-014	-2.37027745e-016	
4.88872987e+001	2.38461820e-014	2.38450040e-014	-2.37027745e-016	
4.89874776e+001	2.38461820e-014	2.38450040e-014	-2.37027745e-016	
4.90876565e+001	2.78479686e-014	2.78469159e-014	-2.42133691e-016	
4.91878354e+001	2.78479686e-014	2.78469159e-014	-2.42133691e-016	
4.92880143e+001	2.78479686e-014	2.78469159e-014	-2.42133691e-016	
4.93881932e+001	2.78479686e-014	2.78469159e-014	-2.42133691e-016	
4.94883721e+001	2.37863945e-014	2.37857127e-014	-1.80095772e-016	
4.95885510e+001	2.37863945e-014	2.37857127e-014	-1.80095772e-016	
4.96887299e+001	2.37863945e-014	2.37857127e-014	-1.80095772e-016	
4.97889088e+001	2.37863945e-014	2.37857127e-014	-1.80095772e-016	
4.98890877e+001	2.37863945e-014	2.37857127e-014	-1.80095772e-016	
4.99892665e+001	2.37863945e-014	2.37857127e-014	-1.80095772e-016	
5.00894454e+001	2.37863945e-014	2.37857127e-014	-1.80095772e-016	
5.01896243e+001	2.37863945e-014	2.37857127e-014	-1.80095772e-016	
5.02898032e+001	2.37863945e-014	2.37857127e-014	-1.80095772e-016	
5.03899821e+001	3.31457944e-014	3.31452310e-014	-1.93261968e-016	
5.04901610e+001	3.31457944e-014	3.31452310e-014	-1.93261968e-016	
5.05903399e+001	3.31457944e-014	3.31452310e-014	-1.93261968e-016	
5.06905188e+001	3.31457944e-014	3.31452310e-014	-1.93261968e-016	
5.07906977e+001	2.58690429e-014	2.58686976e-014	-1.33649672e-016	
5.08908766e+001	2.58690429e-014	2.58686976e-014	-1.33649672e-016	
5.09910555e+001	2.58690429e-014	2.58686976e-014	-1.33649672e-016	
5.10912343e+001	2.58690429e-014	2.58686976e-014	-1.33649672e-016	
5.11914132e+001	2.27589906e-014	2.27587711e-014	-9.99571943e-017	
5.12915921e+001	2.27589906e-014	2.27587711e-014	-9.99571943e-017	
5.13917710e+001	2.27589906e-014	2.27587711e-014	-9.99571943e-017	
5.14919499e+001	2.27589906e-014	2.27587711e-014	-9.99571943e-017	
5.15921288e+001	2.27589906e-014	2.27587711e-014	-9.99571943e-017	
5.16923077e+001	2.28799114e-014	2.28797487e-014	-8.62955744e-017	
5.17924866e+001	2.28799114e-014	2.28797487e-014	-8.62955744e-017	
5.18926655e+001	2.28799114e-014	2.28797487e-014	-8.62955744e-017	
5.19928444e+001	2.28799114e-014	2.28797487e-014	-8.62955744e-017	
5.20930233e+001	2.28799114e-014	2.28797487e-014	-8.62955744e-017	
5.21932021e+001	2.28799114e-014	2.28797487e-014	-8.62955744e-017	
5.22933810e+001	2.28799114e-014	2.28797487e-014	-8.62955744e-017	
5.23935599e+001	2.28799114e-014	2.28797487e-014	-8.62955744e-017	
5.24937388e+001	1.32239296e-014	1.32238847e-014	-3.44497371e-017	
5.25939177e+001	1.32239296e-014	1.32238847e-014	-3.44497371e-017	
5.26940966e+001	1.32239296e-014	1.32238847e-014	-3.44497371e-017	
5.27942755e+001	1.32239296e-014	1.32238847e-014	-3.44497371e-017	
5.28944544e+001	1.32239296e-014	1.32238847e-014	-3.44497371e-017	
5.29946333e+001	1.32239296e-014	1.32238847e-014	-3.44497371e-017	
5.30948122e+001	1.32239296e-014	1.32238847e-014	-3.44497371e-017	
5.31949911e+001	1.32239296e-014	1.32238847e-014	-3.44497371e-017	
5.32951699e+001	1.32239296e-014	1.32238847e-014	-3.44497371e-017	
5.33953488e+001	1.23674094e-014	1.23673821e-014	-2.60224638e-017	
5.34955277e+001	1.23674094e-014	1.23673821e-014	-2.60224638e-017	
5.35957066e+001	1.23674094e-014	1.23673821e-014	-2.60224638e-017	
5.36958855e+001	1.23674094e-014	1.23673821e-014	-2.60224638e-017	
5.37960644e+001	1.23674094e-014	1.23673821e-014	-2.60224638e-017	
5.38962433e+001	7.84429726e-015	7.84428674e-015	-1.28479829e-017	
5.39964222e+001	7.84429726e-015	7.84428674e-015	-1.28479829e-017	
5.40966011e+001	7.84429726e-015	7.84428674e-015	-1.28479829e-017	
5.41967800e+001	7.84429726e-015	7.84428674e-015	-1.28479829e-017	
5.42969589e+001	7.84429726e-015	7.84428674e-015	-1.28479829e-017	
5.43971377e+001	7.84429726e-015	7.84428674e-015	-1.28479829e-017	
5.44973166e+001	7.84429726e-015	7.84428674e-015	-1.28479829e-017	
5.45974955e+001	7.84429726e-015	7.84428674e-015	-1.28479829e-017	
5.46976744e+001	5.64776132e-015	5.64775599e-015	-7.76064173e-018	
5.47978533e+001	5.64776132e-015	5.64775599e-015	-7.76064173e-018	
5.48980322e+001	5.64776132e-015	5.64775599e-015	-7.76064173e-018	
5.49982111e+001	5.64776132e-015	5.64775599e-015	-7.76064173e-018	
5.50983900e+001	5.64776132e-015	5.64775599e-015	-7.76064173e-018	
5.51985689e+001	3.18610927e-015	3.18610695e-015	-3.84602198e-018	
5.52987478e+001	3.18610927e-015	3.18610695e-015	-3.84602198e-018	
5.53989267e+001	3.18610927e-015	3.18610695e-015	-3.84602198e-018	
5.54991055e+001	3.18610927e-015	3.18610695e-015	-3.84602198e-018	
5.55992844e+001	1.60012493e-015	1.60012389e-015	-1.83008128e-018	
5.56994633e+001	1.60012493e-015	1.60012389e-015	-1.83008128e-018	
5.57996422e+001	9.58727338e-016	9.58726712e-016	-1.09579746e-018	
5.58998211e+001	5.99849705e-016	5.99849314e-016	-6.85147063e-019	
5.60000000e+001	6.15614593e-017	6.15614203e-017	-6.92815102e-020	
