% Column 0: Length, cm
% Column 1: |B.t|, Tesla
% Column 2: Re[B.t], Tesla
% Column 3: Im[B.t], Tesla
0.00000000e+000	6.92349032e-006	-6.92315808e-006	6.78259572e-008	
1.00178891e-001	6.92235021e-006	-6.92201791e-006	6.78267208e-008	
2.00357782e-001	6.91900462e-006	-6.91867214e-006	6.78289449e-008	
3.00536673e-001	6.91348830e-006	-6.91315552e-006	6.78325237e-008	
4.00715564e-001	6.90726586e-006	-6.90693274e-006	6.78365389e-008	
5.00894454e-001	6.89823306e-006	-6.89789945e-006	6.78415769e-008	
6.01073345e-001	6.88684825e-006	-6.88651403e-006	6.78474708e-008	
7.01252236e-001	6.87546345e-006	-6.87512862e-006	6.78533648e-008	
8.01431127e-001	6.86407864e-006	-6.86374320e-006	6.78592587e-008	
9.01610018e-001	6.85104456e-006	-6.85070843e-006	6.78648951e-008	
1.00178891e+000	6.83050019e-006	-6.83016300e-006	6.78693581e-008	
1.10196780e+000	6.80995583e-006	-6.80961758e-006	6.78738211e-008	
1.20214669e+000	6.78941147e-006	-6.78907215e-006	6.78782841e-008	
1.30232558e+000	6.76886712e-006	-6.76852673e-006	6.78827471e-008	
1.40250447e+000	6.74832278e-006	-6.74798130e-006	6.78872101e-008	
1.50268336e+000	6.72777844e-006	-6.72743588e-006	6.78916731e-008	
1.60286225e+000	6.70723411e-006	-6.70689045e-006	6.78961361e-008	
1.70304114e+000	6.68668979e-006	-6.68634503e-006	6.79005991e-008	
1.80322004e+000	6.65922914e-006	-6.65888298e-006	6.78984695e-008	
1.90339893e+000	6.62336259e-006	-6.62301466e-006	6.78883274e-008	
2.00357782e+000	6.58749606e-006	-6.58714633e-006	6.78781853e-008	
2.10375671e+000	6.55162954e-006	-6.55127801e-006	6.78680432e-008	
2.20393560e+000	6.51418768e-006	-6.51383426e-006	6.78549137e-008	
2.30411449e+000	6.46022434e-006	-6.45986844e-006	6.78104543e-008	
2.40429338e+000	6.40626104e-006	-6.40590261e-006	6.77659949e-008	
2.50447227e+000	6.35229779e-006	-6.35193679e-006	6.77215354e-008	
2.60465116e+000	6.29833458e-006	-6.29797096e-006	6.76770760e-008	
2.70483005e+000	6.25367815e-006	-6.25331243e-006	6.76318433e-008	
2.80500894e+000	6.21259253e-006	-6.21222488e-006	6.75863141e-008	
2.90518784e+000	6.17150693e-006	-6.17113733e-006	6.75407849e-008	
3.00536673e+000	6.13042135e-006	-6.13004978e-006	6.74952557e-008	
3.10554562e+000	6.08534386e-006	-6.08497023e-006	6.74328208e-008	
3.20572451e+000	6.03311961e-006	-6.03274378e-006	6.73401196e-008	
3.30590340e+000	5.98089540e-006	-5.98051734e-006	6.72474184e-008	
3.40608229e+000	5.92867124e-006	-5.92829089e-006	6.71547171e-008	
3.50626118e+000	5.87644711e-006	-5.87606444e-006	6.70620159e-008	
3.60644007e+000	5.77597110e-006	-5.77558464e-006	6.68149030e-008	
3.70661896e+000	5.67520636e-006	-5.67481595e-006	6.65668654e-008	
3.80679785e+000	5.57444177e-006	-5.57404726e-006	6.63188278e-008	
3.90697674e+000	5.47367734e-006	-5.47327857e-006	6.60707902e-008	
4.00715564e+000	5.38472847e-006	-5.38432605e-006	6.58307919e-008	
4.10733453e+000	5.30272708e-006	-5.30232135e-006	6.55955203e-008	
4.20751342e+000	5.22072581e-006	-5.22031666e-006	6.53602486e-008	
4.30769231e+000	5.13872466e-006	-5.13831197e-006	6.51249769e-008	
4.40787120e+000	5.06149206e-006	-5.06107617e-006	6.48842145e-008	
4.50805009e+000	4.99745967e-006	-4.99704176e-006	6.46282522e-008	
4.60822898e+000	4.93342735e-006	-4.93300736e-006	6.43722898e-008	
4.70840787e+000	4.86939509e-006	-4.86897296e-006	6.41163275e-008	
4.80858676e+000	4.80536291e-006	-4.80493856e-006	6.38603652e-008	
4.90876565e+000	4.68790809e-006	-4.68747997e-006	6.33545461e-008	
5.00894454e+000	4.56458650e-006	-4.56415418e-006	6.28212865e-008	
5.10912343e+000	4.44126521e-006	-4.44082840e-006	6.22880269e-008	
5.20930233e+000	4.31794424e-006	-4.31750261e-006	6.17547673e-008	
5.30948122e+000	4.19339383e-006	-4.19294775e-006	6.11638707e-008	
5.40966011e+000	4.06778188e-006	-4.06733161e-006	6.05232197e-008	
5.50983900e+000	3.94217031e-006	-3.94171547e-006	5.98825688e-008	
5.61001789e+000	3.81655914e-006	-3.81609933e-006	5.92419178e-008	
5.71019678e+000	3.69832762e-006	-3.69786286e-006	5.86302273e-008	
5.81037567e+000	3.61552791e-006	-3.61506013e-006	5.81575943e-008	
5.91055456e+000	3.53272839e-006	-3.53225740e-006	5.76849613e-008	
6.01073345e+000	3.44992910e-006	-3.44945467e-006	5.72123284e-008	
6.11091234e+000	3.36713004e-006	-3.36665194e-006	5.67396954e-008	
6.21109123e+000	3.28732324e-006	-3.28684215e-006	5.62384182e-008	
6.31127013e+000	3.20822747e-006	-3.20774338e-006	5.57303360e-008	
6.41144902e+000	3.12913193e-006	-3.12864462e-006	5.52222539e-008	
6.51162791e+000	3.05003665e-006	-3.04954585e-006	5.47141717e-008	
6.61180680e+000	2.95459300e-006	-2.95409773e-006	5.40961706e-008	
6.71198569e+000	2.83865289e-006	-2.83815169e-006	5.33403590e-008	
6.81216458e+000	2.72271349e-006	-2.72220565e-006	5.25845475e-008	
6.91234347e+000	2.60677490e-006	-2.60625961e-006	5.18287359e-008	
7.01252236e+000	2.49288949e-006	-2.49236599e-006	5.10861033e-008	
7.11270125e+000	2.40280922e-006	-2.40227856e-006	5.04963371e-008	
7.21288014e+000	2.31272966e-006	-2.31219113e-006	4.99065708e-008	
7.31305903e+000	2.22265089e-006	-2.22210370e-006	4.93168046e-008	
7.41323792e+000	2.13257302e-006	-2.13201627e-006	4.87270383e-008	
7.51341682e+000	2.06815966e-006	-2.06759366e-006	4.83823647e-008	
7.61359571e+000	2.01397495e-006	-2.01339963e-006	4.81353717e-008	
7.71377460e+000	1.95979078e-006	-1.95920561e-006	4.78883787e-008	
7.81395349e+000	1.90560721e-006	-1.90501158e-006	4.76413858e-008	
7.91413238e+000	1.85521007e-006	-1.85460125e-006	4.75247782e-008	
8.01431127e+000	1.81182328e-006	-1.81119660e-006	4.76495794e-008	
8.11449016e+000	1.76843738e-006	-1.76779195e-006	4.77743806e-008	
8.21466905e+000	1.72505243e-006	-1.72438730e-006	4.78991819e-008	
8.31484794e+000	1.68166851e-006	-1.68098265e-006	4.80239831e-008	
8.41502683e+000	1.66879163e-006	-1.66807324e-006	4.89609683e-008	
8.51520572e+000	1.65633766e-006	-1.65558555e-006	4.99091868e-008	
8.61538462e+000	1.64388475e-006	-1.64309786e-006	5.08574053e-008	
8.71556351e+000	1.63143292e-006	-1.63061018e-006	5.18056238e-008	
8.81574240e+000	1.63140900e-006	-1.63055644e-006	5.27355832e-008	
8.91592129e+000	1.63893648e-006	-1.63805799e-006	5.36544409e-008	
9.01610018e+000	1.64646423e-006	-1.64555955e-006	5.45732985e-008	
9.11627907e+000	1.65399226e-006	-1.65306110e-006	5.54921562e-008	
9.21645796e+000	1.67343996e-006	-1.67247978e-006	5.66807329e-008	
9.31663685e+000	1.72722326e-006	-1.72622734e-006	5.86462720e-008	
9.41681574e+000	1.78100657e-006	-1.77997489e-006	6.06118112e-008	
9.51699463e+000	1.83478989e-006	-1.83372245e-006	6.25773503e-008	
9.61717352e+000	1.88857322e-006	-1.88747001e-006	6.45428894e-008	
9.71735242e+000	2.00151346e-006	-2.00035103e-006	6.82047374e-008	
9.81753131e+000	2.12151572e-006	-2.12029126e-006	7.20690850e-008	
9.91771020e+000	2.24151801e-006	-2.24023148e-006	7.59334325e-008	
1.00178891e+001	2.36152031e-006	-2.36017171e-006	7.97977801e-008	
1.01180680e+001	2.54073585e-006	-2.53931533e-006	8.49490055e-008	
1.02182469e+001	2.77266954e-006	-2.77116773e-006	9.12459405e-008	
1.03184258e+001	3.00460388e-006	-3.00302013e-006	9.75428755e-008	
1.04186047e+001	3.23653873e-006	-3.23487252e-006	1.03839810e-007	
1.05187835e+001	3.49064883e-006	-3.48889744e-006	1.10561917e-007	
1.06189624e+001	3.85724382e-006	-3.85539412e-006	1.19440756e-007	
1.07191413e+001	4.22384041e-006	-4.22189080e-006	1.28319595e-007	
1.08193202e+001	4.59043822e-006	-4.58838748e-006	1.37198435e-007	
1.09194991e+001	4.95703698e-006	-4.95488416e-006	1.46077274e-007	
1.10196780e+001	5.26752022e-006	-5.26529104e-006	1.53230113e-007	
1.11198569e+001	5.56400476e-006	-5.56170516e-006	1.59952372e-007	
1.12200358e+001	5.86048990e-006	-5.85811927e-006	1.66674631e-007	
1.13202147e+001	6.15697553e-006	-6.15453338e-006	1.73396890e-007	
1.14203936e+001	6.48223792e-006	-6.47972903e-006	1.80333436e-007	
1.15205725e+001	6.84472399e-006	-6.84215409e-006	1.87547166e-007	
1.16207513e+001	7.20721114e-006	-7.20457915e-006	1.94760896e-007	
1.17209302e+001	7.56969922e-006	-7.56700420e-006	2.01974627e-007	
1.18211091e+001	7.97447682e-006	-7.97171624e-006	2.09811210e-007	
1.19212880e+001	8.92693903e-006	-8.92408502e-006	2.25714154e-007	
1.20214669e+001	9.87940882e-006	-9.87645381e-006	2.41617098e-007	
1.21216458e+001	1.08318842e-005	-1.08288226e-005	2.57520043e-007	
1.22218247e+001	1.17843638e-005	-1.17811914e-005	2.73422987e-007	
1.23220036e+001	1.30081008e-005	-1.30048533e-005	2.90647538e-007	
1.24221825e+001	1.43440828e-005	-1.43407667e-005	3.08418946e-007	
1.25223614e+001	1.56800733e-005	-1.56766801e-005	3.26190353e-007	
1.26225403e+001	1.70160703e-005	-1.70125935e-005	3.43961761e-007	
1.27227191e+001	1.83520723e-005	-1.83485070e-005	3.61733168e-007	
1.28228980e+001	1.96880784e-005	-1.96844204e-005	3.79504576e-007	
1.29230769e+001	2.10240876e-005	-2.10203338e-005	3.97275983e-007	
1.30232558e+001	2.23600996e-005	-2.23562472e-005	4.15047390e-007	
1.31234347e+001	2.36961138e-005	-2.36921606e-005	4.32818798e-007	
1.32236136e+001	2.55444453e-005	-2.55404797e-005	4.50092195e-007	
1.33237925e+001	2.74039471e-005	-2.73999616e-005	4.67354680e-007	
1.34239714e+001	2.92634565e-005	-2.92594434e-005	4.84617164e-007	
1.35241503e+001	3.11229721e-005	-3.11189253e-005	5.01879649e-007	
1.36243292e+001	3.29824930e-005	-3.29784072e-005	5.19142134e-007	
1.37245081e+001	3.48420183e-005	-3.48378890e-005	5.36404619e-007	
1.38246869e+001	3.67015473e-005	-3.66973709e-005	5.53667104e-007	
1.39248658e+001	3.85610795e-005	-3.85568527e-005	5.70929588e-007	
1.40250447e+001	4.08075500e-005	-4.08032958e-005	5.89225707e-007	
1.41252236e+001	4.42148115e-005	-4.42105949e-005	6.10622624e-007	
1.42254025e+001	4.76220880e-005	-4.76178939e-005	6.32019542e-007	
1.43255814e+001	5.10293765e-005	-5.10251930e-005	6.53416460e-007	
1.44257603e+001	5.44366748e-005	-5.44324920e-005	6.74813377e-007	
1.45259392e+001	5.92404397e-005	-5.92363473e-005	6.96319053e-007	
1.46261181e+001	6.42245049e-005	-6.42204931e-005	7.17838778e-007	
1.47262970e+001	6.92085883e-005	-6.92046389e-005	7.39358502e-007	
1.48264758e+001	7.41926864e-005	-7.41887847e-005	7.60878227e-007	
1.49266547e+001	7.93791758e-005	-7.93753543e-005	7.78898939e-007	
1.50268336e+001	8.47515059e-005	-8.47477893e-005	7.93706984e-007	
1.51270125e+001	9.01238510e-005	-9.01202242e-005	8.08515030e-007	
1.52271914e+001	9.54962084e-005	-9.54926592e-005	8.23323076e-007	
1.53273703e+001	1.00992860e-004	-1.00989394e-004	8.36662049e-007	
1.54275492e+001	1.07156923e-004	-1.07153614e-004	8.42112659e-007	
1.55277281e+001	1.13321004e-004	-1.13317835e-004	8.47563268e-007	
1.56279070e+001	1.19485100e-004	-1.19482055e-004	8.53013877e-007	
1.57280859e+001	1.25649208e-004	-1.25646275e-004	8.58464486e-007	
1.58282648e+001	1.34439855e-004	-1.34437118e-004	8.57804944e-007	
1.59284436e+001	1.43917580e-004	-1.43915037e-004	8.55547128e-007	
1.60286225e+001	1.53395329e-004	-1.53392956e-004	8.53289311e-007	
1.61288014e+001	1.62873098e-004	-1.62870875e-004	8.51031495e-007	
1.62289803e+001	1.72730551e-004	-1.72728477e-004	8.46458915e-007	
1.63291592e+001	1.83094796e-004	-1.83092875e-004	8.38796857e-007	
1.64293381e+001	1.93459058e-004	-1.93457273e-004	8.31134799e-007	
1.65295170e+001	2.03823334e-004	-2.03821670e-004	8.23472742e-007	
1.66296959e+001	2.14155640e-004	-2.14154087e-004	8.15756426e-007	
1.67298748e+001	2.24020246e-004	-2.24018791e-004	8.07246641e-007	
1.68300537e+001	2.33884860e-004	-2.33883496e-004	7.98736856e-007	
1.69302326e+001	2.43749482e-004	-2.43748201e-004	7.90227071e-007	
1.70304114e+001	2.53614110e-004	-2.53612906e-004	7.81717286e-007	
1.71305903e+001	2.61134286e-004	-2.61133133e-004	7.75965564e-007	
1.72307692e+001	2.67647980e-004	-2.67646868e-004	7.71397877e-007	
1.73309481e+001	2.74161675e-004	-2.74160603e-004	7.66830189e-007	
1.74311270e+001	2.80675373e-004	-2.80674338e-004	7.62262502e-007	
1.75313059e+001	2.88604652e-004	-2.88603653e-004	7.59375744e-007	
1.76314848e+001	2.99339960e-004	-2.99338996e-004	7.59821001e-007	
1.77316637e+001	3.10075270e-004	-3.10074338e-004	7.60266257e-007	
1.78318426e+001	3.20810582e-004	-3.20809680e-004	7.60711513e-007	
1.79320215e+001	3.31545896e-004	-3.31545023e-004	7.61156769e-007	
1.80322004e+001	3.46054267e-004	-3.46053401e-004	7.74118765e-007	
1.81323792e+001	3.60675422e-004	-3.60674562e-004	7.87454904e-007	
1.82325581e+001	3.75296578e-004	-3.75295723e-004	8.00791043e-007	
1.83327370e+001	3.89917734e-004	-3.89916884e-004	8.14127183e-007	
1.84329159e+001	4.01379117e-004	-4.01378247e-004	8.35672927e-007	
1.85330948e+001	4.10791687e-004	-4.10790781e-004	8.62541962e-007	
1.86332737e+001	4.20204257e-004	-4.20203316e-004	8.89410998e-007	
1.87334526e+001	4.29616827e-004	-4.29615850e-004	9.16280034e-007	
1.88336315e+001	4.39029397e-004	-4.39028384e-004	9.43149070e-007	
1.89338104e+001	4.48441967e-004	-4.48440918e-004	9.70018106e-007	
1.90339893e+001	4.57854537e-004	-4.57853452e-004	9.96887141e-007	
1.91341682e+001	4.67267107e-004	-4.67265986e-004	1.02375618e-006	
1.92343470e+001	4.76679678e-004	-4.76678520e-004	1.05062521e-006	
1.93345259e+001	4.87879431e-004	-4.87878187e-004	1.10200072e-006	
1.94347048e+001	4.99327572e-004	-4.99326232e-004	1.15678219e-006	
1.95348837e+001	5.10775715e-004	-5.10774278e-004	1.21156367e-006	
1.96350626e+001	5.22223859e-004	-5.22222324e-004	1.26634514e-006	
1.97352415e+001	5.32432096e-004	-5.32430455e-004	1.32180976e-006	
1.98354204e+001	5.41466261e-004	-5.41464508e-004	1.37792112e-006	
1.99355993e+001	5.50500428e-004	-5.50498561e-004	1.43403249e-006	
2.00357782e+001	5.59534598e-004	-5.59532613e-004	1.49014385e-006	
2.01359571e+001	5.68261309e-004	-5.68259207e-004	1.54570068e-006	
2.02361360e+001	5.75236193e-004	-5.75233973e-004	1.59809773e-006	
2.03363148e+001	5.82211078e-004	-5.82208739e-004	1.65049478e-006	
2.04364937e+001	5.89185966e-004	-5.89183505e-004	1.70289183e-006	
2.05366726e+001	5.96160855e-004	-5.96158271e-004	1.75528888e-006	
2.06368515e+001	6.00748278e-004	-6.00745605e-004	1.79204612e-006	
2.07370304e+001	6.04681682e-004	-6.04678929e-004	1.82451896e-006	
2.08372093e+001	6.08615086e-004	-6.08612253e-004	1.85699180e-006	
2.09373882e+001	6.12548491e-004	-6.12545577e-004	1.88946465e-006	
2.10375671e+001	6.15614402e-004	-6.15611425e-004	1.91447424e-006	
2.11377460e+001	6.17485459e-004	-6.17482445e-004	1.92920423e-006	
2.12379249e+001	6.19356516e-004	-6.19353465e-004	1.94393423e-006	
2.13381038e+001	6.21227573e-004	-6.21224485e-004	1.95866422e-006	
2.14382826e+001	6.22989302e-004	-6.22986180e-004	1.97226227e-006	
2.15384615e+001	6.22918261e-004	-6.22915156e-004	1.96688447e-006	
2.16386404e+001	6.22847221e-004	-6.22844132e-004	1.96150666e-006	
2.17388193e+001	6.22776180e-004	-6.22773108e-004	1.95612886e-006	
2.18389982e+001	6.22705139e-004	-6.22702084e-004	1.95075106e-006	
2.19391771e+001	6.20644921e-004	-6.20641930e-004	1.92663446e-006	
2.20393560e+001	6.17699198e-004	-6.17696293e-004	1.89417608e-006	
2.21395349e+001	6.14753476e-004	-6.14750657e-004	1.86171769e-006	
2.22397138e+001	6.11807754e-004	-6.11805020e-004	1.82925931e-006	
2.23398927e+001	6.07931437e-004	-6.07928803e-004	1.78963734e-006	
2.24400716e+001	6.02145290e-004	-6.02142790e-004	1.73531385e-006	
2.25402504e+001	5.96359145e-004	-5.96356776e-004	1.68099037e-006	
2.26404293e+001	5.90573003e-004	-5.90570763e-004	1.62666689e-006	
2.27406082e+001	5.84786863e-004	-5.84784750e-004	1.57234340e-006	
2.28407871e+001	5.78368092e-004	-5.78366090e-004	1.52144003e-006	
2.29409660e+001	5.71925225e-004	-5.71923335e-004	1.47066713e-006	
2.30411449e+001	5.65482361e-004	-5.65480579e-004	1.41989423e-006	
2.31413238e+001	5.59039500e-004	-5.59037823e-004	1.36912133e-006	
2.32415027e+001	5.52596640e-004	-5.52595067e-004	1.31834844e-006	
2.33416816e+001	5.46153782e-004	-5.46152311e-004	1.26757554e-006	
2.34418605e+001	5.39710927e-004	-5.39709555e-004	1.21680264e-006	
2.35420394e+001	5.33268074e-004	-5.33266800e-004	1.16602974e-006	
2.36422182e+001	5.25733544e-004	-5.25732367e-004	1.11243881e-006	
2.37423971e+001	5.14637902e-004	-5.14636832e-004	1.04965571e-006	
2.38425760e+001	5.03542264e-004	-5.03541296e-004	9.86872615e-007	
2.39427549e+001	4.92446628e-004	-4.92445761e-004	9.24089519e-007	
2.40429338e+001	4.81350996e-004	-4.81350226e-004	8.61306423e-007	
2.41431127e+001	4.68837094e-004	-4.68836406e-004	8.03486871e-007	
2.42432916e+001	4.56111779e-004	-4.56111168e-004	7.46406992e-007	
2.43434705e+001	4.43386467e-004	-4.43385931e-004	6.89327113e-007	
2.44436494e+001	4.30661158e-004	-4.30660694e-004	6.32247234e-007	
2.45438283e+001	4.18704164e-004	-4.18703751e-004	5.88583581e-007	
2.46440072e+001	4.07497392e-004	-4.07497010e-004	5.58020455e-007	
2.47441860e+001	3.96290621e-004	-3.96290270e-004	5.27457328e-007	
2.48443649e+001	3.85083850e-004	-3.85083529e-004	4.96894202e-007	
2.49445438e+001	3.73909917e-004	-3.73909623e-004	4.68729886e-007	
2.50447227e+001	3.62935077e-004	-3.62934792e-004	4.55105615e-007	
2.51449016e+001	3.51960237e-004	-3.51959961e-004	4.41481344e-007	
2.52450805e+001	3.40985398e-004	-3.40985129e-004	4.27857074e-007	
2.53452594e+001	3.30010558e-004	-3.30010298e-004	4.14232803e-007	
2.54454383e+001	3.18895913e-004	-3.18895652e-004	4.07879611e-007	
2.55456172e+001	3.07741183e-004	-3.07740919e-004	4.03609858e-007	
2.56457961e+001	2.96586455e-004	-2.96586186e-004	3.99340105e-007	
2.57459750e+001	2.85431726e-004	-2.85431453e-004	3.95070351e-007	
2.58461538e+001	2.75690868e-004	-2.75690587e-004	3.93844897e-007	
2.59463327e+001	2.67960039e-004	-2.67959744e-004	3.96947226e-007	
2.60465116e+001	2.60229210e-004	-2.60228902e-004	4.00049556e-007	
2.61466905e+001	2.52498382e-004	-2.52498060e-004	4.03151886e-007	
2.62468694e+001	2.44843294e-004	-2.44842957e-004	4.06448240e-007	
2.63470483e+001	2.38670610e-004	-2.38670252e-004	4.13542166e-007	
2.64472272e+001	2.32497928e-004	-2.32497548e-004	4.20636092e-007	
2.65474061e+001	2.26325248e-004	-2.26324843e-004	4.27730017e-007	
2.66475850e+001	2.20152569e-004	-2.20152139e-004	4.34823943e-007	
2.67477639e+001	2.12283563e-004	-2.12283097e-004	4.44817427e-007	
2.68479428e+001	2.03631896e-004	-2.03631385e-004	4.56148747e-007	
2.69481216e+001	1.94980234e-004	-1.94979673e-004	4.67480067e-007	
2.70483005e+001	1.86328577e-004	-1.86327962e-004	4.78811386e-007	
2.71484794e+001	1.78082239e-004	-1.78081565e-004	4.89991139e-007	
2.72486583e+001	1.70697449e-004	-1.70696714e-004	5.00848662e-007	
2.73488372e+001	1.63312665e-004	-1.63311863e-004	5.11706184e-007	
2.74490161e+001	1.55927888e-004	-1.55927012e-004	5.22563706e-007	
2.75491950e+001	1.48543119e-004	-1.48542161e-004	5.33421229e-007	
2.76493739e+001	1.41657476e-004	-1.41656434e-004	5.43159570e-007	
2.77495528e+001	1.34795025e-004	-1.34793892e-004	5.52845921e-007	
2.78497317e+001	1.27964898e-004	-1.27963664e-004	5.61948988e-007	
2.79499106e+001	1.22037261e-004	-1.22035933e-004	5.69282530e-007	
2.80500894e+001	1.16406017e-004	-1.16404594e-004	5.75526728e-007	
2.81502683e+001	1.12020439e-004	-1.12018938e-004	5.79771710e-007	
2.82504472e+001	1.08228624e-004	-1.08227053e-004	5.82999249e-007	
2.83506261e+001	1.03780868e-004	-1.03779212e-004	5.86187848e-007	
2.84508050e+001	9.91082627e-005	-9.91065140e-005	5.88752227e-007	
2.85509839e+001	9.48674554e-005	-9.48656214e-005	5.89886500e-007	
2.86511628e+001	9.06266561e-005	-9.06247289e-005	5.91020773e-007	
2.87513417e+001	8.64104150e-005	-8.64083967e-005	5.90600490e-007	
2.88515206e+001	8.21981061e-005	-8.21959891e-005	5.89931814e-007	
2.89516995e+001	7.86845741e-005	-7.86823803e-005	5.87557398e-007	
2.90518784e+001	7.54997846e-005	-7.54975230e-005	5.84380490e-007	
2.91520572e+001	7.23150013e-005	-7.23126656e-005	5.81203581e-007	
2.92522361e+001	6.91302249e-005	-6.91278083e-005	5.78026673e-007	
2.93524150e+001	6.62469999e-005	-6.62445092e-005	5.74447299e-007	
2.94525939e+001	6.40173174e-005	-6.40147798e-005	5.69995662e-007	
2.95527728e+001	6.17876387e-005	-6.17850504e-005	5.65544026e-007	
2.96529517e+001	5.95579641e-005	-5.95553210e-005	5.61092390e-007	
2.97531306e+001	5.73282941e-005	-5.73255916e-005	5.56640753e-007	
2.98533095e+001	5.58382535e-005	-5.58355341e-005	5.51081979e-007	
2.99534884e+001	5.43860077e-005	-5.43832722e-005	5.45466645e-007	
3.00536673e+001	5.29337633e-005	-5.29310104e-005	5.39851312e-007	
3.01538462e+001	5.14815205e-005	-5.14787485e-005	5.34235979e-007	
3.02540250e+001	5.00111477e-005	-5.00083717e-005	5.26927142e-007	
3.03542039e+001	4.85280242e-005	-4.85252549e-005	5.18427083e-007	
3.04543828e+001	4.70449018e-005	-4.70421381e-005	5.09927023e-007	
3.05545617e+001	4.55617806e-005	-4.55590213e-005	5.01426964e-007	
3.06547406e+001	4.41764306e-005	-4.41736800e-005	4.92968850e-007	
3.07549195e+001	4.31322978e-005	-4.31295748e-005	4.84657153e-007	
3.08550984e+001	4.20881652e-005	-4.20854696e-005	4.76345455e-007	
3.09552773e+001	4.10440330e-005	-4.10413644e-005	4.68033758e-007	
3.10554562e+001	3.99999011e-005	-3.99972592e-005	4.59722061e-007	
3.11556351e+001	3.89557695e-005	-3.89531540e-005	4.51410364e-007	
3.12558140e+001	3.79116382e-005	-3.79090488e-005	4.43098667e-007	
3.13559928e+001	3.68675074e-005	-3.68649436e-005	4.34786970e-007	
3.14561717e+001	3.58233770e-005	-3.58208384e-005	4.26475273e-007	
3.15563506e+001	3.49618159e-005	-3.49593108e-005	4.18520024e-007	
3.16565295e+001	3.42872191e-005	-3.42847565e-005	4.10929811e-007	
3.17567084e+001	3.36126223e-005	-3.36102022e-005	4.03339598e-007	
3.18568873e+001	3.29380255e-005	-3.29356479e-005	3.95749385e-007	
3.19570662e+001	3.22634287e-005	-3.22610936e-005	3.88159172e-007	
3.20572451e+001	3.15888319e-005	-3.15865393e-005	3.80568959e-007	
3.21574240e+001	3.09142351e-005	-3.09119850e-005	3.72978746e-007	
3.22576029e+001	3.02396383e-005	-3.02374307e-005	3.65388533e-007	
3.23577818e+001	2.95650416e-005	-2.95628765e-005	3.57798320e-007	
3.24579606e+001	2.89998952e-005	-2.89977781e-005	3.50411216e-007	
3.25581395e+001	2.84682993e-005	-2.84662318e-005	3.43086377e-007	
3.26583184e+001	2.79367034e-005	-2.79346856e-005	3.35761537e-007	
3.27584973e+001	2.74051075e-005	-2.74031393e-005	3.28436697e-007	
3.28586762e+001	2.68735116e-005	-2.68715931e-005	3.21111858e-007	
3.29588551e+001	2.63419158e-005	-2.63400468e-005	3.13787018e-007	
3.30590340e+001	2.58103200e-005	-2.58085006e-005	3.06462178e-007	
3.31592129e+001	2.52787243e-005	-2.52769543e-005	2.99137338e-007	
3.32593918e+001	2.47493262e-005	-2.47476056e-005	2.91830074e-007	
3.33595707e+001	2.42775592e-005	-2.42758865e-005	2.84983643e-007	
3.34597496e+001	2.38057924e-005	-2.38041675e-005	2.78137212e-007	
3.35599284e+001	2.33340256e-005	-2.33324485e-005	2.71290780e-007	
3.36601073e+001	2.28622589e-005	-2.28607295e-005	2.64444349e-007	
3.37602862e+001	2.24632224e-005	-2.24617324e-005	2.58729932e-007	
3.38604651e+001	2.20996248e-005	-2.20981700e-005	2.53567107e-007	
3.39606440e+001	2.17360272e-005	-2.17346077e-005	2.48404282e-007	
3.40608229e+001	2.13724296e-005	-2.13710454e-005	2.43241457e-007	
3.41610018e+001	2.10227784e-005	-2.10214274e-005	2.38333544e-007	
3.42611807e+001	2.07044570e-005	-2.07031347e-005	2.33998275e-007	
3.43613596e+001	2.03861356e-005	-2.03848420e-005	2.29663005e-007	
3.44615385e+001	2.00678143e-005	-2.00665492e-005	2.25327736e-007	
3.45617174e+001	1.97494930e-005	-1.97482565e-005	2.20992467e-007	
3.46618962e+001	1.93930957e-005	-1.93918870e-005	2.16517447e-007	
3.47620751e+001	1.90344273e-005	-1.90332463e-005	2.12034093e-007	
3.48622540e+001	1.86757588e-005	-1.86746055e-005	2.07550740e-007	
3.49624329e+001	1.83170904e-005	-1.83159647e-005	2.03067386e-007	
3.50626118e+001	1.80301734e-005	-1.80290695e-005	1.99520675e-007	
3.51627907e+001	1.77953503e-005	-1.77942636e-005	1.96653994e-007	
3.52629696e+001	1.75605271e-005	-1.75594578e-005	1.93787312e-007	
3.53631485e+001	1.73257039e-005	-1.73246520e-005	1.90920631e-007	
3.54633274e+001	1.70882914e-005	-1.70872561e-005	1.88100892e-007	
3.55635063e+001	1.68414265e-005	-1.68404054e-005	1.85452518e-007	
3.56636852e+001	1.65945616e-005	-1.65935547e-005	1.82804144e-007	
3.57638640e+001	1.63476968e-005	-1.63467040e-005	1.80155769e-007	
3.58640429e+001	1.61008319e-005	-1.60998534e-005	1.77507395e-007	
3.59642218e+001	1.57938912e-005	-1.57929278e-005	1.74450917e-007	
3.60644007e+001	1.54764070e-005	-1.54754587e-005	1.71322818e-007	
3.61645796e+001	1.51589228e-005	-1.51579897e-005	1.68194718e-007	
3.62647585e+001	1.48414386e-005	-1.48405206e-005	1.65066618e-007	
3.63649374e+001	1.45275070e-005	-1.45266020e-005	1.62159507e-007	
3.64651163e+001	1.42173269e-005	-1.42164323e-005	1.59485775e-007	
3.65652952e+001	1.39071468e-005	-1.39062627e-005	1.56812043e-007	
3.66654741e+001	1.35969667e-005	-1.35960930e-005	1.54138311e-007	
3.67656530e+001	1.32867678e-005	-1.32859041e-005	1.51496400e-007	
3.68658318e+001	1.29764327e-005	-1.29755763e-005	1.49083449e-007	
3.69660107e+001	1.26660977e-005	-1.26652485e-005	1.46670497e-007	
3.70661896e+001	1.23557629e-005	-1.23549207e-005	1.44257545e-007	
3.71663685e+001	1.20454281e-005	-1.20445929e-005	1.41844593e-007	
3.72665474e+001	1.17409249e-005	-1.17400945e-005	1.39635784e-007	
3.73667263e+001	1.14382865e-005	-1.14374601e-005	1.37492257e-007	
3.74669052e+001	1.11356483e-005	-1.11348257e-005	1.35348731e-007	
3.75670841e+001	1.08330103e-005	-1.08321913e-005	1.33205204e-007	
3.76672630e+001	1.05409207e-005	-1.05401044e-005	1.31184708e-007	
3.77674419e+001	1.02650987e-005	-1.02642837e-005	1.29353951e-007	
3.78676208e+001	9.98927704e-006	-9.98846303e-006	1.27523194e-007	
3.79677996e+001	9.71345563e-006	-9.71264237e-006	1.25692438e-007	
3.80679785e+001	9.43901148e-006	-9.43819865e-006	1.23871438e-007	
3.81681574e+001	9.21064252e-006	-9.20982951e-006	1.22376905e-007	
3.82683363e+001	8.98227381e-006	-8.98146037e-006	1.20882373e-007	
3.83685152e+001	8.75390539e-006	-8.75309123e-006	1.19387840e-007	
3.84686941e+001	8.52553726e-006	-8.52472209e-006	1.17893308e-007	
3.85688730e+001	8.30197320e-006	-8.30115767e-006	1.16362449e-007	
3.86690519e+001	8.08083341e-006	-8.08001773e-006	1.14813269e-007	
3.87692308e+001	7.85969394e-006	-7.85887778e-006	1.13264088e-007	
3.88694097e+001	7.63855481e-006	-7.63773784e-006	1.11714907e-007	
3.89695886e+001	7.41741605e-006	-7.41659790e-006	1.10165727e-007	
3.90697674e+001	7.19627770e-006	-7.19545795e-006	1.08616546e-007	
3.91699463e+001	6.97513979e-006	-6.97431801e-006	1.07067365e-007	
3.92701252e+001	6.75400237e-006	-6.75317806e-006	1.05518185e-007	
3.93703041e+001	6.53286549e-006	-6.53203812e-006	1.03969004e-007	
3.94704830e+001	6.24202653e-006	-6.24120028e-006	1.01558873e-007	
3.95706619e+001	5.94642372e-006	-5.94559805e-006	9.90898884e-008	
3.96708408e+001	5.65082192e-006	-5.64999582e-006	9.66209037e-008	
3.97710197e+001	5.35522131e-006	-5.35439359e-006	9.41519189e-008	
3.98711986e+001	5.08188515e-006	-5.08105898e-006	9.16314209e-008	
3.99713775e+001	4.82522960e-006	-4.82440740e-006	8.90723205e-008	
4.00715564e+001	4.56857503e-006	-4.56775583e-006	8.65132202e-008	
4.01717352e+001	4.31192163e-006	-4.31110425e-006	8.39541198e-008	
4.02719141e+001	4.06280180e-006	-4.06198678e-006	8.13749968e-008	
4.03720930e+001	3.84247703e-006	-3.84167059e-006	7.87193151e-008	
4.04722719e+001	3.62215315e-006	-3.62135441e-006	7.60636334e-008	
4.05724508e+001	3.40183036e-006	-3.40103823e-006	7.34079517e-008	
4.06726297e+001	3.18150886e-006	-3.18072205e-006	7.07522700e-008	
4.07728086e+001	3.03721615e-006	-3.03643491e-006	6.88834834e-008	
4.08729875e+001	2.90708287e-006	-2.90630697e-006	6.71612453e-008	
4.09731664e+001	2.77695016e-006	-2.77617902e-006	6.54390072e-008	
4.10733453e+001	2.64681811e-006	-2.64605107e-006	6.37167690e-008	
4.11735242e+001	2.53260183e-006	-2.53184169e-006	6.20458654e-008	
4.12737030e+001	2.43571923e-006	-2.43496946e-006	6.04308711e-008	
4.13738819e+001	2.33883688e-006	-2.33809723e-006	5.88158768e-008	
4.14740608e+001	2.24195483e-006	-2.24122500e-006	5.72008825e-008	
4.15742397e+001	2.13985194e-006	-2.13913282e-006	5.54713558e-008	
4.16744186e+001	1.99730784e-006	-1.99660837e-006	5.28546750e-008	
4.17745975e+001	1.85476442e-006	-1.85408392e-006	5.02379942e-008	
4.18747764e+001	1.71222183e-006	-1.71155947e-006	4.76213134e-008	
4.19749553e+001	1.56968032e-006	-1.56903502e-006	4.50046326e-008	
4.20751342e+001	1.45017055e-006	-1.44954534e-006	4.25787576e-008	
4.21753131e+001	1.33833756e-006	-1.33773318e-006	4.02164711e-008	
4.22754919e+001	1.22650532e-006	-1.22592102e-006	3.78541846e-008	
4.23756708e+001	1.11467405e-006	-1.11410887e-006	3.54918981e-008	
4.24758497e+001	1.02642804e-006	-1.02587844e-006	3.35847637e-008	
4.25760286e+001	9.75750680e-007	-9.75212519e-007	3.24026669e-008	
4.26762075e+001	9.25073579e-007	-9.24546593e-007	3.12205700e-008	
4.27763864e+001	8.74396781e-007	-8.73880667e-007	3.00384732e-008	
4.28765653e+001	8.24031921e-007	-8.23526342e-007	2.88612229e-008	
4.29767442e+001	7.87964041e-007	-7.87469723e-007	2.79063585e-008	
4.30769231e+001	7.51896293e-007	-7.51413104e-007	2.69514942e-008	
4.31771020e+001	7.15828698e-007	-7.15356484e-007	2.59966298e-008	
4.32772809e+001	6.79761279e-007	-6.79299865e-007	2.50417654e-008	
4.33774597e+001	6.37225445e-007	-6.36778900e-007	2.38516290e-008	
4.34776386e+001	5.91312955e-007	-5.90883254e-007	2.25386674e-008	
4.35778175e+001	5.45400791e-007	-5.44987607e-007	2.12257059e-008	
4.36779964e+001	4.99489042e-007	-4.99091961e-007	1.99127444e-008	
4.37781753e+001	4.57530832e-007	-4.57149372e-007	1.86792511e-008	
4.38783542e+001	4.25126744e-007	-4.24760704e-007	1.76378175e-008	
4.39785331e+001	3.92722873e-007	-3.92372037e-007	1.65963840e-008	
4.40787120e+001	3.60319279e-007	-3.59983370e-007	1.55549504e-008	
4.41788909e+001	3.27916043e-007	-3.27594702e-007	1.45135168e-008	
4.42790698e+001	3.08696016e-007	-3.08387014e-007	1.38086817e-008	
4.43792487e+001	2.90493876e-007	-2.90197001e-007	1.31298345e-008	
4.44794275e+001	2.72291807e-007	-2.72006987e-007	1.24509873e-008	
4.45796064e+001	2.54089826e-007	-2.53816974e-007	1.17721401e-008	
4.46797853e+001	2.40142068e-007	-2.39880133e-007	1.12131476e-008	
4.47799642e+001	2.29483141e-007	-2.29231363e-007	1.07468132e-008	
4.48801431e+001	2.18824219e-007	-2.18582594e-007	1.02804789e-008	
4.49803220e+001	2.08165302e-007	-2.07933825e-007	9.81414451e-009	
4.50805009e+001	1.98492418e-007	-1.98270812e-007	9.37683333e-009	
4.51806798e+001	1.92772260e-007	-1.92559434e-007	9.05586900e-009	
4.52808587e+001	1.87052116e-007	-1.86848055e-007	8.73490467e-009	
4.53810376e+001	1.81331988e-007	-1.81136676e-007	8.41394035e-009	
4.54812165e+001	1.75611877e-007	-1.75425298e-007	8.09297602e-009	
4.55813953e+001	1.74697434e-007	-1.74517620e-007	7.92423747e-009	
4.56815742e+001	1.74730549e-007	-1.74557013e-007	7.78551110e-009	
4.57817531e+001	1.74763778e-007	-1.74596405e-007	7.64678473e-009	
4.58819320e+001	1.74797119e-007	-1.74635798e-007	7.50805836e-009	
4.59821109e+001	1.74830572e-007	-1.74675190e-007	7.36933199e-009	
4.60822898e+001	1.74864139e-007	-1.74714582e-007	7.23060563e-009	
4.61824687e+001	1.74897817e-007	-1.74753975e-007	7.09187926e-009	
4.62826476e+001	1.74931608e-007	-1.74793367e-007	6.95315289e-009	
4.63828265e+001	1.75693263e-007	-1.75560416e-007	6.83102376e-009	
4.64830054e+001	1.82551145e-007	-1.82422659e-007	6.84791868e-009	
4.65831843e+001	1.89409345e-007	-1.89284902e-007	6.86481360e-009	
4.66833631e+001	1.96267829e-007	-1.96147145e-007	6.88170852e-009	
4.67835420e+001	2.03126568e-007	-2.03009389e-007	6.89860344e-009	
4.68837209e+001	2.15436959e-007	-2.15322339e-007	7.02664352e-009	
4.69838998e+001	2.29640171e-007	-2.29527483e-007	7.19326687e-009	
4.70840787e+001	2.43843723e-007	-2.43732626e-007	7.35989022e-009	
4.71842576e+001	2.58047557e-007	-2.57937770e-007	7.52651357e-009	
4.72844365e+001	2.71038637e-007	-2.70929699e-007	7.68378690e-009	
4.73846154e+001	2.82033592e-007	-2.81925000e-007	7.82567181e-009	
4.74847943e+001	2.93028642e-007	-2.92920302e-007	7.96755673e-009	
4.75849732e+001	3.04023776e-007	-3.03915603e-007	8.10944165e-009	
4.76851521e+001	3.15052052e-007	-3.14943969e-007	8.25177426e-009	
4.77853309e+001	3.28471434e-007	-3.28363332e-007	8.42647985e-009	
4.78855098e+001	3.41890904e-007	-3.41782694e-007	8.60118543e-009	
4.79856887e+001	3.55310451e-007	-3.55202056e-007	8.77589102e-009	
4.80858676e+001	3.68730068e-007	-3.68621418e-007	8.95059661e-009	
4.81860465e+001	3.89538705e-007	-3.89429819e-007	9.20970103e-009	
4.82862254e+001	4.14338262e-007	-4.14229009e-007	9.51438873e-009	
4.83864043e+001	4.39137990e-007	-4.39028199e-007	9.81907643e-009	
4.84865832e+001	4.63937860e-007	-4.63827389e-007	1.01237641e-008	
4.85867621e+001	4.89896708e-007	-4.89785620e-007	1.04322108e-008	
4.86869410e+001	5.18763488e-007	-5.18652092e-007	1.07500897e-008	
4.87871199e+001	5.47630421e-007	-5.47518564e-007	1.10679687e-008	
4.88872987e+001	5.76497482e-007	-5.76385036e-007	1.13858476e-008	
4.89874776e+001	6.05364654e-007	-6.05251507e-007	1.17037266e-008	
4.90876565e+001	6.42670593e-007	-6.42557352e-007	1.20640056e-008	
4.91878354e+001	6.80704292e-007	-6.80590831e-007	1.24279409e-008	
4.92880143e+001	7.18738153e-007	-7.18624311e-007	1.27918762e-008	
4.93881932e+001	7.56772150e-007	-7.56657790e-007	1.31558115e-008	
4.94883721e+001	7.87485819e-007	-7.87371095e-007	1.34414707e-008	
4.95885510e+001	8.12360827e-007	-8.12245892e-007	1.36646977e-008	
4.96887299e+001	8.37235881e-007	-8.37120688e-007	1.38879247e-008	
4.97889088e+001	8.62110979e-007	-8.61995484e-007	1.41111517e-008	
4.98890877e+001	8.87354318e-007	-8.87238618e-007	1.43289899e-008	
4.99892665e+001	9.14147585e-007	-9.14032197e-007	1.45241447e-008	
5.00894454e+001	9.40940911e-007	-9.40825775e-007	1.47192995e-008	
5.01896243e+001	9.67734289e-007	-9.67619354e-007	1.49144543e-008	
5.02898032e+001	9.94527717e-007	-9.94412932e-007	1.51096091e-008	
5.03899821e+001	1.02801561e-006	-1.02790123e-006	1.53349796e-008	
5.04901610e+001	1.06289780e-006	-1.06278381e-006	1.55666425e-008	
5.05903399e+001	1.09778006e-006	-1.09766638e-006	1.57983055e-008	
5.06905188e+001	1.13266239e-006	-1.13254896e-006	1.60299684e-008	
5.07906977e+001	1.16368213e-006	-1.16356901e-006	1.62249335e-008	
5.08908766e+001	1.19022723e-006	-1.19011455e-006	1.63773859e-008	
5.09910555e+001	1.21677236e-006	-1.21666008e-006	1.65298382e-008	
5.10912343e+001	1.24331754e-006	-1.24320561e-006	1.66822906e-008	
5.11914132e+001	1.26965063e-006	-1.26953906e-006	1.68315611e-008	
5.12915921e+001	1.29405235e-006	-1.29394131e-006	1.69518596e-008	
5.13917710e+001	1.31845410e-006	-1.31834357e-006	1.70721581e-008	
5.14919499e+001	1.34285588e-006	-1.34274582e-006	1.71924566e-008	
5.15921288e+001	1.36725769e-006	-1.36714807e-006	1.73127551e-008	
5.16923077e+001	1.38935298e-006	-1.38924392e-006	1.74076657e-008	
5.17924866e+001	1.41061505e-006	-1.41050657e-006	1.74934048e-008	
5.18926655e+001	1.43187713e-006	-1.43176922e-006	1.75791439e-008	
5.19928444e+001	1.45313924e-006	-1.45303187e-006	1.76648830e-008	
5.20930233e+001	1.47440137e-006	-1.47429452e-006	1.77506221e-008	
5.21932021e+001	1.49566352e-006	-1.49555716e-006	1.78363612e-008	
5.22933810e+001	1.51692569e-006	-1.51681981e-006	1.79221003e-008	
5.23935599e+001	1.53818787e-006	-1.53808246e-006	1.80078394e-008	
5.24937388e+001	1.55942460e-006	-1.55931963e-006	1.80934028e-008	
5.25939177e+001	1.57640248e-006	-1.57629799e-006	1.81496163e-008	
5.26940966e+001	1.59338037e-006	-1.59327636e-006	1.82058297e-008	
5.27942755e+001	1.61035828e-006	-1.61025472e-006	1.82620432e-008	
5.28944544e+001	1.62733619e-006	-1.62723309e-006	1.83182567e-008	
5.29946333e+001	1.64117451e-006	-1.64107182e-006	1.83589873e-008	
5.30948122e+001	1.65325917e-006	-1.65315687e-006	1.83910697e-008	
5.31949911e+001	1.66534382e-006	-1.66524192e-006	1.84231521e-008	
5.32951699e+001	1.67742849e-006	-1.67732696e-006	1.84552345e-008	
5.33953488e+001	1.69081554e-006	-1.69071444e-006	1.84894532e-008	
5.34955277e+001	1.70759721e-006	-1.70749667e-006	1.85292402e-008	
5.35957066e+001	1.72437889e-006	-1.72427891e-006	1.85690272e-008	
5.36958855e+001	1.74116058e-006	-1.74106114e-006	1.86088143e-008	
5.37960644e+001	1.75794229e-006	-1.75784337e-006	1.86486013e-008	
5.38962433e+001	1.76845508e-006	-1.76835652e-006	1.86702370e-008	
5.39964222e+001	1.77837013e-006	-1.77827191e-006	1.86901419e-008	
5.40966011e+001	1.78828518e-006	-1.78818730e-006	1.87100468e-008	
5.41967800e+001	1.79820023e-006	-1.79810268e-006	1.87299518e-008	
5.42969589e+001	1.80514831e-006	-1.80505100e-006	1.87430130e-008	
5.43971377e+001	1.80965519e-006	-1.80955804e-006	1.87504433e-008	
5.44973166e+001	1.81416206e-006	-1.81406509e-006	1.87578736e-008	
5.45974955e+001	1.81866894e-006	-1.81857213e-006	1.87653039e-008	
5.46976744e+001	1.82345324e-006	-1.82335660e-006	1.87730362e-008	
5.47978533e+001	1.82946541e-006	-1.82936900e-006	1.87821054e-008	
5.48980322e+001	1.83547759e-006	-1.83538140e-006	1.87911745e-008	
5.49982111e+001	1.84148977e-006	-1.84139380e-006	1.88002437e-008	
5.50983900e+001	1.84750194e-006	-1.84740619e-006	1.88093128e-008	
5.51985689e+001	1.85195390e-006	-1.85185832e-006	1.88155079e-008	
5.52987478e+001	1.85606324e-006	-1.85596781e-006	1.88210718e-008	
5.53989267e+001	1.86017258e-006	-1.86007731e-006	1.88266356e-008	
5.54991055e+001	1.86428193e-006	-1.86418681e-006	1.88321995e-008	
5.55992844e+001	1.86744728e-006	-1.86735228e-006	1.88363759e-008	
5.56994633e+001	1.86948469e-006	-1.86938977e-006	1.88388944e-008	
5.57996422e+001	1.87127157e-006	-1.87117672e-006	1.88411031e-008	
5.58998211e+001	1.87230264e-006	-1.87220783e-006	1.88423770e-008	
5.60000000e+001	1.87265651e-006	-1.87256171e-006	1.88428142e-008	
