% Column 0: Length, cm
% Column 1: |B.n|, Tesla
% Column 2: Re[B.n], Tesla
% Column 3: Im[B.n], Tesla
0.00000000e+000	1.02862335e-009	-1.02861262e-009	-4.69829649e-012	
1.00178891e-001	1.61345149e-008	-1.61343517e-008	-7.25716014e-011	
2.00357782e-001	3.17628665e-008	-3.17625486e-008	-1.42118497e-010	
3.00536673e-001	4.79815291e-008	-4.79810414e-008	-2.16322261e-010	
4.00715564e-001	6.56107472e-008	-6.56100848e-008	-2.94825690e-010	
5.00894454e-001	8.25765939e-008	-8.25757687e-008	-3.69149801e-010	
6.01073345e-001	9.97858440e-008	-9.97848587e-008	-4.43435154e-010	
7.01252236e-001	1.16754195e-007	-1.16753061e-007	-5.14499503e-010	
8.01431127e-001	1.33677443e-007	-1.33676163e-007	-5.84954231e-010	
9.01610018e-001	1.50070870e-007	-1.50069470e-007	-6.48247925e-010	
1.00178891e+000	1.66464298e-007	-1.66462777e-007	-7.11541618e-010	
1.10196780e+000	1.83244665e-007	-1.83243034e-007	-7.73131757e-010	
1.20214669e+000	2.01240470e-007	-2.01238754e-007	-8.31052039e-010	
1.30232558e+000	2.21037581e-007	-2.21035804e-007	-8.86201743e-010	
1.40250447e+000	2.40434029e-007	-2.40432179e-007	-9.43400478e-010	
1.50268336e+000	2.59830480e-007	-2.59828553e-007	-1.00059921e-009	
1.60286225e+000	2.80190025e-007	-2.80188051e-007	-1.05175418e-009	
1.70304114e+000	3.02746698e-007	-3.02744739e-007	-1.08912139e-009	
1.80322004e+000	3.25303378e-007	-3.25301427e-007	-1.12648860e-009	
1.90339893e+000	3.45933514e-007	-3.45931498e-007	-1.18106191e-009	
2.00357782e+000	3.68768229e-007	-3.68766212e-007	-1.21968216e-009	
2.10375671e+000	3.93636592e-007	-3.93634628e-007	-1.24347628e-009	
2.20393560e+000	4.18330318e-007	-4.18328399e-007	-1.26730851e-009	
2.30411449e+000	4.41266983e-007	-4.41265093e-007	-1.29152420e-009	
2.40429338e+000	4.65012192e-007	-4.65010344e-007	-1.31105715e-009	
2.50447227e+000	4.94132043e-007	-4.94130317e-007	-1.30607335e-009	
2.60465116e+000	5.23967778e-007	-5.23966115e-007	-1.32008642e-009	
2.70483005e+000	5.53803520e-007	-5.53801913e-007	-1.33409948e-009	
2.80500894e+000	5.83639268e-007	-5.83637711e-007	-1.34811254e-009	
2.90518784e+000	6.13453844e-007	-6.13452416e-007	-1.32365317e-009	
3.00536673e+000	6.43254035e-007	-6.43252775e-007	-1.27302779e-009	
3.10554562e+000	6.73054244e-007	-6.73053134e-007	-1.22240240e-009	
3.20572451e+000	7.02854469e-007	-7.02853492e-007	-1.17177702e-009	
3.30590340e+000	7.32979152e-007	-7.32978278e-007	-1.13250598e-009	
3.40608229e+000	7.74360772e-007	-7.74360045e-007	-1.06048313e-009	
3.50626118e+000	8.15198930e-007	-8.15198388e-007	-9.40435719e-010	
3.60644007e+000	8.56037123e-007	-8.56036730e-007	-8.20388304e-010	
3.70661896e+000	8.96875346e-007	-8.96875072e-007	-7.00340888e-010	
3.80679785e+000	9.36109309e-007	-9.36109123e-007	-5.89431390e-010	
3.90697674e+000	9.74858995e-007	-9.74858877e-007	-4.78311617e-010	
4.00715564e+000	1.01617523e-006	-1.01617517e-006	-3.39072470e-010	
4.10733453e+000	1.05749148e-006	-1.05749146e-006	-1.99833323e-010	
4.20751342e+000	1.09880776e-006	-1.09880776e-006	-6.05941757e-011	
4.30769231e+000	1.14486371e-006	-1.14486371e-006	9.57621997e-011	
4.40787120e+000	1.20964187e-006	-1.20964183e-006	3.19733495e-010	
4.50805009e+000	1.26959704e-006	-1.26959688e-006	6.27203523e-010	
4.60822898e+000	1.32114975e-006	-1.32114931e-006	1.08014312e-009	
4.70840787e+000	1.37272749e-006	-1.37272664e-006	1.52864841e-009	
4.80858676e+000	1.42755722e-006	-1.42755596e-006	1.89363260e-009	
4.90876565e+000	1.48435780e-006	-1.48435614e-006	2.22449237e-009	
5.00894454e+000	1.54064717e-006	-1.54064512e-006	2.51749711e-009	
5.10912343e+000	1.59693657e-006	-1.59693410e-006	2.81050184e-009	
5.20930233e+000	1.66369148e-006	-1.66368827e-006	3.26902156e-009	
5.30948122e+000	1.72467273e-006	-1.72466843e-006	3.85083203e-009	
5.40966011e+000	1.78362582e-006	-1.78362030e-006	4.43747051e-009	
5.50983900e+000	1.84257902e-006	-1.84257217e-006	5.02410899e-009	
5.61001789e+000	1.90153232e-006	-1.90152404e-006	5.61074747e-009	
5.71019678e+000	1.99888962e-006	-1.99887900e-006	6.51448242e-009	
5.81037567e+000	2.08589300e-006	-2.08587930e-006	7.55991483e-009	
5.91055456e+000	2.16221842e-006	-2.16220214e-006	8.39123675e-009	
6.01073345e+000	2.23699654e-006	-2.23697766e-006	9.19153097e-009	
6.11091234e+000	2.29174661e-006	-2.29172513e-006	9.92088876e-009	
6.21109123e+000	2.33643118e-006	-2.33640706e-006	1.06145959e-008	
6.31127013e+000	2.38111585e-006	-2.38108899e-006	1.13083030e-008	
6.41144902e+000	2.42711399e-006	-2.42708423e-006	1.20185374e-008	
6.51162791e+000	2.48931571e-006	-2.48928211e-006	1.29326733e-008	
6.61180680e+000	2.55151756e-006	-2.55147999e-006	1.38468092e-008	
6.71198569e+000	2.62224628e-006	-2.62220501e-006	1.47117774e-008	
6.81216458e+000	2.69007750e-006	-2.69003365e-006	1.53589026e-008	
6.91234347e+000	2.75274010e-006	-2.75269462e-006	1.58230830e-008	
7.01252236e+000	2.81540271e-006	-2.81535560e-006	1.62872634e-008	
7.11270125e+000	2.88477516e-006	-2.88472951e-006	1.62284408e-008	
7.21288014e+000	2.92616392e-006	-2.92612480e-006	1.51319777e-008	
7.31305903e+000	3.00356656e-006	-3.00354151e-006	1.22677558e-008	
7.41323792e+000	3.08270378e-006	-3.08269070e-006	8.98124373e-009	
7.51341682e+000	3.25571298e-006	-3.25571280e-006	-1.06737288e-009	
7.61359571e+000	3.43851983e-006	-3.43841007e-006	-2.74728902e-008	
7.71377460e+000	3.87470163e-006	-3.87297847e-006	-1.15544346e-007	
7.81395349e+000	3.50597698e-006	-3.49687893e-006	2.52412919e-007	
7.91413238e+000	3.19498301e-007	-2.07000553e-007	2.43372010e-007	
8.01431127e+000	8.97205483e-008	-4.01603619e-008	8.02304314e-008	
8.11449016e+000	5.43512593e-008	-4.34711049e-008	3.26239549e-008	
8.21466905e+000	4.56935139e-008	-3.79805163e-008	2.54042830e-008	
8.31484794e+000	2.40051291e-008	-1.62646540e-008	1.76552330e-008	
8.41502683e+000	3.81072543e-008	-3.54003374e-008	1.41059897e-008	
8.51520572e+000	7.87970224e-009	-5.71803663e-009	5.42160165e-009	
8.61538462e+000	2.54722802e-008	-2.21893949e-008	1.25087094e-008	
8.71556351e+000	5.87100639e-009	-3.84399071e-009	4.43761776e-009	
8.81574240e+000	1.40951845e-008	-1.36094088e-008	3.66854451e-009	
8.91592129e+000	4.75981320e-009	-4.62642439e-009	1.11893656e-009	
9.01610018e+000	9.98885762e-009	9.39771863e-009	3.38528596e-009	
9.11627907e+000	5.78309190e-009	5.78181679e-009	1.21435221e-010	
9.21645796e+000	2.43228035e-009	-1.40254939e-009	-1.98716957e-009	
9.31663685e+000	4.40984106e-009	9.10699578e-010	-4.31477977e-009	
9.41681574e+000	1.83256412e-009	1.09025629e-009	1.47296724e-009	
9.51699463e+000	5.82674124e-009	3.76187832e-009	-4.44962751e-009	
9.61717352e+000	1.50651559e-008	1.23631699e-008	-8.60877171e-009	
9.71735242e+000	1.99644157e-008	1.15464747e-008	-1.62867067e-008	
9.81753131e+000	4.59182164e-008	3.37442439e-008	-3.11417503e-008	
9.91771020e+000	4.79668180e-007	4.47093314e-007	-1.73750200e-007	
1.00178891e+001	8.23113272e-007	8.22236193e-007	3.79881870e-008	
1.01180680e+001	5.95128497e-007	5.95096582e-007	-6.16332765e-009	
1.02182469e+001	5.13394456e-007	5.13162111e-007	-1.54439436e-008	
1.03184258e+001	4.58017561e-007	4.57525465e-007	-2.12258162e-008	
1.04186047e+001	4.58010671e-007	4.57338722e-007	-2.48005620e-008	
1.05187835e+001	4.68286494e-007	4.67443533e-007	-2.80852969e-008	
1.06189624e+001	5.06639395e-007	5.05743976e-007	-3.01082580e-008	
1.07191413e+001	5.46152143e-007	5.45212816e-007	-3.20179379e-008	
1.08193202e+001	5.99402626e-007	5.98439824e-007	-3.39600533e-008	
1.09194991e+001	6.39925331e-007	6.38966071e-007	-3.50255532e-008	
1.10196780e+001	6.53448367e-007	6.52410838e-007	-3.68085126e-008	
1.11198569e+001	6.46877070e-007	6.45654338e-007	-3.97544896e-008	
1.12200358e+001	6.18743875e-007	6.17176954e-007	-4.40067154e-008	
1.13202147e+001	6.28613502e-007	6.26571200e-007	-5.06306838e-008	
1.14203936e+001	6.80599982e-007	6.78109722e-007	-5.81682048e-008	
1.15205725e+001	7.60400398e-007	7.57334008e-007	-6.82199854e-008	
1.16207513e+001	8.15856553e-007	8.12165948e-007	-7.75137928e-008	
1.17209302e+001	9.36522312e-007	9.32160150e-007	-9.02856354e-008	
1.18211091e+001	1.14440779e-006	1.13904321e-006	-1.10678617e-007	
1.19212880e+001	1.39780423e-006	1.39125333e-006	-1.35169668e-007	
1.20214669e+001	1.66942722e-006	1.66161067e-006	-1.61360492e-007	
1.21216458e+001	2.04622067e-006	2.03762536e-006	-1.87355023e-007	
1.22218247e+001	2.69508068e-006	2.68534733e-006	-2.28844055e-007	
1.23220036e+001	3.17927175e-006	3.16937814e-006	-2.50621406e-007	
1.24221825e+001	3.48790527e-006	3.47878897e-006	-2.52012789e-007	
1.25223614e+001	3.74015310e-006	3.73237764e-006	-2.41044317e-007	
1.26225403e+001	3.94616449e-006	3.93889267e-006	-2.39454946e-007	
1.27227191e+001	3.40169878e-006	3.39408612e-006	-2.27451036e-007	
1.28228980e+001	2.67563518e-006	2.66730564e-006	-2.10960354e-007	
1.29230769e+001	1.87624005e-006	1.86666509e-006	-1.89309694e-007	
1.30232558e+001	1.24857777e-006	1.23689092e-006	-1.70432630e-007	
1.31234347e+001	1.70746499e-007	-1.12072518e-007	-1.28818158e-007	
1.32236136e+001	7.12581362e-007	-7.06747670e-007	-9.09941158e-008	
1.33237925e+001	1.00019098e-006	-9.98786059e-007	-5.29944375e-008	
1.34239714e+001	1.72848670e-006	-1.72826861e-006	2.74569001e-008	
1.35241503e+001	6.23005481e-007	-6.12551599e-007	1.13650200e-007	
1.36243292e+001	3.37503653e-007	3.20115262e-007	1.06934252e-007	
1.37245081e+001	1.78209563e-006	1.78208200e-006	-6.96901625e-009	
1.38246869e+001	2.70200694e-006	2.70047859e-006	-9.08672661e-008	
1.39248658e+001	3.43460586e-006	3.43027106e-006	-1.72504628e-007	
1.40250447e+001	4.61503965e-006	4.60654004e-006	-2.79963944e-007	
1.41252236e+001	5.43872911e-006	5.42710022e-006	-3.55468147e-007	
1.42254025e+001	6.08794113e-006	6.07305993e-006	-4.25405984e-007	
1.43255814e+001	7.27413157e-006	7.25528313e-006	-5.23313235e-007	
1.44257603e+001	9.10162318e-006	9.07970136e-006	-6.31322271e-007	
1.45259392e+001	1.03713580e-005	1.03449803e-005	-7.39222897e-007	
1.46261181e+001	1.21914203e-005	1.21567588e-005	-9.18664520e-007	
1.47262970e+001	1.46953329e-005	1.46510310e-005	-1.14021946e-006	
1.48264758e+001	1.70008554e-005	1.69461435e-005	-1.36282940e-006	
1.49266547e+001	2.25169782e-005	2.24472799e-005	-1.77029162e-006	
1.50268336e+001	2.98195447e-005	2.97409655e-005	-2.16338119e-006	
1.51270125e+001	3.69509669e-005	3.68424749e-005	-2.82948689e-006	
1.52271914e+001	4.97954691e-005	4.96703973e-005	-3.52709138e-006	
1.53273703e+001	7.23975649e-005	7.22737467e-005	-4.23236881e-006	
1.54275492e+001	1.00136164e-004	1.00077796e-004	-3.41847894e-006	
1.55277281e+001	1.23878407e-004	1.23864191e-004	-1.87664508e-006	
1.56279070e+001	1.43572611e-004	1.43572289e-004	3.04008120e-007	
1.57280859e+001	1.54359451e-004	1.54352560e-004	1.45851756e-006	
1.58282648e+001	1.55545588e-004	1.55535129e-004	1.80381432e-006	
1.59284436e+001	1.56323816e-004	1.56310484e-004	2.04156886e-006	
1.60286225e+001	1.49643562e-004	1.49632552e-004	1.81525368e-006	
1.61288014e+001	1.46656309e-004	1.46647009e-004	1.65152519e-006	
1.62289803e+001	1.46597858e-004	1.46588579e-004	1.64938785e-006	
1.63291592e+001	1.46539408e-004	1.46530149e-004	1.64725051e-006	
1.64293381e+001	1.46319029e-004	1.46310466e-004	1.58296240e-006	
1.65295170e+001	1.46027991e-004	1.46020374e-004	1.49153690e-006	
1.66296959e+001	1.45737007e-004	1.45730281e-004	1.40011140e-006	
1.67298748e+001	1.45666832e-004	1.45660824e-004	1.32300499e-006	
1.68300537e+001	1.46741163e-004	1.46735481e-004	1.29136324e-006	
1.69302326e+001	1.48215641e-004	1.48210402e-004	1.24618853e-006	
1.70304114e+001	1.49690142e-004	1.49685324e-004	1.20101381e-006	
1.71305903e+001	1.51164664e-004	1.51160245e-004	1.15583909e-006	
1.72307692e+001	1.52480436e-004	1.52476412e-004	1.10776097e-006	
1.73309481e+001	1.55495400e-004	1.55491557e-004	1.09319732e-006	
1.74311270e+001	1.59186812e-004	1.59183081e-004	1.08987190e-006	
1.75313059e+001	1.62878230e-004	1.62874605e-004	1.08654648e-006	
1.76314848e+001	1.66569652e-004	1.66566130e-004	1.08322107e-006	
1.77316637e+001	1.70261079e-004	1.70257654e-004	1.07989565e-006	
1.78318426e+001	1.73952510e-004	1.73949178e-004	1.07657023e-006	
1.79320215e+001	1.77643945e-004	1.77640703e-004	1.07324481e-006	
1.80322004e+001	1.83095261e-004	1.83092047e-004	1.08492096e-006	
1.81323792e+001	1.87004935e-004	1.87001932e-004	1.05981429e-006	
1.82325581e+001	1.90606477e-004	1.90603698e-004	1.02934595e-006	
1.83327370e+001	1.94208033e-004	1.94205464e-004	9.98877617e-007	
1.84329159e+001	1.98972613e-004	1.98970315e-004	9.56384845e-007	
1.85330948e+001	2.05637647e-004	2.05635703e-004	8.94243558e-007	
1.86332737e+001	2.12302721e-004	2.12301091e-004	8.32102271e-007	
1.87334526e+001	2.19062826e-004	2.19061442e-004	7.78698750e-007	
1.88336315e+001	2.27507010e-004	2.27505652e-004	7.86056762e-007	
1.89338104e+001	2.33627459e-004	2.33626715e-004	5.89656870e-007	
1.90339893e+001	2.39699210e-004	2.39698892e-004	3.90338414e-007	
1.91341682e+001	2.45771143e-004	2.45771069e-004	1.91019957e-007	
1.92343470e+001	2.53344266e-004	2.53344265e-004	1.62388496e-008	
1.93345259e+001	2.61159576e-004	2.61159070e-004	-5.13862577e-007	
1.94347048e+001	2.63885551e-004	2.63882761e-004	-1.21336540e-006	
1.95348837e+001	2.65549201e-004	2.65543875e-004	-1.68184418e-006	
1.96350626e+001	2.67213640e-004	2.67204988e-004	-2.15032295e-006	
1.97352415e+001	2.68878855e-004	2.68866102e-004	-2.61880172e-006	
1.98354204e+001	2.70544831e-004	2.70527215e-004	-3.08728050e-006	
1.99355993e+001	2.64884972e-004	2.64850275e-004	-4.28722800e-006	
2.00357782e+001	2.54948931e-004	2.54900261e-004	-4.98138964e-006	
2.01359571e+001	2.44763120e-004	2.44699759e-004	-5.56889385e-006	
2.02361360e+001	2.35884073e-004	2.35806057e-004	-6.06622765e-006	
2.03363148e+001	2.27751117e-004	2.27657997e-004	-6.51211152e-006	
2.04364937e+001	2.19620186e-004	2.19509937e-004	-6.95799539e-006	
2.05366726e+001	2.03918412e-004	2.03797738e-004	-7.01432163e-006	
2.06368515e+001	1.83581547e-004	1.83454371e-004	-6.83214000e-006	
2.07370304e+001	1.63966769e-004	1.63832220e-004	-6.64114495e-006	
2.08372093e+001	1.47222311e-004	1.47090005e-004	-6.24013475e-006	
2.09373882e+001	1.28944157e-004	1.28821323e-004	-5.62692283e-006	
2.10375671e+001	1.10666273e-004	1.10552642e-004	-5.01371091e-006	
2.11377460e+001	9.43520703e-005	9.42489489e-005	-4.41008113e-006	
2.12379249e+001	7.23783931e-005	7.22995253e-005	-3.37793298e-006	
2.13381038e+001	5.04047166e-005	5.03501017e-005	-2.34578484e-006	
2.14382826e+001	2.97267532e-005	2.96946293e-005	-1.38160902e-006	
2.15384615e+001	9.51288341e-006	9.50261973e-006	-4.41779284e-007	
2.16386404e+001	1.12728990e-005	-1.12582676e-005	5.74162515e-007	
2.17388193e+001	3.28777292e-005	-3.28348924e-005	1.67777145e-006	
2.18389982e+001	5.23206958e-005	-5.22561447e-005	2.59818274e-006	
2.19391771e+001	6.89997298e-005	-6.89204780e-005	3.30611888e-006	
2.20393560e+001	8.58765329e-005	-8.57821736e-005	4.02462530e-006	
2.21395349e+001	1.02880558e-004	-1.02770848e-004	4.74993243e-006	
2.22397138e+001	1.18818863e-004	-1.18697218e-004	5.37519218e-006	
2.23398927e+001	1.38780210e-004	-1.38652606e-004	5.94992783e-006	
2.24400716e+001	1.60677104e-004	-1.60542779e-004	6.56869537e-006	
2.25402504e+001	1.82574483e-004	-1.82432953e-004	7.18746290e-006	
2.26404293e+001	1.95013048e-004	-1.94877168e-004	7.27864222e-006	
2.27406082e+001	2.04316976e-004	-2.04199459e-004	6.92876518e-006	
2.28407871e+001	2.14298319e-004	-2.14198779e-004	6.53091155e-006	
2.29409660e+001	2.24281970e-004	-2.24198099e-004	6.13305792e-006	
2.30411449e+001	2.34292470e-004	-2.34222192e-004	5.73817531e-006	
2.31413238e+001	2.46294487e-004	-2.46231814e-004	5.55592366e-006	
2.32415027e+001	2.53894641e-004	-2.53854397e-004	4.52038466e-006	
2.33416816e+001	2.61500200e-004	-2.61476979e-004	3.48484565e-006	
2.34418605e+001	2.69110708e-004	-2.69099562e-004	2.44930665e-006	
2.35420394e+001	2.74113614e-004	-2.74108562e-004	1.66408419e-006	
2.36422182e+001	2.69615144e-004	-2.69612099e-004	1.28139981e-006	
2.37423971e+001	2.63752888e-004	-2.63751447e-004	8.71993784e-007	
2.38425760e+001	2.57891209e-004	-2.57890794e-004	4.62587762e-007	
2.39427549e+001	2.52030147e-004	-2.52030142e-004	5.31817396e-008	
2.40429338e+001	2.46623682e-004	-2.46623608e-004	-1.90612181e-007	
2.41431127e+001	2.41548498e-004	-2.41548294e-004	-3.13614287e-007	
2.42432916e+001	2.34893500e-004	-2.34893000e-004	-4.84475671e-007	
2.43434705e+001	2.27842154e-004	-2.27841177e-004	-6.67348337e-007	
2.44436494e+001	2.19563337e-004	-2.19562145e-004	-7.23437621e-007	
2.45438283e+001	2.11547673e-004	-2.11546438e-004	-7.22721782e-007	
2.46440072e+001	2.05161850e-004	-2.05160416e-004	-7.67169645e-007	
2.47441860e+001	1.98776051e-004	-1.98774394e-004	-8.11617508e-007	
2.48443649e+001	1.92626733e-004	-1.92624891e-004	-8.42507392e-007	
2.49445438e+001	1.88036771e-004	-1.88034910e-004	-8.36608948e-007	
2.50447227e+001	1.83446810e-004	-1.83444929e-004	-8.30710504e-007	
2.51449016e+001	1.78856850e-004	-1.78854948e-004	-8.24812060e-007	
2.52450805e+001	1.74266891e-004	-1.74264967e-004	-8.18913617e-007	
2.53452594e+001	1.70339191e-004	-1.70337268e-004	-8.09323392e-007	
2.54454383e+001	1.66598166e-004	-1.66596252e-004	-7.98692540e-007	
2.55456172e+001	1.62857142e-004	-1.62855235e-004	-7.88061689e-007	
2.56457961e+001	1.59116118e-004	-1.59114219e-004	-7.77430837e-007	
2.57459750e+001	1.55175622e-004	-1.55173729e-004	-7.66515093e-007	
2.58461538e+001	1.51054708e-004	-1.51052819e-004	-7.55341670e-007	
2.59463327e+001	1.46933795e-004	-1.46931910e-004	-7.44168247e-007	
2.60465116e+001	1.43591986e-004	-1.43590080e-004	-7.39898899e-007	
2.61466905e+001	1.40251644e-004	-1.40249762e-004	-7.26550438e-007	
2.62468694e+001	1.37108497e-004	-1.37106635e-004	-7.14555677e-007	
2.63470483e+001	1.33965351e-004	-1.33963509e-004	-7.02560917e-007	
2.64472272e+001	1.30822204e-004	-1.30820382e-004	-6.90566156e-007	
2.65474061e+001	1.27679058e-004	-1.27677255e-004	-6.78571396e-007	
2.66475850e+001	1.24535912e-004	-1.24534128e-004	-6.66576636e-007	
2.67477639e+001	1.21392766e-004	-1.21391001e-004	-6.54581875e-007	
2.68479428e+001	1.18317143e-004	-1.18315428e-004	-6.36987377e-007	
2.69481216e+001	1.14978322e-004	-1.14976677e-004	-6.15000142e-007	
2.70483005e+001	1.11415112e-004	-1.11413543e-004	-5.91322767e-007	
2.71484794e+001	1.07851902e-004	-1.07850408e-004	-5.67645392e-007	
2.72486583e+001	1.04288692e-004	-1.04287274e-004	-5.43968017e-007	
2.73488372e+001	9.97779509e-005	-9.97766900e-005	-5.01620484e-007	
2.74490161e+001	9.40192007e-005	-9.40181959e-005	-4.34681997e-007	
2.75491950e+001	8.82335672e-005	-8.82328108e-005	-3.65347964e-007	
2.76493739e+001	8.11719819e-005	-8.11715339e-005	-2.69679688e-007	
2.77495528e+001	7.49011873e-005	-7.49009418e-005	-1.91749698e-007	
2.78497317e+001	6.86946160e-005	-6.86945196e-005	-1.15099253e-007	
2.79499106e+001	6.05710314e-005	-6.05710314e-005	4.37742266e-010	
2.80500894e+001	5.21901159e-005	-5.21900113e-005	1.04495244e-007	
2.81502683e+001	4.65661159e-005	-4.65658505e-005	1.57211017e-007	
2.82504472e+001	4.09422279e-005	-4.09416897e-005	2.09926789e-007	
2.83506261e+001	3.48868345e-005	-3.48858560e-005	2.61291944e-007	
2.84508050e+001	2.75242950e-005	-2.75225653e-005	3.08566329e-007	
2.85509839e+001	2.38601812e-005	-2.38582431e-005	3.04107091e-007	
2.86511628e+001	2.02084428e-005	-2.02062237e-005	2.99475787e-007	
2.87513417e+001	1.62891821e-005	-1.62863771e-005	3.02283306e-007	
2.88515206e+001	1.26252693e-005	-1.26214146e-005	3.11958404e-007	
2.89516995e+001	1.14388868e-005	-1.14350146e-005	2.97611209e-007	
2.90518784e+001	1.04703830e-005	-1.04666441e-005	2.79789849e-007	
2.91520572e+001	9.50188549e-006	-9.49827355e-006	2.61968489e-007	
2.92522361e+001	8.53339634e-006	-8.52990300e-006	2.44147129e-007	
2.93524150e+001	7.56491880e-006	-7.56153246e-006	2.26325768e-007	
2.94525939e+001	6.97518501e-006	-6.97168688e-006	2.20880020e-007	
2.95527728e+001	6.40017732e-006	-6.39653427e-006	2.15914648e-007	
2.96529517e+001	5.82520248e-006	-5.82138165e-006	2.10949276e-007	
2.97531306e+001	5.29944542e-006	-5.29545147e-006	2.05707290e-007	
2.98533095e+001	5.34023951e-006	-5.33659434e-006	1.97278551e-007	
2.99534884e+001	5.38105211e-006	-5.37773721e-006	1.88849811e-007	
3.00536673e+001	5.42188280e-006	-5.41888008e-006	1.80421072e-007	
3.01538462e+001	5.24432620e-006	-5.24140554e-006	1.75000812e-007	
3.02540250e+001	4.96618271e-006	-4.96323899e-006	1.70966215e-007	
3.03542039e+001	4.68804542e-006	-4.68507243e-006	1.66931618e-007	
3.04543828e+001	4.44906486e-006	-4.44608655e-006	1.62765108e-007	
3.05545617e+001	4.55895671e-006	-4.55623795e-006	1.57423125e-007	
3.06547406e+001	4.66886691e-006	-4.66638935e-006	1.52081143e-007	
3.07549195e+001	4.77879419e-006	-4.77654075e-006	1.46739160e-007	
3.08550984e+001	4.84422006e-006	-4.84214557e-006	1.41753986e-007	
3.09552773e+001	4.77910113e-006	-4.77711363e-006	1.37815187e-007	
3.10554562e+001	4.80935374e-006	-4.80748673e-006	1.33995342e-007	
3.11556351e+001	4.86521381e-006	-4.86347113e-006	1.30207430e-007	
3.12558140e+001	4.88585551e-006	-4.88423118e-006	1.25975590e-007	
3.13559928e+001	4.89094169e-006	-4.88943113e-006	1.21547647e-007	
3.14561717e+001	4.89603211e-006	-4.89463108e-006	1.17119704e-007	
3.15563506e+001	4.88913856e-006	-4.88783752e-006	1.12783740e-007	
3.16565295e+001	4.85003515e-006	-4.84880048e-006	1.09429472e-007	
3.17567084e+001	4.82901921e-006	-4.82782823e-006	1.07243333e-007	
3.18568873e+001	4.81795919e-006	-4.81681723e-006	1.04892839e-007	
3.19570662e+001	4.80690009e-006	-4.80580624e-006	1.02542345e-007	
3.20572451e+001	4.80004260e-006	-4.79899942e-006	1.00067511e-007	
3.21574240e+001	4.79455352e-006	-4.79356100e-006	9.75522060e-008	
3.22576029e+001	4.78740176e-006	-4.78645750e-006	9.50798421e-008	
3.23577818e+001	4.76109157e-006	-4.76019707e-006	9.22866631e-008	
3.24579606e+001	4.71929478e-006	-4.71845365e-006	8.90975811e-008	
3.25581395e+001	4.67749922e-006	-4.67671024e-006	8.59084991e-008	
3.26583184e+001	4.63570490e-006	-4.63496682e-006	8.27194172e-008	
3.27584973e+001	4.60827652e-006	-4.60757751e-006	8.02615798e-008	
3.28586762e+001	4.58717422e-006	-4.58650822e-006	7.81644816e-008	
3.29588551e+001	4.57293417e-006	-4.57229404e-006	7.65123537e-008	
3.30590340e+001	4.55869455e-006	-4.55807985e-006	7.48602258e-008	
3.31592129e+001	4.54056328e-006	-4.53998042e-006	7.27512458e-008	
3.32593918e+001	4.50528252e-006	-4.50473120e-006	7.04795016e-008	
3.33595707e+001	4.45686745e-006	-4.45634518e-006	6.82286339e-008	
3.34597496e+001	4.40845290e-006	-4.40795916e-006	6.59777661e-008	
3.35599284e+001	4.36634918e-006	-4.36588124e-006	6.39229147e-008	
3.36601073e+001	4.33855435e-006	-4.33811152e-006	6.19862707e-008	
3.37602862e+001	4.30971477e-006	-4.30929692e-006	6.00120234e-008	
3.38604651e+001	4.28087575e-006	-4.28048231e-006	5.80377760e-008	
3.39606440e+001	4.25209834e-006	-4.25172658e-006	5.62262177e-008	
3.40608229e+001	4.22341631e-006	-4.22306249e-006	5.46679401e-008	
3.41610018e+001	4.19491383e-006	-4.19457759e-006	5.31122884e-008	
3.42611807e+001	4.18352407e-006	-4.18320328e-006	5.18073721e-008	
3.43613596e+001	4.17213463e-006	-4.17182896e-006	5.05024559e-008	
3.44615385e+001	4.13913233e-006	-4.13884371e-006	4.88796664e-008	
3.45617174e+001	4.09196080e-006	-4.09169031e-006	4.70484789e-008	
3.46618962e+001	4.04719850e-006	-4.04694401e-006	4.53856126e-008	
3.47620751e+001	4.00368084e-006	-4.00344115e-006	4.38096954e-008	
3.48622540e+001	3.95989791e-006	-3.95967290e-006	4.22137885e-008	
3.49624329e+001	3.91544616e-006	-3.91523599e-006	4.05675158e-008	
3.50626118e+001	3.87131298e-006	-3.87111630e-006	3.90228784e-008	
3.51627907e+001	3.83583623e-006	-3.83565174e-006	3.76203680e-008	
3.52629696e+001	3.81749119e-006	-3.81731693e-006	3.64757846e-008	
3.53631485e+001	3.79927976e-006	-3.79911472e-006	3.54120239e-008	
3.54633274e+001	3.78218272e-006	-3.78202673e-006	3.43498851e-008	
3.55635063e+001	3.76661975e-006	-3.76647263e-006	3.32899794e-008	
3.56636852e+001	3.75105700e-006	-3.75091854e-006	3.22300736e-008	
3.57638640e+001	3.73436511e-006	-3.73423532e-006	3.11353540e-008	
3.58640429e+001	3.70613957e-006	-3.70602010e-006	2.97584868e-008	
3.59642218e+001	3.68008657e-006	-3.67997696e-006	2.84023930e-008	
3.60644007e+001	3.65403392e-006	-3.65393383e-006	2.70462992e-008	
3.61645796e+001	3.62798165e-006	-3.62789069e-006	2.56902054e-008	
3.62647585e+001	3.61896729e-006	-3.61888179e-006	2.48757910e-008	
3.63649374e+001	3.61160150e-006	-3.61152104e-006	2.41067635e-008	
3.64651163e+001	3.60423585e-006	-3.60416029e-006	2.33377361e-008	
3.65652952e+001	3.59687035e-006	-3.59679954e-006	2.25687086e-008	
3.66654741e+001	3.58950499e-006	-3.58943879e-006	2.17996811e-008	
3.67656530e+001	3.58213978e-006	-3.58207804e-006	2.10306537e-008	
3.68658318e+001	3.57464565e-006	-3.57458879e-006	2.01616043e-008	
3.69660107e+001	3.56710788e-006	-3.56705590e-006	1.92585861e-008	
3.70661896e+001	3.55957033e-006	-3.55952300e-006	1.83555680e-008	
3.71663685e+001	3.55329271e-006	-3.55324949e-006	1.75253212e-008	
3.72665474e+001	3.54707688e-006	-3.54703757e-006	1.66986332e-008	
3.73667263e+001	3.54224684e-006	-3.54221125e-006	1.58774262e-008	
3.74669052e+001	3.55168159e-006	-3.55164944e-006	1.51126456e-008	
3.75670841e+001	3.57440963e-006	-3.57438134e-006	1.42203778e-008	
3.76672630e+001	3.60621342e-006	-3.60618911e-006	1.32410721e-008	
3.77674419e+001	3.63801754e-006	-3.63799687e-006	1.22617664e-008	
3.78676208e+001	3.66692269e-006	-3.66690527e-006	1.13043467e-008	
3.79677996e+001	3.69090344e-006	-3.69088883e-006	1.03841024e-008	
3.80679785e+001	3.72204114e-006	-3.72202984e-006	9.17236009e-009	
3.81681574e+001	3.75018049e-006	-3.75017184e-006	8.05359521e-009	
3.82683363e+001	3.77832021e-006	-3.77831385e-006	6.93483032e-009	
3.83685152e+001	3.80646030e-006	-3.80645586e-006	5.81606543e-009	
3.84686941e+001	3.83460074e-006	-3.83459786e-006	4.69730055e-009	
3.85688730e+001	3.89318606e-006	-3.89318456e-006	3.41983033e-009	
3.86690519e+001	3.95636447e-006	-3.95636388e-006	2.15126562e-009	
3.87692308e+001	4.01954330e-006	-4.01954321e-006	8.82700913e-010	
3.88694097e+001	4.08272255e-006	-4.08272253e-006	-3.85863796e-010	
3.89695886e+001	4.19801950e-006	-4.19801841e-006	-3.02448422e-009	
3.90697674e+001	4.33051236e-006	-4.33050805e-006	-6.11509925e-009	
3.91699463e+001	4.45758789e-006	-4.45757961e-006	-8.58912890e-009	
3.92701252e+001	4.57258366e-006	-4.57257339e-006	-9.68868549e-009	
3.93703041e+001	4.68757958e-006	-4.68756717e-006	-1.07882421e-008	
3.94704830e+001	4.80257566e-006	-4.80256095e-006	-1.18877987e-008	
3.95706619e+001	4.91757187e-006	-4.91755472e-006	-1.29873553e-008	
3.96708408e+001	5.17610851e-006	-5.17607398e-006	-1.89054249e-008	
3.97710197e+001	5.48117002e-006	-5.48112859e-006	-2.13105062e-008	
3.98711986e+001	5.69247356e-006	-5.69243471e-006	-2.10309101e-008	
3.99713775e+001	5.87570412e-006	-5.87567001e-006	-2.00228740e-008	
4.00715564e+001	6.09478565e-006	-6.09476160e-006	-1.71216217e-008	
4.01717352e+001	6.31377694e-006	-6.31376934e-006	-9.79276862e-009	
4.02719141e+001	6.02158245e-006	-6.02154350e-006	2.16601999e-008	
4.03720930e+001	5.95666593e-006	-5.95648840e-006	4.59883921e-008	
4.04722719e+001	5.12367627e-006	-5.12144983e-006	1.51030266e-007	
4.05724508e+001	4.01643574e-006	-4.01052276e-006	2.17860622e-007	
4.06726297e+001	2.83296563e-006	-2.82478997e-006	2.15071885e-007	
4.07728086e+001	1.99805338e-006	-1.99015972e-006	1.77430557e-007	
4.08729875e+001	1.53060009e-006	-1.52426460e-006	1.39118899e-007	
4.09731664e+001	1.14615356e-006	-1.14108874e-006	1.07631213e-007	
4.10733453e+001	8.37447173e-007	-8.33673337e-007	7.94136873e-008	
4.11735242e+001	7.03070296e-007	-7.00030031e-007	6.53130718e-008	
4.12737030e+001	5.65422700e-007	-5.63020466e-007	5.20651973e-008	
4.13738819e+001	4.81926620e-007	-4.80102582e-007	4.18900628e-008	
4.14740608e+001	3.85733512e-007	-3.84256187e-007	3.37272099e-008	
4.15742397e+001	3.26101830e-007	-3.24958619e-007	2.72818551e-008	
4.16744186e+001	2.65994583e-007	-2.65113579e-007	2.16311952e-008	
4.17745975e+001	2.24368292e-007	-2.23698899e-007	1.73185752e-008	
4.18747764e+001	1.88010703e-007	-1.87545996e-007	1.32107420e-008	
4.19749553e+001	1.49750074e-007	-1.49470195e-007	9.15126164e-009	
4.20751342e+001	1.18552924e-007	-1.18459600e-007	4.70308159e-009	
4.21753131e+001	7.87390155e-008	-7.87386377e-008	-2.43905525e-010	
4.22754919e+001	1.74008143e-008	-1.49980047e-008	-8.82316231e-009	
4.23756708e+001	5.76726992e-008	5.57563633e-008	-1.47434115e-008	
4.24758497e+001	1.23097006e-007	1.22091762e-007	-1.56995070e-008	
4.25760286e+001	1.67917722e-007	1.67420020e-007	-1.29189074e-008	
4.26762075e+001	1.65115651e-007	1.64935550e-007	-7.70989635e-009	
4.27763864e+001	1.37980413e-007	1.37953855e-007	-2.70707056e-009	
4.28765653e+001	5.12917043e-008	5.11700597e-008	3.53042781e-009	
4.29767442e+001	1.90596183e-008	-1.75188339e-008	7.50729690e-009	
4.30769231e+001	9.80450801e-008	-9.73710007e-008	1.14771927e-008	
4.31771020e+001	1.69435089e-007	-1.68777198e-007	1.49166584e-008	
4.32772809e+001	1.99759594e-007	-1.99093715e-007	1.62968788e-008	
4.33774597e+001	2.32724528e-007	-2.32048516e-007	1.77254679e-008	
4.34776386e+001	2.15517357e-007	-2.14742153e-007	1.82630387e-008	
4.35778175e+001	2.04605229e-007	-2.03774218e-007	1.84219419e-008	
4.36779964e+001	1.76994096e-007	-1.76107256e-007	1.76958830e-008	
4.37781753e+001	1.43518608e-007	-1.42637597e-007	1.58778627e-008	
4.38783542e+001	1.15321976e-007	-1.14517288e-007	1.35995905e-008	
4.39785331e+001	9.02935262e-008	-8.96375060e-008	1.08645474e-008	
4.40787120e+001	7.13209692e-008	-7.07934289e-008	8.65858384e-009	
4.41788909e+001	5.64219205e-008	-5.59748632e-008	7.08856819e-009	
4.42790698e+001	4.66086617e-008	-4.62365116e-008	5.87812391e-009	
4.43792487e+001	3.77537745e-008	-3.74405897e-008	4.85280645e-009	
4.44794275e+001	3.04456889e-008	-3.01875009e-008	3.95661002e-009	
4.45796064e+001	2.85546355e-008	-2.83402547e-008	3.49244552e-009	
4.46797853e+001	2.70343829e-008	-2.68609090e-008	3.05768344e-009	
4.47799642e+001	2.67422645e-008	-2.66074419e-008	2.68192964e-009	
4.48801431e+001	2.64088045e-008	-2.62956259e-008	2.44233778e-009	
4.49803220e+001	2.58796292e-008	-2.57865782e-008	2.19262159e-009	
4.50805009e+001	2.55321579e-008	-2.54491274e-008	2.05742605e-009	
4.51806798e+001	2.37636635e-008	-2.36937893e-008	1.82100218e-009	
4.52808587e+001	2.12704503e-008	-2.11979598e-008	1.75458080e-009	
4.53810376e+001	1.93974131e-008	-1.93267810e-008	1.65383516e-009	
4.54812165e+001	1.85186525e-008	-1.84608560e-008	1.46194564e-009	
4.55813953e+001	1.85731414e-008	-1.85300410e-008	1.26457902e-009	
4.56815742e+001	1.89921098e-008	-1.89608803e-008	1.08869313e-009	
4.57817531e+001	2.37754078e-008	-2.37612953e-008	8.19063994e-010	
4.58819320e+001	3.01979854e-008	-3.01955139e-008	3.86346236e-010	
4.59821109e+001	4.67020420e-008	-4.66482284e-008	-2.24132027e-009	
4.60822898e+001	2.86478131e-008	-2.66812003e-008	1.04312390e-008	
4.61824687e+001	2.14013877e-009	-1.59214005e-009	1.43013427e-009	
4.62826476e+001	2.99941049e-010	2.17447759e-010	2.06594058e-010	
4.63828265e+001	1.05071833e-009	-1.01335969e-009	2.77688950e-010	
4.64830054e+001	4.42619790e-010	3.70051357e-010	-2.42846189e-010	
4.65831843e+001	2.10385684e-009	2.03103067e-009	-5.48751340e-010	
4.66833631e+001	4.25892774e-010	2.01851279e-010	-3.75020955e-010	
4.67835420e+001	8.08769133e-010	5.06244285e-010	-6.30733092e-010	
4.68837209e+001	1.32341013e-009	1.10641583e-009	-7.26125603e-010	
4.69838998e+001	1.24302952e-009	1.15110941e-009	-4.69115682e-010	
4.70840787e+001	2.80252353e-009	2.27587222e-009	-1.63540325e-009	
4.71842576e+001	1.07559519e-009	5.29676243e-010	-9.36134649e-010	
4.72844365e+001	3.14346127e-009	2.66551744e-009	-1.66624294e-009	
4.73846154e+001	2.18702729e-009	-5.71157758e-011	-2.18628135e-009	
4.74847943e+001	5.94472494e-009	5.35354295e-009	-2.58444047e-009	
4.75849732e+001	5.42414348e-009	4.19526554e-009	-3.43817968e-009	
4.76851521e+001	3.25304939e-009	2.50265335e-009	-2.07823401e-009	
4.77853309e+001	1.51832328e-008	1.32795224e-008	-7.36103543e-009	
4.78855098e+001	1.31270890e-008	9.92658232e-009	-8.58972817e-009	
4.79856887e+001	2.57376516e-008	1.52622210e-008	-2.07241724e-008	
4.80858676e+001	8.07022243e-008	5.27461545e-008	-6.10793926e-008	
4.81860465e+001	8.91122639e-007	8.88714038e-007	-6.54745528e-008	
4.82862254e+001	9.98153575e-007	9.97662422e-007	3.13089666e-008	
4.83864043e+001	8.78709414e-007	8.78676097e-007	7.65189839e-009	
4.84865832e+001	8.24687695e-007	8.24687690e-007	9.17836958e-011	
4.85867621e+001	8.06686879e-007	8.06684803e-007	-1.82999086e-009	
4.86869410e+001	7.76260695e-007	7.76250696e-007	-3.93992618e-009	
4.87871199e+001	7.52117534e-007	7.52107156e-007	-3.95105945e-009	
4.88872987e+001	7.42321855e-007	7.42310117e-007	-4.17449084e-009	
4.89874776e+001	7.32526280e-007	7.32513078e-007	-4.39792223e-009	
4.90876565e+001	7.23475759e-007	7.23462487e-007	-4.38222284e-009	
4.91878354e+001	7.14752597e-007	7.14739893e-007	-4.26144693e-009	
4.92880143e+001	7.06029441e-007	7.06017299e-007	-4.14067102e-009	
4.93881932e+001	6.95507500e-007	6.95495994e-007	-4.00060788e-009	
4.94883721e+001	6.75687953e-007	6.75677652e-007	-3.73094588e-009	
4.95885510e+001	6.56861417e-007	6.56851988e-007	-3.51949538e-009	
4.96887299e+001	6.38034900e-007	6.38026325e-007	-3.30804488e-009	
4.97889088e+001	6.19208404e-007	6.19200661e-007	-3.09659438e-009	
4.98890877e+001	6.00224590e-007	6.00217664e-007	-2.88326953e-009	
4.99892665e+001	5.81010802e-007	5.81004680e-007	-2.66720478e-009	
5.00894454e+001	5.66791347e-007	5.66785826e-007	-2.50168520e-009	
5.01896243e+001	5.52212594e-007	5.52207614e-007	-2.34525941e-009	
5.02898032e+001	5.37633858e-007	5.37629403e-007	-2.18883362e-009	
5.03899821e+001	5.23055140e-007	5.23051191e-007	-2.03240784e-009	
5.04901610e+001	5.08476441e-007	5.08472980e-007	-1.87598205e-009	
5.05903399e+001	4.93897762e-007	4.93894769e-007	-1.71955626e-009	
5.06905188e+001	4.79319106e-007	4.79316557e-007	-1.56313047e-009	
5.07906977e+001	4.64091229e-007	4.64089069e-007	-1.41581231e-009	
5.08908766e+001	4.47428084e-007	4.47426253e-007	-1.28033552e-009	
5.09910555e+001	4.30764957e-007	4.30763436e-007	-1.14485872e-009	
5.10912343e+001	4.14101849e-007	4.14100619e-007	-1.00938193e-009	
5.11914132e+001	4.00847015e-007	4.00845972e-007	-9.14280457e-010	
5.12915921e+001	3.88366222e-007	3.88365337e-007	-8.29140653e-010	
5.13917710e+001	3.71547279e-007	3.71546524e-007	-7.49328902e-010	
5.14919499e+001	3.54728342e-007	3.54727710e-007	-6.69517151e-010	
5.15921288e+001	3.39455211e-007	3.39454700e-007	-5.89239507e-010	
5.16923077e+001	3.24343807e-007	3.24343407e-007	-5.08913123e-010	
5.17924866e+001	3.09232412e-007	3.09232115e-007	-4.28586739e-010	
5.18926655e+001	2.96306226e-007	2.96306010e-007	-3.57852147e-010	
5.19928444e+001	2.87027322e-007	2.87027154e-007	-3.10394673e-010	
5.20930233e+001	2.78744383e-007	2.78744252e-007	-2.70428962e-010	
5.21932021e+001	2.70461448e-007	2.70461350e-007	-2.30463251e-010	
5.22933810e+001	2.59018348e-007	2.59018268e-007	-2.02895198e-010	
5.23935599e+001	2.47986767e-007	2.47986707e-007	-1.73696277e-010	
5.24937388e+001	2.37423984e-007	2.37423941e-007	-1.42645508e-010	
5.25939177e+001	2.26861203e-007	2.26861175e-007	-1.11594739e-010	
5.26940966e+001	2.16320675e-007	2.16320660e-007	-8.07358520e-011	
5.27942755e+001	2.08166655e-007	2.08166647e-007	-5.79221613e-011	
5.28944544e+001	2.00100422e-007	2.00100419e-007	-3.49029480e-011	
5.29946333e+001	1.92034190e-007	1.92034190e-007	-1.18837347e-011	
5.30948122e+001	1.83967962e-007	1.83967961e-007	1.11354787e-011	
5.31949911e+001	1.75759979e-007	1.75759977e-007	2.99934115e-011	
5.32951699e+001	1.67229029e-007	1.67229024e-007	3.93705256e-011	
5.33953488e+001	1.58698079e-007	1.58698071e-007	4.87476397e-011	
5.34955277e+001	1.50167130e-007	1.50167119e-007	5.81247538e-011	
5.35957066e+001	1.41508650e-007	1.41508632e-007	7.06816428e-011	
5.36958855e+001	1.33370974e-007	1.33370949e-007	8.19708126e-011	
5.37960644e+001	1.26284132e-007	1.26284104e-007	8.49552166e-011	
5.38962433e+001	1.18950851e-007	1.18950819e-007	8.78690110e-011	
5.39964222e+001	1.11443631e-007	1.11443594e-007	9.07329681e-011	
5.40966011e+001	1.03936412e-007	1.03936370e-007	9.35969252e-011	
5.41967800e+001	9.73656722e-008	9.73656271e-008	9.36383496e-011	
5.42969589e+001	9.13381620e-008	9.13381157e-008	9.20424873e-011	
5.43971377e+001	8.59288788e-008	8.59288296e-008	9.19206280e-011	
5.44973166e+001	8.08857546e-008	8.08857015e-008	9.26717799e-011	
5.45974955e+001	7.58426309e-008	7.58425734e-008	9.34229318e-011	
5.46976744e+001	6.99267847e-008	6.99267267e-008	9.00696358e-011	
5.47978533e+001	6.37232587e-008	6.37232015e-008	8.53633697e-011	
5.48980322e+001	5.75197328e-008	5.75196762e-008	8.06571037e-011	
5.49982111e+001	5.19055400e-008	5.19054871e-008	7.41291732e-011	
5.50983900e+001	4.66806291e-008	4.66805819e-008	6.63979483e-011	
5.51985689e+001	4.14557182e-008	4.14556767e-008	5.86667234e-011	
5.52987478e+001	3.62308073e-008	3.62307715e-008	5.09354984e-011	
5.53989267e+001	3.10058965e-008	3.10058664e-008	4.32042735e-011	
5.54991055e+001	2.57182772e-008	2.57182513e-008	3.65030876e-011	
5.55992844e+001	2.04277528e-008	2.04277310e-008	2.98507057e-011	
5.56994633e+001	1.51243521e-008	1.51243348e-008	2.28820732e-011	
5.57996422e+001	1.01037175e-008	1.01037058e-008	1.53481130e-011	
5.58998211e+001	4.79143798e-009	4.79143214e-009	7.48148565e-012	
5.60000000e+001	3.04493823e-010	3.04492647e-010	8.46175275e-013	
