% Column 0: Length, cm
% Column 1: |B.n|, Tesla
% Column 2: Re[B.n], Tesla
% Column 3: Im[B.n], Tesla
0.00000000e+000	9.31048051e-016	-9.31047293e-016	-1.18745180e-018	
1.00178891e-001	9.20378617e-015	-9.20377869e-015	-1.17361978e-017	
2.00357782e-001	1.47737205e-014	-1.47737085e-014	-1.88127542e-017	
3.00536673e-001	2.58452330e-014	-2.58452124e-014	-3.26186999e-017	
4.00715564e-001	2.58452330e-014	-2.58452124e-014	-3.26186999e-017	
5.00894454e-001	4.16640469e-014	-4.16640159e-014	-5.08273397e-017	
6.01073345e-001	4.16640469e-014	-4.16640159e-014	-5.08273397e-017	
7.01252236e-001	4.16640469e-014	-4.16640159e-014	-5.08273397e-017	
8.01431127e-001	4.16640469e-014	-4.16640159e-014	-5.08273397e-017	
9.01610018e-001	1.21655291e-013	-1.21655273e-013	-6.58731853e-017	
1.00178891e+000	1.21655291e-013	-1.21655273e-013	-6.58731853e-017	
1.10196780e+000	1.21655291e-013	-1.21655273e-013	-6.58731853e-017	
1.20214669e+000	1.21655291e-013	-1.21655273e-013	-6.58731853e-017	
1.30232558e+000	1.21655291e-013	-1.21655273e-013	-6.58731853e-017	
1.40250447e+000	1.21655291e-013	-1.21655273e-013	-6.58731853e-017	
1.50268336e+000	1.21655291e-013	-1.21655273e-013	-6.58731853e-017	
1.60286225e+000	1.21655291e-013	-1.21655273e-013	-6.58731853e-017	
1.70304114e+000	1.21655291e-013	-1.21655273e-013	-6.58731853e-017	
1.80322004e+000	1.40456025e-013	-1.40456025e-013	-1.33021652e-017	
1.90339893e+000	1.40456025e-013	-1.40456025e-013	-1.33021652e-017	
2.00357782e+000	1.40456025e-013	-1.40456025e-013	-1.33021652e-017	
2.10375671e+000	1.40456025e-013	-1.40456025e-013	-1.33021652e-017	
2.20393560e+000	1.97137588e-013	-1.97137511e-013	1.74282906e-016	
2.30411449e+000	1.97137588e-013	-1.97137511e-013	1.74282906e-016	
2.40429338e+000	1.97137588e-013	-1.97137511e-013	1.74282906e-016	
2.50447227e+000	1.97137588e-013	-1.97137511e-013	1.74282906e-016	
2.60465116e+000	1.97137588e-013	-1.97137511e-013	1.74282906e-016	
2.70483005e+000	2.33512482e-013	-2.33511970e-013	4.89351059e-016	
2.80500894e+000	2.33512482e-013	-2.33511970e-013	4.89351059e-016	
2.90518784e+000	2.33512482e-013	-2.33511970e-013	4.89351059e-016	
3.00536673e+000	2.33512482e-013	-2.33511970e-013	4.89351059e-016	
3.10554562e+000	2.33512482e-013	-2.33511970e-013	4.89351059e-016	
3.20572451e+000	2.33512482e-013	-2.33511970e-013	4.89351059e-016	
3.30590340e+000	2.33512482e-013	-2.33511970e-013	4.89351059e-016	
3.40608229e+000	2.33512482e-013	-2.33511970e-013	4.89351059e-016	
3.50626118e+000	2.33512482e-013	-2.33511970e-013	4.89351059e-016	
3.60644007e+000	3.45291303e-013	-3.45289250e-013	1.19068607e-015	
3.70661896e+000	3.45291303e-013	-3.45289250e-013	1.19068607e-015	
3.80679785e+000	3.45291303e-013	-3.45289250e-013	1.19068607e-015	
3.90697674e+000	3.45291303e-013	-3.45289250e-013	1.19068607e-015	
4.00715564e+000	4.00836364e-013	-4.00830930e-013	2.08720409e-015	
4.10733453e+000	4.00836364e-013	-4.00830930e-013	2.08720409e-015	
4.20751342e+000	4.00836364e-013	-4.00830930e-013	2.08720409e-015	
4.30769231e+000	4.00836364e-013	-4.00830930e-013	2.08720409e-015	
4.40787120e+000	4.00836364e-013	-4.00830930e-013	2.08720409e-015	
4.50805009e+000	4.00836364e-013	-4.00830930e-013	2.08720409e-015	
4.60822898e+000	4.00836364e-013	-4.00830930e-013	2.08720409e-015	
4.70840787e+000	4.00836364e-013	-4.00830930e-013	2.08720409e-015	
4.80858676e+000	4.00836364e-013	-4.00830930e-013	2.08720409e-015	
4.90876565e+000	4.88339528e-013	-4.88329157e-013	3.18265431e-015	
5.00894454e+000	4.88339528e-013	-4.88329157e-013	3.18265431e-015	
5.10912343e+000	4.88339528e-013	-4.88329157e-013	3.18265431e-015	
5.20930233e+000	4.88339528e-013	-4.88329157e-013	3.18265431e-015	
5.30948122e+000	5.25639569e-013	-5.25623051e-013	4.16707780e-015	
5.40966011e+000	5.25639569e-013	-5.25623051e-013	4.16707780e-015	
5.50983900e+000	5.25639569e-013	-5.25623051e-013	4.16707780e-015	
5.61001789e+000	5.25639569e-013	-5.25623051e-013	4.16707780e-015	
5.71019678e+000	4.31633369e-013	-4.31614588e-013	4.02647377e-015	
5.81037567e+000	4.31633369e-013	-4.31614588e-013	4.02647377e-015	
5.91055456e+000	4.31633369e-013	-4.31614588e-013	4.02647377e-015	
6.01073345e+000	4.31633369e-013	-4.31614588e-013	4.02647377e-015	
6.11091234e+000	4.31633369e-013	-4.31614588e-013	4.02647377e-015	
6.21109123e+000	4.31633369e-013	-4.31614588e-013	4.02647377e-015	
6.31127013e+000	4.31633369e-013	-4.31614588e-013	4.02647377e-015	
6.41144902e+000	4.31633369e-013	-4.31614588e-013	4.02647377e-015	
6.51162791e+000	4.31633369e-013	-4.31614588e-013	4.02647377e-015	
6.61180680e+000	4.74656670e-013	-4.74632977e-013	4.74250900e-015	
6.71198569e+000	4.74656670e-013	-4.74632977e-013	4.74250900e-015	
6.81216458e+000	4.74656670e-013	-4.74632977e-013	4.74250900e-015	
6.91234347e+000	4.74656670e-013	-4.74632977e-013	4.74250900e-015	
7.01252236e+000	4.53072715e-013	-4.53053208e-013	4.20422989e-015	
7.11270125e+000	4.53072715e-013	-4.53053208e-013	4.20422989e-015	
7.21288014e+000	4.53072715e-013	-4.53053208e-013	4.20422989e-015	
7.31305903e+000	4.53072715e-013	-4.53053208e-013	4.20422989e-015	
7.41323792e+000	4.53072715e-013	-4.53053208e-013	4.20422989e-015	
7.51341682e+000	3.19668950e-013	-3.19659043e-013	2.51669871e-015	
7.61359571e+000	3.19668950e-013	-3.19659043e-013	2.51669871e-015	
7.71377460e+000	3.19668950e-013	-3.19659043e-013	2.51669871e-015	
7.81395349e+000	3.19668950e-013	-3.19659043e-013	2.51669871e-015	
7.91413238e+000	2.32388089e-013	-2.32387067e-013	-6.89355091e-016	
8.01431127e+000	2.32388089e-013	-2.32387067e-013	-6.89355091e-016	
8.11449016e+000	2.32388089e-013	-2.32387067e-013	-6.89355091e-016	
8.21466905e+000	2.32388089e-013	-2.32387067e-013	-6.89355091e-016	
8.31484794e+000	2.32388089e-013	-2.32387067e-013	-6.89355091e-016	
8.41502683e+000	6.27367994e-014	-6.23692953e-014	-6.78063418e-015	
8.51520572e+000	6.27367994e-014	-6.23692953e-014	-6.78063418e-015	
8.61538462e+000	6.27367994e-014	-6.23692953e-014	-6.78063418e-015	
8.71556351e+000	6.27367994e-014	-6.23692953e-014	-6.78063418e-015	
8.81574240e+000	1.79288706e-013	1.78714722e-013	-1.43348640e-014	
8.91592129e+000	1.79288706e-013	1.78714722e-013	-1.43348640e-014	
9.01610018e+000	1.79288706e-013	1.78714722e-013	-1.43348640e-014	
9.11627907e+000	1.79288706e-013	1.78714722e-013	-1.43348640e-014	
9.21645796e+000	1.79288706e-013	1.78714722e-013	-1.43348640e-014	
9.31663685e+000	1.79288706e-013	1.78714722e-013	-1.43348640e-014	
9.41681574e+000	1.79288706e-013	1.78714722e-013	-1.43348640e-014	
9.51699463e+000	1.79288706e-013	1.78714722e-013	-1.43348640e-014	
9.61717352e+000	1.79288706e-013	1.78714722e-013	-1.43348640e-014	
9.71735242e+000	4.33716124e-013	4.33061113e-013	-2.38274769e-014	
9.81753131e+000	4.33716124e-013	4.33061113e-013	-2.38274769e-014	
9.91771020e+000	4.33716124e-013	4.33061113e-013	-2.38274769e-014	
1.00178891e+001	4.33716124e-013	4.33061113e-013	-2.38274769e-014	
1.01180680e+001	8.39621726e-013	8.38627775e-013	-4.08423406e-014	
1.02182469e+001	8.39621726e-013	8.38627775e-013	-4.08423406e-014	
1.03184258e+001	8.39621726e-013	8.38627775e-013	-4.08423406e-014	
1.04186047e+001	8.39621726e-013	8.38627775e-013	-4.08423406e-014	
1.05187835e+001	1.38662056e-012	1.38542763e-012	-5.75054355e-014	
1.06189624e+001	1.38662056e-012	1.38542763e-012	-5.75054355e-014	
1.07191413e+001	1.38662056e-012	1.38542763e-012	-5.75054355e-014	
1.08193202e+001	1.38662056e-012	1.38542763e-012	-5.75054355e-014	
1.09194991e+001	1.38662056e-012	1.38542763e-012	-5.75054355e-014	
1.10196780e+001	1.78372221e-012	1.78253352e-012	-6.51088827e-014	
1.11198569e+001	1.78372221e-012	1.78253352e-012	-6.51088827e-014	
1.12200358e+001	1.78372221e-012	1.78253352e-012	-6.51088827e-014	
1.13202147e+001	1.78372221e-012	1.78253352e-012	-6.51088827e-014	
1.14203936e+001	1.78372221e-012	1.78253352e-012	-6.51088827e-014	
1.15205725e+001	1.78372221e-012	1.78253352e-012	-6.51088827e-014	
1.16207513e+001	1.78372221e-012	1.78253352e-012	-6.51088827e-014	
1.17209302e+001	1.78372221e-012	1.78253352e-012	-6.51088827e-014	
1.18211091e+001	3.59255802e-012	3.59088391e-012	-1.09662457e-013	
1.19212880e+001	3.59255802e-012	3.59088391e-012	-1.09662457e-013	
1.20214669e+001	3.59255802e-012	3.59088391e-012	-1.09662457e-013	
1.21216458e+001	3.59255802e-012	3.59088391e-012	-1.09662457e-013	
1.22218247e+001	3.59255802e-012	3.59088391e-012	-1.09662457e-013	
1.23220036e+001	5.44624399e-012	5.44468117e-012	-1.30462970e-013	
1.24221825e+001	5.44624399e-012	5.44468117e-012	-1.30462970e-013	
1.25223614e+001	5.44624399e-012	5.44468117e-012	-1.30462970e-013	
1.26225403e+001	5.44624399e-012	5.44468117e-012	-1.30462970e-013	
1.27227191e+001	5.44624399e-012	5.44468117e-012	-1.30462970e-013	
1.28228980e+001	5.44624399e-012	5.44468117e-012	-1.30462970e-013	
1.29230769e+001	5.44624399e-012	5.44468117e-012	-1.30462970e-013	
1.30232558e+001	5.44624399e-012	5.44468117e-012	-1.30462970e-013	
1.31234347e+001	5.44624399e-012	5.44468117e-012	-1.30462970e-013	
1.32236136e+001	1.05566595e-011	1.05552470e-011	-1.72683197e-013	
1.33237925e+001	1.05566595e-011	1.05552470e-011	-1.72683197e-013	
1.34239714e+001	1.05566595e-011	1.05552470e-011	-1.72683197e-013	
1.35241503e+001	1.05566595e-011	1.05552470e-011	-1.72683197e-013	
1.36243292e+001	1.05566595e-011	1.05552470e-011	-1.72683197e-013	
1.37245081e+001	1.05566595e-011	1.05552470e-011	-1.72683197e-013	
1.38246869e+001	1.05566595e-011	1.05552470e-011	-1.72683197e-013	
1.39248658e+001	1.05566595e-011	1.05552470e-011	-1.72683197e-013	
1.40250447e+001	1.28661326e-011	1.28650204e-011	-1.69163703e-013	
1.41252236e+001	1.28661326e-011	1.28650204e-011	-1.69163703e-013	
1.42254025e+001	1.28661326e-011	1.28650204e-011	-1.69163703e-013	
1.43255814e+001	1.28661326e-011	1.28650204e-011	-1.69163703e-013	
1.44257603e+001	1.28661326e-011	1.28650204e-011	-1.69163703e-013	
1.45259392e+001	2.09264660e-011	2.09256861e-011	-1.80665607e-013	
1.46261181e+001	2.09264660e-011	2.09256861e-011	-1.80665607e-013	
1.47262970e+001	2.09264660e-011	2.09256861e-011	-1.80665607e-013	
1.48264758e+001	2.09264660e-011	2.09256861e-011	-1.80665607e-013	
1.49266547e+001	2.33402410e-011	2.33399010e-011	-1.25995607e-013	
1.50268336e+001	2.33402410e-011	2.33399010e-011	-1.25995607e-013	
1.51270125e+001	2.33402410e-011	2.33399010e-011	-1.25995607e-013	
1.52271914e+001	2.33402410e-011	2.33399010e-011	-1.25995607e-013	
1.53273703e+001	2.58677098e-011	2.58675919e-011	-7.81211538e-014	
1.54275492e+001	2.58677098e-011	2.58675919e-011	-7.81211538e-014	
1.55277281e+001	2.58677098e-011	2.58675919e-011	-7.81211538e-014	
1.56279070e+001	2.58677098e-011	2.58675919e-011	-7.81211538e-014	
1.57280859e+001	2.58677098e-011	2.58675919e-011	-7.81211538e-014	
1.58282648e+001	4.30240414e-011	4.30240377e-011	-1.77004738e-014	
1.59284436e+001	4.30240414e-011	4.30240377e-011	-1.77004738e-014	
1.60286225e+001	4.30240414e-011	4.30240377e-011	-1.77004738e-014	
1.61288014e+001	4.30240414e-011	4.30240377e-011	-1.77004738e-014	
1.62289803e+001	4.42195238e-011	4.42195012e-011	4.46702206e-014	
1.63291592e+001	4.42195238e-011	4.42195012e-011	4.46702206e-014	
1.64293381e+001	4.42195238e-011	4.42195012e-011	4.46702206e-014	
1.65295170e+001	4.42195238e-011	4.42195012e-011	4.46702206e-014	
1.66296959e+001	4.35419483e-011	4.35418677e-011	8.37725850e-014	
1.67298748e+001	4.35419483e-011	4.35418677e-011	8.37725850e-014	
1.68300537e+001	4.35419483e-011	4.35418677e-011	8.37725850e-014	
1.69302326e+001	4.35419483e-011	4.35418677e-011	8.37725850e-014	
1.70304114e+001	4.35419483e-011	4.35418677e-011	8.37725850e-014	
1.71305903e+001	4.22589210e-011	4.22588491e-011	7.79102723e-014	
1.72307692e+001	4.22589210e-011	4.22588491e-011	7.79102723e-014	
1.73309481e+001	4.22589210e-011	4.22588491e-011	7.79102723e-014	
1.74311270e+001	4.22589210e-011	4.22588491e-011	7.79102723e-014	
1.75313059e+001	4.22589210e-011	4.22588491e-011	7.79102723e-014	
1.76314848e+001	4.22589210e-011	4.22588491e-011	7.79102723e-014	
1.77316637e+001	4.22589210e-011	4.22588491e-011	7.79102723e-014	
1.78318426e+001	4.22589210e-011	4.22588491e-011	7.79102723e-014	
1.79320215e+001	4.22589210e-011	4.22588491e-011	7.79102723e-014	
1.80322004e+001	5.38169680e-011	5.38169507e-011	4.31444956e-014	
1.81323792e+001	5.38169680e-011	5.38169507e-011	4.31444956e-014	
1.82325581e+001	5.38169680e-011	5.38169507e-011	4.31444956e-014	
1.83327370e+001	5.38169680e-011	5.38169507e-011	4.31444956e-014	
1.84329159e+001	4.66005920e-011	4.66005830e-011	-2.89436712e-014	
1.85330948e+001	4.66005920e-011	4.66005830e-011	-2.89436712e-014	
1.86332737e+001	4.66005920e-011	4.66005830e-011	-2.89436712e-014	
1.87334526e+001	4.66005920e-011	4.66005830e-011	-2.89436712e-014	
1.88336315e+001	4.66005920e-011	4.66005830e-011	-2.89436712e-014	
1.89338104e+001	4.66005920e-011	4.66005830e-011	-2.89436712e-014	
1.90339893e+001	4.66005920e-011	4.66005830e-011	-2.89436712e-014	
1.91341682e+001	4.66005920e-011	4.66005830e-011	-2.89436712e-014	
1.92343470e+001	4.66005920e-011	4.66005830e-011	-2.89436712e-014	
1.93345259e+001	5.26852211e-011	5.26851168e-011	-1.04808636e-013	
1.94347048e+001	5.26852211e-011	5.26851168e-011	-1.04808636e-013	
1.95348837e+001	5.26852211e-011	5.26851168e-011	-1.04808636e-013	
1.96350626e+001	5.26852211e-011	5.26851168e-011	-1.04808636e-013	
1.97352415e+001	4.10199095e-011	4.10197079e-011	-1.28580964e-013	
1.98354204e+001	4.10199095e-011	4.10197079e-011	-1.28580964e-013	
1.99355993e+001	4.10199095e-011	4.10197079e-011	-1.28580964e-013	
2.00357782e+001	4.10199095e-011	4.10197079e-011	-1.28580964e-013	
2.01359571e+001	2.81346384e-011	2.81343532e-011	-1.26669517e-013	
2.02361360e+001	2.81346384e-011	2.81343532e-011	-1.26669517e-013	
2.03363148e+001	2.81346384e-011	2.81343532e-011	-1.26669517e-013	
2.04364937e+001	2.81346384e-011	2.81343532e-011	-1.26669517e-013	
2.05366726e+001	2.81346384e-011	2.81343532e-011	-1.26669517e-013	
2.06368515e+001	1.53201381e-011	1.53199786e-011	-6.99108142e-014	
2.07370304e+001	1.53201381e-011	1.53199786e-011	-6.99108142e-014	
2.08372093e+001	1.53201381e-011	1.53199786e-011	-6.99108142e-014	
2.09373882e+001	1.53201381e-011	1.53199786e-011	-6.99108142e-014	
2.10375671e+001	1.53201381e-011	1.53199786e-011	-6.99108142e-014	
2.11377460e+001	1.53201381e-011	1.53199786e-011	-6.99108142e-014	
2.12379249e+001	1.53201381e-011	1.53199786e-011	-6.99108142e-014	
2.13381038e+001	1.53201381e-011	1.53199786e-011	-6.99108142e-014	
2.14382826e+001	3.03870321e-012	-3.03835756e-012	4.58317795e-014	
2.15384615e+001	3.03870321e-012	-3.03835756e-012	4.58317795e-014	
2.16386404e+001	3.03870321e-012	-3.03835756e-012	4.58317795e-014	
2.17388193e+001	3.03870321e-012	-3.03835756e-012	4.58317795e-014	
2.18389982e+001	3.03870321e-012	-3.03835756e-012	4.58317795e-014	
2.19391771e+001	1.28724583e-011	-1.28720097e-011	1.07462691e-013	
2.20393560e+001	1.28724583e-011	-1.28720097e-011	1.07462691e-013	
2.21395349e+001	1.28724583e-011	-1.28720097e-011	1.07462691e-013	
2.22397138e+001	1.28724583e-011	-1.28720097e-011	1.07462691e-013	
2.23398927e+001	2.29806983e-011	-2.29801835e-011	1.53831235e-013	
2.24400716e+001	2.29806983e-011	-2.29801835e-011	1.53831235e-013	
2.25402504e+001	2.29806983e-011	-2.29801835e-011	1.53831235e-013	
2.26404293e+001	2.29806983e-011	-2.29801835e-011	1.53831235e-013	
2.27406082e+001	2.29806983e-011	-2.29801835e-011	1.53831235e-013	
2.28407871e+001	3.92392852e-011	-3.92387524e-011	2.04479596e-013	
2.29409660e+001	3.92392852e-011	-3.92387524e-011	2.04479596e-013	
2.30411449e+001	3.92392852e-011	-3.92387524e-011	2.04479596e-013	
2.31413238e+001	3.92392852e-011	-3.92387524e-011	2.04479596e-013	
2.32415027e+001	3.92392852e-011	-3.92387524e-011	2.04479596e-013	
2.33416816e+001	3.92392852e-011	-3.92387524e-011	2.04479596e-013	
2.34418605e+001	3.92392852e-011	-3.92387524e-011	2.04479596e-013	
2.35420394e+001	3.92392852e-011	-3.92387524e-011	2.04479596e-013	
2.36422182e+001	4.17057611e-011	-4.17054620e-011	1.57968700e-013	
2.37423971e+001	4.17057611e-011	-4.17054620e-011	1.57968700e-013	
2.38425760e+001	4.17057611e-011	-4.17054620e-011	1.57968700e-013	
2.39427549e+001	4.17057611e-011	-4.17054620e-011	1.57968700e-013	
2.40429338e+001	4.17057611e-011	-4.17054620e-011	1.57968700e-013	
2.41431127e+001	5.01537959e-011	-5.01536595e-011	1.16996290e-013	
2.42432916e+001	5.01537959e-011	-5.01536595e-011	1.16996290e-013	
2.43434705e+001	5.01537959e-011	-5.01536595e-011	1.16996290e-013	
2.44436494e+001	5.01537959e-011	-5.01536595e-011	1.16996290e-013	
2.45438283e+001	4.97854869e-011	-4.97854759e-011	3.30449281e-014	
2.46440072e+001	4.97854869e-011	-4.97854759e-011	3.30449281e-014	
2.47441860e+001	4.97854869e-011	-4.97854759e-011	3.30449281e-014	
2.48443649e+001	4.97854869e-011	-4.97854759e-011	3.30449281e-014	
2.49445438e+001	5.10494168e-011	-5.10494166e-011	-4.62565868e-015	
2.50447227e+001	5.10494168e-011	-5.10494166e-011	-4.62565868e-015	
2.51449016e+001	5.10494168e-011	-5.10494166e-011	-4.62565868e-015	
2.52450805e+001	5.10494168e-011	-5.10494166e-011	-4.62565868e-015	
2.53452594e+001	5.10494168e-011	-5.10494166e-011	-4.62565868e-015	
2.54454383e+001	5.02022219e-011	-5.02022044e-011	-4.19495604e-014	
2.55456172e+001	5.02022219e-011	-5.02022044e-011	-4.19495604e-014	
2.56457961e+001	5.02022219e-011	-5.02022044e-011	-4.19495604e-014	
2.57459750e+001	5.02022219e-011	-5.02022044e-011	-4.19495604e-014	
2.58461538e+001	3.04574173e-011	-3.04573742e-011	-5.12428889e-014	
2.59463327e+001	3.04574173e-011	-3.04573742e-011	-5.12428889e-014	
2.60465116e+001	3.04574173e-011	-3.04573742e-011	-5.12428889e-014	
2.61466905e+001	3.04574173e-011	-3.04573742e-011	-5.12428889e-014	
2.62468694e+001	3.04574173e-011	-3.04573742e-011	-5.12428889e-014	
2.63470483e+001	3.04574173e-011	-3.04573742e-011	-5.12428889e-014	
2.64472272e+001	3.04574173e-011	-3.04573742e-011	-5.12428889e-014	
2.65474061e+001	3.04574173e-011	-3.04573742e-011	-5.12428889e-014	
2.66475850e+001	3.04574173e-011	-3.04573742e-011	-5.12428889e-014	
2.67477639e+001	3.51884743e-011	-3.51884118e-011	-6.62942690e-014	
2.68479428e+001	3.51884743e-011	-3.51884118e-011	-6.62942690e-014	
2.69481216e+001	3.51884743e-011	-3.51884118e-011	-6.62942690e-014	
2.70483005e+001	3.51884743e-011	-3.51884118e-011	-6.62942690e-014	
2.71484794e+001	3.40510442e-011	-3.40509995e-011	-5.51557247e-014	
2.72486583e+001	3.40510442e-011	-3.40509995e-011	-5.51557247e-014	
2.73488372e+001	3.40510442e-011	-3.40509995e-011	-5.51557247e-014	
2.74490161e+001	3.40510442e-011	-3.40509995e-011	-5.51557247e-014	
2.75491950e+001	3.40510442e-011	-3.40509995e-011	-5.51557247e-014	
2.76493739e+001	2.55778399e-011	-2.55778212e-011	-3.08773472e-014	
2.77495528e+001	2.55778399e-011	-2.55778212e-011	-3.08773472e-014	
2.78497317e+001	2.27607217e-011	-2.27607117e-011	-2.13021196e-014	
2.79499106e+001	2.09377663e-011	-2.09377625e-011	-1.26104619e-014	
2.80500894e+001	1.93006288e-011	-1.93006271e-011	-7.99192488e-015	
2.81502683e+001	1.87586774e-011	-1.87586773e-011	-1.51359856e-015	
2.82504472e+001	1.85643425e-011	-1.85643423e-011	3.16160059e-015	
2.83506261e+001	1.86820991e-011	-1.86820951e-011	1.21322789e-014	
2.84508050e+001	1.96825886e-011	-1.96825750e-011	2.31673644e-014	
2.85509839e+001	1.96825886e-011	-1.96825750e-011	2.31673644e-014	
2.86511628e+001	1.96825886e-011	-1.96825750e-011	2.31673644e-014	
2.87513417e+001	1.80117430e-011	-1.80117152e-011	3.16642127e-014	
2.88515206e+001	1.80117430e-011	-1.80117152e-011	3.16642127e-014	
2.89516995e+001	1.30520637e-011	-1.30519986e-011	4.12088809e-014	
2.90518784e+001	1.30520637e-011	-1.30519986e-011	4.12088809e-014	
2.91520572e+001	1.30520637e-011	-1.30519986e-011	4.12088809e-014	
2.92522361e+001	1.30520637e-011	-1.30519986e-011	4.12088809e-014	
2.93524150e+001	1.18402775e-011	-1.18400846e-011	6.75957074e-014	
2.94525939e+001	1.18402775e-011	-1.18400846e-011	6.75957074e-014	
2.95527728e+001	1.18402775e-011	-1.18400846e-011	6.75957074e-014	
2.96529517e+001	1.18402775e-011	-1.18400846e-011	6.75957074e-014	
2.97531306e+001	1.18402775e-011	-1.18400846e-011	6.75957074e-014	
2.98533095e+001	8.32160658e-012	-8.32133607e-012	6.70975360e-014	
2.99534884e+001	8.32160658e-012	-8.32133607e-012	6.70975360e-014	
3.00536673e+001	8.32160658e-012	-8.32133607e-012	6.70975360e-014	
3.01538462e+001	8.32160658e-012	-8.32133607e-012	6.70975360e-014	
3.02540250e+001	6.58555313e-012	-6.58511402e-012	7.60485807e-014	
3.03542039e+001	6.58555313e-012	-6.58511402e-012	7.60485807e-014	
3.04543828e+001	6.58555313e-012	-6.58511402e-012	7.60485807e-014	
3.05545617e+001	6.58555313e-012	-6.58511402e-012	7.60485807e-014	
3.06547406e+001	5.09079820e-012	-5.09014091e-012	8.18039984e-014	
3.07549195e+001	5.09079820e-012	-5.09014091e-012	8.18039984e-014	
3.08550984e+001	5.09079820e-012	-5.09014091e-012	8.18039984e-014	
3.09552773e+001	5.09079820e-012	-5.09014091e-012	8.18039984e-014	
3.10554562e+001	5.09079820e-012	-5.09014091e-012	8.18039984e-014	
3.11556351e+001	5.09079820e-012	-5.09014091e-012	8.18039984e-014	
3.12558140e+001	5.09079820e-012	-5.09014091e-012	8.18039984e-014	
3.13559928e+001	5.09079820e-012	-5.09014091e-012	8.18039984e-014	
3.14561717e+001	5.09079820e-012	-5.09014091e-012	8.18039984e-014	
3.15563506e+001	3.32648527e-012	-3.32577220e-012	6.88733705e-014	
3.16565295e+001	3.32648527e-012	-3.32577220e-012	6.88733705e-014	
3.17567084e+001	3.32648527e-012	-3.32577220e-012	6.88733705e-014	
3.18568873e+001	3.32648527e-012	-3.32577220e-012	6.88733705e-014	
3.19570662e+001	3.32648527e-012	-3.32577220e-012	6.88733705e-014	
3.20572451e+001	3.32648527e-012	-3.32577220e-012	6.88733705e-014	
3.21574240e+001	3.32648527e-012	-3.32577220e-012	6.88733705e-014	
3.22576029e+001	3.32648527e-012	-3.32577220e-012	6.88733705e-014	
3.23577818e+001	3.32648527e-012	-3.32577220e-012	6.88733705e-014	
3.24579606e+001	2.45611830e-012	-2.45531894e-012	6.26579407e-014	
3.25581395e+001	2.45611830e-012	-2.45531894e-012	6.26579407e-014	
3.26583184e+001	2.45611830e-012	-2.45531894e-012	6.26579407e-014	
3.27584973e+001	2.45611830e-012	-2.45531894e-012	6.26579407e-014	
3.28586762e+001	2.45611830e-012	-2.45531894e-012	6.26579407e-014	
3.29588551e+001	2.45611830e-012	-2.45531894e-012	6.26579407e-014	
3.30590340e+001	2.45611830e-012	-2.45531894e-012	6.26579407e-014	
3.31592129e+001	2.45611830e-012	-2.45531894e-012	6.26579407e-014	
3.32593918e+001	1.68373417e-012	-1.68315646e-012	4.41031088e-014	
3.33595707e+001	1.68373417e-012	-1.68315646e-012	4.41031088e-014	
3.34597496e+001	1.68373417e-012	-1.68315646e-012	4.41031088e-014	
3.35599284e+001	1.68373417e-012	-1.68315646e-012	4.41031088e-014	
3.36601073e+001	1.68373417e-012	-1.68315646e-012	4.41031088e-014	
3.37602862e+001	2.12537108e-012	-2.12467720e-012	5.43046627e-014	
3.38604651e+001	2.12537108e-012	-2.12467720e-012	5.43046627e-014	
3.39606440e+001	2.12537108e-012	-2.12467720e-012	5.43046627e-014	
3.40608229e+001	2.12537108e-012	-2.12467720e-012	5.43046627e-014	
3.41610018e+001	1.56587118e-012	-1.56541658e-012	3.77293324e-014	
3.42611807e+001	1.56587118e-012	-1.56541658e-012	3.77293324e-014	
3.43613596e+001	1.56587118e-012	-1.56541658e-012	3.77293324e-014	
3.44615385e+001	1.56587118e-012	-1.56541658e-012	3.77293324e-014	
3.45617174e+001	1.56587118e-012	-1.56541658e-012	3.77293324e-014	
3.46618962e+001	1.61432540e-012	-1.61390837e-012	3.66913421e-014	
3.47620751e+001	1.61432540e-012	-1.61390837e-012	3.66913421e-014	
3.48622540e+001	1.61432540e-012	-1.61390837e-012	3.66913421e-014	
3.49624329e+001	1.61432540e-012	-1.61390837e-012	3.66913421e-014	
3.50626118e+001	1.22610060e-012	-1.22584481e-012	2.50433270e-014	
3.51627907e+001	1.22610060e-012	-1.22584481e-012	2.50433270e-014	
3.52629696e+001	1.22610060e-012	-1.22584481e-012	2.50433270e-014	
3.53631485e+001	1.22610060e-012	-1.22584481e-012	2.50433270e-014	
3.54633274e+001	1.22610060e-012	-1.22584481e-012	2.50433270e-014	
3.55635063e+001	1.22610060e-012	-1.22584481e-012	2.50433270e-014	
3.56636852e+001	1.22610060e-012	-1.22584481e-012	2.50433270e-014	
3.57638640e+001	1.22610060e-012	-1.22584481e-012	2.50433270e-014	
3.58640429e+001	1.22610060e-012	-1.22584481e-012	2.50433270e-014	
3.59642218e+001	1.28590068e-012	-1.28570113e-012	2.26528680e-014	
3.60644007e+001	1.28590068e-012	-1.28570113e-012	2.26528680e-014	
3.61645796e+001	1.28590068e-012	-1.28570113e-012	2.26528680e-014	
3.62647585e+001	1.28590068e-012	-1.28570113e-012	2.26528680e-014	
3.63649374e+001	1.43021532e-012	-1.43004437e-012	2.21129710e-014	
3.64651163e+001	1.43021532e-012	-1.43004437e-012	2.21129710e-014	
3.65652952e+001	1.43021532e-012	-1.43004437e-012	2.21129710e-014	
3.66654741e+001	1.43021532e-012	-1.43004437e-012	2.21129710e-014	
3.67656530e+001	1.40256102e-012	-1.40242771e-012	1.93376693e-014	
3.68658318e+001	1.40256102e-012	-1.40242771e-012	1.93376693e-014	
3.69660107e+001	1.40256102e-012	-1.40242771e-012	1.93376693e-014	
3.70661896e+001	1.40256102e-012	-1.40242771e-012	1.93376693e-014	
3.71663685e+001	1.40256102e-012	-1.40242771e-012	1.93376693e-014	
3.72665474e+001	1.34982874e-012	-1.34972465e-012	1.67626438e-014	
3.73667263e+001	1.34982874e-012	-1.34972465e-012	1.67626438e-014	
3.74669052e+001	1.34982874e-012	-1.34972465e-012	1.67626438e-014	
3.75670841e+001	1.34982874e-012	-1.34972465e-012	1.67626438e-014	
3.76672630e+001	1.30688456e-012	-1.30679630e-012	1.51886104e-014	
3.77674419e+001	1.30688456e-012	-1.30679630e-012	1.51886104e-014	
3.78676208e+001	1.30688456e-012	-1.30679630e-012	1.51886104e-014	
3.79677996e+001	1.30688456e-012	-1.30679630e-012	1.51886104e-014	
3.80679785e+001	1.21742352e-012	-1.21734757e-012	1.35987406e-014	
3.81681574e+001	1.21742352e-012	-1.21734757e-012	1.35987406e-014	
3.82683363e+001	1.21742352e-012	-1.21734757e-012	1.35987406e-014	
3.83685152e+001	1.21742352e-012	-1.21734757e-012	1.35987406e-014	
3.84686941e+001	1.21742352e-012	-1.21734757e-012	1.35987406e-014	
3.85688730e+001	1.29223231e-012	-1.29214566e-012	1.49649808e-014	
3.86690519e+001	1.29223231e-012	-1.29214566e-012	1.49649808e-014	
3.87692308e+001	1.29223231e-012	-1.29214566e-012	1.49649808e-014	
3.88694097e+001	1.29223231e-012	-1.29214566e-012	1.49649808e-014	
3.89695886e+001	1.29223231e-012	-1.29214566e-012	1.49649808e-014	
3.90697674e+001	1.29223231e-012	-1.29214566e-012	1.49649808e-014	
3.91699463e+001	1.29223231e-012	-1.29214566e-012	1.49649808e-014	
3.92701252e+001	1.29223231e-012	-1.29214566e-012	1.49649808e-014	
3.93703041e+001	1.29223231e-012	-1.29214566e-012	1.49649808e-014	
3.94704830e+001	1.16190650e-012	-1.16178889e-012	1.65315190e-014	
3.95706619e+001	1.16190650e-012	-1.16178889e-012	1.65315190e-014	
3.96708408e+001	1.16190650e-012	-1.16178889e-012	1.65315190e-014	
3.97710197e+001	1.16190650e-012	-1.16178889e-012	1.65315190e-014	
3.98711986e+001	1.07449797e-012	-1.07435107e-012	1.77664842e-014	
3.99713775e+001	1.07449797e-012	-1.07435107e-012	1.77664842e-014	
4.00715564e+001	1.07449797e-012	-1.07435107e-012	1.77664842e-014	
4.01717352e+001	1.07449797e-012	-1.07435107e-012	1.77664842e-014	
4.02719141e+001	9.31095880e-013	-9.30917571e-013	1.82212594e-014	
4.03720930e+001	9.31095880e-013	-9.30917571e-013	1.82212594e-014	
4.04722719e+001	9.31095880e-013	-9.30917571e-013	1.82212594e-014	
4.05724508e+001	9.31095880e-013	-9.30917571e-013	1.82212594e-014	
4.06726297e+001	9.31095880e-013	-9.30917571e-013	1.82212594e-014	
4.07728086e+001	5.90854566e-013	-5.90678147e-013	1.44376028e-014	
4.08729875e+001	5.90854566e-013	-5.90678147e-013	1.44376028e-014	
4.09731664e+001	5.90854566e-013	-5.90678147e-013	1.44376028e-014	
4.10733453e+001	5.90854566e-013	-5.90678147e-013	1.44376028e-014	
4.11735242e+001	5.90854566e-013	-5.90678147e-013	1.44376028e-014	
4.12737030e+001	5.90854566e-013	-5.90678147e-013	1.44376028e-014	
4.13738819e+001	5.90854566e-013	-5.90678147e-013	1.44376028e-014	
4.14740608e+001	5.90854566e-013	-5.90678147e-013	1.44376028e-014	
4.15742397e+001	5.16410821e-013	-5.16188436e-013	1.51537073e-014	
4.16744186e+001	5.16410821e-013	-5.16188436e-013	1.51537073e-014	
4.17745975e+001	5.16410821e-013	-5.16188436e-013	1.51537073e-014	
4.18747764e+001	5.16410821e-013	-5.16188436e-013	1.51537073e-014	
4.19749553e+001	5.16410821e-013	-5.16188436e-013	1.51537073e-014	
4.20751342e+001	3.91986240e-013	-3.91728137e-013	1.42224749e-014	
4.21753131e+001	3.91986240e-013	-3.91728137e-013	1.42224749e-014	
4.22754919e+001	3.91986240e-013	-3.91728137e-013	1.42224749e-014	
4.23756708e+001	3.91986240e-013	-3.91728137e-013	1.42224749e-014	
4.24758497e+001	2.57234552e-013	-2.57022246e-013	1.04489235e-014	
4.25760286e+001	2.57234552e-013	-2.57022246e-013	1.04489235e-014	
4.26762075e+001	2.57234552e-013	-2.57022246e-013	1.04489235e-014	
4.27763864e+001	2.57234552e-013	-2.57022246e-013	1.04489235e-014	
4.28765653e+001	2.57234552e-013	-2.57022246e-013	1.04489235e-014	
4.29767442e+001	2.57234552e-013	-2.57022246e-013	1.04489235e-014	
4.30769231e+001	2.57234552e-013	-2.57022246e-013	1.04489235e-014	
4.31771020e+001	2.57234552e-013	-2.57022246e-013	1.04489235e-014	
4.32772809e+001	2.57234552e-013	-2.57022246e-013	1.04489235e-014	
4.33774597e+001	1.97949259e-013	-1.97738103e-013	9.14067990e-015	
4.34776386e+001	1.97949259e-013	-1.97738103e-013	9.14067990e-015	
4.35778175e+001	1.97949259e-013	-1.97738103e-013	9.14067990e-015	
4.36779964e+001	1.97949259e-013	-1.97738103e-013	9.14067990e-015	
4.37781753e+001	1.28337675e-013	-1.28152759e-013	6.88687615e-015	
4.38783542e+001	1.28337675e-013	-1.28152759e-013	6.88687615e-015	
4.39785331e+001	1.28337675e-013	-1.28152759e-013	6.88687615e-015	
4.40787120e+001	1.28337675e-013	-1.28152759e-013	6.88687615e-015	
4.41788909e+001	1.28337675e-013	-1.28152759e-013	6.88687615e-015	
4.42790698e+001	7.87252394e-014	-7.85716819e-014	4.91468472e-015	
4.43792487e+001	7.87252394e-014	-7.85716819e-014	4.91468472e-015	
4.44794275e+001	7.87252394e-014	-7.85716819e-014	4.91468472e-015	
4.45796064e+001	7.87252394e-014	-7.85716819e-014	4.91468472e-015	
4.46797853e+001	4.72153724e-014	-4.70872707e-014	3.47567605e-015	
4.47799642e+001	4.72153724e-014	-4.70872707e-014	3.47567605e-015	
4.48801431e+001	4.72153724e-014	-4.70872707e-014	3.47567605e-015	
4.49803220e+001	4.72153724e-014	-4.70872707e-014	3.47567605e-015	
4.50805009e+001	2.71779923e-014	-2.70555644e-014	2.57676106e-015	
4.51806798e+001	2.71779923e-014	-2.70555644e-014	2.57676106e-015	
4.52808587e+001	2.71779923e-014	-2.70555644e-014	2.57676106e-015	
4.53810376e+001	2.71779923e-014	-2.70555644e-014	2.57676106e-015	
4.54812165e+001	2.71779923e-014	-2.70555644e-014	2.57676106e-015	
4.55813953e+001	2.82400506e-015	-2.44503833e-015	1.41307898e-015	
4.56815742e+001	2.82400506e-015	-2.44503833e-015	1.41307898e-015	
4.57817531e+001	2.82400506e-015	-2.44503833e-015	1.41307898e-015	
4.58819320e+001	2.82400506e-015	-2.44503833e-015	1.41307898e-015	
4.59821109e+001	2.82400506e-015	-2.44503833e-015	1.41307898e-015	
4.60822898e+001	2.82400506e-015	-2.44503833e-015	1.41307898e-015	
4.61824687e+001	2.82400506e-015	-2.44503833e-015	1.41307898e-015	
4.62826476e+001	2.82400506e-015	-2.44503833e-015	1.41307898e-015	
4.63828265e+001	3.24277795e-014	3.24271727e-014	-1.98378320e-016	
4.64830054e+001	3.24277795e-014	3.24271727e-014	-1.98378320e-016	
4.65831843e+001	3.24277795e-014	3.24271727e-014	-1.98378320e-016	
4.66833631e+001	3.24277795e-014	3.24271727e-014	-1.98378320e-016	
4.67835420e+001	3.24277795e-014	3.24271727e-014	-1.98378320e-016	
4.68837209e+001	5.48639036e-014	5.48551767e-014	-9.78522384e-016	
4.69838998e+001	5.48639036e-014	5.48551767e-014	-9.78522384e-016	
4.70840787e+001	5.48639036e-014	5.48551767e-014	-9.78522384e-016	
4.71842576e+001	5.48639036e-014	5.48551767e-014	-9.78522384e-016	
4.72844365e+001	6.76925580e-014	6.76781962e-014	-1.39433137e-015	
4.73846154e+001	6.76925580e-014	6.76781962e-014	-1.39433137e-015	
4.74847943e+001	6.76925580e-014	6.76781962e-014	-1.39433137e-015	
4.75849732e+001	6.76925580e-014	6.76781962e-014	-1.39433137e-015	
4.76851521e+001	6.76925580e-014	6.76781962e-014	-1.39433137e-015	
4.77853309e+001	6.76925580e-014	6.76781962e-014	-1.39433137e-015	
4.78855098e+001	6.76925580e-014	6.76781962e-014	-1.39433137e-015	
4.79856887e+001	6.76925580e-014	6.76781962e-014	-1.39433137e-015	
4.80858676e+001	6.76925580e-014	6.76781962e-014	-1.39433137e-015	
4.81860465e+001	9.80791069e-014	9.80604300e-014	-1.91396964e-015	
4.82862254e+001	9.80791069e-014	9.80604300e-014	-1.91396964e-015	
4.83864043e+001	9.80791069e-014	9.80604300e-014	-1.91396964e-015	
4.84865832e+001	9.80791069e-014	9.80604300e-014	-1.91396964e-015	
4.85867621e+001	1.14242826e-013	1.14225723e-013	-1.97677523e-015	
4.86869410e+001	1.14242826e-013	1.14225723e-013	-1.97677523e-015	
4.87871199e+001	1.14242826e-013	1.14225723e-013	-1.97677523e-015	
4.88872987e+001	1.14242826e-013	1.14225723e-013	-1.97677523e-015	
4.89874776e+001	1.14242826e-013	1.14225723e-013	-1.97677523e-015	
4.90876565e+001	1.33272225e-013	1.33256866e-013	-2.02327374e-015	
4.91878354e+001	1.33272225e-013	1.33256866e-013	-2.02327374e-015	
4.92880143e+001	1.33272225e-013	1.33256866e-013	-2.02327374e-015	
4.93881932e+001	1.33272225e-013	1.33256866e-013	-2.02327374e-015	
4.94883721e+001	1.13726041e-013	1.13716061e-013	-1.50656810e-015	
4.95885510e+001	1.13726041e-013	1.13716061e-013	-1.50656810e-015	
4.96887299e+001	1.13726041e-013	1.13716061e-013	-1.50656810e-015	
4.97889088e+001	1.13726041e-013	1.13716061e-013	-1.50656810e-015	
4.98890877e+001	1.13726041e-013	1.13716061e-013	-1.50656810e-015	
4.99892665e+001	1.13726041e-013	1.13716061e-013	-1.50656810e-015	
5.00894454e+001	1.13726041e-013	1.13716061e-013	-1.50656810e-015	
5.01896243e+001	1.13726041e-013	1.13716061e-013	-1.50656810e-015	
5.02898032e+001	1.13726041e-013	1.13716061e-013	-1.50656810e-015	
5.03899821e+001	1.58242316e-013	1.58234050e-013	-1.61735436e-015	
5.04901610e+001	1.58242316e-013	1.58234050e-013	-1.61735436e-015	
5.05903399e+001	1.58242316e-013	1.58234050e-013	-1.61735436e-015	
5.06905188e+001	1.58242316e-013	1.58234050e-013	-1.61735436e-015	
5.07906977e+001	1.23433417e-013	1.23428353e-013	-1.11808604e-015	
5.08908766e+001	1.23433417e-013	1.23428353e-013	-1.11808604e-015	
5.09910555e+001	1.23433417e-013	1.23428353e-013	-1.11808604e-015	
5.10912343e+001	1.23433417e-013	1.23428353e-013	-1.11808604e-015	
5.11914132e+001	1.08523577e-013	1.08520360e-013	-8.35537028e-016	
5.12915921e+001	1.08523577e-013	1.08520360e-013	-8.35537028e-016	
5.13917710e+001	1.08523577e-013	1.08520360e-013	-8.35537028e-016	
5.14919499e+001	1.08523577e-013	1.08520360e-013	-8.35537028e-016	
5.15921288e+001	1.08523577e-013	1.08520360e-013	-8.35537028e-016	
5.16923077e+001	1.09043703e-013	1.09041323e-013	-7.20492002e-016	
5.17924866e+001	1.09043703e-013	1.09041323e-013	-7.20492002e-016	
5.18926655e+001	1.09043703e-013	1.09041323e-013	-7.20492002e-016	
5.19928444e+001	1.09043703e-013	1.09041323e-013	-7.20492002e-016	
5.20930233e+001	1.09043703e-013	1.09041323e-013	-7.20492002e-016	
5.21932021e+001	1.09043703e-013	1.09041323e-013	-7.20492002e-016	
5.22933810e+001	1.09043703e-013	1.09041323e-013	-7.20492002e-016	
5.23935599e+001	1.09043703e-013	1.09041323e-013	-7.20492002e-016	
5.24937388e+001	6.29628991e-014	6.29622476e-014	-2.86442813e-016	
5.25939177e+001	6.29628991e-014	6.29622476e-014	-2.86442813e-016	
5.26940966e+001	6.29628991e-014	6.29622476e-014	-2.86442813e-016	
5.27942755e+001	6.29628991e-014	6.29622476e-014	-2.86442813e-016	
5.28944544e+001	6.29628991e-014	6.29622476e-014	-2.86442813e-016	
5.29946333e+001	6.29628991e-014	6.29622476e-014	-2.86442813e-016	
5.30948122e+001	6.29628991e-014	6.29622476e-014	-2.86442813e-016	
5.31949911e+001	6.29628991e-014	6.29622476e-014	-2.86442813e-016	
5.32951699e+001	6.29628991e-014	6.29622476e-014	-2.86442813e-016	
5.33953488e+001	5.88602309e-014	5.88598358e-014	-2.15663085e-016	
5.34955277e+001	5.88602309e-014	5.88598358e-014	-2.15663085e-016	
5.35957066e+001	5.88602309e-014	5.88598358e-014	-2.15663085e-016	
5.36958855e+001	5.88602309e-014	5.88598358e-014	-2.15663085e-016	
5.37960644e+001	5.88602309e-014	5.88598358e-014	-2.15663085e-016	
5.38962433e+001	3.73189136e-014	3.73187631e-014	-1.05961014e-016	
5.39964222e+001	3.73189136e-014	3.73187631e-014	-1.05961014e-016	
5.40966011e+001	3.73189136e-014	3.73187631e-014	-1.05961014e-016	
5.41967800e+001	3.73189136e-014	3.73187631e-014	-1.05961014e-016	
5.42969589e+001	3.73189136e-014	3.73187631e-014	-1.05961014e-016	
5.43971377e+001	3.73189136e-014	3.73187631e-014	-1.05961014e-016	
5.44973166e+001	3.73189136e-014	3.73187631e-014	-1.05961014e-016	
5.45974955e+001	3.73189136e-014	3.73187631e-014	-1.05961014e-016	
5.46976744e+001	2.68631022e-014	2.68630266e-014	-6.37340970e-017	
5.47978533e+001	2.68631022e-014	2.68630266e-014	-6.37340970e-017	
5.48980322e+001	2.68631022e-014	2.68630266e-014	-6.37340970e-017	
5.49982111e+001	2.68631022e-014	2.68630266e-014	-6.37340970e-017	
5.50983900e+001	2.68631022e-014	2.68630266e-014	-6.37340970e-017	
5.51985689e+001	1.51523629e-014	1.51523302e-014	-3.14710882e-017	
5.52987478e+001	1.51523629e-014	1.51523302e-014	-3.14710882e-017	
5.53989267e+001	1.51523629e-014	1.51523302e-014	-3.14710882e-017	
5.54991055e+001	1.51523629e-014	1.51523302e-014	-3.14710882e-017	
5.55992844e+001	7.60940663e-015	7.60939194e-015	-1.49504086e-017	
5.56994633e+001	7.60940663e-015	7.60939194e-015	-1.49504086e-017	
5.57996422e+001	4.55923527e-015	4.55922648e-015	-8.95211798e-018	
5.58998211e+001	2.85258892e-015	2.85258343e-015	-5.59729953e-018	
5.60000000e+001	2.92765444e-016	2.92764893e-016	-5.67967460e-019	
