% Column 0: Length, cm
% Column 1: |B.t|, Tesla
% Column 2: Re[B.t], Tesla
% Column 3: Im[B.t], Tesla
0.00000000e+000	1.91211562e-005	-1.91211372e-005	2.69269300e-008	
1.00178891e-001	1.91261037e-005	-1.91260848e-005	2.69303818e-008	
2.00357782e-001	1.91327203e-005	-1.91327013e-005	2.69350963e-008	
3.00536673e-001	1.91443199e-005	-1.91443009e-005	2.69434350e-008	
4.00715564e-001	1.91513362e-005	-1.91513172e-005	2.69502593e-008	
5.00894454e-001	1.91629620e-005	-1.91629431e-005	2.69599191e-008	
6.01073345e-001	1.91695544e-005	-1.91695354e-005	2.69676835e-008	
7.01252236e-001	1.91961877e-005	-1.91961687e-005	2.69874957e-008	
8.01431127e-001	1.92401906e-005	-1.92401716e-005	2.70180603e-008	
9.01610018e-001	1.92866694e-005	-1.92866505e-005	2.70502040e-008	
1.00178891e+000	1.93302854e-005	-1.93302664e-005	2.70839952e-008	
1.10196780e+000	1.93736018e-005	-1.93735828e-005	2.71179588e-008	
1.20214669e+000	1.94169182e-005	-1.94168992e-005	2.71519224e-008	
1.30232558e+000	1.94602345e-005	-1.94602156e-005	2.71858860e-008	
1.40250447e+000	1.95012952e-005	-1.95012762e-005	2.72193691e-008	
1.50268336e+000	1.95485992e-005	-1.95485802e-005	2.72565894e-008	
1.60286225e+000	1.95972354e-005	-1.95972164e-005	2.72945647e-008	
1.70304114e+000	1.96458715e-005	-1.96458525e-005	2.73325400e-008	
1.80322004e+000	1.96969617e-005	-1.96969427e-005	2.73731060e-008	
1.90339893e+000	1.97526568e-005	-1.97526378e-005	2.74185333e-008	
2.00357782e+000	1.98327898e-005	-1.98327708e-005	2.74782916e-008	
2.10375671e+000	1.99199628e-005	-1.99199437e-005	2.75421783e-008	
2.20393560e+000	2.00071358e-005	-2.00071167e-005	2.76060650e-008	
2.30411449e+000	2.00943088e-005	-2.00942897e-005	2.76699517e-008	
2.40429338e+000	2.01890015e-005	-2.01889824e-005	2.77434932e-008	
2.50447227e+000	2.02954254e-005	-2.02954064e-005	2.78229768e-008	
2.60465116e+000	2.04140934e-005	-2.04140743e-005	2.79068641e-008	
2.70483005e+000	2.05327614e-005	-2.05327423e-005	2.79907513e-008	
2.80500894e+000	2.06514294e-005	-2.06514103e-005	2.80746386e-008	
2.90518784e+000	2.07700973e-005	-2.07700782e-005	2.81585259e-008	
3.00536673e+000	2.08672209e-005	-2.08672018e-005	2.82388211e-008	
3.10554562e+000	2.09593804e-005	-2.09593612e-005	2.83182887e-008	
3.20572451e+000	2.10973616e-005	-2.10973425e-005	2.84176001e-008	
3.30590340e+000	2.12381797e-005	-2.12381606e-005	2.85181401e-008	
3.40608229e+000	2.13789978e-005	-2.13789787e-005	2.86186800e-008	
3.50626118e+000	2.15198159e-005	-2.15197968e-005	2.87192200e-008	
3.60644007e+000	2.16606340e-005	-2.16606149e-005	2.88197599e-008	
3.70661896e+000	2.17944648e-005	-2.17944457e-005	2.89151258e-008	
3.80679785e+000	2.19433501e-005	-2.19433309e-005	2.90169279e-008	
3.90697674e+000	2.21103635e-005	-2.21103444e-005	2.91293631e-008	
4.00715564e+000	2.22773770e-005	-2.22773578e-005	2.92417983e-008	
4.10733453e+000	2.24443904e-005	-2.24443712e-005	2.93542336e-008	
4.20751342e+000	2.26199333e-005	-2.26199141e-005	2.94678572e-008	
4.30769231e+000	2.28099746e-005	-2.28099554e-005	2.95953714e-008	
4.40787120e+000	2.29994092e-005	-2.29993900e-005	2.97267000e-008	
4.50805009e+000	2.31782194e-005	-2.31782002e-005	2.98522468e-008	
4.60822898e+000	2.33570296e-005	-2.33570104e-005	2.99777935e-008	
4.70840787e+000	2.35358398e-005	-2.35358206e-005	3.01033403e-008	
4.80858676e+000	2.37481458e-005	-2.37481265e-005	3.02664590e-008	
4.90876565e+000	2.39598215e-005	-2.39598022e-005	3.03999427e-008	
5.00894454e+000	2.41712854e-005	-2.41712662e-005	3.05299153e-008	
5.10912343e+000	2.43827493e-005	-2.43827301e-005	3.06598878e-008	
5.20930233e+000	2.45944597e-005	-2.45944404e-005	3.07915069e-008	
5.30948122e+000	2.48261331e-005	-2.48261139e-005	3.09373794e-008	
5.40966011e+000	2.50761173e-005	-2.50760981e-005	3.10828020e-008	
5.50983900e+000	2.53261015e-005	-2.53260823e-005	3.12282246e-008	
5.61001789e+000	2.55760857e-005	-2.55760665e-005	3.13736472e-008	
5.71019678e+000	2.58211613e-005	-2.58211420e-005	3.15284020e-008	
5.81037567e+000	2.60660109e-005	-2.60659917e-005	3.16835864e-008	
5.91055456e+000	2.63150533e-005	-2.63150341e-005	3.18383725e-008	
6.01073345e+000	2.65754937e-005	-2.65754745e-005	3.19920761e-008	
6.11091234e+000	2.68453982e-005	-2.68453789e-005	3.21470015e-008	
6.21109123e+000	2.71678876e-005	-2.71678684e-005	3.23087158e-008	
6.31127013e+000	2.74903771e-005	-2.74903579e-005	3.24704300e-008	
6.41144902e+000	2.78136025e-005	-2.78135833e-005	3.26400055e-008	
6.51162791e+000	2.81383271e-005	-2.81383080e-005	3.28255965e-008	
6.61180680e+000	2.84630518e-005	-2.84630326e-005	3.30111875e-008	
6.71198569e+000	2.88316059e-005	-2.88315868e-005	3.31993594e-008	
6.81216458e+000	2.92084642e-005	-2.92084451e-005	3.33896469e-008	
6.91234347e+000	2.95956691e-005	-2.95956500e-005	3.35826178e-008	
7.01252236e+000	2.99849627e-005	-2.99849437e-005	3.37880015e-008	
7.11270125e+000	3.03794335e-005	-3.03794144e-005	3.40241508e-008	
7.21288014e+000	3.07763992e-005	-3.07763801e-005	3.42530142e-008	
7.31305903e+000	3.11912973e-005	-3.11912783e-005	3.44295113e-008	
7.41323792e+000	3.16061955e-005	-3.16061766e-005	3.46060084e-008	
7.51341682e+000	3.19723757e-005	-3.19723568e-005	3.47856636e-008	
7.61359571e+000	3.23349416e-005	-3.23349227e-005	3.49655532e-008	
7.71377460e+000	3.26975075e-005	-3.26974886e-005	3.51454428e-008	
7.81395349e+000	3.30754485e-005	-3.30754297e-005	3.53260340e-008	
7.91413238e+000	3.36032269e-005	-3.36032082e-005	3.55134636e-008	
8.01431127e+000	3.41310054e-005	-3.41309867e-005	3.57008932e-008	
8.11449016e+000	3.46257802e-005	-3.46257616e-005	3.58924642e-008	
8.21466905e+000	3.51203754e-005	-3.51203568e-005	3.60840577e-008	
8.31484794e+000	3.56142599e-005	-3.56142415e-005	3.62569311e-008	
8.41502683e+000	3.61061087e-005	-3.61060904e-005	3.63761708e-008	
8.51520572e+000	3.66961653e-005	-3.66961471e-005	3.65354815e-008	
8.61538462e+000	3.73158735e-005	-3.73158554e-005	3.67294689e-008	
8.71556351e+000	3.78405121e-005	-3.78404940e-005	3.69594530e-008	
8.81574240e+000	3.83651506e-005	-3.83651326e-005	3.71894371e-008	
8.91592129e+000	3.88897892e-005	-3.88897712e-005	3.74194211e-008	
9.01610018e+000	3.94616382e-005	-3.94616202e-005	3.76755167e-008	
9.11627907e+000	4.00337782e-005	-4.00337602e-005	3.79317733e-008	
9.21645796e+000	4.06261773e-005	-4.06261594e-005	3.81302249e-008	
9.31663685e+000	4.12403596e-005	-4.12403419e-005	3.82665232e-008	
9.41681574e+000	4.18762864e-005	-4.18762687e-005	3.84464826e-008	
9.51699463e+000	4.25150534e-005	-4.25150358e-005	3.86321448e-008	
9.61717352e+000	4.31784209e-005	-4.31784035e-005	3.88000223e-008	
9.71735242e+000	4.38668555e-005	-4.38668382e-005	3.89522315e-008	
9.81753131e+000	4.46262267e-005	-4.46262095e-005	3.91686204e-008	
9.91771020e+000	4.53855979e-005	-4.53855808e-005	3.93850093e-008	
1.00178891e+001	4.61565665e-005	-4.61565495e-005	3.95510909e-008	
1.01180680e+001	4.69597372e-005	-4.69597205e-005	3.95774857e-008	
1.02182469e+001	4.78915553e-005	-4.78915389e-005	3.96945384e-008	
1.03184258e+001	4.88525822e-005	-4.88525660e-005	3.98321746e-008	
1.04186047e+001	4.98136092e-005	-4.98135931e-005	3.99698108e-008	
1.05187835e+001	5.07976676e-005	-5.07976518e-005	4.00428476e-008	
1.06189624e+001	5.16119159e-005	-5.16119002e-005	4.02438943e-008	
1.07191413e+001	5.23415599e-005	-5.23415443e-005	4.04427677e-008	
1.08193202e+001	5.30712040e-005	-5.30711884e-005	4.06416411e-008	
1.09194991e+001	5.38008481e-005	-5.38008326e-005	4.08405144e-008	
1.10196780e+001	5.46431977e-005	-5.46431823e-005	4.10550904e-008	
1.11198569e+001	5.56215876e-005	-5.56215722e-005	4.12886201e-008	
1.12200358e+001	5.66283905e-005	-5.66283753e-005	4.14815022e-008	
1.13202147e+001	5.76516014e-005	-5.76515863e-005	4.16509109e-008	
1.14203936e+001	5.86748123e-005	-5.86747974e-005	4.18203196e-008	
1.15205725e+001	5.96980232e-005	-5.96980085e-005	4.19897283e-008	
1.16207513e+001	6.07212342e-005	-6.07212195e-005	4.21591370e-008	
1.17209302e+001	6.17271966e-005	-6.17271820e-005	4.24166723e-008	
1.18211091e+001	6.30307629e-005	-6.30307488e-005	4.22072017e-008	
1.19212880e+001	6.43360025e-005	-6.43359889e-005	4.19465785e-008	
1.20214669e+001	6.56412422e-005	-6.56412289e-005	4.16859552e-008	
1.21216458e+001	6.69464819e-005	-6.69464690e-005	4.14253319e-008	
1.22218247e+001	6.82517216e-005	-6.82517091e-005	4.11647087e-008	
1.23220036e+001	6.95569613e-005	-6.95569492e-005	4.09040854e-008	
1.24221825e+001	7.08523261e-005	-7.08523145e-005	4.06821607e-008	
1.25223614e+001	7.21266313e-005	-7.21266199e-005	4.05427671e-008	
1.26225403e+001	7.34009364e-005	-7.34009253e-005	4.04033736e-008	
1.27227191e+001	7.48840183e-005	-7.48840076e-005	4.01550299e-008	
1.28228980e+001	7.64075132e-005	-7.64075028e-005	3.98855968e-008	
1.29230769e+001	7.82501109e-005	-7.82501012e-005	3.88567205e-008	
1.30232558e+001	8.01258022e-005	-8.01257933e-005	3.77490837e-008	
1.31234347e+001	8.18899084e-005	-8.18898999e-005	3.73062631e-008	
1.32236136e+001	8.36457708e-005	-8.36457627e-005	3.69125588e-008	
1.33237925e+001	8.53718108e-005	-8.53718030e-005	3.65635726e-008	
1.34239714e+001	8.66467849e-005	-8.66467770e-005	3.68909509e-008	
1.35241503e+001	8.82756031e-005	-8.82755955e-005	3.66170270e-008	
1.36243292e+001	9.01913031e-005	-9.01912960e-005	3.58342379e-008	
1.37245081e+001	9.21608967e-005	-9.21608902e-005	3.47127845e-008	
1.38246869e+001	9.41304903e-005	-9.41304843e-005	3.35913310e-008	
1.39248658e+001	9.61000840e-005	-9.61000785e-005	3.24698776e-008	
1.40250447e+001	9.80696776e-005	-9.80696726e-005	3.13484242e-008	
1.41252236e+001	9.98828772e-005	-9.98828723e-005	3.11776864e-008	
1.42254025e+001	1.02188908e-004	-1.02188903e-004	3.05338893e-008	
1.43255814e+001	1.04769713e-004	-1.04769709e-004	2.84666126e-008	
1.44257603e+001	1.07365844e-004	-1.07365841e-004	2.63140150e-008	
1.45259392e+001	1.09961975e-004	-1.09961972e-004	2.41614174e-008	
1.46261181e+001	1.12773982e-004	-1.12773980e-004	2.14544983e-008	
1.47262970e+001	1.16468032e-004	-1.16468031e-004	1.64826900e-008	
1.48264758e+001	1.20162082e-004	-1.20162081e-004	1.15108816e-008	
1.49266547e+001	1.23856132e-004	-1.23856132e-004	6.53907321e-009	
1.50268336e+001	1.26176467e-004	-1.26176467e-004	4.99180179e-009	
1.51270125e+001	1.28984717e-004	-1.28984717e-004	1.37288061e-009	
1.52271914e+001	1.31825310e-004	-1.31825310e-004	-2.44471068e-009	
1.53273703e+001	1.34665903e-004	-1.34665903e-004	-6.26230197e-009	
1.54275492e+001	1.37506496e-004	-1.37506496e-004	-1.00798933e-008	
1.55277281e+001	1.40347089e-004	-1.40347089e-004	-1.38974845e-008	
1.56279070e+001	1.43187683e-004	-1.43187682e-004	-1.77150758e-008	
1.57280859e+001	1.46579818e-004	-1.46579816e-004	-2.32513381e-008	
1.58282648e+001	1.50680278e-004	-1.50680274e-004	-3.09948227e-008	
1.59284436e+001	1.54780737e-004	-1.54780733e-004	-3.87383073e-008	
1.60286225e+001	1.59039520e-004	-1.59039513e-004	-4.64362797e-008	
1.61288014e+001	1.63834129e-004	-1.63834119e-004	-5.70016655e-008	
1.62289803e+001	1.68857115e-004	-1.68857100e-004	-6.94162871e-008	
1.63291592e+001	1.74140625e-004	-1.74140605e-004	-8.30965472e-008	
1.64293381e+001	1.79424135e-004	-1.79424109e-004	-9.67768073e-008	
1.65295170e+001	1.85434456e-004	-1.85434420e-004	-1.16368762e-007	
1.66296959e+001	1.91377991e-004	-1.91377941e-004	-1.37576401e-007	
1.67298748e+001	1.96391954e-004	-1.96391893e-004	-1.54310067e-007	
1.68300537e+001	2.01405917e-004	-2.01405844e-004	-1.71043732e-007	
1.69302326e+001	2.06419881e-004	-2.06419796e-004	-1.87777397e-007	
1.70304114e+001	2.12006548e-004	-2.12006443e-004	-2.10214509e-007	
1.71305903e+001	2.18704895e-004	-2.18704760e-004	-2.43722668e-007	
1.72307692e+001	2.25403246e-004	-2.25403076e-004	-2.77230826e-007	
1.73309481e+001	2.32101600e-004	-2.32101392e-004	-3.10738985e-007	
1.74311270e+001	2.38902493e-004	-2.38902249e-004	-3.41538944e-007	
1.75313059e+001	2.46477568e-004	-2.46477275e-004	-3.80112227e-007	
1.76314848e+001	2.56024256e-004	-2.56023873e-004	-4.42698810e-007	
1.77316637e+001	2.65441635e-004	-2.65441167e-004	-4.98261702e-007	
1.78318426e+001	2.74859019e-004	-2.74858461e-004	-5.53824594e-007	
1.79320215e+001	2.85549357e-004	-2.85548647e-004	-6.36505450e-007	
1.80322004e+001	2.97590262e-004	-2.97589322e-004	-7.47957414e-007	
1.81323792e+001	3.09631189e-004	-3.09629996e-004	-8.59409379e-007	
1.82325581e+001	3.22365746e-004	-3.22364315e-004	-9.60541014e-007	
1.83327370e+001	3.35654502e-004	-3.35652849e-004	-1.05342682e-006	
1.84329159e+001	3.50695471e-004	-3.50693463e-004	-1.18672623e-006	
1.85330948e+001	3.69075203e-004	-3.69072559e-004	-1.39703127e-006	
1.86332737e+001	3.87454989e-004	-3.87451655e-004	-1.60733631e-006	
1.87334526e+001	4.05834821e-004	-4.05830750e-004	-1.81764135e-006	
1.88336315e+001	4.24214693e-004	-4.24209846e-004	-2.02794640e-006	
1.89338104e+001	4.48178557e-004	-4.48172397e-004	-2.34974401e-006	
1.90339893e+001	4.72404398e-004	-4.72396833e-004	-2.67344210e-006	
1.91341682e+001	4.96630312e-004	-4.96621268e-004	-2.99714018e-006	
1.92343470e+001	5.20856291e-004	-5.20845704e-004	-3.32083827e-006	
1.93345259e+001	5.45082324e-004	-5.45070140e-004	-3.64453635e-006	
1.94347048e+001	5.70534363e-004	-5.70521312e-004	-3.85906532e-006	
1.95348837e+001	5.99185605e-004	-5.99173627e-004	-3.78871987e-006	
1.96350626e+001	6.27836952e-004	-6.27825941e-004	-3.71837443e-006	
1.97352415e+001	6.56488392e-004	-6.56478256e-004	-3.64802898e-006	
1.98354204e+001	6.87758285e-004	-6.87747774e-004	-3.80225776e-006	
1.99355993e+001	7.20344111e-004	-7.20332654e-004	-4.06264591e-006	
2.00357782e+001	7.61794863e-004	-7.61789315e-004	-2.90738228e-006	
2.01359571e+001	8.02035410e-004	-8.02032978e-004	-1.97519895e-006	
2.02361360e+001	8.41000127e-004	-8.40999156e-004	-1.27795563e-006	
2.03363148e+001	8.79965526e-004	-8.79965334e-004	-5.80712315e-007	
2.04364937e+001	9.16225026e-004	-9.16225013e-004	1.54283405e-007	
2.05366726e+001	9.39955705e-004	-9.39955103e-004	1.06405177e-006	
2.06368515e+001	9.63687215e-004	-9.63685193e-004	1.97382013e-006	
2.07370304e+001	9.87419494e-004	-9.87415283e-004	2.88358849e-006	
2.08372093e+001	1.01757777e-003	-1.01756925e-003	4.16478904e-006	
2.09373882e+001	1.03377379e-003	-1.03376241e-003	4.84999042e-006	
2.10375671e+001	1.04821267e-003	-1.04819859e-003	5.43285984e-006	
2.11377460e+001	1.06371194e-003	-1.06369477e-003	6.04397138e-006	
2.12379249e+001	1.07921147e-003	-1.07919095e-003	6.65508292e-006	
2.13381038e+001	1.08944208e-003	-1.08941958e-003	7.00210795e-006	
2.14382826e+001	1.09794683e-003	-1.09792240e-003	7.32307561e-006	
2.15384615e+001	1.10645163e-003	-1.10642523e-003	7.64404327e-006	
2.16386404e+001	1.11495650e-003	-1.11492805e-003	7.96501092e-006	
2.17388193e+001	1.10628202e-003	-1.10625568e-003	7.63401131e-006	
2.18389982e+001	1.09415854e-003	-1.09413503e-003	7.17211577e-006	
2.19391771e+001	1.08203519e-003	-1.08201439e-003	6.71022023e-006	
2.20393560e+001	1.06991626e-003	-1.06989801e-003	6.24845065e-006	
2.21395349e+001	1.06140674e-003	-1.06139038e-003	5.89298585e-006	
2.22397138e+001	1.04267573e-003	-1.04266373e-003	5.00116485e-006	
2.23398927e+001	1.01951114e-003	-1.01950284e-003	4.11497808e-006	
2.24400716e+001	9.96347177e-004	-9.96341945e-004	3.22879132e-006	
2.25402504e+001	9.73183871e-004	-9.73181051e-004	2.34260455e-006	
2.26404293e+001	9.43940248e-004	-9.43939395e-004	1.26917383e-006	
2.27406082e+001	9.13665955e-004	-9.13665915e-004	2.71022275e-007	
2.28407871e+001	8.83392734e-004	-8.83392434e-004	-7.27129279e-007	
2.29409660e+001	8.53120699e-004	-8.53118954e-004	-1.72528083e-006	
2.30411449e+001	8.18483937e-004	-8.18479779e-004	-2.60880579e-006	
2.31413238e+001	7.81698219e-004	-7.81691426e-004	-3.25899670e-006	
2.32415027e+001	7.44913330e-004	-7.44903072e-004	-3.90918761e-006	
2.33416816e+001	7.08129397e-004	-7.08114718e-004	-4.55937852e-006	
2.34418605e+001	6.74826504e-004	-6.74808800e-004	-4.88815471e-006	
2.35420394e+001	6.46587210e-004	-6.46569768e-004	-4.74927783e-006	
2.36422182e+001	6.12746805e-004	-6.12730352e-004	-4.49036344e-006	
2.37423971e+001	5.73929133e-004	-5.73914310e-004	-4.12478104e-006	
2.38425760e+001	5.35111473e-004	-5.35098269e-004	-3.75919865e-006	
2.39427549e+001	5.08172768e-004	-5.08162149e-004	-3.28524120e-006	
2.40429338e+001	4.84100957e-004	-4.84092945e-004	-2.78513020e-006	
2.41431127e+001	4.60247798e-004	-4.60242020e-004	-2.30611101e-006	
2.42432916e+001	4.39491514e-004	-4.39486371e-004	-2.12618187e-006	
2.43434705e+001	4.18735244e-004	-4.18730721e-004	-1.94625274e-006	
2.44436494e+001	3.97978992e-004	-3.97975072e-004	-1.76632360e-006	
2.45438283e+001	3.80258699e-004	-3.80255498e-004	-1.56034198e-006	
2.46440072e+001	3.64617074e-004	-3.64614624e-004	-1.33652309e-006	
2.47441860e+001	3.49530963e-004	-3.49528990e-004	-1.17423655e-006	
2.48443649e+001	3.34715538e-004	-3.34713916e-004	-1.04193376e-006	
2.49445438e+001	3.19900136e-004	-3.19898842e-004	-9.09630966e-007	
2.50447227e+001	3.08286588e-004	-3.08285530e-004	-8.07408293e-007	
2.51449016e+001	2.97622920e-004	-2.97622052e-004	-7.18724506e-007	
2.52450805e+001	2.88004038e-004	-2.88003306e-004	-6.49141599e-007	
2.53452594e+001	2.78385163e-004	-2.78384560e-004	-5.79558693e-007	
2.54454383e+001	2.68625348e-004	-2.68624858e-004	-5.13070434e-007	
2.55456172e+001	2.58740864e-004	-2.58740474e-004	-4.49319523e-007	
2.56457961e+001	2.48856389e-004	-2.48856090e-004	-3.85568613e-007	
2.57459750e+001	2.41863670e-004	-2.41863414e-004	-3.51987392e-007	
2.58461538e+001	2.35078324e-004	-2.35078106e-004	-3.20569672e-007	
2.59463327e+001	2.28292981e-004	-2.28292797e-004	-2.89151953e-007	
2.60465116e+001	2.21507639e-004	-2.21507489e-004	-2.57734234e-007	
2.61466905e+001	2.15468375e-004	-2.15468252e-004	-2.30041239e-007	
2.62468694e+001	2.09789888e-004	-2.09789787e-004	-2.06325047e-007	
2.63470483e+001	2.03930710e-004	-2.03930625e-004	-1.85110181e-007	
2.64472272e+001	1.97171998e-004	-1.97171934e-004	-1.58939440e-007	
2.65474061e+001	1.90413288e-004	-1.90413242e-004	-1.32768699e-007	
2.66475850e+001	1.85599049e-004	-1.85599010e-004	-1.20335203e-007	
2.67477639e+001	1.80803282e-004	-1.80803250e-004	-1.08032203e-007	
2.68479428e+001	1.75883099e-004	-1.75883074e-004	-9.50684184e-008	
2.69481216e+001	1.70295489e-004	-1.70295471e-004	-7.85598819e-008	
2.70483005e+001	1.65238056e-004	-1.65238043e-004	-6.56709830e-008	
2.71484794e+001	1.60699785e-004	-1.60699775e-004	-5.63265180e-008	
2.72486583e+001	1.56161514e-004	-1.56161507e-004	-4.69820531e-008	
2.73488372e+001	1.51646884e-004	-1.51646880e-004	-3.69567095e-008	
2.74490161e+001	1.47777732e-004	-1.47777728e-004	-3.09584138e-008	
2.75491950e+001	1.43944582e-004	-1.43944580e-004	-2.47107828e-008	
2.76493739e+001	1.40123229e-004	-1.40123228e-004	-1.83770930e-008	
2.77495528e+001	1.36416503e-004	-1.36416503e-004	-1.26006896e-008	
2.78497317e+001	1.32863099e-004	-1.32863099e-004	-7.56969086e-009	
2.79499106e+001	1.29500309e-004	-1.29500309e-004	-2.36205701e-009	
2.80500894e+001	1.26187384e-004	-1.26187384e-004	2.89178562e-009	
2.81502683e+001	1.22874459e-004	-1.22874459e-004	8.14562824e-009	
2.82504472e+001	1.20009915e-004	-1.20009915e-004	1.16952950e-008	
2.83506261e+001	1.17799391e-004	-1.17799391e-004	1.27592074e-008	
2.84508050e+001	1.15588867e-004	-1.15588867e-004	1.38231197e-008	
2.85509839e+001	1.13378344e-004	-1.13378343e-004	1.48870321e-008	
2.86511628e+001	1.10568071e-004	-1.10568070e-004	1.77682860e-008	
2.87513417e+001	1.07950941e-004	-1.07950939e-004	2.01757867e-008	
2.88515206e+001	1.05512349e-004	-1.05512347e-004	2.20733417e-008	
2.89516995e+001	1.03073757e-004	-1.03073754e-004	2.39708968e-008	
2.90518784e+001	1.00619796e-004	-1.00619793e-004	2.58287451e-008	
2.91520572e+001	9.83477030e-005	-9.83476992e-005	2.73591329e-008	
2.92522361e+001	9.60410221e-005	-9.60410177e-005	2.89840127e-008	
2.93524150e+001	9.37343411e-005	-9.37343361e-005	3.06088924e-008	
2.94525939e+001	9.16938968e-005	-9.16938912e-005	3.19523787e-008	
2.95527728e+001	8.97801741e-005	-8.97801680e-005	3.31619291e-008	
2.96529517e+001	8.79470861e-005	-8.79470796e-005	3.40078617e-008	
2.97531306e+001	8.61615831e-005	-8.61615762e-005	3.46392121e-008	
2.98533095e+001	8.43760801e-005	-8.43760728e-005	3.52705625e-008	
2.99534884e+001	8.26780082e-005	-8.26780004e-005	3.58652968e-008	
3.00536673e+001	8.10685596e-005	-8.10685514e-005	3.64229158e-008	
3.01538462e+001	7.94591109e-005	-7.94591023e-005	3.69805348e-008	
3.02540250e+001	7.78496623e-005	-7.78496533e-005	3.75381537e-008	
3.03542039e+001	7.61984022e-005	-7.61983927e-005	3.81440746e-008	
3.04543828e+001	7.44488623e-005	-7.44488522e-005	3.87580217e-008	
3.05545617e+001	7.27393982e-005	-7.27393876e-005	3.92678269e-008	
3.06547406e+001	7.10299341e-005	-7.10299229e-005	3.97776322e-008	
3.07549195e+001	6.93204700e-005	-6.93204583e-005	4.02874374e-008	
3.08550984e+001	6.76402304e-005	-6.76402181e-005	4.08194294e-008	
3.09552773e+001	6.61819142e-005	-6.61819012e-005	4.15199010e-008	
3.10554562e+001	6.47235981e-005	-6.47235843e-005	4.22203726e-008	
3.11556351e+001	6.33894748e-005	-6.33894605e-005	4.27028082e-008	
3.12558140e+001	6.23589202e-005	-6.23589057e-005	4.26522911e-008	
3.13559928e+001	6.13283657e-005	-6.13283509e-005	4.26017741e-008	
3.14561717e+001	6.02978111e-005	-6.02977961e-005	4.25512570e-008	
3.15563506e+001	5.92290824e-005	-5.92290671e-005	4.25661040e-008	
3.16565295e+001	5.80731210e-005	-5.80731053e-005	4.27525834e-008	
3.17567084e+001	5.69136472e-005	-5.69136310e-005	4.29630398e-008	
3.18568873e+001	5.57122731e-005	-5.57122564e-005	4.31654739e-008	
3.19570662e+001	5.45108990e-005	-5.45108817e-005	4.33679081e-008	
3.20572451e+001	5.33095249e-005	-5.33095071e-005	4.35703422e-008	
3.21574240e+001	5.23563356e-005	-5.23563177e-005	4.33333849e-008	
3.22576029e+001	5.15478646e-005	-5.15478468e-005	4.28402155e-008	
3.23577818e+001	5.07208504e-005	-5.07208329e-005	4.22265075e-008	
3.24579606e+001	4.98784324e-005	-4.98784151e-005	4.15126670e-008	
3.25581395e+001	4.90195174e-005	-4.90195003e-005	4.09371536e-008	
3.26583184e+001	4.81666308e-005	-4.81666142e-005	3.99770124e-008	
3.27584973e+001	4.73057403e-005	-4.73057242e-005	3.90413230e-008	
3.28586762e+001	4.64417931e-005	-4.64417776e-005	3.79099089e-008	
3.29588551e+001	4.56071307e-005	-4.56071161e-005	3.65201732e-008	
3.30590340e+001	4.47724683e-005	-4.47724545e-005	3.51304376e-008	
3.31592129e+001	4.38133488e-005	-4.38133360e-005	3.34919352e-008	
3.32593918e+001	4.28487575e-005	-4.28487459e-005	3.15323535e-008	
3.33595707e+001	4.18841663e-005	-4.18841558e-005	2.95727717e-008	
3.34597496e+001	4.11137730e-005	-4.11137633e-005	2.82443899e-008	
3.35599284e+001	4.04459378e-005	-4.04459286e-005	2.72493518e-008	
3.36601073e+001	3.97781026e-005	-3.97780940e-005	2.62543138e-008	
3.37602862e+001	3.91102675e-005	-3.91102593e-005	2.52592757e-008	
3.38604651e+001	3.84707916e-005	-3.84707838e-005	2.45152163e-008	
3.39606440e+001	3.78315219e-005	-3.78315144e-005	2.37436906e-008	
3.40608229e+001	3.71922522e-005	-3.71922451e-005	2.29721650e-008	
3.41610018e+001	3.65529825e-005	-3.65529758e-005	2.22006393e-008	
3.42611807e+001	3.59273268e-005	-3.59273203e-005	2.16073927e-008	
3.43613596e+001	3.53109107e-005	-3.53109043e-005	2.11351422e-008	
3.44615385e+001	3.46944945e-005	-3.46944884e-005	2.06628917e-008	
3.45617174e+001	3.40780784e-005	-3.40780724e-005	2.01906412e-008	
3.46618962e+001	3.35338459e-005	-3.35338400e-005	1.98237598e-008	
3.47620751e+001	3.30111503e-005	-3.30111446e-005	1.94931034e-008	
3.48622540e+001	3.24884548e-005	-3.24884491e-005	1.91624469e-008	
3.49624329e+001	3.19206222e-005	-3.19206165e-005	1.90127719e-008	
3.50626118e+001	3.13419706e-005	-3.13419649e-005	1.89064766e-008	
3.51627907e+001	3.07633190e-005	-3.07633132e-005	1.88001814e-008	
3.52629696e+001	3.02895488e-005	-3.02895432e-005	1.85595888e-008	
3.53631485e+001	2.98206274e-005	-2.98206218e-005	1.83127876e-008	
3.54633274e+001	2.93816299e-005	-2.93816239e-005	1.88408265e-008	
3.55635063e+001	2.89429404e-005	-2.89429339e-005	1.93453755e-008	
3.56636852e+001	2.84956292e-005	-2.84956225e-005	1.95351475e-008	
3.57638640e+001	2.80483180e-005	-2.80483110e-005	1.97249194e-008	
3.58640429e+001	2.76029662e-005	-2.76029589e-005	2.01781109e-008	
3.59642218e+001	2.71608390e-005	-2.71608308e-005	2.10647839e-008	
3.60644007e+001	2.67187117e-005	-2.67187027e-005	2.19514569e-008	
3.61645796e+001	2.62856615e-005	-2.62856520e-005	2.23725813e-008	
3.62647585e+001	2.58574726e-005	-2.58574625e-005	2.28421208e-008	
3.63649374e+001	2.54311874e-005	-2.54311766e-005	2.34109691e-008	
3.64651163e+001	2.50049022e-005	-2.50048907e-005	2.39798174e-008	
3.65652952e+001	2.45967364e-005	-2.45967242e-005	2.44777145e-008	
3.66654741e+001	2.42720844e-005	-2.42720718e-005	2.46485903e-008	
3.67656530e+001	2.39754731e-005	-2.39754604e-005	2.46976228e-008	
3.68658318e+001	2.36805229e-005	-2.36805099e-005	2.47394376e-008	
3.69660107e+001	2.33855727e-005	-2.33855595e-005	2.47812524e-008	
3.70661896e+001	2.30906224e-005	-2.30906091e-005	2.48230672e-008	
3.71663685e+001	2.27963834e-005	-2.27963698e-005	2.48649138e-008	
3.72665474e+001	2.25090137e-005	-2.25089999e-005	2.49021744e-008	
3.73667263e+001	2.21292241e-005	-2.21292102e-005	2.48509427e-008	
3.74669052e+001	2.17450894e-005	-2.17450753e-005	2.48097922e-008	
3.75670841e+001	2.13609547e-005	-2.13609404e-005	2.47686418e-008	
3.76672630e+001	2.09896319e-005	-2.09896174e-005	2.46937502e-008	
3.77674419e+001	2.06757339e-005	-2.06757194e-005	2.44676258e-008	
3.78676208e+001	2.03618359e-005	-2.03618214e-005	2.42415015e-008	
3.79677996e+001	2.00500352e-005	-2.00500207e-005	2.40599913e-008	
3.80679785e+001	1.97484931e-005	-1.97484787e-005	2.38841692e-008	
3.81681574e+001	1.94654094e-005	-1.94653950e-005	2.36827710e-008	
3.82683363e+001	1.91915291e-005	-1.91915147e-005	2.34958174e-008	
3.83685152e+001	1.89176488e-005	-1.89176344e-005	2.33088637e-008	
3.84686941e+001	1.86739009e-005	-1.86738866e-005	2.31146540e-008	
3.85688730e+001	1.84342438e-005	-1.84342295e-005	2.29194592e-008	
3.86690519e+001	1.81947545e-005	-1.81947403e-005	2.27271254e-008	
3.87692308e+001	1.79573009e-005	-1.79572868e-005	2.25694844e-008	
3.88694097e+001	1.77198473e-005	-1.77198332e-005	2.24118434e-008	
3.89695886e+001	1.74878382e-005	-1.74878240e-005	2.22278446e-008	
3.90697674e+001	1.72583508e-005	-1.72583367e-005	2.20316372e-008	
3.91699463e+001	1.70288634e-005	-1.70288494e-005	2.18354298e-008	
3.92701252e+001	1.67982772e-005	-1.67982632e-005	2.16340988e-008	
3.93703041e+001	1.65656347e-005	-1.65656209e-005	2.14231805e-008	
3.94704830e+001	1.63329923e-005	-1.63329785e-005	2.12122621e-008	
3.95706619e+001	1.61227282e-005	-1.61227145e-005	2.10017618e-008	
3.96708408e+001	1.59161398e-005	-1.59161262e-005	2.07926657e-008	
3.97710197e+001	1.57018442e-005	-1.57018307e-005	2.05882597e-008	
3.98711986e+001	1.54860370e-005	-1.54860236e-005	2.03847735e-008	
3.99713775e+001	1.52702298e-005	-1.52702165e-005	2.01812874e-008	
4.00715564e+001	1.50544226e-005	-1.50544094e-005	1.99778013e-008	
4.01717352e+001	1.48724966e-005	-1.48724834e-005	1.98047436e-008	
4.02719141e+001	1.46951107e-005	-1.46950976e-005	1.96357633e-008	
4.03720930e+001	1.45177248e-005	-1.45177118e-005	1.94667831e-008	
4.04722719e+001	1.43403389e-005	-1.43403259e-005	1.92978028e-008	
4.05724508e+001	1.41715727e-005	-1.41715598e-005	1.91277354e-008	
4.06726297e+001	1.40027302e-005	-1.40027174e-005	1.89584020e-008	
4.07728086e+001	1.38338877e-005	-1.38338750e-005	1.87890686e-008	
4.08729875e+001	1.36650452e-005	-1.36650325e-005	1.86197352e-008	
4.09731664e+001	1.35011537e-005	-1.35011411e-005	1.84515774e-008	
4.10733453e+001	1.33483930e-005	-1.33483805e-005	1.82860624e-008	
4.11735242e+001	1.31884207e-005	-1.31884083e-005	1.81160576e-008	
4.12737030e+001	1.30197306e-005	-1.30197182e-005	1.79406255e-008	
4.13738819e+001	1.28510404e-005	-1.28510282e-005	1.77651933e-008	
4.14740608e+001	1.26881370e-005	-1.26881248e-005	1.75946300e-008	
4.15742397e+001	1.25431929e-005	-1.25431808e-005	1.74397959e-008	
4.16744186e+001	1.23958827e-005	-1.23958707e-005	1.72888029e-008	
4.17745975e+001	1.22485726e-005	-1.22485606e-005	1.71378099e-008	
4.18747764e+001	1.21011222e-005	-1.21011103e-005	1.69857871e-008	
4.19749553e+001	1.19519450e-005	-1.19519332e-005	1.68210778e-008	
4.20751342e+001	1.18027678e-005	-1.18027560e-005	1.66563684e-008	
4.21753131e+001	1.16560035e-005	-1.16559918e-005	1.64993087e-008	
4.22754919e+001	1.15117287e-005	-1.15117171e-005	1.63501414e-008	
4.23756708e+001	1.13768272e-005	-1.13768156e-005	1.62037229e-008	
4.24758497e+001	1.12492575e-005	-1.12492460e-005	1.60594544e-008	
4.25760286e+001	1.11216878e-005	-1.11216764e-005	1.59151859e-008	
4.26762075e+001	1.09941180e-005	-1.09941067e-005	1.57709174e-008	
4.27763864e+001	1.08665483e-005	-1.08665371e-005	1.56266489e-008	
4.28765653e+001	1.07488948e-005	-1.07488836e-005	1.54938131e-008	
4.29767442e+001	1.06341099e-005	-1.06340988e-005	1.53642849e-008	
4.30769231e+001	1.05233968e-005	-1.05233858e-005	1.52336729e-008	
4.31771020e+001	1.04134124e-005	-1.04134015e-005	1.51028670e-008	
4.32772809e+001	1.03034281e-005	-1.03034172e-005	1.49720610e-008	
4.33774597e+001	1.01938564e-005	-1.01938456e-005	1.48441870e-008	
4.34776386e+001	1.00847045e-005	-1.00846938e-005	1.47192947e-008	
4.35778175e+001	9.97555266e-006	-9.97554198e-006	1.45944024e-008	
4.36779964e+001	9.86640078e-006	-9.86639016e-006	1.44695102e-008	
4.37781753e+001	9.75767601e-006	-9.75766547e-006	1.43434769e-008	
4.38783542e+001	9.65482444e-006	-9.65481396e-006	1.42230097e-008	
4.39785331e+001	9.55197287e-006	-9.55196246e-006	1.41025425e-008	
4.40787120e+001	9.44912130e-006	-9.44911095e-006	1.39820754e-008	
4.41788909e+001	9.34626973e-006	-9.34625945e-006	1.38616082e-008	
4.42790698e+001	9.25156572e-006	-9.25155550e-006	1.37448777e-008	
4.43792487e+001	9.15880375e-006	-9.15879361e-006	1.36290379e-008	
4.44794275e+001	9.06707295e-006	-9.06706287e-006	1.35200845e-008	
4.45796064e+001	8.97538194e-006	-8.97537192e-006	1.34113967e-008	
4.46797853e+001	8.88369093e-006	-8.88368097e-006	1.33027090e-008	
4.47799642e+001	8.79199992e-006	-8.79199002e-006	1.31940212e-008	
4.48801431e+001	8.70608575e-006	-8.70607591e-006	1.30896376e-008	
4.49803220e+001	8.62589084e-006	-8.62588106e-006	1.29890853e-008	
4.50805009e+001	8.54666592e-006	-8.54665620e-006	1.28897440e-008	
4.51806798e+001	8.46341328e-006	-8.46340362e-006	1.27850045e-008	
4.52808587e+001	8.37996791e-006	-8.37995832e-006	1.26800066e-008	
4.53810376e+001	8.29609065e-006	-8.29608112e-006	1.25749605e-008	
4.54812165e+001	8.21851533e-006	-8.21850585e-006	1.24794069e-008	
4.55813953e+001	8.14863708e-006	-8.14862766e-006	1.23917434e-008	
4.56815742e+001	8.07419358e-006	-8.07418421e-006	1.22977033e-008	
4.57817531e+001	7.99975007e-006	-7.99974077e-006	1.22036631e-008	
4.58819320e+001	7.92530657e-006	-7.92529732e-006	1.21096230e-008	
4.59821109e+001	7.84990392e-006	-7.84989473e-006	1.20124935e-008	
4.60822898e+001	7.77427505e-006	-7.77426592e-006	1.19146354e-008	
4.61824687e+001	7.69864618e-006	-7.69863711e-006	1.18167772e-008	
4.62826476e+001	7.62291765e-006	-7.62290865e-006	1.17191342e-008	
4.63828265e+001	7.55220734e-006	-7.55219839e-006	1.16294956e-008	
4.64830054e+001	7.48326117e-006	-7.48325227e-006	1.15422254e-008	
4.65831843e+001	7.41546210e-006	-7.41545325e-006	1.14565588e-008	
4.66833631e+001	7.34766303e-006	-7.34765423e-006	1.13708921e-008	
4.67835420e+001	7.27986395e-006	-7.27985520e-006	1.12852255e-008	
4.68837209e+001	7.21968002e-006	-7.21967133e-006	1.12065162e-008	
4.69838998e+001	7.16456564e-006	-7.16455698e-006	1.11346152e-008	
4.70840787e+001	7.10933339e-006	-7.10932478e-006	1.10626152e-008	
4.71842576e+001	7.05410115e-006	-7.05409259e-006	1.09906151e-008	
4.72844365e+001	6.99949559e-006	-6.99948707e-006	1.09182690e-008	
4.73846154e+001	6.94490276e-006	-6.94489429e-006	1.08459157e-008	
4.74847943e+001	6.89030994e-006	-6.89030151e-006	1.07735625e-008	
4.75849732e+001	6.83516505e-006	-6.83515667e-006	1.07007966e-008	
4.76851521e+001	6.78195986e-006	-6.78195153e-006	1.06305798e-008	
4.77853309e+001	6.72764069e-006	-6.72763240e-006	1.05588302e-008	
4.78855098e+001	6.67332152e-006	-6.67331328e-006	1.04870805e-008	
4.79856887e+001	6.62061321e-006	-6.62060502e-006	1.04165486e-008	
4.80858676e+001	6.57184043e-006	-6.57183227e-006	1.03509037e-008	
4.81860465e+001	6.52340616e-006	-6.52339805e-006	1.02857655e-008	
4.82862254e+001	6.47497189e-006	-6.47496382e-006	1.02206273e-008	
4.83864043e+001	6.42726578e-006	-6.42725775e-006	1.01562091e-008	
4.84865832e+001	6.38022057e-006	-6.38021259e-006	1.00924445e-008	
4.85867621e+001	6.33284609e-006	-6.33283815e-006	1.00288089e-008	
4.86869410e+001	6.28544947e-006	-6.28544157e-006	9.96518192e-009	
4.87871199e+001	6.23805285e-006	-6.23804499e-006	9.90155499e-009	
4.88872987e+001	6.19688020e-006	-6.19687238e-006	9.84553266e-009	
4.89874776e+001	6.15905227e-006	-6.15904448e-006	9.79359699e-009	
4.90876565e+001	6.12122434e-006	-6.12121658e-006	9.74166132e-009	
4.91878354e+001	6.08191320e-006	-6.08190548e-006	9.68788945e-009	
4.92880143e+001	6.04124390e-006	-6.04123622e-006	9.63243617e-009	
4.93881932e+001	5.99968477e-006	-5.99967713e-006	9.57597188e-009	
4.94883721e+001	5.95834429e-006	-5.95833668e-006	9.51999255e-009	
4.95885510e+001	5.92086250e-006	-5.92085493e-006	9.46875190e-009	
4.96887299e+001	5.88176600e-006	-5.88175847e-006	9.41525215e-009	
4.97889088e+001	5.83940323e-006	-5.83939573e-006	9.35718262e-009	
4.98890877e+001	5.79704045e-006	-5.79703300e-006	9.29911308e-009	
4.99892665e+001	5.75876750e-006	-5.75876008e-006	9.24614458e-009	
5.00894454e+001	5.72685106e-006	-5.72684367e-006	9.20144373e-009	
5.01896243e+001	5.69536498e-006	-5.69535761e-006	9.15768874e-009	
5.02898032e+001	5.66288684e-006	-5.66287951e-006	9.11255923e-009	
5.03899821e+001	5.62931758e-006	-5.62931028e-006	9.06596551e-009	
5.04901610e+001	5.59424982e-006	-5.59424256e-006	9.01750551e-009	
5.05903399e+001	5.55840158e-006	-5.55839435e-006	8.96733289e-009	
5.06905188e+001	5.52389221e-006	-5.52388501e-006	8.91904625e-009	
5.07906977e+001	5.49683329e-006	-5.49682612e-006	8.88125466e-009	
5.08908766e+001	5.46977438e-006	-5.46976723e-006	8.84346306e-009	
5.09910555e+001	5.44271546e-006	-5.44270834e-006	8.80567147e-009	
5.10912343e+001	5.41298308e-006	-5.41297599e-006	8.76337513e-009	
5.11914132e+001	5.38727254e-006	-5.38726547e-006	8.72724827e-009	
5.12915921e+001	5.36207186e-006	-5.36206481e-006	8.69190434e-009	
5.13917710e+001	5.33680058e-006	-5.33679356e-006	8.65645871e-009	
5.14919499e+001	5.31143389e-006	-5.31142690e-006	8.62087565e-009	
5.15921288e+001	5.28621702e-006	-5.28621005e-006	8.58549523e-009	
5.16923077e+001	5.26347369e-006	-5.26346674e-006	8.55346052e-009	
5.17924866e+001	5.24073392e-006	-5.24072700e-006	8.52141071e-009	
5.18926655e+001	5.21803533e-006	-5.21802843e-006	8.48918676e-009	
5.19928444e+001	5.19533674e-006	-5.19532986e-006	8.45696282e-009	
5.20930233e+001	5.17263815e-006	-5.17263129e-006	8.42473887e-009	
5.21932021e+001	5.14993955e-006	-5.14993272e-006	8.39251492e-009	
5.22933810e+001	5.12830786e-006	-5.12830104e-006	8.36203867e-009	
5.23935599e+001	5.10669783e-006	-5.10669104e-006	8.33159793e-009	
5.24937388e+001	5.08685345e-006	-5.08684668e-006	8.30341581e-009	
5.25939177e+001	5.06774322e-006	-5.06773646e-006	8.27617281e-009	
5.26940966e+001	5.04880560e-006	-5.04879886e-006	8.24917373e-009	
5.27942755e+001	5.03575062e-006	-5.03574389e-006	8.23048721e-009	
5.28944544e+001	5.02269563e-006	-5.02268892e-006	8.21180070e-009	
5.29946333e+001	5.00964065e-006	-5.00963395e-006	8.19311419e-009	
5.30948122e+001	4.99658567e-006	-4.99657898e-006	8.17442768e-009	
5.31949911e+001	4.98353068e-006	-4.98352401e-006	8.15574116e-009	
5.32951699e+001	4.96958958e-006	-4.96958292e-006	8.13586662e-009	
5.33953488e+001	4.95521653e-006	-4.95520989e-006	8.11538731e-009	
5.34955277e+001	4.94119036e-006	-4.94118372e-006	8.09529330e-009	
5.35957066e+001	4.92716418e-006	-4.92715756e-006	8.07519929e-009	
5.36958855e+001	4.91313800e-006	-4.91313140e-006	8.05510527e-009	
5.37960644e+001	4.89911183e-006	-4.89910524e-006	8.03501126e-009	
5.38962433e+001	4.88798828e-006	-4.88798171e-006	8.01914034e-009	
5.39964222e+001	4.87821393e-006	-4.87820737e-006	8.00508975e-009	
5.40966011e+001	4.86843958e-006	-4.86843302e-006	7.99103915e-009	
5.41967800e+001	4.85866523e-006	-4.85865868e-006	7.97698855e-009	
5.42969589e+001	4.84889088e-006	-4.84888434e-006	7.96293795e-009	
5.43971377e+001	4.83911653e-006	-4.83911000e-006	7.94888735e-009	
5.44973166e+001	4.83202552e-006	-4.83201899e-006	7.93867032e-009	
5.45974955e+001	4.82556547e-006	-4.82555895e-006	7.92935473e-009	
5.46976744e+001	4.81910542e-006	-4.81909891e-006	7.92003914e-009	
5.47978533e+001	4.81242342e-006	-4.81241692e-006	7.91041617e-009	
5.48980322e+001	4.80607689e-006	-4.80607039e-006	7.90133180e-009	
5.49982111e+001	4.80003751e-006	-4.80003102e-006	7.89267251e-009	
5.50983900e+001	4.79399814e-006	-4.79399165e-006	7.88401321e-009	
5.51985689e+001	4.78795876e-006	-4.78795228e-006	7.87535391e-009	
5.52987478e+001	4.78205958e-006	-4.78205311e-006	7.86689667e-009	
5.53989267e+001	4.77896656e-006	-4.77896009e-006	7.86243993e-009	
5.54991055e+001	4.77600701e-006	-4.77600055e-006	7.85816807e-009	
5.55992844e+001	4.77436302e-006	-4.77435656e-006	7.85578382e-009	
5.56994633e+001	4.77339793e-006	-4.77339147e-006	7.85435482e-009	
5.57996422e+001	4.77229347e-006	-4.77228701e-006	7.85277878e-009	
5.58998211e+001	4.77171971e-006	-4.77171325e-006	7.85191486e-009	
5.60000000e+001	4.77117575e-006	-4.77116929e-006	7.85118177e-009	
