% Column 0: Length, cm
% Column 1: |B.t|, Tesla
% Column 2: Re[B.t], Tesla
% Column 3: Im[B.t], Tesla
0.00000000e+000	5.55035396e-006	-5.54997724e-006	6.46662559e-008	
1.00178891e-001	5.54944199e-006	-5.54906520e-006	6.46670292e-008	
2.00357782e-001	5.54676586e-006	-5.54638886e-006	6.46692985e-008	
3.00536673e-001	5.54235334e-006	-5.54197600e-006	6.46729597e-008	
4.00715564e-001	5.53737599e-006	-5.53699826e-006	6.46770698e-008	
5.00894454e-001	5.53015049e-006	-5.52977220e-006	6.46822798e-008	
6.01073345e-001	5.52104350e-006	-5.52066452e-006	6.46884104e-008	
7.01252236e-001	5.51193651e-006	-5.51155683e-006	6.46945410e-008	
8.01431127e-001	5.50282953e-006	-5.50244915e-006	6.47006716e-008	
9.01610018e-001	5.49240305e-006	-5.49202188e-006	6.47066268e-008	
1.00178891e+000	5.47596805e-006	-5.47558568e-006	6.47117829e-008	
1.10196780e+000	5.45953306e-006	-5.45914947e-006	6.47169390e-008	
1.20214669e+000	5.44309807e-006	-5.44271326e-006	6.47220951e-008	
1.30232558e+000	5.42666309e-006	-5.42627706e-006	6.47272511e-008	
1.40250447e+000	5.41022812e-006	-5.40984085e-006	6.47324072e-008	
1.50268336e+000	5.39379315e-006	-5.39340464e-006	6.47375633e-008	
1.60286225e+000	5.37735820e-006	-5.37696844e-006	6.47427194e-008	
1.70304114e+000	5.36092325e-006	-5.36053223e-006	6.47478755e-008	
1.80322004e+000	5.33895403e-006	-5.33856141e-006	6.47470235e-008	
1.90339893e+000	5.31025862e-006	-5.30986398e-006	6.47388696e-008	
2.00357782e+000	5.28156323e-006	-5.28116655e-006	6.47307156e-008	
2.10375671e+000	5.25286787e-006	-5.25246912e-006	6.47225616e-008	
2.20393560e+000	5.22291170e-006	-5.22251080e-006	6.47116190e-008	
2.30411449e+000	5.17973281e-006	-5.17932906e-006	6.46714315e-008	
2.40429338e+000	5.13655396e-006	-5.13614733e-006	6.46312439e-008	
2.50447227e+000	5.09337517e-006	-5.09296560e-006	6.45910563e-008	
2.60465116e+000	5.05019643e-006	-5.04978387e-006	6.45508687e-008	
2.70483005e+000	5.01446308e-006	-5.01404812e-006	6.45095426e-008	
2.80500894e+000	4.98158637e-006	-4.98116921e-006	6.44677799e-008	
2.90518784e+000	4.94870969e-006	-4.94829030e-006	6.44260172e-008	
3.00536673e+000	4.91583304e-006	-4.91541139e-006	6.43842545e-008	
3.10554562e+000	4.87975993e-006	-4.87933592e-006	6.43265082e-008	
3.20572451e+000	4.83796415e-006	-4.83753763e-006	6.42401463e-008	
3.30590340e+000	4.79616843e-006	-4.79573935e-006	6.41537844e-008	
3.40608229e+000	4.75437275e-006	-4.75394106e-006	6.40674225e-008	
3.50626118e+000	4.71257712e-006	-4.71214277e-006	6.39810606e-008	
3.60644007e+000	4.63215304e-006	-4.63171435e-006	6.37493095e-008	
3.70661896e+000	4.55149785e-006	-4.55105464e-006	6.35166878e-008	
3.80679785e+000	4.47084285e-006	-4.47039494e-006	6.32840661e-008	
3.90697674e+000	4.39018803e-006	-4.38973523e-006	6.30514444e-008	
4.00715564e+000	4.31898713e-006	-4.31853015e-006	6.28260231e-008	
4.10733453e+000	4.25334509e-006	-4.25288433e-006	6.26048352e-008	
4.20751342e+000	4.18770319e-006	-4.18723851e-006	6.23836473e-008	
4.30769231e+000	4.12206143e-006	-4.12159268e-006	6.21624594e-008	
4.40787120e+000	4.06023356e-006	-4.05976114e-006	6.19358967e-008	
4.50805009e+000	4.00896315e-006	-4.00848841e-006	6.16944550e-008	
4.60822898e+000	3.95769281e-006	-3.95721567e-006	6.14530133e-008	
4.70840787e+000	3.90642255e-006	-3.90594294e-006	6.12115717e-008	
4.80858676e+000	3.85515237e-006	-3.85467021e-006	6.09701300e-008	
4.90876565e+000	3.76110064e-006	-3.76061413e-006	6.04928142e-008	
5.00894454e+000	3.66235081e-006	-3.66185946e-006	5.99895935e-008	
5.10912343e+000	3.56360132e-006	-3.56310479e-006	5.94863728e-008	
5.20930233e+000	3.46485220e-006	-3.46435012e-006	5.89831521e-008	
5.30948122e+000	3.36510922e-006	-3.36460198e-006	5.84255474e-008	
5.40966011e+000	3.26450811e-006	-3.26399601e-006	5.78209962e-008	
5.50983900e+000	3.16390744e-006	-3.16339004e-006	5.72164450e-008	
5.61001789e+000	3.06330723e-006	-3.06278407e-006	5.66118939e-008	
5.71019678e+000	2.96861581e-006	-2.96808692e-006	5.60346956e-008	
5.81037567e+000	2.90229359e-006	-2.90176118e-006	5.55888358e-008	
5.91055456e+000	2.83597160e-006	-2.83543544e-006	5.51429760e-008	
6.01073345e+000	2.76964986e-006	-2.76910970e-006	5.46971162e-008	
6.11091234e+000	2.70332839e-006	-2.70278397e-006	5.42512563e-008	
6.21109123e+000	2.63939453e-006	-2.63884658e-006	5.37794518e-008	
6.31127013e+000	2.57602808e-006	-2.57547658e-006	5.33014836e-008	
6.41144902e+000	2.51266191e-006	-2.51210659e-006	5.28235154e-008	
6.51162791e+000	2.44929602e-006	-2.44873660e-006	5.23455471e-008	
6.61180680e+000	2.37283112e-006	-2.37226639e-006	5.17653893e-008	
6.71198569e+000	2.27994364e-006	-2.27937188e-006	5.10571119e-008	
6.81216458e+000	2.18705698e-006	-2.18647736e-006	5.03488345e-008	
6.91234347e+000	2.09417127e-006	-2.09358284e-006	4.96405571e-008	
7.01252236e+000	2.00293052e-006	-2.00233241e-006	4.89449212e-008	
7.11270125e+000	1.93075852e-006	-1.93015188e-006	4.83959182e-008	
7.21288014e+000	1.85858734e-006	-1.85797136e-006	4.78469152e-008	
7.31305903e+000	1.78641708e-006	-1.78579083e-006	4.72979121e-008	
7.41323792e+000	1.71424786e-006	-1.71361031e-006	4.67489091e-008	
7.51341682e+000	1.66265012e-006	-1.66200156e-006	4.64351575e-008	
7.61359571e+000	1.61925124e-006	-1.61859159e-006	4.62151644e-008	
7.71377460e+000	1.57585300e-006	-1.57518162e-006	4.59951713e-008	
7.81395349e+000	1.53245546e-006	-1.53177165e-006	4.57751782e-008	
7.91413238e+000	1.49210628e-006	-1.49140676e-006	4.56840364e-008	
8.01431127e+000	1.45740079e-006	-1.45667997e-006	4.58314630e-008	
8.11449016e+000	1.42269635e-006	-1.42195318e-006	4.59788895e-008	
8.21466905e+000	1.38799304e-006	-1.38722639e-006	4.61263161e-008	
8.31484794e+000	1.35329096e-006	-1.35249960e-006	4.62737426e-008	
8.41502683e+000	1.34312004e-006	-1.34228992e-006	4.72146013e-008	
8.51520572e+000	1.33328961e-006	-1.33241929e-006	4.81664339e-008	
8.61538462e+000	1.32346046e-006	-1.32254867e-006	4.91182666e-008	
8.71556351e+000	1.31363262e-006	-1.31267804e-006	5.00700992e-008	
8.81574240e+000	1.31374814e-006	-1.31275797e-006	5.09969108e-008	
8.91592129e+000	1.31990530e-006	-1.31888419e-006	5.19085117e-008	
9.01610018e+000	1.32606281e-006	-1.32501042e-006	5.28201126e-008	
9.11627907e+000	1.33222066e-006	-1.33113665e-006	5.37317136e-008	
9.21645796e+000	1.34795686e-006	-1.34683819e-006	5.49052539e-008	
9.31663685e+000	1.39128399e-006	-1.39012270e-006	5.68333461e-008	
9.41681574e+000	1.43461115e-006	-1.43340722e-006	5.87614384e-008	
9.51699463e+000	1.47793832e-006	-1.47669173e-006	6.06895307e-008	
9.61717352e+000	1.52126551e-006	-1.51997625e-006	6.26176230e-008	
9.71735242e+000	1.61218071e-006	-1.61082084e-006	6.62033010e-008	
9.81753131e+000	1.70877687e-006	-1.70734303e-006	6.99868559e-008	
9.91771020e+000	1.80537304e-006	-1.80386522e-006	7.37704108e-008	
1.00178891e+001	1.90196923e-006	-1.90038741e-006	7.75539656e-008	
1.01180680e+001	2.04613634e-006	-2.04446875e-006	8.25918791e-008	
1.02182469e+001	2.23265651e-006	-2.23089200e-006	8.87465501e-008	
1.03184258e+001	2.41917739e-006	-2.41731525e-006	9.49012212e-008	
1.04186047e+001	2.60569884e-006	-2.60373850e-006	1.01055892e-007	
1.05187835e+001	2.81002636e-006	-2.80796454e-006	1.07625821e-007	
1.06189624e+001	3.10467571e-006	-3.10249658e-006	1.16302197e-007	
1.07191413e+001	3.39932687e-006	-3.39702863e-006	1.24978572e-007	
1.08193202e+001	3.69397940e-006	-3.69156067e-006	1.33654947e-007	
1.09194991e+001	3.98863302e-006	-3.98609272e-006	1.42331323e-007	
1.10196780e+001	4.23812677e-006	-4.23549543e-006	1.49321691e-007	
1.11198569e+001	4.47635502e-006	-4.47363969e-006	1.55891456e-007	
1.12200358e+001	4.71458394e-006	-4.71178396e-006	1.62461221e-007	
1.13202147e+001	4.95281343e-006	-4.94992822e-006	1.69030986e-007	
1.14203936e+001	5.21409605e-006	-5.21113109e-006	1.75813385e-007	
1.15205725e+001	5.50519879e-006	-5.50216067e-006	1.82870830e-007	
1.16207513e+001	5.79630279e-006	-5.79319025e-006	1.89928274e-007	
1.17209302e+001	6.08740785e-006	-6.08421983e-006	1.96985719e-007	
1.18211091e+001	6.41243991e-006	-6.40917326e-006	2.04655211e-007	
1.19212880e+001	7.17685327e-006	-7.17347282e-006	2.20251133e-007	
1.20214669e+001	7.94127535e-006	-7.93777238e-006	2.35847055e-007	
1.21216458e+001	8.70570386e-006	-8.70207194e-006	2.51442977e-007	
1.22218247e+001	9.47013724e-006	-9.46637151e-006	2.67038899e-007	
1.23220036e+001	1.04517639e-005	-1.04479052e-005	2.83982504e-007	
1.24221825e+001	1.15232672e-005	-1.15193227e-005	3.01483753e-007	
1.25223614e+001	1.25947803e-005	-1.25907402e-005	3.18985003e-007	
1.26225403e+001	1.36663007e-005	-1.36621577e-005	3.36486252e-007	
1.27227191e+001	1.47378270e-005	-1.47335751e-005	3.53987502e-007	
1.28228980e+001	1.58093579e-005	-1.58049926e-005	3.71488751e-007	
1.29230769e+001	1.68808925e-005	-1.68764101e-005	3.88990000e-007	
1.30232558e+001	1.79524302e-005	-1.79478276e-005	4.06491250e-007	
1.31234347e+001	1.90239705e-005	-1.90192451e-005	4.23992499e-007	
1.32236136e+001	2.05052451e-005	-2.05004989e-005	4.41160750e-007	
1.33237925e+001	2.19954565e-005	-2.19906809e-005	4.58321686e-007	
1.34239714e+001	2.34856767e-005	-2.34808630e-005	4.75482622e-007	
1.35241503e+001	2.49759042e-005	-2.49710451e-005	4.92643558e-007	
1.36243292e+001	2.64661377e-005	-2.64612272e-005	5.09804494e-007	
1.37245081e+001	2.79563762e-005	-2.79514092e-005	5.26965430e-007	
1.38246869e+001	2.94466190e-005	-2.94415913e-005	5.44126366e-007	
1.39248658e+001	3.09368655e-005	-3.09317734e-005	5.61287302e-007	
1.40250447e+001	3.27367976e-005	-3.27316671e-005	5.79553812e-007	
1.41252236e+001	3.54657688e-005	-3.54606738e-005	6.01136941e-007	
1.42254025e+001	3.81947572e-005	-3.81896805e-005	6.22720069e-007	
1.43255814e+001	4.09237595e-005	-4.09186872e-005	6.44303197e-007	
1.44257603e+001	4.36527729e-005	-4.36476939e-005	6.65886325e-007	
1.45259392e+001	4.74988662e-005	-4.74938840e-005	6.87943637e-007	
1.46261181e+001	5.14891950e-005	-5.14842987e-005	7.10062172e-007	
1.47262970e+001	5.54795450e-005	-5.54747133e-005	7.32180706e-007	
1.48264758e+001	5.94699119e-005	-5.94651280e-005	7.54299241e-007	
1.49266547e+001	6.36216166e-005	-6.36169196e-005	7.73070649e-007	
1.50268336e+001	6.79214674e-005	-6.79168873e-005	7.88768849e-007	
1.51270125e+001	7.22213355e-005	-7.22168550e-005	8.04467048e-007	
1.52271914e+001	7.65212181e-005	-7.65168227e-005	8.20165247e-007	
1.53273703e+001	8.09202993e-005	-8.09159969e-005	8.34438049e-007	
1.54275492e+001	8.58520259e-005	-8.58479061e-005	8.41057009e-007	
1.55277281e+001	9.07837728e-005	-9.07798152e-005	8.47675969e-007	
1.56279070e+001	9.57155368e-005	-9.57117243e-005	8.54294930e-007	
1.57280859e+001	1.00647316e-004	-1.00643633e-004	8.60913890e-007	
1.58282648e+001	1.07679270e-004	-1.07675821e-004	8.61800654e-007	
1.59284436e+001	1.15260621e-004	-1.15257403e-004	8.61188009e-007	
1.60286225e+001	1.22842000e-004	-1.22838985e-004	8.60575364e-007	
1.61288014e+001	1.30423402e-004	-1.30420567e-004	8.59962719e-007	
1.62289803e+001	1.38308259e-004	-1.38305605e-004	8.56832460e-007	
1.63291592e+001	1.46598158e-004	-1.46595692e-004	8.50341980e-007	
1.64293381e+001	1.54888077e-004	-1.54885778e-004	8.43851499e-007	
1.65295170e+001	1.63178014e-004	-1.63175865e-004	8.37361019e-007	
1.66296959e+001	1.71442396e-004	-1.71440384e-004	8.30730409e-007	
1.67298748e+001	1.79332869e-004	-1.79330985e-004	8.22050106e-007	
1.68300537e+001	1.87223353e-004	-1.87221586e-004	8.13369803e-007	
1.69302326e+001	1.95113847e-004	-1.95112187e-004	8.04689500e-007	
1.70304114e+001	2.03004349e-004	-2.03002789e-004	7.96009196e-007	
1.71305903e+001	2.09019862e-004	-2.09018371e-004	7.89552085e-007	
1.72307692e+001	2.14230436e-004	-2.14229001e-004	7.84049401e-007	
1.73309481e+001	2.19441013e-004	-2.19439631e-004	7.78546718e-007	
1.74311270e+001	2.24651592e-004	-2.24650262e-004	7.73044034e-007	
1.75313059e+001	2.30995206e-004	-2.30993928e-004	7.68243803e-007	
1.76314848e+001	2.39584771e-004	-2.39583550e-004	7.64836004e-007	
1.77316637e+001	2.48174339e-004	-2.48173171e-004	7.61428205e-007	
1.78318426e+001	2.56763912e-004	-2.56762793e-004	7.58020406e-007	
1.79320215e+001	2.65353487e-004	-2.65352414e-004	7.54612607e-007	
1.80322004e+001	2.76964841e-004	-2.76963800e-004	7.59264181e-007	
1.81323792e+001	2.88666524e-004	-2.88665512e-004	7.64156662e-007	
1.82325581e+001	3.00368209e-004	-3.00367224e-004	7.69049143e-007	
1.83327370e+001	3.12069896e-004	-3.12068936e-004	7.73941625e-007	
1.84329159e+001	3.21245258e-004	-3.21244296e-004	7.86251623e-007	
1.85330948e+001	3.28782536e-004	-3.28781555e-004	8.03371287e-007	
1.86332737e+001	3.36319815e-004	-3.36318814e-004	8.20490952e-007	
1.87334526e+001	3.43857093e-004	-3.43856073e-004	8.37610616e-007	
1.88336315e+001	3.51394372e-004	-3.51393332e-004	8.54730280e-007	
1.89338104e+001	3.58931651e-004	-3.58930592e-004	8.71849945e-007	
1.90339893e+001	3.66468929e-004	-3.66467851e-004	8.88969609e-007	
1.91341682e+001	3.74006208e-004	-3.74005110e-004	9.06089273e-007	
1.92343470e+001	3.81543486e-004	-3.81542369e-004	9.23208938e-007	
1.93345259e+001	3.90516249e-004	-3.90515073e-004	9.58545565e-007	
1.94347048e+001	3.99688519e-004	-3.99687277e-004	9.96414035e-007	
1.95348837e+001	4.08860790e-004	-4.08859482e-004	1.03428251e-006	
1.96350626e+001	4.18033061e-004	-4.18031686e-004	1.07215098e-006	
1.97352415e+001	4.26213405e-004	-4.26211957e-004	1.11101118e-006	
1.98354204e+001	4.33454491e-004	-4.33452964e-004	1.15081036e-006	
1.99355993e+001	4.40695579e-004	-4.40693971e-004	1.19060955e-006	
2.00357782e+001	4.47936668e-004	-4.47934978e-004	1.23040873e-006	
2.01359571e+001	4.54931629e-004	-4.54929857e-004	1.26988511e-006	
2.02361360e+001	4.60524216e-004	-4.60522360e-004	1.30752214e-006	
2.03363148e+001	4.66116804e-004	-4.66114863e-004	1.34515917e-006	
2.04364937e+001	4.71709393e-004	-4.71707366e-004	1.38279619e-006	
2.05366726e+001	4.77301983e-004	-4.77299870e-004	1.42043322e-006	
2.06368515e+001	4.80980788e-004	-4.80978611e-004	1.44691232e-006	
2.07370304e+001	4.84135333e-004	-4.84133100e-004	1.47033481e-006	
2.08372093e+001	4.87289878e-004	-4.87287588e-004	1.49375729e-006	
2.09373882e+001	4.90444424e-004	-4.90442077e-004	1.51717978e-006	
2.10375671e+001	4.92903212e-004	-4.92900822e-004	1.53509054e-006	
2.11377460e+001	4.94403693e-004	-4.94401277e-004	1.54540966e-006	
2.12379249e+001	4.95904173e-004	-4.95901733e-004	1.55572879e-006	
2.13381038e+001	4.97404654e-004	-4.97402188e-004	1.56604792e-006	
2.14382826e+001	4.98817409e-004	-4.98814920e-004	1.57551825e-006	
2.15384615e+001	4.98759540e-004	-4.98757066e-004	1.57075962e-006	
2.16386404e+001	4.98701671e-004	-4.98699212e-004	1.56600100e-006	
2.17388193e+001	4.98643802e-004	-4.98641357e-004	1.56124237e-006	
2.18389982e+001	4.98585933e-004	-4.98583503e-004	1.55648374e-006	
2.19391771e+001	4.96932298e-004	-4.96929919e-004	1.53791112e-006	
2.20393560e+001	4.94568291e-004	-4.94565977e-004	1.51318905e-006	
2.21395349e+001	4.92204285e-004	-4.92202035e-004	1.48846698e-006	
2.22397138e+001	4.89840279e-004	-4.89838092e-004	1.46374491e-006	
2.23398927e+001	4.86730093e-004	-4.86727982e-004	1.43377433e-006	
2.24400716e+001	4.82088547e-004	-4.82086534e-004	1.39303244e-006	
2.25402504e+001	4.77447002e-004	-4.77445086e-004	1.35229056e-006	
2.26404293e+001	4.72805458e-004	-4.72803639e-004	1.31154868e-006	
2.27406082e+001	4.68163916e-004	-4.68162191e-004	1.27080680e-006	
2.28407871e+001	4.63016936e-004	-4.63015294e-004	1.23301405e-006	
2.29409660e+001	4.57850705e-004	-4.57849145e-004	1.19533380e-006	
2.30411449e+001	4.52684476e-004	-4.52682996e-004	1.15765354e-006	
2.31413238e+001	4.47518248e-004	-4.47516847e-004	1.11997329e-006	
2.32415027e+001	4.42352022e-004	-4.42350698e-004	1.08229303e-006	
2.33416816e+001	4.37185796e-004	-4.37184548e-004	1.04461277e-006	
2.34418605e+001	4.32019573e-004	-4.32018399e-004	1.00693252e-006	
2.35420394e+001	4.26853351e-004	-4.26852250e-004	9.69252263e-007	
2.36422182e+001	4.20813052e-004	-4.20812025e-004	9.29687843e-007	
2.37423971e+001	4.11921471e-004	-4.11920522e-004	8.83977484e-007	
2.38425760e+001	4.03029891e-004	-4.03029020e-004	8.38267125e-007	
2.39427549e+001	3.94138314e-004	-3.94137517e-004	7.92556766e-007	
2.40429338e+001	3.85246738e-004	-3.85246014e-004	7.46846407e-007	
2.41431127e+001	3.75221526e-004	-3.75220863e-004	7.05368528e-007	
2.42432916e+001	3.65027329e-004	-3.65026724e-004	6.64521394e-007	
2.43434705e+001	3.54833133e-004	-3.54832585e-004	6.23674261e-007	
2.44436494e+001	3.44638939e-004	-3.44638446e-004	5.82827127e-007	
2.45438283e+001	3.35062476e-004	-3.35062021e-004	5.52161475e-007	
2.46440072e+001	3.26089200e-004	-3.26088767e-004	5.31437724e-007	
2.47441860e+001	3.17115923e-004	-3.17115512e-004	5.10713974e-007	
2.48443649e+001	3.08142647e-004	-3.08142257e-004	4.89990223e-007	
2.49445438e+001	2.99196184e-004	-2.99195813e-004	4.71108953e-007	
2.50447227e+001	2.90412290e-004	-2.90411920e-004	4.63395601e-007	
2.51449016e+001	2.81628395e-004	-2.81628026e-004	4.55682249e-007	
2.52450805e+001	2.72844501e-004	-2.72844133e-004	4.47968897e-007	
2.53452594e+001	2.64060606e-004	-2.64060239e-004	4.40255544e-007	
2.54454383e+001	2.55166511e-004	-2.55166135e-004	4.38127756e-007	
2.55456172e+001	2.46240821e-004	-2.46240432e-004	4.37600449e-007	
2.56457961e+001	2.37315131e-004	-2.37314729e-004	4.37073141e-007	
2.57459750e+001	2.28389443e-004	-2.28389026e-004	4.36545834e-007	
2.58461538e+001	2.20595668e-004	-2.20595233e-004	4.37976921e-007	
2.59463327e+001	2.14411078e-004	-2.14410622e-004	4.42192050e-007	
2.60465116e+001	2.08226490e-004	-2.08226012e-004	4.46407180e-007	
2.61466905e+001	2.02041903e-004	-2.02041401e-004	4.50622309e-007	
2.62468694e+001	1.95917962e-004	-1.95917433e-004	4.54959201e-007	
2.63470483e+001	1.90980976e-004	-1.90980418e-004	4.61679292e-007	
2.64472272e+001	1.86043992e-004	-1.86043403e-004	4.68399383e-007	
2.65474061e+001	1.81107010e-004	-1.81106387e-004	4.75119475e-007	
2.66475850e+001	1.76170031e-004	-1.76169372e-004	4.81839566e-007	
2.67477639e+001	1.69876580e-004	-1.69875871e-004	4.90949927e-007	
2.68479428e+001	1.62957275e-004	-1.62956505e-004	5.01163135e-007	
2.69481216e+001	1.56037977e-004	-1.56037139e-004	5.11376343e-007	
2.70483005e+001	1.49118685e-004	-1.49117773e-004	5.21589551e-007	
2.71484794e+001	1.42523686e-004	-1.42522695e-004	5.31466441e-007	
2.72486583e+001	1.36618001e-004	-1.36616932e-004	5.40628412e-007	
2.73488372e+001	1.30712325e-004	-1.30711168e-004	5.49790382e-007	
2.74490161e+001	1.24806657e-004	-1.24805405e-004	5.58952353e-007	
2.75491950e+001	1.18900999e-004	-1.18899642e-004	5.68114324e-007	
2.76493739e+001	1.13394573e-004	-1.13393111e-004	5.75834537e-007	
2.77495528e+001	1.07906701e-004	-1.07905123e-004	5.83487776e-007	
2.78497317e+001	1.02444635e-004	-1.02442933e-004	5.90449285e-007	
2.79499106e+001	9.77042355e-005	-9.77024186e-005	5.95839409e-007	
2.80500894e+001	9.32007835e-005	-9.31988512e-005	6.00152406e-007	
2.81502683e+001	8.96934445e-005	-8.96914185e-005	6.02851661e-007	
2.82504472e+001	8.66609063e-005	-8.66587964e-005	6.04719139e-007	
2.83506261e+001	8.31036928e-005	-8.31014812e-005	6.06288497e-007	
2.84508050e+001	7.93665416e-005	-7.93642194e-005	6.07129294e-007	
2.85509839e+001	7.59745739e-005	-7.59721516e-005	6.06671982e-007	
2.86511628e+001	7.25826155e-005	-7.25800839e-005	6.06214671e-007	
2.87513417e+001	6.92100752e-005	-6.92074378e-005	6.04199715e-007	
2.88515206e+001	6.58406468e-005	-6.58378952e-005	6.01935873e-007	
2.89516995e+001	6.30299014e-005	-6.30270623e-005	5.98236470e-007	
2.90518784e+001	6.04819912e-005	-6.04790756e-005	5.93861680e-007	
2.91520572e+001	5.79340880e-005	-5.79310888e-005	5.89486890e-007	
2.92522361e+001	5.53861928e-005	-5.53831021e-005	5.85112101e-007	
2.93524150e+001	5.30794419e-005	-5.30762680e-005	5.80454229e-007	
2.94525939e+001	5.12953110e-005	-5.12920861e-005	5.75182839e-007	
2.95527728e+001	4.95111844e-005	-4.95079042e-005	5.69911449e-007	
2.96529517e+001	4.77270625e-005	-4.77237224e-005	5.64640059e-007	
2.97531306e+001	4.59429458e-005	-4.59395405e-005	5.59368668e-007	
2.98533095e+001	4.47502676e-005	-4.47468469e-005	5.53300660e-007	
2.99534884e+001	4.35878119e-005	-4.35843771e-005	5.47191960e-007	
3.00536673e+001	4.24253579e-005	-4.24219073e-005	5.41083259e-007	
3.01538462e+001	4.12629057e-005	-4.12594375e-005	5.34974559e-007	
3.02540250e+001	4.00856947e-005	-4.00822278e-005	5.27198254e-007	
3.03542039e+001	3.88981040e-005	-3.88946515e-005	5.18248945e-007	
3.04543828e+001	3.77105146e-005	-3.77070752e-005	5.09299636e-007	
3.05545617e+001	3.65229264e-005	-3.65194990e-005	5.00350327e-007	
3.06547406e+001	3.54135484e-005	-3.54101377e-005	4.91484867e-007	
3.07549195e+001	3.45771188e-005	-3.45737464e-005	4.82912068e-007	
3.08550984e+001	3.37406895e-005	-3.37373551e-005	4.74339270e-007	
3.09552773e+001	3.29042605e-005	-3.29009638e-005	4.65766471e-007	
3.10554562e+001	3.20678319e-005	-3.20645726e-005	4.57193673e-007	
3.11556351e+001	3.12314035e-005	-3.12281813e-005	4.48620874e-007	
3.12558140e+001	3.03949756e-005	-3.03917900e-005	4.40048075e-007	
3.13559928e+001	2.95585481e-005	-2.95553987e-005	4.31475277e-007	
3.14561717e+001	2.87221210e-005	-2.87190075e-005	4.22902478e-007	
3.15563506e+001	2.80317766e-005	-2.80287080e-005	4.14763613e-007	
3.16565295e+001	2.74910316e-005	-2.74880176e-005	4.07069135e-007	
3.17567084e+001	2.69502865e-005	-2.69473272e-005	3.99374657e-007	
3.18568873e+001	2.64095414e-005	-2.64066368e-005	3.91680179e-007	
3.19570662e+001	2.58687964e-005	-2.58659464e-005	3.83985701e-007	
3.20572451e+001	2.53280513e-005	-2.53252560e-005	3.76291223e-007	
3.21574240e+001	2.47873063e-005	-2.47845656e-005	3.68596745e-007	
3.22576029e+001	2.42465613e-005	-2.42438752e-005	3.60902267e-007	
3.23577818e+001	2.37058162e-005	-2.37031848e-005	3.53207789e-007	
3.24579606e+001	2.32526425e-005	-2.32500714e-005	3.45775838e-007	
3.25581395e+001	2.28263124e-005	-2.28238035e-005	3.38424364e-007	
3.26583184e+001	2.23999824e-005	-2.23975356e-005	3.31072890e-007	
3.27584973e+001	2.19736525e-005	-2.19712678e-005	3.23721416e-007	
3.28586762e+001	2.15473226e-005	-2.15449999e-005	3.16369942e-007	
3.29588551e+001	2.11209927e-005	-2.11187320e-005	3.09018469e-007	
3.30590340e+001	2.06946630e-005	-2.06924641e-005	3.01666995e-007	
3.31592129e+001	2.02683332e-005	-2.02661963e-005	2.94315521e-007	
3.32593918e+001	1.98437638e-005	-1.98416885e-005	2.86982947e-007	
3.33595707e+001	1.94653555e-005	-1.94633394e-005	2.80145947e-007	
3.34597496e+001	1.90869473e-005	-1.90849904e-005	2.73308947e-007	
3.35599284e+001	1.87085392e-005	-1.87066414e-005	2.66471946e-007	
3.36601073e+001	1.83301312e-005	-1.83282924e-005	2.59634946e-007	
3.37602862e+001	1.80100696e-005	-1.80082793e-005	2.53936818e-007	
3.38604651e+001	1.77184380e-005	-1.77166912e-005	2.48793624e-007	
3.39606440e+001	1.74268065e-005	-1.74251031e-005	2.43650430e-007	
3.40608229e+001	1.71351750e-005	-1.71335150e-005	2.38507235e-007	
3.41610018e+001	1.68547376e-005	-1.68531185e-005	2.33619341e-007	
3.42611807e+001	1.65994470e-005	-1.65978631e-005	2.29304962e-007	
3.43613596e+001	1.63441564e-005	-1.63426078e-005	2.24990583e-007	
3.44615385e+001	1.60888659e-005	-1.60873524e-005	2.20676204e-007	
3.45617174e+001	1.58335754e-005	-1.58320970e-005	2.16361825e-007	
3.46618962e+001	1.55478030e-005	-1.55463588e-005	2.11913999e-007	
3.47620751e+001	1.52602124e-005	-1.52588022e-005	2.07458215e-007	
3.48622540e+001	1.49726218e-005	-1.49712456e-005	2.03002431e-007	
3.49624329e+001	1.46850312e-005	-1.46836890e-005	1.98546647e-007	
3.50626118e+001	1.44549789e-005	-1.44536632e-005	1.95022082e-007	
3.51627907e+001	1.42667010e-005	-1.42654067e-005	1.92173609e-007	
3.52629696e+001	1.40784232e-005	-1.40771501e-005	1.89325136e-007	
3.53631485e+001	1.38901453e-005	-1.38888935e-005	1.86476662e-007	
3.54633274e+001	1.36998030e-005	-1.36985716e-005	1.83675305e-007	
3.55635063e+001	1.35019240e-005	-1.35007101e-005	1.81045944e-007	
3.56636852e+001	1.33040451e-005	-1.33028487e-005	1.78416583e-007	
3.57638640e+001	1.31061661e-005	-1.31049872e-005	1.75787221e-007	
3.58640429e+001	1.29082872e-005	-1.29071257e-005	1.73157860e-007	
3.59642218e+001	1.26622883e-005	-1.26611454e-005	1.70123806e-007	
3.60644007e+001	1.24078442e-005	-1.24067200e-005	1.67018729e-007	
3.61645796e+001	1.21534001e-005	-1.21522947e-005	1.63913652e-007	
3.62647585e+001	1.18989559e-005	-1.18978693e-005	1.60808575e-007	
3.63649374e+001	1.16473863e-005	-1.16463157e-005	1.57923241e-007	
3.64651163e+001	1.13988521e-005	-1.13977946e-005	1.55269971e-007	
3.65652952e+001	1.11503180e-005	-1.11492735e-005	1.52616701e-007	
3.66654741e+001	1.09017839e-005	-1.09007524e-005	1.49963431e-007	
3.67656530e+001	1.06532393e-005	-1.06522203e-005	1.47341859e-007	
3.68658318e+001	1.04046186e-005	-1.04036089e-005	1.44948356e-007	
3.69660107e+001	1.01559980e-005	-1.01549975e-005	1.42554853e-007	
3.70661896e+001	9.90737758e-006	-9.90638609e-006	1.40161350e-007	
3.71663685e+001	9.65875725e-006	-9.65777467e-006	1.37767847e-007	
3.72665474e+001	9.41483067e-006	-9.41385442e-006	1.35578413e-007	
3.73667263e+001	9.17240512e-006	-9.17143422e-006	1.33454238e-007	
3.74669052e+001	8.92997978e-006	-8.92901401e-006	1.31330063e-007	
3.75670841e+001	8.68755467e-006	-8.68659381e-006	1.29205888e-007	
3.76672630e+001	8.45358536e-006	-8.45262825e-006	1.27204788e-007	
3.77674419e+001	8.23265654e-006	-8.23170153e-006	1.25393498e-007	
3.78676208e+001	8.01172801e-006	-8.01077482e-006	1.23582208e-007	
3.79677996e+001	7.79079980e-006	-7.78984810e-006	1.21770918e-007	
3.80679785e+001	7.57097482e-006	-7.57002425e-006	1.19969427e-007	
3.81681574e+001	7.38805432e-006	-7.38710399e-006	1.18495805e-007	
3.82683363e+001	7.20513411e-006	-7.20418374e-006	1.17022183e-007	
3.83685152e+001	7.02221421e-006	-7.02126348e-006	1.15548561e-007	
3.84686941e+001	6.83929464e-006	-6.83834323e-006	1.14074939e-007	
3.85688730e+001	6.66020845e-006	-6.65925704e-006	1.12571231e-007	
3.86690519e+001	6.48305675e-006	-6.48210554e-006	1.11052348e-007	
3.87692308e+001	6.30590540e-006	-6.30495403e-006	1.09533465e-007	
3.88694097e+001	6.12875444e-006	-6.12780252e-006	1.08014582e-007	
3.89695886e+001	5.95160389e-006	-5.95065102e-006	1.06495700e-007	
3.90697674e+001	5.77445381e-006	-5.77349951e-006	1.04976817e-007	
3.91699463e+001	5.59730422e-006	-5.59634801e-006	1.03457934e-007	
3.92701252e+001	5.42015519e-006	-5.41919650e-006	1.01939051e-007	
3.93703041e+001	5.24300677e-006	-5.24204500e-006	1.00420169e-007	
3.94704830e+001	5.00995339e-006	-5.00899340e-006	9.80717499e-008	
3.95706619e+001	4.77307941e-006	-4.77212059e-006	9.56666247e-008	
3.96708408e+001	4.53620658e-006	-4.53524778e-006	9.32614995e-008	
3.97710197e+001	4.29933510e-006	-4.29837497e-006	9.08563743e-008	
3.98711986e+001	4.08026323e-006	-4.07930536e-006	8.84070485e-008	
3.99713775e+001	3.87452688e-006	-3.87357399e-006	8.59245993e-008	
4.00715564e+001	3.66879165e-006	-3.66784263e-006	8.34421501e-008	
4.01717352e+001	3.46305774e-006	-3.46211127e-006	8.09597009e-008	
4.02719141e+001	3.26334688e-006	-3.26240356e-006	7.84594767e-008	
4.03720930e+001	3.08665609e-006	-3.08572298e-006	7.58912863e-008	
4.04722719e+001	2.90996632e-006	-2.90904240e-006	7.33230959e-008	
4.05724508e+001	2.73327778e-006	-2.73236183e-006	7.07549055e-008	
4.06726297e+001	2.55659071e-006	-2.55568125e-006	6.81867151e-008	
4.07728086e+001	2.44085317e-006	-2.43995036e-006	6.63812365e-008	
4.08729875e+001	2.33646684e-006	-2.33557036e-006	6.47178025e-008	
4.09731664e+001	2.23208116e-006	-2.23119037e-006	6.30543684e-008	
4.10733453e+001	2.12769622e-006	-2.12681037e-006	6.13909344e-008	
4.11735242e+001	2.03605173e-006	-2.03517398e-006	5.97787146e-008	
4.12737030e+001	1.95828256e-006	-1.95741685e-006	5.82222730e-008	
4.13738819e+001	1.88051368e-006	-1.87965972e-006	5.66658314e-008	
4.14740608e+001	1.80274513e-006	-1.80190259e-006	5.51093898e-008	
4.15742397e+001	1.72078143e-006	-1.71995134e-006	5.34427416e-008	
4.16744186e+001	1.60632088e-006	-1.60551352e-006	5.09224459e-008	
4.17745975e+001	1.49186109e-006	-1.49107570e-006	4.84021502e-008	
4.18747764e+001	1.37740227e-006	-1.37663789e-006	4.58818545e-008	
4.19749553e+001	1.26294467e-006	-1.26220007e-006	4.33615588e-008	
4.20751342e+001	1.16694417e-006	-1.16622277e-006	4.10261577e-008	
4.21753131e+001	1.07709576e-006	-1.07639840e-006	3.87523751e-008	
4.22754919e+001	9.87248197e-007	-9.86574029e-007	3.64785926e-008	
4.23756708e+001	8.97401759e-007	-8.96749657e-007	3.42048100e-008	
4.24758497e+001	8.26497461e-007	-8.25863357e-007	3.23692391e-008	
4.25760286e+001	7.85765371e-007	-7.85144444e-007	3.12317201e-008	
4.26762075e+001	7.45033577e-007	-7.44425530e-007	3.00942011e-008	
4.27763864e+001	7.04302130e-007	-7.03706616e-007	2.89566822e-008	
4.28765653e+001	6.63821150e-007	-6.63237781e-007	2.78238256e-008	
4.29767442e+001	6.34814123e-007	-6.34243721e-007	2.69049024e-008	
4.30769231e+001	6.05807249e-007	-6.05249661e-007	2.59859792e-008	
4.31771020e+001	5.76800550e-007	-5.76255601e-007	2.50670560e-008	
4.32772809e+001	5.47794055e-007	-5.47261541e-007	2.41481328e-008	
4.33774597e+001	5.13575681e-007	-5.13060291e-007	2.30025525e-008	
4.34776386e+001	4.76636643e-007	-4.76140653e-007	2.17386445e-008	
4.35778175e+001	4.39697980e-007	-4.39221014e-007	2.04747365e-008	
4.36779964e+001	4.02759795e-007	-4.02301375e-007	1.92108284e-008	
4.37781753e+001	3.68997387e-007	-3.68556962e-007	1.80232471e-008	
4.38783542e+001	3.42909224e-007	-3.42486571e-007	1.70201330e-008	
4.39785331e+001	3.16821312e-007	-3.16416180e-007	1.60170190e-008	
4.40787120e+001	2.90733717e-007	-2.90345789e-007	1.50139049e-008	
4.41788909e+001	2.64646534e-007	-2.64275398e-007	1.40107908e-008	
4.42790698e+001	2.49159501e-007	-2.48802604e-007	1.33312147e-008	
4.43792487e+001	2.34490928e-007	-2.34148027e-007	1.26766182e-008	
4.44794275e+001	2.19822437e-007	-2.19493451e-007	1.20220216e-008	
4.45796064e+001	2.05154047e-007	-2.04838875e-007	1.13674251e-008	
4.46797853e+001	1.93908093e-007	-1.93605533e-007	1.08280192e-008	
4.47799642e+001	1.85307918e-007	-1.85017103e-007	1.03776659e-008	
4.48801431e+001	1.76707748e-007	-1.76428673e-007	9.92731264e-009	
4.49803220e+001	1.68107585e-007	-1.67840243e-007	9.47695933e-009	
4.50805009e+001	1.60300877e-007	-1.60044954e-007	9.05449326e-009	
4.51806798e+001	1.55674902e-007	-1.55429150e-007	8.74382031e-009	
4.52808587e+001	1.51048944e-007	-1.50813347e-007	8.43314736e-009	
4.53810376e+001	1.46423005e-007	-1.46197543e-007	8.12247441e-009	
4.54812165e+001	1.41797085e-007	-1.41581740e-007	7.81180146e-009	
4.55813953e+001	1.41039994e-007	-1.40832506e-007	7.64756002e-009	
4.56815742e+001	1.41045776e-007	-1.40845582e-007	7.51218839e-009	
4.57817531e+001	1.41051689e-007	-1.40858658e-007	7.37681676e-009	
4.58819320e+001	1.41057733e-007	-1.40871734e-007	7.24144513e-009	
4.59821109e+001	1.41063908e-007	-1.40884810e-007	7.10607349e-009	
4.60822898e+001	1.41070213e-007	-1.40897886e-007	6.97070186e-009	
4.61824687e+001	1.41076649e-007	-1.40910962e-007	6.83533023e-009	
4.62826476e+001	1.41083217e-007	-1.40924038e-007	6.69995860e-009	
4.63828265e+001	1.41674833e-007	-1.41521925e-007	6.58049003e-009	
4.64830054e+001	1.47166272e-007	-1.47018461e-007	6.59423078e-009	
4.65831843e+001	1.52658080e-007	-1.52514997e-007	6.60797153e-009	
4.66833631e+001	1.58150218e-007	-1.58011533e-007	6.62171228e-009	
4.67835420e+001	1.63642652e-007	-1.63508068e-007	6.63545303e-009	
4.68837209e+001	1.73514557e-007	-1.73382988e-007	6.75581193e-009	
4.69838998e+001	1.84907126e-007	-1.84777848e-007	6.91318257e-009	
4.70840787e+001	1.96300086e-007	-1.96172707e-007	7.07055321e-009	
4.71842576e+001	2.07693374e-007	-2.07567567e-007	7.22792385e-009	
4.72844365e+001	2.18114550e-007	-2.17989774e-007	7.37668216e-009	
4.73846154e+001	2.26935593e-007	-2.26811252e-007	7.51126610e-009	
4.74847943e+001	2.35756745e-007	-2.35632731e-007	7.64585003e-009	
4.75849732e+001	2.44577995e-007	-2.44454210e-007	7.78043397e-009	
4.76851521e+001	2.53425853e-007	-2.53302208e-007	7.91544982e-009	
4.77853309e+001	2.64191535e-007	-2.64067895e-007	8.08169748e-009	
4.78855098e+001	2.74957317e-007	-2.74833582e-007	8.24794514e-009	
4.79856887e+001	2.85723189e-007	-2.85599269e-007	8.41419280e-009	
4.80858676e+001	2.96489141e-007	-2.96364955e-007	8.58044046e-009	
4.81860465e+001	3.13180595e-007	-3.13056171e-007	8.82716914e-009	
4.82862254e+001	3.33072550e-007	-3.32947739e-007	9.11736511e-009	
4.83864043e+001	3.52964700e-007	-3.52839308e-007	9.40756109e-009	
4.84865832e+001	3.72857014e-007	-3.72730876e-007	9.69775706e-009	
4.85867621e+001	3.93677011e-007	-3.93550196e-007	9.99160306e-009	
4.86869410e+001	4.16824554e-007	-4.16697408e-007	1.02946081e-008	
4.87871199e+001	4.39972272e-007	-4.39844621e-007	1.05976131e-008	
4.88872987e+001	4.63120137e-007	-4.62991834e-007	1.09006181e-008	
4.89874776e+001	4.86268129e-007	-4.86139046e-007	1.12036231e-008	
4.90876565e+001	5.16173864e-007	-5.16044689e-007	1.15471794e-008	
4.91878354e+001	5.46662449e-007	-5.46533037e-007	1.18942323e-008	
4.92880143e+001	5.77151217e-007	-5.77021385e-007	1.22412853e-008	
4.93881932e+001	6.07640142e-007	-6.07509733e-007	1.25883383e-008	
4.94883721e+001	6.32259479e-007	-6.32128666e-007	1.28607612e-008	
4.95885510e+001	6.52197250e-007	-6.52066203e-007	1.30736598e-008	
4.96887299e+001	6.72135075e-007	-6.72003740e-007	1.32865584e-008	
4.97889088e+001	6.92072949e-007	-6.91941277e-007	1.34994570e-008	
4.98890877e+001	7.12304456e-007	-7.12172557e-007	1.37072192e-008	
4.99892665e+001	7.33771826e-007	-7.33640284e-007	1.38933609e-008	
5.00894454e+001	7.55239262e-007	-7.55108012e-007	1.40795026e-008	
5.01896243e+001	7.76706758e-007	-7.76575740e-007	1.42656443e-008	
5.02898032e+001	7.98174311e-007	-7.98043468e-007	1.44517860e-008	
5.03899821e+001	8.25002414e-007	-8.24872033e-007	1.46667399e-008	
5.04901610e+001	8.52947010e-007	-8.52817072e-007	1.48876941e-008	
5.05903399e+001	8.80891689e-007	-8.80762112e-007	1.51086483e-008	
5.06905188e+001	9.08836445e-007	-9.08707151e-007	1.53296025e-008	
5.07906977e+001	9.33684915e-007	-9.33555991e-007	1.55155451e-008	
5.08908766e+001	9.54946469e-007	-9.54818043e-007	1.56609285e-008	
5.09910555e+001	9.76208067e-007	-9.76080094e-007	1.58063119e-008	
5.10912343e+001	9.97469705e-007	-9.97342146e-007	1.59516952e-008	
5.11914132e+001	1.01856115e-006	-1.01843399e-006	1.60940413e-008	
5.12915921e+001	1.03810254e-006	-1.03797600e-006	1.62087317e-008	
5.13917710e+001	1.05764398e-006	-1.05751800e-006	1.63234220e-008	
5.14919499e+001	1.07718544e-006	-1.07706001e-006	1.64381124e-008	
5.15921288e+001	1.09672694e-006	-1.09660202e-006	1.65528028e-008	
5.16923077e+001	1.11441891e-006	-1.11429463e-006	1.66432589e-008	
5.17924866e+001	1.13144275e-006	-1.13131913e-006	1.67249603e-008	
5.18926655e+001	1.14846662e-006	-1.14834364e-006	1.68066618e-008	
5.19928444e+001	1.16549051e-006	-1.16536814e-006	1.68883632e-008	
5.20930233e+001	1.18251442e-006	-1.18239264e-006	1.69700647e-008	
5.21932021e+001	1.19953835e-006	-1.19941715e-006	1.70517661e-008	
5.22933810e+001	1.21656231e-006	-1.21644165e-006	1.71334676e-008	
5.23935599e+001	1.23358629e-006	-1.23346616e-006	1.72151690e-008	
5.24937388e+001	1.25058987e-006	-1.25047025e-006	1.72967028e-008	
5.25939177e+001	1.26418143e-006	-1.26406237e-006	1.73502346e-008	
5.26940966e+001	1.27777301e-006	-1.27765448e-006	1.74037664e-008	
5.27942755e+001	1.29136460e-006	-1.29124660e-006	1.74572982e-008	
5.28944544e+001	1.30495621e-006	-1.30483872e-006	1.75108300e-008	
5.29946333e+001	1.31603355e-006	-1.31591653e-006	1.75495999e-008	
5.30948122e+001	1.32570651e-006	-1.32558994e-006	1.75801244e-008	
5.31949911e+001	1.33537948e-006	-1.33526335e-006	1.76106489e-008	
5.32951699e+001	1.34505246e-006	-1.34493676e-006	1.76411734e-008	
5.33953488e+001	1.35576768e-006	-1.35565248e-006	1.76737248e-008	
5.34955277e+001	1.36919949e-006	-1.36908492e-006	1.77115592e-008	
5.35957066e+001	1.38263130e-006	-1.38251737e-006	1.77493936e-008	
5.36958855e+001	1.39606314e-006	-1.39594982e-006	1.77872280e-008	
5.37960644e+001	1.40949498e-006	-1.40938227e-006	1.78250625e-008	
5.38962433e+001	1.41790871e-006	-1.41779641e-006	1.78456205e-008	
5.39964222e+001	1.42584396e-006	-1.42573205e-006	1.78645311e-008	
5.40966011e+001	1.43377922e-006	-1.43366768e-006	1.78834418e-008	
5.41967800e+001	1.44171448e-006	-1.44160332e-006	1.79023524e-008	
5.42969589e+001	1.44727504e-006	-1.44716416e-006	1.79147562e-008	
5.43971377e+001	1.45088173e-006	-1.45077104e-006	1.79218063e-008	
5.44973166e+001	1.45448842e-006	-1.45437791e-006	1.79288563e-008	
5.45974955e+001	1.45809511e-006	-1.45798479e-006	1.79359063e-008	
5.46976744e+001	1.46192378e-006	-1.46181366e-006	1.79432419e-008	
5.47978533e+001	1.46673495e-006	-1.46662509e-006	1.79518413e-008	
5.48980322e+001	1.47154613e-006	-1.47143653e-006	1.79604407e-008	
5.49982111e+001	1.47635731e-006	-1.47624796e-006	1.79690402e-008	
5.50983900e+001	1.48116850e-006	-1.48105939e-006	1.79776396e-008	
5.51985689e+001	1.48473104e-006	-1.48462213e-006	1.79835102e-008	
5.52987478e+001	1.48801939e-006	-1.48791065e-006	1.79887815e-008	
5.53989267e+001	1.49130774e-006	-1.49119918e-006	1.79940528e-008	
5.54991055e+001	1.49459609e-006	-1.49448770e-006	1.79993241e-008	
5.55992844e+001	1.49712903e-006	-1.49702078e-006	1.80032801e-008	
5.56994633e+001	1.49875935e-006	-1.49865119e-006	1.80056645e-008	
5.57996422e+001	1.50018920e-006	-1.50008112e-006	1.80077557e-008	
5.58998211e+001	1.50101426e-006	-1.50090622e-006	1.80089620e-008	
5.60000000e+001	1.50129742e-006	-1.50118940e-006	1.80093771e-008	
