% Column 0: Length, cm
% Column 1: |B.t|, Tesla
% Column 2: Re[B.t], Tesla
% Column 3: Im[B.t], Tesla
0.00000000e+000	1.04526665e-006	-1.04514185e-006	1.61520499e-008	
1.00178891e-001	1.04509567e-006	-1.04497084e-006	1.61522680e-008	
2.00357782e-001	1.04459394e-006	-1.04446905e-006	1.61529070e-008	
3.00536673e-001	1.04376666e-006	-1.04364165e-006	1.61539399e-008	
4.00715564e-001	1.04283348e-006	-1.04270834e-006	1.61551001e-008	
5.00894454e-001	1.04147876e-006	-1.04135343e-006	1.61565943e-008	
6.01073345e-001	1.03977124e-006	-1.03964568e-006	1.61583680e-008	
7.01252236e-001	1.03806373e-006	-1.03793793e-006	1.61601418e-008	
8.01431127e-001	1.03635621e-006	-1.03623018e-006	1.61619155e-008	
9.01610018e-001	1.03440122e-006	-1.03427493e-006	1.61636792e-008	
1.00178891e+000	1.03131934e-006	-1.03119264e-006	1.61653971e-008	
1.10196780e+000	1.02823746e-006	-1.02811035e-006	1.61671150e-008	
1.20214669e+000	1.02515558e-006	-1.02502806e-006	1.61688328e-008	
1.30232558e+000	1.02207370e-006	-1.02194577e-006	1.61705507e-008	
1.40250447e+000	1.01899183e-006	-1.01886348e-006	1.61722686e-008	
1.50268336e+000	1.01590995e-006	-1.01578120e-006	1.61739864e-008	
1.60286225e+000	1.01282808e-006	-1.01269891e-006	1.61757043e-008	
1.70304114e+000	1.00974622e-006	-1.00961662e-006	1.61774222e-008	
1.80322004e+000	1.00562604e-006	-1.00549591e-006	1.61777753e-008	
1.90339893e+000	1.00024394e-006	-1.00011312e-006	1.61764696e-008	
2.00357782e+000	9.94861845e-007	-9.94730342e-007	1.61751640e-008	
2.10375671e+000	9.89479757e-007	-9.89347561e-007	1.61738583e-008	
2.20393560e+000	9.83861030e-007	-9.83728111e-007	1.61718861e-008	
2.30411449e+000	9.75760523e-007	-9.75626649e-007	1.61629238e-008	
2.40429338e+000	9.67660032e-007	-9.67525187e-007	1.61539615e-008	
2.50447227e+000	9.59559558e-007	-9.59423725e-007	1.61449991e-008	
2.60465116e+000	9.51459101e-007	-9.51322263e-007	1.61360368e-008	
2.70483005e+000	9.44754876e-007	-9.44617228e-007	1.61265982e-008	
2.80500894e+000	9.38586356e-007	-9.38447969e-007	1.61169769e-008	
2.90518784e+000	9.32417846e-007	-9.32278710e-007	1.61073557e-008	
3.00536673e+000	9.26249346e-007	-9.26109451e-007	1.60977344e-008	
3.10554562e+000	9.19480296e-007	-9.19339607e-007	1.60841936e-008	
3.20572451e+000	9.11636074e-007	-9.11494537e-007	1.60636355e-008	
3.30590340e+000	9.03791867e-007	-9.03649467e-007	1.60430775e-008	
3.40608229e+000	8.95947676e-007	-8.95804396e-007	1.60225194e-008	
3.50626118e+000	8.88103500e-007	-8.87959326e-007	1.60019613e-008	
3.60644007e+000	8.73005073e-007	-8.72859428e-007	1.59460470e-008	
3.70661896e+000	8.57863271e-007	-8.57716096e-007	1.58899209e-008	
3.80679785e+000	8.42721527e-007	-8.42572764e-007	1.58337949e-008	
3.90697674e+000	8.27579845e-007	-8.27429432e-007	1.57776688e-008	
4.00715564e+000	8.14211630e-007	-8.14059802e-007	1.57231163e-008	
4.10733453e+000	8.01886210e-007	-8.01733098e-007	1.56694889e-008	
4.20751342e+000	7.89560833e-007	-7.89406394e-007	1.56158615e-008	
4.30769231e+000	7.77235503e-007	-7.77079689e-007	1.55622341e-008	
4.40787120e+000	7.65625047e-007	-7.65467987e-007	1.55072066e-008	
4.50805009e+000	7.55993432e-007	-7.55835577e-007	1.54483033e-008	
4.60822898e+000	7.46361842e-007	-7.46203167e-007	1.53894000e-008	
4.70840787e+000	7.36730279e-007	-7.36570757e-007	1.53304966e-008	
4.80858676e+000	7.27098743e-007	-7.26938347e-007	1.52715933e-008	
4.90876565e+000	7.09427951e-007	-7.09266058e-007	1.51550716e-008	
5.00894454e+000	6.90874364e-007	-6.90710807e-007	1.50322220e-008	
5.10912343e+000	6.72320891e-007	-6.72155556e-007	1.49093724e-008	
5.20930233e+000	6.53767542e-007	-6.53600304e-007	1.47865228e-008	
5.30948122e+000	6.35024004e-007	-6.34854983e-007	1.46504633e-008	
5.40966011e+000	6.16116263e-007	-6.15945544e-007	1.45030004e-008	
5.50983900e+000	5.97208667e-007	-5.97036105e-007	1.43555375e-008	
5.61001789e+000	5.78301229e-007	-5.78126666e-007	1.42080747e-008	
5.71019678e+000	5.60503810e-007	-5.60327254e-007	1.40673079e-008	
5.81037567e+000	5.48035473e-007	-5.47857678e-007	1.39586931e-008	
5.91055456e+000	5.35567217e-007	-5.35388101e-007	1.38500782e-008	
6.01073345e+000	5.23099046e-007	-5.22918525e-007	1.37414634e-008	
6.11091234e+000	5.10630966e-007	-5.10448949e-007	1.36328485e-008	
6.21109123e+000	4.98608555e-007	-4.98425257e-007	1.35186467e-008	
6.31127013e+000	4.86692085e-007	-4.86507495e-007	1.34031176e-008	
6.41144902e+000	4.74775709e-007	-4.74589732e-007	1.32875884e-008	
6.51162791e+000	4.62859432e-007	-4.62671969e-007	1.31720593e-008	
6.61180680e+000	4.48479395e-007	-4.48289993e-007	1.30326263e-008	
6.71198569e+000	4.31010515e-007	-4.30818525e-007	1.28632239e-008	
6.81216458e+000	4.13541923e-007	-4.13347056e-007	1.26938215e-008	
6.91234347e+000	3.96073657e-007	-3.95875587e-007	1.25244192e-008	
7.01252236e+000	3.78914862e-007	-3.78713278e-007	1.23582316e-008	
7.11270125e+000	3.65341684e-007	-3.65136946e-007	1.22293334e-008	
7.21288014e+000	3.51768796e-007	-3.51560614e-007	1.21004351e-008	
7.31305903e+000	3.38196234e-007	-3.37984282e-007	1.19715369e-008	
7.41323792e+000	3.24624038e-007	-3.24407950e-007	1.18426387e-008	
7.51341682e+000	3.14925186e-007	-3.14705028e-007	1.17736200e-008	
7.61359571e+000	3.06770116e-007	-3.06545832e-007	1.17284661e-008	
7.71377460e+000	2.98615279e-007	-2.98386637e-007	1.16833123e-008	
7.81395349e+000	2.90460693e-007	-2.90227441e-007	1.16381584e-008	
7.91413238e+000	2.82886037e-007	-2.82646947e-007	1.16281354e-008	
8.01431127e+000	2.76384984e-007	-2.76137942e-007	1.16831574e-008	
8.11449016e+000	2.69884324e-007	-2.69628937e-007	1.17381794e-008	
8.21466905e+000	2.63384089e-007	-2.63119932e-007	1.17932014e-008	
8.31484794e+000	2.56884309e-007	-2.56610927e-007	1.18482234e-008	
8.41502683e+000	2.55036698e-007	-2.54748842e-007	1.21138399e-008	
8.51520572e+000	2.53253908e-007	-2.52951021e-007	1.23823690e-008	
8.61538462e+000	2.51471619e-007	-2.51153200e-007	1.26508982e-008	
8.71556351e+000	2.49689840e-007	-2.49355379e-007	1.29194274e-008	
8.81574240e+000	2.49771497e-007	-2.49423679e-007	1.31768352e-008	
8.91592129e+000	2.50985337e-007	-2.50625901e-007	1.34274833e-008	
9.01610018e+000	2.52199314e-007	-2.51828122e-007	1.36781315e-008	
9.11627907e+000	2.53413428e-007	-2.53030343e-007	1.39287796e-008	
9.21645796e+000	2.56440999e-007	-2.56044883e-007	1.42479529e-008	
9.31663685e+000	2.64692155e-007	-2.64280052e-007	1.47645225e-008	
9.41681574e+000	2.72943323e-007	-2.72515222e-007	1.52810920e-008	
9.51699463e+000	2.81194503e-007	-2.80750391e-007	1.57976615e-008	
9.61717352e+000	2.89445692e-007	-2.88985561e-007	1.63142311e-008	
9.71735242e+000	3.06729517e-007	-3.06242905e-007	1.72707780e-008	
9.81753131e+000	3.25091636e-007	-3.24577292e-007	1.82798479e-008	
9.91771020e+000	3.43453756e-007	-3.42911680e-007	1.92889178e-008	
1.00178891e+001	3.61815878e-007	-3.61246067e-007	2.02979878e-008	
1.01180680e+001	3.89180759e-007	-3.88578791e-007	2.16376235e-008	
1.02182469e+001	4.24561006e-007	-4.23922732e-007	2.32715626e-008	
1.03184258e+001	4.59941475e-007	-4.59266673e-007	2.49055017e-008	
1.04186047e+001	4.95322118e-007	-4.94610614e-007	2.65394408e-008	
1.05187835e+001	5.34068924e-007	-5.33319491e-007	2.82831457e-008	
1.06189624e+001	5.89890623e-007	-5.89097264e-007	3.05836512e-008	
1.07191413e+001	6.45712926e-007	-6.44875038e-007	3.28841568e-008	
1.08193202e+001	7.01535689e-007	-7.00652811e-007	3.51846624e-008	
1.09194991e+001	7.57358810e-007	-7.56430585e-007	3.74851679e-008	
1.10196780e+001	8.04602601e-007	-8.03640372e-007	3.93382536e-008	
1.11198569e+001	8.49706293e-007	-8.48712697e-007	4.10797228e-008	
1.12200358e+001	8.94810214e-007	-8.93785021e-007	4.28211919e-008	
1.13202147e+001	9.39914330e-007	-9.38857346e-007	4.45626610e-008	
1.14203936e+001	9.89354632e-007	-9.88267794e-007	4.63611414e-008	
1.15205725e+001	1.04440405e-006	-1.04328968e-006	4.82333670e-008	
1.16207513e+001	1.09945389e-006	-1.09831156e-006	5.01055925e-008	
1.17209302e+001	1.15450411e-006	-1.15333345e-006	5.19778181e-008	
1.18211091e+001	1.21595594e-006	-1.21475571e-006	5.40130747e-008	
1.19212880e+001	1.36031280e-006	-1.35906893e-006	5.81596952e-008	
1.20214669e+001	1.50467271e-006	-1.50338215e-006	6.23063156e-008	
1.21216458e+001	1.64903487e-006	-1.64769537e-006	6.64529360e-008	
1.22218247e+001	1.79339875e-006	-1.79200859e-006	7.05995565e-008	
1.23220036e+001	1.97856941e-006	-1.97714294e-006	7.51178811e-008	
1.24221825e+001	2.18062790e-006	-2.17916763e-006	7.97900094e-008	
1.25223614e+001	2.38268982e-006	-2.38119233e-006	8.44621377e-008	
1.26225403e+001	2.58475436e-006	-2.58321703e-006	8.91342660e-008	
1.27227191e+001	2.78682096e-006	-2.78524172e-006	9.38063943e-008	
1.28228980e+001	2.98888920e-006	-2.98726642e-006	9.84785226e-008	
1.29230769e+001	3.19095877e-006	-3.18929111e-006	1.03150651e-007	
1.30232558e+001	3.39302942e-006	-3.39131581e-006	1.07822779e-007	
1.31234347e+001	3.59510098e-006	-3.59334050e-006	1.12494907e-007	
1.32236136e+001	3.87395909e-006	-3.87218820e-006	1.17122033e-007	
1.33237925e+001	4.15449379e-006	-4.15270948e-006	1.21748162e-007	
1.34239714e+001	4.43503162e-006	-4.43323077e-006	1.26374291e-007	
1.35241503e+001	4.71557202e-006	-4.71375205e-006	1.31000420e-007	
1.36243292e+001	4.99611456e-006	-4.99427333e-006	1.35626549e-007	
1.37245081e+001	5.27665889e-006	-5.27479461e-006	1.40252678e-007	
1.38246869e+001	5.55720475e-006	-5.55531590e-006	1.44878807e-007	
1.39248658e+001	5.83775191e-006	-5.83583718e-006	1.49504936e-007	
1.40250447e+001	6.17642989e-006	-6.17449839e-006	1.54453297e-007	
1.41252236e+001	6.68949778e-006	-6.68757524e-006	1.60368324e-007	
1.42254025e+001	7.20257180e-006	-7.20065208e-006	1.66283352e-007	
1.43255814e+001	7.71565073e-006	-7.71372892e-006	1.72198379e-007	
1.44257603e+001	8.22873365e-006	-8.22680576e-006	1.78113407e-007	
1.45259392e+001	8.95126377e-006	-8.94936670e-006	1.84279067e-007	
1.46261181e+001	9.70084151e-006	-9.69897131e-006	1.90477086e-007	
1.47262970e+001	1.04504268e-005	-1.04485759e-005	1.96675105e-007	
1.48264758e+001	1.12000181e-005	-1.11981805e-005	2.02873123e-007	
1.49266547e+001	1.19796267e-005	-1.19778171e-005	2.08217134e-007	
1.50268336e+001	1.27867994e-005	-1.27850289e-005	2.12777026e-007	
1.51270125e+001	1.35939782e-005	-1.35922407e-005	2.17336918e-007	
1.52271914e+001	1.44011622e-005	-1.43994526e-005	2.21896811e-007	
1.53273703e+001	1.52268479e-005	-1.52251693e-005	2.26086887e-007	
1.54275492e+001	1.61518701e-005	-1.61502566e-005	2.28291191e-007	
1.55277281e+001	1.70768996e-005	-1.70753440e-005	2.30495494e-007	
1.56279070e+001	1.80019353e-005	-1.80004313e-005	2.32699798e-007	
1.57280859e+001	1.89269764e-005	-1.89255186e-005	2.34904102e-007	
1.58282648e+001	2.02453732e-005	-2.02440012e-005	2.35692326e-007	
1.59284436e+001	2.16666751e-005	-2.16653886e-005	2.36110135e-007	
1.60286225e+001	2.30879876e-005	-2.30867760e-005	2.36527944e-007	
1.61288014e+001	2.45093088e-005	-2.45081634e-005	2.36945754e-007	
1.62289803e+001	2.59873690e-005	-2.59862919e-005	2.36605059e-007	
1.63291592e+001	2.75411621e-005	-2.75401573e-005	2.35251999e-007	
1.64293381e+001	2.90949630e-005	-2.90940228e-005	2.33898939e-007	
1.65295170e+001	3.06487705e-005	-3.06478883e-005	2.32545879e-007	
1.66296959e+001	3.21977848e-005	-3.21969553e-005	2.31122083e-007	
1.67298748e+001	3.36766237e-005	-3.36758474e-005	2.28663557e-007	
1.68300537e+001	3.51554672e-005	-3.51547395e-005	2.26205032e-007	
1.69302326e+001	3.66343148e-005	-3.66336316e-005	2.23746506e-007	
1.70304114e+001	3.81131661e-005	-3.81125237e-005	2.21287980e-007	
1.71305903e+001	3.92406464e-005	-3.92400340e-005	2.19234028e-007	
1.72307692e+001	4.02172823e-005	-4.02166949e-005	2.17353769e-007	
1.73309481e+001	4.11939194e-005	-4.11933558e-005	2.15473509e-007	
1.74311270e+001	4.21705577e-005	-4.21700167e-005	2.13593250e-007	
1.75313059e+001	4.33597367e-005	-4.33592208e-005	2.11512833e-007	
1.76314848e+001	4.49702230e-005	-4.49697371e-005	2.09035653e-007	
1.77316637e+001	4.65807115e-005	-4.65802535e-005	2.06558474e-007	
1.78318426e+001	4.81912020e-005	-4.81907698e-005	2.04081295e-007	
1.79320215e+001	4.98016942e-005	-4.98012862e-005	2.01604116e-007	
1.80322004e+001	5.19795511e-005	-5.19791681e-005	1.99533668e-007	
1.81323792e+001	5.41743695e-005	-5.41740096e-005	1.97475378e-007	
1.82325581e+001	5.63691898e-005	-5.63688510e-005	1.95417089e-007	
1.83327370e+001	5.85640117e-005	-5.85636925e-005	1.93358799e-007	
1.84329159e+001	6.02857042e-005	-6.02853953e-005	1.93001205e-007	
1.85330948e+001	6.17006167e-005	-6.17003126e-005	1.93746369e-007	
1.86332737e+001	6.31155295e-005	-6.31152298e-005	1.94491533e-007	
1.87334526e+001	6.45304424e-005	-6.45301471e-005	1.95236697e-007	
1.88336315e+001	6.59453556e-005	-6.59450644e-005	1.95981860e-007	
1.89338104e+001	6.73602689e-005	-6.73599816e-005	1.96727024e-007	
1.90339893e+001	6.87751824e-005	-6.87748989e-005	1.97472188e-007	
1.91341682e+001	7.01900960e-005	-7.01898161e-005	1.98217351e-007	
1.92343470e+001	7.16050098e-005	-7.16047334e-005	1.98962515e-007	
1.93345259e+001	7.32906550e-005	-7.32903762e-005	2.02138524e-007	
1.94347048e+001	7.50139269e-005	-7.50136450e-005	2.05652379e-007	
1.95348837e+001	7.67371988e-005	-7.67369137e-005	2.09166234e-007	
1.96350626e+001	7.84604707e-005	-7.84601825e-005	2.12680088e-007	
1.97352415e+001	7.99978097e-005	-7.99975165e-005	2.16588484e-007	
1.98354204e+001	8.13590882e-005	-8.13587884e-005	2.20870455e-007	
1.99355993e+001	8.27203667e-005	-8.27200603e-005	2.25152426e-007	
2.00357782e+001	8.40816452e-005	-8.40813322e-005	2.29434396e-007	
2.01359571e+001	8.53967409e-005	-8.53964210e-005	2.33722145e-007	
2.02361360e+001	8.64486981e-005	-8.64483704e-005	2.38042796e-007	
2.03363148e+001	8.75006553e-005	-8.75003197e-005	2.42363447e-007	
2.04364937e+001	8.85526126e-005	-8.85522690e-005	2.46684098e-007	
2.05366726e+001	8.96045699e-005	-8.96042183e-005	2.51004749e-007	
2.06368515e+001	9.02966952e-005	-9.02963377e-005	2.54088652e-007	
2.07370304e+001	9.08902486e-005	-9.08898858e-005	2.56833758e-007	
2.08372093e+001	9.14838021e-005	-9.14834338e-005	2.59578864e-007	
2.09373882e+001	9.20773555e-005	-9.20769819e-005	2.62323970e-007	
2.10375671e+001	9.25399764e-005	-9.25395988e-005	2.64354822e-007	
2.11377460e+001	9.28222561e-005	-9.28218767e-005	2.65401892e-007	
2.12379249e+001	9.31045357e-005	-9.31041545e-005	2.66448961e-007	
2.13381038e+001	9.33868154e-005	-9.33864323e-005	2.67496030e-007	
2.14382826e+001	9.36525738e-005	-9.36521891e-005	2.68426179e-007	
2.15384615e+001	9.36413725e-005	-9.36409908e-005	2.67396299e-007	
2.16386404e+001	9.36301713e-005	-9.36297924e-005	2.66366419e-007	
2.17388193e+001	9.36189701e-005	-9.36185941e-005	2.65336539e-007	
2.18389982e+001	9.36077688e-005	-9.36073957e-005	2.64306659e-007	
2.19391771e+001	9.32961612e-005	-9.32957948e-005	2.61496476e-007	
2.20393560e+001	9.28508244e-005	-9.28504662e-005	2.57893771e-007	
2.21395349e+001	9.24054876e-005	-9.24051377e-005	2.54291065e-007	
2.22397138e+001	9.19601508e-005	-9.19598091e-005	2.50688359e-007	
2.23398927e+001	9.13744472e-005	-9.13741149e-005	2.46427983e-007	
2.24400716e+001	9.05006736e-005	-9.05003532e-005	2.40817897e-007	
2.25402504e+001	8.96269000e-005	-8.96265914e-005	2.35207810e-007	
2.26404293e+001	8.87531266e-005	-8.87528296e-005	2.29597724e-007	
2.27406082e+001	8.78793533e-005	-8.78790679e-005	2.23987638e-007	
2.28407871e+001	8.69110367e-005	-8.69107608e-005	2.18990065e-007	
2.29409660e+001	8.59391190e-005	-8.59388526e-005	2.14015849e-007	
2.30411449e+001	8.49672015e-005	-8.49669444e-005	2.09041632e-007	
2.31413238e+001	8.39952841e-005	-8.39950362e-005	2.04067415e-007	
2.32415027e+001	8.30233667e-005	-8.30231280e-005	1.99093199e-007	
2.33416816e+001	8.20514494e-005	-8.20512198e-005	1.94118982e-007	
2.34418605e+001	8.10795322e-005	-8.10793116e-005	1.89144765e-007	
2.35420394e+001	8.01076151e-005	-8.01074034e-005	1.84170549e-007	
2.36422182e+001	7.89716336e-005	-7.89714306e-005	1.79061339e-007	
2.37423971e+001	7.73004659e-005	-7.73002712e-005	1.73511824e-007	
2.38425760e+001	7.56292983e-005	-7.56291118e-005	1.67962308e-007	
2.39427549e+001	7.39581307e-005	-7.39579524e-005	1.62412792e-007	
2.40429338e+001	7.22869631e-005	-7.22867930e-005	1.56863277e-007	
2.41431127e+001	7.04035726e-005	-7.04034081e-005	1.52173091e-007	
2.42432916e+001	6.84885469e-005	-6.84883878e-005	1.47610975e-007	
2.43434705e+001	6.65735212e-005	-6.65733675e-005	1.43048859e-007	
2.44436494e+001	6.46584955e-005	-6.46583472e-005	1.38486743e-007	
2.45438283e+001	6.28601616e-005	-6.28600158e-005	1.35391123e-007	
2.46440072e+001	6.11757719e-005	-6.11756258e-005	1.33727494e-007	
2.47441860e+001	5.94913823e-005	-5.94912357e-005	1.32063864e-007	
2.48443649e+001	5.78069928e-005	-5.78068457e-005	1.30400234e-007	
2.49445438e+001	5.61277867e-005	-5.61276384e-005	1.29013768e-007	
2.50447227e+001	5.44800071e-005	-5.44798537e-005	1.29307279e-007	
2.51449016e+001	5.28322279e-005	-5.28320689e-005	1.29600789e-007	
2.52450805e+001	5.11844490e-005	-5.11842842e-005	1.29894300e-007	
2.53452594e+001	4.95366706e-005	-4.95364995e-005	1.30187811e-007	
2.54454383e+001	4.78687031e-005	-4.78685230e-005	1.31323352e-007	
2.55456172e+001	4.61949477e-005	-4.61947571e-005	1.32700171e-007	
2.56457961e+001	4.45211931e-005	-4.45209912e-005	1.34076989e-007	
2.57459750e+001	4.28474394e-005	-4.28472253e-005	1.35453808e-007	
2.58461538e+001	4.13861062e-005	-4.13858797e-005	1.36925225e-007	
2.59463327e+001	4.02267600e-005	-4.02265214e-005	1.38531113e-007	
2.60465116e+001	3.90674146e-005	-3.90671632e-005	1.40137000e-007	
2.61466905e+001	3.79080700e-005	-3.79078050e-005	1.41742888e-007	
2.62468694e+001	3.67601089e-005	-3.67598294e-005	1.43352895e-007	
2.63470483e+001	3.58349346e-005	-3.58346410e-005	1.45043537e-007	
2.64472272e+001	3.49097611e-005	-3.49094527e-005	1.46734179e-007	
2.65474061e+001	3.39845884e-005	-3.39842643e-005	1.48424821e-007	
2.66475850e+001	3.30594168e-005	-3.30590760e-005	1.50115463e-007	
2.67477639e+001	3.18801084e-005	-3.18797448e-005	1.52258072e-007	
2.68479428e+001	3.05835461e-005	-3.05831553e-005	1.54609210e-007	
2.69481216e+001	2.92869864e-005	-2.92865658e-005	1.56960349e-007	
2.70483005e+001	2.79904297e-005	-2.79899764e-005	1.59311488e-007	
2.71484794e+001	2.67546651e-005	-2.67541776e-005	1.61497927e-007	
2.72486583e+001	2.56481170e-005	-2.56475969e-005	1.63334278e-007	
2.73488372e+001	2.45415720e-005	-2.45410162e-005	1.65170628e-007	
2.74490161e+001	2.34350305e-005	-2.34344355e-005	1.67006978e-007	
2.75491950e+001	2.23284931e-005	-2.23278547e-005	1.68843329e-007	
2.76493739e+001	2.12967322e-005	-2.12960524e-005	1.70162067e-007	
2.77495528e+001	2.02684486e-005	-2.02677234e-005	1.71456760e-007	
2.78497317e+001	1.92449663e-005	-1.92441930e-005	1.72521673e-007	
2.79499106e+001	1.83566737e-005	-1.83558563e-005	1.73236217e-007	
2.80500894e+001	1.75127356e-005	-1.75118746e-005	1.73662928e-007	
2.81502683e+001	1.68554273e-005	-1.68545313e-005	1.73799925e-007	
2.82504472e+001	1.62870727e-005	-1.62861456e-005	1.73782531e-007	
2.83506261e+001	1.56203457e-005	-1.56193812e-005	1.73584035e-007	
2.84508050e+001	1.49198426e-005	-1.49188378e-005	1.73147107e-007	
2.85509839e+001	1.42839639e-005	-1.42829233e-005	1.72408030e-007	
2.86511628e+001	1.36480886e-005	-1.36470089e-005	1.71668952e-007	
2.87513417e+001	1.30157524e-005	-1.30146355e-005	1.70504319e-007	
2.88515206e+001	1.23839850e-005	-1.23828280e-005	1.69271688e-007	
2.89516995e+001	1.18568514e-005	-1.18556646e-005	1.67751581e-007	
2.90518784e+001	1.13789435e-005	-1.13777312e-005	1.66096223e-007	
2.91520572e+001	1.09010382e-005	-1.08997978e-005	1.64440866e-007	
2.92522361e+001	1.04231357e-005	-1.04218644e-005	1.62785509e-007	
2.93524150e+001	9.99041846e-006	-9.98911949e-006	1.61098733e-007	
2.94525939e+001	9.65562671e-006	-9.65431182e-006	1.59343867e-007	
2.95527728e+001	9.32083643e-006	-9.31950415e-006	1.57589000e-007	
2.96529517e+001	8.98604780e-006	-8.98469648e-006	1.55834133e-007	
2.97531306e+001	8.65126099e-006	-8.64988881e-006	1.54079266e-007	
2.98533095e+001	8.42728432e-006	-8.42590937e-006	1.52224700e-007	
2.99534884e+001	8.20897027e-006	-8.20759302e-006	1.50365043e-007	
3.00536673e+001	7.99065678e-006	-7.98927668e-006	1.48505386e-007	
3.01538462e+001	7.77234389e-006	-7.77096033e-006	1.46645730e-007	
3.02540250e+001	7.55115049e-006	-7.54977086e-006	1.44338775e-007	
3.03542039e+001	7.32793122e-006	-7.32656074e-006	1.41717189e-007	
3.04543828e+001	7.10471235e-006	-7.10335062e-006	1.39095603e-007	
3.05545617e+001	6.88149391e-006	-6.88014049e-006	1.36474017e-007	
3.06547406e+001	6.67294092e-006	-6.67159754e-006	1.33891028e-007	
3.07549195e+001	6.51556894e-006	-6.51424296e-006	1.31442751e-007	
3.08550984e+001	6.35819704e-006	-6.35688839e-006	1.28994475e-007	
3.09552773e+001	6.20082522e-006	-6.19953381e-006	1.26546198e-007	
3.10554562e+001	6.04345350e-006	-6.04217923e-006	1.24097922e-007	
3.11556351e+001	5.88608188e-006	-5.88482466e-006	1.21649645e-007	
3.12558140e+001	5.72871037e-006	-5.72747008e-006	1.19201369e-007	
3.13559928e+001	5.57133898e-006	-5.57011550e-006	1.16753092e-007	
3.14561717e+001	5.41396772e-006	-5.41276093e-006	1.14304816e-007	
3.15563506e+001	5.28400665e-006	-5.28281945e-006	1.12004330e-007	
3.16565295e+001	5.18211558e-006	-5.18095104e-006	1.09855194e-007	
3.17567084e+001	5.08022451e-006	-5.07908264e-006	1.07706058e-007	
3.18568873e+001	4.97833344e-006	-4.97721424e-006	1.05556923e-007	
3.19570662e+001	4.87644237e-006	-4.87534584e-006	1.03407787e-007	
3.20572451e+001	4.77455131e-006	-4.77347744e-006	1.01258651e-007	
3.21574240e+001	4.67266024e-006	-4.67160904e-006	9.91095159e-008	
3.22576029e+001	4.57076917e-006	-4.56974064e-006	9.69603802e-008	
3.23577818e+001	4.46887810e-006	-4.46787223e-006	9.48112446e-008	
3.24579606e+001	4.38341647e-006	-4.38243496e-006	9.27563797e-008	
3.25581395e+001	4.30299107e-006	-4.30203442e-006	9.07304132e-008	
3.26583184e+001	4.22256569e-006	-4.22163387e-006	8.87044467e-008	
3.27584973e+001	4.14214034e-006	-4.14123332e-006	8.66784802e-008	
3.28586762e+001	4.06171502e-006	-4.06083277e-006	8.46525137e-008	
3.29588551e+001	3.98128972e-006	-3.98043223e-006	8.26265472e-008	
3.30590340e+001	3.90086446e-006	-3.90003168e-006	8.06005807e-008	
3.31592129e+001	3.82043924e-006	-3.81963113e-006	7.85746142e-008	
3.32593918e+001	3.74034516e-006	-3.73956165e-006	7.65543353e-008	
3.33595707e+001	3.66893464e-006	-3.66817445e-006	7.46831968e-008	
3.34597496e+001	3.59752417e-006	-3.59678725e-006	7.28120583e-008	
3.35599284e+001	3.52611375e-006	-3.52540005e-006	7.09409197e-008	
3.36601073e+001	3.45470338e-006	-3.45401285e-006	6.90697812e-008	
3.37602862e+001	3.39430821e-006	-3.39363671e-006	6.75135158e-008	
3.38604651e+001	3.33928036e-006	-3.33862587e-006	6.61106771e-008	
3.39606440e+001	3.28425254e-006	-3.28361503e-006	6.47078385e-008	
3.40608229e+001	3.22922476e-006	-3.22860419e-006	6.33049998e-008	
3.41610018e+001	3.17631292e-006	-3.17570830e-006	6.19722806e-008	
3.42611807e+001	3.12815437e-006	-3.12756350e-006	6.07970798e-008	
3.43613596e+001	3.07999584e-006	-3.07941871e-006	5.96218789e-008	
3.44615385e+001	3.03183733e-006	-3.03127392e-006	5.84466780e-008	
3.45617174e+001	2.98367884e-006	-2.98312913e-006	5.72714771e-008	
3.46618962e+001	2.92979525e-006	-2.92925882e-006	5.60618035e-008	
3.47620751e+001	2.87557015e-006	-2.87504699e-006	5.48500743e-008	
3.48622540e+001	2.82134507e-006	-2.82083515e-006	5.36383451e-008	
3.49624329e+001	2.76712000e-006	-2.76662332e-006	5.24266158e-008	
3.50626118e+001	2.72374640e-006	-2.72326008e-006	5.14682214e-008	
3.51627907e+001	2.68825128e-006	-2.68777325e-006	5.06937554e-008	
3.52629696e+001	2.65275616e-006	-2.65228643e-006	4.99192893e-008	
3.53631485e+001	2.61726104e-006	-2.61679960e-006	4.91448232e-008	
3.54633274e+001	2.58138195e-006	-2.58092849e-006	4.83832822e-008	
3.55635063e+001	2.54410116e-006	-2.54365454e-006	4.76689235e-008	
3.56636852e+001	2.50682037e-006	-2.50638058e-006	4.69545648e-008	
3.57638640e+001	2.46953958e-006	-2.46910663e-006	4.62402061e-008	
3.58640429e+001	2.43225879e-006	-2.43183268e-006	4.55258474e-008	
3.59642218e+001	2.38592785e-006	-2.38550906e-006	4.47016292e-008	
3.60644007e+001	2.33800856e-006	-2.33759716e-006	4.38581306e-008	
3.61645796e+001	2.29008928e-006	-2.28968527e-006	4.30146320e-008	
3.62647585e+001	2.24216999e-006	-2.24177338e-006	4.21711334e-008	
3.63649374e+001	2.19480442e-006	-2.19441416e-006	4.13874633e-008	
3.64651163e+001	2.14802355e-006	-2.14763856e-006	4.06669761e-008	
3.65652952e+001	2.10124270e-006	-2.10086296e-006	3.99464889e-008	
3.66654741e+001	2.05446186e-006	-2.05408735e-006	3.92260016e-008	
3.67656530e+001	2.00768115e-006	-2.00731170e-006	3.85142141e-008	
3.68658318e+001	1.96090127e-006	-1.96053565e-006	3.78650207e-008	
3.69660107e+001	1.91412142e-006	-1.91375960e-006	3.72158273e-008	
3.70661896e+001	1.86734161e-006	-1.86698355e-006	3.65666339e-008	
3.71663685e+001	1.82056184e-006	-1.82020750e-006	3.59174405e-008	
3.72665474e+001	1.77467559e-006	-1.77432399e-006	3.53247992e-008	
3.73667263e+001	1.72907510e-006	-1.72872587e-006	3.47502428e-008	
3.74669052e+001	1.68347468e-006	-1.68312774e-006	3.41756864e-008	
3.75670841e+001	1.63787433e-006	-1.63752962e-006	3.36011300e-008	
3.76672630e+001	1.59386764e-006	-1.59352472e-006	3.30607032e-008	
3.77674419e+001	1.55231869e-006	-1.55197691e-006	3.25729118e-008	
3.78676208e+001	1.51076983e-006	-1.51042909e-006	3.20851204e-008	
3.79677996e+001	1.46922108e-006	-1.46888127e-006	3.15973290e-008	
3.80679785e+001	1.42787988e-006	-1.42754088e-006	3.11122725e-008	
3.81681574e+001	1.39348016e-006	-1.39314153e-006	3.07187274e-008	
3.82683363e+001	1.35908054e-006	-1.35874218e-006	3.03251822e-008	
3.83685152e+001	1.32468103e-006	-1.32434283e-006	2.99316370e-008	
3.84686941e+001	1.29028163e-006	-1.28994348e-006	2.95380918e-008	
3.85688730e+001	1.25659836e-006	-1.25626044e-006	2.91399946e-008	
3.86690519e+001	1.22327651e-006	-1.22293886e-006	2.87396017e-008	
3.87692308e+001	1.18995478e-006	-1.18961728e-006	2.83392088e-008	
3.88694097e+001	1.15663319e-006	-1.15629570e-006	2.79388160e-008	
3.89695886e+001	1.12331173e-006	-1.12297412e-006	2.75384231e-008	
3.90697674e+001	1.08999043e-006	-1.08965254e-006	2.71380302e-008	
3.91699463e+001	1.05666930e-006	-1.05633096e-006	2.67376374e-008	
3.92701252e+001	1.02334835e-006	-1.02300938e-006	2.63372445e-008	
3.93703041e+001	9.90027608e-007	-9.89687802e-007	2.59368516e-008	
3.94704830e+001	9.46166098e-007	-9.45827094e-007	2.53257359e-008	
3.95706619e+001	9.01584367e-007	-9.01245955e-007	2.47002153e-008	
3.96708408e+001	8.57003032e-007	-8.56664815e-007	2.40746947e-008	
3.97710197e+001	8.12422157e-007	-8.12083676e-007	2.34491740e-008	
3.98711986e+001	7.71175382e-007	-7.70837819e-007	2.28150524e-008	
3.99713775e+001	7.32426521e-007	-7.32090774e-007	2.21744849e-008	
4.00715564e+001	6.93678049e-007	-6.93343729e-007	2.15339174e-008	
4.01717352e+001	6.54930035e-007	-6.54596684e-007	2.08933498e-008	
4.02719141e+001	6.17310199e-007	-6.16978011e-007	2.02488224e-008	
4.03720930e+001	5.84001501e-007	-5.83672869e-007	1.95891529e-008	
4.04722719e+001	5.50693163e-007	-5.50367727e-007	1.89294834e-008	
4.05724508e+001	5.17385256e-007	-5.17062585e-007	1.82698139e-008	
4.06726297e+001	4.84077866e-007	-4.83757443e-007	1.76101444e-008	
4.07728086e+001	4.62251459e-007	-4.61933321e-007	1.71469486e-008	
4.08729875e+001	4.42563321e-007	-4.42247355e-007	1.67203433e-008	
4.09731664e+001	4.22875412e-007	-4.22561390e-007	1.62937381e-008	
4.10733453e+001	4.03187764e-007	-4.02875424e-007	1.58671328e-008	
4.11735242e+001	3.85892359e-007	-3.85582797e-007	1.54537744e-008	
4.12737030e+001	3.71202208e-007	-3.70896793e-007	1.50548434e-008	
4.13738819e+001	3.56512163e-007	-3.56210790e-007	1.46559123e-008	
4.14740608e+001	3.41822236e-007	-3.41524786e-007	1.42569813e-008	
4.15742397e+001	3.26338092e-007	-3.26044919e-007	1.38297162e-008	
4.16744186e+001	3.04701317e-007	-3.04416001e-007	1.31829781e-008	
4.17745975e+001	2.83064820e-007	-2.82787084e-007	1.25362400e-008	
4.18747764e+001	2.61428668e-007	-2.61158167e-007	1.18895020e-008	
4.19749553e+001	2.39792955e-007	-2.39529249e-007	1.12427639e-008	
4.20751342e+001	2.21630672e-007	-2.21375004e-007	1.06424753e-008	
4.21753131e+001	2.04626196e-007	-2.04378872e-007	1.00576666e-008	
4.22754919e+001	1.87622031e-007	-1.87382741e-007	9.47285787e-009	
4.23756708e+001	1.70618270e-007	-1.70386609e-007	8.88804913e-009	
4.24758497e+001	1.57196641e-007	-1.56971208e-007	8.41569092e-009	
4.25760286e+001	1.49480570e-007	-1.49259728e-007	8.12246154e-009	
4.26762075e+001	1.41764606e-007	-1.41548248e-007	7.82923216e-009	
4.27763864e+001	1.34048767e-007	-1.33836769e-007	7.53600278e-009	
4.28765653e+001	1.26380282e-007	-1.26172504e-007	7.24395634e-009	
4.29767442e+001	1.20877886e-007	-1.20674673e-007	7.00618893e-009	
4.30769231e+001	1.15375546e-007	-1.15176843e-007	6.76842152e-009	
4.31771020e+001	1.09873268e-007	-1.09679012e-007	6.53065411e-009	
4.32772809e+001	1.04371064e-007	-1.04181181e-007	6.29288670e-009	
4.33774597e+001	9.78760002e-008	-9.76921702e-008	5.99594006e-009	
4.34776386e+001	9.08626806e-008	-9.06857177e-008	5.66809855e-009	
4.35778175e+001	8.38494947e-008	-8.36792652e-008	5.34025704e-009	
4.36779964e+001	7.68364791e-008	-7.66728127e-008	5.01241553e-009	
4.37781753e+001	7.04242467e-008	-7.02669625e-008	4.70409440e-009	
4.38783542e+001	6.54636175e-008	-6.53126742e-008	4.44295030e-009	
4.39785331e+001	6.05030764e-008	-6.03583859e-008	4.18180621e-009	
4.40787120e+001	5.55426469e-008	-5.54040976e-008	3.92066211e-009	
4.41788909e+001	5.05823618e-008	-5.04498093e-008	3.65951801e-009	
4.42790698e+001	4.76317935e-008	-4.75043624e-008	3.48185368e-009	
4.43792487e+001	4.48364063e-008	-4.47140137e-008	3.31063461e-009	
4.44794275e+001	4.20410469e-008	-4.19236651e-008	3.13941554e-009	
4.45796064e+001	3.92457214e-008	-3.91333165e-008	2.96819648e-009	
4.46797853e+001	3.71000005e-008	-3.69921546e-008	2.82675365e-009	
4.47799642e+001	3.54564593e-008	-3.53528705e-008	2.70833048e-009	
4.48801431e+001	3.38129195e-008	-3.37135864e-008	2.58990731e-009	
4.49803220e+001	3.21693814e-008	-3.20743023e-008	2.47148415e-009	
4.50805009e+001	3.06765233e-008	-3.05855888e-008	2.36026285e-009	
4.51806798e+001	2.97876978e-008	-2.97004724e-008	2.27791209e-009	
4.52808587e+001	2.88988793e-008	-2.88153559e-008	2.19556134e-009	
4.53810376e+001	2.80100685e-008	-2.79302395e-008	2.11321058e-009	
4.54812165e+001	2.71212661e-008	-2.70451231e-008	2.03085983e-009	
4.55813953e+001	2.69678836e-008	-2.68946251e-008	1.98642576e-009	
4.56815742e+001	2.69595364e-008	-2.68889602e-008	1.94946718e-009	
4.57817531e+001	2.69512385e-008	-2.68832953e-008	1.91250861e-009	
4.58819320e+001	2.69429899e-008	-2.68776305e-008	1.87555004e-009	
4.59821109e+001	2.69347907e-008	-2.68719656e-008	1.83859147e-009	
4.60822898e+001	2.69266410e-008	-2.68663007e-008	1.80163289e-009	
4.61824687e+001	2.69185407e-008	-2.68606358e-008	1.76467432e-009	
4.62826476e+001	2.69104899e-008	-2.68549709e-008	1.72771575e-009	
4.63828265e+001	2.70132472e-008	-2.69600289e-008	1.69480553e-009	
4.64830054e+001	2.80438728e-008	-2.79925534e-008	1.69580567e-009	
4.65831843e+001	2.90746332e-008	-2.90250779e-008	1.69680580e-009	
4.66833631e+001	3.01055145e-008	-3.00576023e-008	1.69780594e-009	
4.67835420e+001	3.11365047e-008	-3.10901268e-008	1.69880607e-009	
4.68837209e+001	3.29959789e-008	-3.29507500e-008	1.72704994e-009	
4.69838998e+001	3.51431820e-008	-3.50988446e-008	1.76475127e-009	
4.70840787e+001	3.72905258e-008	-3.72469392e-008	1.80245260e-009	
4.71842576e+001	3.94379874e-008	-3.93950338e-008	1.84015394e-009	
4.72844365e+001	4.14025616e-008	-4.13600371e-008	1.87601735e-009	
4.73846154e+001	4.30660453e-008	-4.30237205e-008	1.90885583e-009	
4.74847943e+001	4.47295680e-008	-4.46874040e-008	1.94169432e-009	
4.75849732e+001	4.63931255e-008	-4.63510875e-008	1.97453280e-009	
4.76851521e+001	4.80617156e-008	-4.80197721e-008	2.00748423e-009	
4.77853309e+001	5.00919974e-008	-5.00500891e-008	2.04860318e-009	
4.78855098e+001	5.21223143e-008	-5.20804062e-008	2.08972214e-009	
4.79856887e+001	5.41526625e-008	-5.41107233e-008	2.13084109e-009	
4.80858676e+001	5.61830385e-008	-5.61410403e-008	2.17196004e-009	
4.81860465e+001	5.93301036e-008	-5.92880607e-008	2.23316866e-009	
4.82862254e+001	6.30803436e-008	-6.30382080e-008	2.30522759e-009	
4.83864043e+001	6.68306508e-008	-6.67883553e-008	2.37728651e-009	
4.84865832e+001	7.05810147e-008	-7.05385025e-008	2.44934544e-009	
4.85867621e+001	7.45055788e-008	-7.44628687e-008	2.52239122e-009	
4.86869410e+001	7.88671809e-008	-7.88243812e-008	2.59791330e-009	
4.87871199e+001	8.32288423e-008	-8.31858938e-008	2.67343539e-009	
4.88872987e+001	8.75905539e-008	-8.75474064e-008	2.74895747e-009	
4.89874776e+001	9.19523086e-008	-9.19089189e-008	2.82447956e-009	
4.90876565e+001	9.75840300e-008	-9.75406229e-008	2.91029020e-009	
4.91878354e+001	1.03325315e-007	-1.03281842e-007	2.99698803e-009	
4.92880143e+001	1.09066662e-007	-1.09023060e-007	3.08368586e-009	
4.93881932e+001	1.14808062e-007	-1.14764279e-007	3.17038369e-009	
4.94883721e+001	1.19443617e-007	-1.19399707e-007	3.23846116e-009	
4.95885510e+001	1.23197148e-007	-1.23153165e-007	3.29168722e-009	
4.96887299e+001	1.26950697e-007	-1.26906624e-007	3.34491328e-009	
4.97889088e+001	1.30704263e-007	-1.30660082e-007	3.39813934e-009	
4.98890877e+001	1.34512537e-007	-1.34468284e-007	3.45009437e-009	
4.99892665e+001	1.38551051e-007	-1.38506920e-007	3.49669922e-009	
5.00894454e+001	1.42589587e-007	-1.42545555e-007	3.54330406e-009	
5.01896243e+001	1.46628144e-007	-1.46584191e-007	3.58990891e-009	
5.02898032e+001	1.50666719e-007	-1.50622827e-007	3.63651376e-009	
5.03899821e+001	1.55712527e-007	-1.55668790e-007	3.69035379e-009	
5.04901610e+001	1.60968132e-007	-1.60924545e-007	3.74570057e-009	
5.05903399e+001	1.66223765e-007	-1.66180300e-007	3.80104736e-009	
5.06905188e+001	1.71479424e-007	-1.71436055e-007	3.85639414e-009	
5.07906977e+001	1.76152033e-007	-1.76108789e-007	3.90298104e-009	
5.08908766e+001	1.80149200e-007	-1.80106122e-007	3.93942003e-009	
5.09910555e+001	1.84146381e-007	-1.84103456e-007	3.97585902e-009	
5.10912343e+001	1.88143576e-007	-1.88100789e-007	4.01229801e-009	
5.11914132e+001	1.92108650e-007	-1.92065997e-007	4.04797722e-009	
5.12915921e+001	1.95781141e-007	-1.95738692e-007	4.07673829e-009	
5.13917710e+001	1.99453644e-007	-1.99411386e-007	4.10549937e-009	
5.14919499e+001	2.03126158e-007	-2.03084081e-007	4.13426044e-009	
5.15921288e+001	2.06798682e-007	-2.06756775e-007	4.16302151e-009	
5.16923077e+001	2.10122699e-007	-2.10081004e-007	4.18571442e-009	
5.17924866e+001	2.13320820e-007	-2.13279347e-007	4.20621521e-009	
5.18926655e+001	2.16518950e-007	-2.16477690e-007	4.22671600e-009	
5.19928444e+001	2.19717088e-007	-2.19676034e-007	4.24721678e-009	
5.20930233e+001	2.22915233e-007	-2.22874377e-007	4.26771757e-009	
5.21932021e+001	2.26113387e-007	-2.26072720e-007	4.28821836e-009	
5.22933810e+001	2.29311547e-007	-2.29271063e-007	4.30871914e-009	
5.23935599e+001	2.32509714e-007	-2.32469407e-007	4.32921993e-009	
5.24937388e+001	2.35704048e-007	-2.35663910e-007	4.34967869e-009	
5.25939177e+001	2.38256594e-007	-2.38216640e-007	4.36311883e-009	
5.26940966e+001	2.40809145e-007	-2.40769371e-007	4.37655897e-009	
5.27942755e+001	2.43361699e-007	-2.43322101e-007	4.38999911e-009	
5.28944544e+001	2.45914259e-007	-2.45874831e-007	4.40343925e-009	
5.29946333e+001	2.47994297e-007	-2.47955026e-007	4.41317665e-009	
5.30948122e+001	2.49810401e-007	-2.49771281e-007	4.42084583e-009	
5.31949911e+001	2.51626508e-007	-2.51587535e-007	4.42851501e-009	
5.32951699e+001	2.53442617e-007	-2.53403789e-007	4.43618419e-009	
5.33953488e+001	2.55454323e-007	-2.55415659e-007	4.44436369e-009	
5.34955277e+001	2.57975846e-007	-2.57937396e-007	4.45387334e-009	
5.35957066e+001	2.60497373e-007	-2.60459132e-007	4.46338299e-009	
5.36958855e+001	2.63018905e-007	-2.62980869e-007	4.47289265e-009	
5.37960644e+001	2.65540441e-007	-2.65502606e-007	4.48240230e-009	
5.38962433e+001	2.67119721e-007	-2.67082023e-007	4.48757253e-009	
5.39964222e+001	2.68609157e-007	-2.68571588e-007	4.49232900e-009	
5.40966011e+001	2.70098594e-007	-2.70061154e-007	4.49708546e-009	
5.41967800e+001	2.71588033e-007	-2.71550719e-007	4.50184192e-009	
5.42969589e+001	2.72631687e-007	-2.72594464e-007	4.50496270e-009	
5.43971377e+001	2.73308552e-007	-2.73271393e-007	4.50673764e-009	
5.44973166e+001	2.73985418e-007	-2.73948321e-007	4.50851259e-009	
5.45974955e+001	2.74662283e-007	-2.74625249e-007	4.51028753e-009	
5.46976744e+001	2.75380799e-007	-2.75343830e-007	4.51213455e-009	
5.47978533e+001	2.76283656e-007	-2.76246773e-007	4.51430056e-009	
5.48980322e+001	2.77186513e-007	-2.77149715e-007	4.51646656e-009	
5.49982111e+001	2.78089372e-007	-2.78052658e-007	4.51863257e-009	
5.50983900e+001	2.78992230e-007	-2.78955600e-007	4.52079857e-009	
5.51985689e+001	2.79660738e-007	-2.79624171e-007	4.52227784e-009	
5.52987478e+001	2.80277782e-007	-2.80241275e-007	4.52360629e-009	
5.53989267e+001	2.80894828e-007	-2.80858379e-007	4.52493475e-009	
5.54991055e+001	2.81511873e-007	-2.81475483e-007	4.52626321e-009	
5.55992844e+001	2.81987162e-007	-2.81950817e-007	4.52726029e-009	
5.56994633e+001	2.82293070e-007	-2.82256755e-007	4.52786140e-009	
5.57996422e+001	2.82561361e-007	-2.82525073e-007	4.52838855e-009	
5.58998211e+001	2.82716172e-007	-2.82679899e-007	4.52869255e-009	
5.60000000e+001	2.82769304e-007	-2.82733035e-007	4.52879664e-009	
