% Column 0: Length, cm
% Column 1: |B.t|, Tesla
% Column 2: Re[B.t], Tesla
% Column 3: Im[B.t], Tesla
0.00000000e+000	5.20655894e-006	-5.20617259e-006	6.34267177e-008	
1.00178891e-001	5.20570399e-006	-5.20531757e-006	6.34274841e-008	
2.00357782e-001	5.20319519e-006	-5.20280855e-006	6.34297358e-008	
3.00536673e-001	5.19905855e-006	-5.19867157e-006	6.34333704e-008	
4.00715564e-001	5.19439241e-006	-5.19400503e-006	6.34374510e-008	
5.00894454e-001	5.18761865e-006	-5.18723069e-006	6.34426324e-008	
6.01073345e-001	5.17908101e-006	-5.17869234e-006	6.34487350e-008	
7.01252236e-001	5.17054336e-006	-5.17015398e-006	6.34548377e-008	
8.01431127e-001	5.16200573e-006	-5.16161562e-006	6.34609404e-008	
9.01610018e-001	5.15223104e-006	-5.15184012e-006	6.34668835e-008	
1.00178891e+000	5.13682324e-006	-5.13643108e-006	6.34721000e-008	
1.10196780e+000	5.12141544e-006	-5.12102204e-006	6.34773165e-008	
1.20214669e+000	5.10600765e-006	-5.10561300e-006	6.34825330e-008	
1.30232558e+000	5.09059987e-006	-5.09020396e-006	6.34877495e-008	
1.40250447e+000	5.07519210e-006	-5.07479492e-006	6.34929660e-008	
1.50268336e+000	5.05978434e-006	-5.05938588e-006	6.34981824e-008	
1.60286225e+000	5.04437658e-006	-5.04397684e-006	6.35033989e-008	
1.70304114e+000	5.02896883e-006	-5.02856780e-006	6.35086154e-008	
1.80322004e+000	5.00837234e-006	-5.00796967e-006	6.35079900e-008	
1.90339893e+000	4.98146961e-006	-4.98106487e-006	6.35002644e-008	
2.00357782e+000	4.95456691e-006	-4.95416006e-006	6.34925388e-008	
2.10375671e+000	4.92766422e-006	-4.92725526e-006	6.34848132e-008	
2.20393560e+000	4.89957939e-006	-4.89916821e-006	6.34743639e-008	
2.30411449e+000	4.85909668e-006	-4.85868259e-006	6.34353505e-008	
2.40429338e+000	4.81861403e-006	-4.81819697e-006	6.33963371e-008	
2.50447227e+000	4.77813142e-006	-4.77771135e-006	6.33573237e-008	
2.60465116e+000	4.73764887e-006	-4.73722573e-006	6.33183103e-008	
2.70483005e+000	4.70414642e-006	-4.70372081e-006	6.32781094e-008	
2.80500894e+000	4.67332210e-006	-4.67289422e-006	6.32374530e-008	
2.90518784e+000	4.64249780e-006	-4.64206764e-006	6.31967967e-008	
3.00536673e+000	4.61167353e-006	-4.61124105e-006	6.31561403e-008	
3.10554562e+000	4.57785177e-006	-4.57741688e-006	6.30998365e-008	
3.20572451e+000	4.53866359e-006	-4.53822611e-006	6.30155192e-008	
3.30590340e+000	4.49947546e-006	-4.49903535e-006	6.29312018e-008	
3.40608229e+000	4.46028737e-006	-4.45984458e-006	6.28468845e-008	
3.50626118e+000	4.42109933e-006	-4.42065382e-006	6.27625671e-008	
3.60644007e+000	4.34568970e-006	-4.34523972e-006	6.25360395e-008	
3.70661896e+000	4.27006339e-006	-4.26960876e-006	6.23086604e-008	
3.80679785e+000	4.19443725e-006	-4.19397780e-006	6.20812813e-008	
3.90697674e+000	4.11881130e-006	-4.11834683e-006	6.18539021e-008	
4.00715564e+000	4.05204887e-006	-4.05158010e-006	6.16335035e-008	
4.10733453e+000	3.99049814e-006	-3.99002548e-006	6.14172090e-008	
4.20751342e+000	3.92894755e-006	-3.92847086e-006	6.12009145e-008	
4.30769231e+000	3.86739710e-006	-3.86691624e-006	6.09846199e-008	
4.40787120e+000	3.80942196e-006	-3.80893732e-006	6.07630412e-008	
4.50805009e+000	3.76134378e-006	-3.76085676e-006	6.05268346e-008	
4.60822898e+000	3.71326569e-006	-3.71277620e-006	6.02906279e-008	
4.70840787e+000	3.66518767e-006	-3.66469564e-006	6.00544213e-008	
4.80858676e+000	3.61710974e-006	-3.61661508e-006	5.98182147e-008	
4.90876565e+000	3.52891229e-006	-3.52841315e-006	5.93512403e-008	
5.00894454e+000	3.43630909e-006	-3.43580497e-006	5.88589219e-008	
5.10912343e+000	3.34370625e-006	-3.34319679e-006	5.83666034e-008	
5.20930233e+000	3.25110378e-006	-3.25058862e-006	5.78742849e-008	
5.30948122e+000	3.15756683e-006	-3.15704635e-006	5.73288392e-008	
5.40966011e+000	3.06322304e-006	-3.06269754e-006	5.67375320e-008	
5.50983900e+000	2.96887968e-006	-2.96834873e-006	5.61462248e-008	
5.61001789e+000	2.87453681e-006	-2.87399992e-006	5.55549175e-008	
5.71019678e+000	2.78573482e-006	-2.78519202e-006	5.49903830e-008	
5.81037567e+000	2.72353544e-006	-2.72298901e-006	5.45544011e-008	
5.91055456e+000	2.66133630e-006	-2.66078600e-006	5.41184192e-008	
6.01073345e+000	2.59913742e-006	-2.59858299e-006	5.36824373e-008	
6.11091234e+000	2.53693882e-006	-2.53637998e-006	5.32464554e-008	
6.21109123e+000	2.47697699e-006	-2.47641449e-006	5.27855221e-008	
6.31127013e+000	2.41754674e-006	-2.41698056e-006	5.23186612e-008	
6.41144902e+000	2.35811677e-006	-2.35754663e-006	5.18518003e-008	
6.51162791e+000	2.29868710e-006	-2.29811270e-006	5.13849394e-008	
6.61180680e+000	2.22697165e-006	-2.22639174e-006	5.08186881e-008	
6.71198569e+000	2.13985322e-006	-2.13926599e-006	5.01278269e-008	
6.81216458e+000	2.05273564e-006	-2.05214025e-006	4.94369656e-008	
6.91234347e+000	1.96561903e-006	-1.96501450e-006	4.87461043e-008	
7.01252236e+000	1.88004524e-006	-1.87943066e-006	4.80676751e-008	
7.11270125e+000	1.81235507e-006	-1.81173162e-006	4.75334487e-008	
7.21288014e+000	1.74466575e-006	-1.74403258e-006	4.69992223e-008	
7.31305903e+000	1.67697739e-006	-1.67633355e-006	4.64649959e-008	
7.41323792e+000	1.60929010e-006	-1.60863451e-006	4.59307695e-008	
7.51341682e+000	1.56089927e-006	-1.56023223e-006	4.56278751e-008	
7.61359571e+000	1.52019917e-006	-1.51952058e-006	4.54171773e-008	
7.71377460e+000	1.47949974e-006	-1.47880893e-006	4.52064794e-008	
7.81395349e+000	1.43880104e-006	-1.43809728e-006	4.49957815e-008	
7.91413238e+000	1.40096532e-006	-1.40024522e-006	4.49129857e-008	
8.01431127e+000	1.36843009e-006	-1.36768778e-006	4.50670006e-008	
8.11449016e+000	1.33589595e-006	-1.33513035e-006	4.52210155e-008	
8.21466905e+000	1.30336300e-006	-1.30257292e-006	4.53750304e-008	
8.31484794e+000	1.27083131e-006	-1.27001549e-006	4.55290453e-008	
8.41502683e+000	1.26133122e-006	-1.26047500e-006	4.64676378e-008	
8.51520572e+000	1.25215094e-006	-1.25125281e-006	4.74170818e-008	
8.61538462e+000	1.24297201e-006	-1.24203063e-006	4.83665257e-008	
8.71556351e+000	1.23379445e-006	-1.23280845e-006	4.93159697e-008	
8.81574240e+000	1.23393900e-006	-1.23291588e-006	5.02383491e-008	
8.91592129e+000	1.23974770e-006	-1.23869230e-006	5.11442762e-008	
9.01610018e+000	1.24555676e-006	-1.24446873e-006	5.20502032e-008	
9.11627907e+000	1.25136617e-006	-1.25024515e-006	5.29561303e-008	
9.21645796e+000	1.26616669e-006	-1.26500950e-006	5.41205559e-008	
9.31663685e+000	1.30686642e-006	-1.30566479e-006	5.60296219e-008	
9.41681574e+000	1.34756618e-006	-1.34632007e-006	5.79386878e-008	
9.51699463e+000	1.38826596e-006	-1.38697535e-006	5.98477538e-008	
9.61717352e+000	1.42896576e-006	-1.42763064e-006	6.17568197e-008	
9.71735242e+000	1.51434959e-006	-1.51294082e-006	6.53050126e-008	
9.81753131e+000	1.60506770e-006	-1.60358180e-006	6.90488788e-008	
9.91771020e+000	1.69578583e-006	-1.69422277e-006	7.27927450e-008	
1.00178891e+001	1.78650397e-006	-1.78486375e-006	7.65366112e-008	
1.01180680e+001	1.92187344e-006	-1.92014376e-006	8.15197330e-008	
1.02182469e+001	2.09699666e-006	-2.09516590e-006	8.76061663e-008	
1.03184258e+001	2.27212060e-006	-2.27018804e-006	9.36925996e-008	
1.04186047e+001	2.44724511e-006	-2.44521017e-006	9.97790330e-008	
1.05187835e+001	2.63908046e-006	-2.63693972e-006	1.06275940e-007	
1.06189624e+001	2.91568194e-006	-2.91341886e-006	1.14855023e-007	
1.07191413e+001	3.19228528e-006	-3.18989801e-006	1.23434105e-007	
1.08193202e+001	3.46889003e-006	-3.46637715e-006	1.32013188e-007	
1.09194991e+001	3.74549589e-006	-3.74285629e-006	1.40592271e-007	
1.10196780e+001	3.97969280e-006	-3.97695830e-006	1.47504236e-007	
1.11198569e+001	4.20331051e-006	-4.20048844e-006	1.54000309e-007	
1.12200358e+001	4.42692890e-006	-4.42401858e-006	1.60496383e-007	
1.13202147e+001	4.65054789e-006	-4.64754873e-006	1.66992456e-007	
1.14203936e+001	4.89578778e-006	-4.89270544e-006	1.73699398e-007	
1.15205725e+001	5.16899522e-006	-5.16583649e-006	1.80679104e-007	
1.16207513e+001	5.44220395e-006	-5.43896755e-006	1.87658810e-007	
1.17209302e+001	5.71541377e-006	-5.71209860e-006	1.94638516e-007	
1.18211091e+001	6.02045583e-006	-6.01705857e-006	2.02224059e-007	
1.19212880e+001	6.73774966e-006	-6.73423318e-006	2.17655608e-007	
1.20214669e+001	7.45505251e-006	-7.45140780e-006	2.33087156e-007	
1.21216458e+001	8.17236198e-006	-8.16858242e-006	2.48518705e-007	
1.22218247e+001	8.88967648e-006	-8.88575704e-006	2.63950254e-007	
1.23220036e+001	9.81066172e-006	-9.80664451e-006	2.80725531e-007	
1.24221825e+001	1.08159287e-005	-1.08118212e-005	2.98056818e-007	
1.25223614e+001	1.18212058e-005	-1.18169978e-005	3.15388104e-007	
1.26225403e+001	1.28264905e-005	-1.28221744e-005	3.32719390e-007	
1.27227191e+001	1.38317813e-005	-1.38273511e-005	3.50050677e-007	
1.28228980e+001	1.48370768e-005	-1.48325277e-005	3.67381963e-007	
1.29230769e+001	1.58423762e-005	-1.58377044e-005	3.84713250e-007	
1.30232558e+001	1.68476788e-005	-1.68428810e-005	4.02044536e-007	
1.31234347e+001	1.78529840e-005	-1.78480576e-005	4.19375822e-007	
1.32236136e+001	1.92423881e-005	-1.92374386e-005	4.36409225e-007	
1.33237925e+001	2.06401708e-005	-2.06351895e-005	4.53436078e-007	
1.34239714e+001	2.20379626e-005	-2.20329404e-005	4.70462931e-007	
1.35241503e+001	2.34357620e-005	-2.34306913e-005	4.87489784e-007	
1.36243292e+001	2.48335675e-005	-2.48284422e-005	5.04516638e-007	
1.37245081e+001	2.62313783e-005	-2.62261930e-005	5.21543491e-007	
1.38246869e+001	2.76291935e-005	-2.76239439e-005	5.38570344e-007	
1.39248658e+001	2.90270125e-005	-2.90216948e-005	5.55597197e-007	
1.40250447e+001	3.07152010e-005	-3.07098420e-005	5.73737462e-007	
1.41252236e+001	3.32744815e-005	-3.32691574e-005	5.95217857e-007	
1.42254025e+001	3.58337799e-005	-3.58284728e-005	6.16698252e-007	
1.43255814e+001	3.83930926e-005	-3.83877883e-005	6.38178647e-007	
1.44257603e+001	4.09524169e-005	-4.09471037e-005	6.59659042e-007	
1.45259392e+001	4.45589887e-005	-4.45537740e-005	6.81690280e-007	
1.46261181e+001	4.83007820e-005	-4.82956542e-005	7.03792637e-007	
1.47262970e+001	5.20425971e-005	-5.20375344e-005	7.25894994e-007	
1.48264758e+001	5.57844297e-005	-5.57794146e-005	7.47997351e-007	
1.49266547e+001	5.96773634e-005	-5.96724367e-005	7.66808947e-007	
1.50268336e+001	6.37090440e-005	-6.37042372e-005	7.82599086e-007	
1.51270125e+001	6.77407427e-005	-6.77360376e-005	7.98389226e-007	
1.52271914e+001	7.17724562e-005	-7.17678381e-005	8.14179365e-007	
1.53273703e+001	7.58971048e-005	-7.58925820e-005	8.28563747e-007	
1.54275492e+001	8.05207615e-005	-8.05164278e-005	8.35399741e-007	
1.55277281e+001	8.51444394e-005	-8.51402736e-005	8.42235736e-007	
1.56279070e+001	8.97681350e-005	-8.97641195e-005	8.49071731e-007	
1.57280859e+001	9.43918459e-005	-9.43879653e-005	8.55907726e-007	
1.58282648e+001	1.00984190e-004	-1.00980553e-004	8.57134910e-007	
1.59284436e+001	1.08091523e-004	-1.08088126e-004	8.56894960e-007	
1.60286225e+001	1.15198885e-004	-1.15195700e-004	8.56655010e-007	
1.61288014e+001	1.22306272e-004	-1.22303273e-004	8.56415059e-007	
1.62289803e+001	1.29698059e-004	-1.29695250e-004	8.53626096e-007	
1.63291592e+001	1.37469456e-004	-1.37466844e-004	8.47435003e-007	
1.64293381e+001	1.45240874e-004	-1.45238438e-004	8.41243909e-007	
1.65295170e+001	1.53012310e-004	-1.53010031e-004	8.35052816e-007	
1.66296959e+001	1.60759793e-004	-1.60757657e-004	8.28702148e-007	
1.67298748e+001	1.68156763e-004	-1.68154763e-004	8.20017325e-007	
1.68300537e+001	1.75553745e-004	-1.75551870e-004	8.11332503e-007	
1.69302326e+001	1.82950737e-004	-1.82948976e-004	8.02647680e-007	
1.70304114e+001	1.90347739e-004	-1.90346083e-004	7.93962858e-007	
1.71305903e+001	1.95987080e-004	-1.95985498e-004	7.87363321e-007	
1.72307692e+001	2.00871852e-004	-2.00870331e-004	7.81659013e-007	
1.73309481e+001	2.05756627e-004	-2.05755164e-004	7.75954705e-007	
1.74311270e+001	2.10641405e-004	-2.10639996e-004	7.70250398e-007	
1.75313059e+001	2.16588527e-004	-2.16587176e-004	7.65004484e-007	
1.76314848e+001	2.24641474e-004	-2.24640186e-004	7.60667218e-007	
1.77316637e+001	2.32694426e-004	-2.32693197e-004	7.56329953e-007	
1.78318426e+001	2.40747381e-004	-2.40746207e-004	7.51992688e-007	
1.79320215e+001	2.48800341e-004	-2.48799217e-004	7.47655422e-007	
1.80322004e+001	2.59686990e-004	-2.59685906e-004	7.50236062e-007	
1.81323792e+001	2.70658347e-004	-2.70657299e-004	7.53023490e-007	
1.82325581e+001	2.81629707e-004	-2.81628692e-004	7.55810917e-007	
1.83327370e+001	2.92601069e-004	-2.92600085e-004	7.58598345e-007	
1.84329159e+001	3.01204390e-004	-3.01203410e-004	7.68565787e-007	
1.85330948e+001	3.08272261e-004	-3.08271266e-004	7.83188890e-007	
1.86332737e+001	3.15340132e-004	-3.15339123e-004	7.97811993e-007	
1.87334526e+001	3.22408004e-004	-3.22406980e-004	8.12435096e-007	
1.88336315e+001	3.29475875e-004	-3.29474837e-004	8.27058199e-007	
1.89338104e+001	3.36543746e-004	-3.36542693e-004	8.41681301e-007	
1.90339893e+001	3.43611617e-004	-3.43610550e-004	8.56304404e-007	
1.91341682e+001	3.50679488e-004	-3.50678407e-004	8.70927507e-007	
1.92343470e+001	3.57747360e-004	-3.57746264e-004	8.85550610e-007	
1.93345259e+001	3.66162379e-004	-3.66161231e-004	9.16737746e-007	
1.94347048e+001	3.74764627e-004	-3.74763422e-004	9.50226996e-007	
1.95348837e+001	3.83366876e-004	-3.83365613e-004	9.83716246e-007	
1.96350626e+001	3.91969125e-004	-3.91967805e-004	1.01720550e-006	
1.97352415e+001	3.99641453e-004	-3.99640069e-004	1.05175679e-006	
1.98354204e+001	4.06433238e-004	-4.06431784e-004	1.08731364e-006	
1.99355993e+001	4.13225024e-004	-4.13223498e-004	1.12287050e-006	
2.00357782e+001	4.20016810e-004	-4.20015213e-004	1.15842735e-006	
2.01359571e+001	4.26577816e-004	-4.26576146e-004	1.19372046e-006	
2.02361360e+001	4.31823888e-004	-4.31822144e-004	1.22751073e-006	
2.03363148e+001	4.37069961e-004	-4.37068141e-004	1.26130099e-006	
2.04364937e+001	4.42316035e-004	-4.42314139e-004	1.29509126e-006	
2.05366726e+001	4.47562109e-004	-4.47560136e-004	1.32888152e-006	
2.06368515e+001	4.51013103e-004	-4.51011074e-004	1.35268094e-006	
2.07370304e+001	4.53972355e-004	-4.53970277e-004	1.37374345e-006	
2.08372093e+001	4.56931607e-004	-4.56929479e-004	1.39480596e-006	
2.09373882e+001	4.59890860e-004	-4.59888681e-004	1.41586847e-006	
2.10375671e+001	4.62197418e-004	-4.62195200e-004	1.43193213e-006	
2.11377460e+001	4.63604979e-004	-4.63602740e-004	1.44111057e-006	
2.12379249e+001	4.65012541e-004	-4.65010280e-004	1.45028902e-006	
2.13381038e+001	4.66420103e-004	-4.66417819e-004	1.45946747e-006	
2.14382826e+001	4.67745358e-004	-4.67743055e-004	1.46787187e-006	
2.15384615e+001	4.67690841e-004	-4.67688552e-004	1.46330025e-006	
2.16386404e+001	4.67636325e-004	-4.67634049e-004	1.45872863e-006	
2.17388193e+001	4.67581808e-004	-4.67579547e-004	1.45415700e-006	
2.18389982e+001	4.67527291e-004	-4.67525044e-004	1.44958538e-006	
2.19391771e+001	4.65975683e-004	-4.65973481e-004	1.43249210e-006	
2.20393560e+001	4.63757628e-004	-4.63755485e-004	1.40982466e-006	
2.21395349e+001	4.61539574e-004	-4.61537490e-004	1.38715721e-006	
2.22397138e+001	4.59321521e-004	-4.59319494e-004	1.36448977e-006	
2.23398927e+001	4.56403515e-004	-4.56401556e-004	1.33707605e-006	
2.24400716e+001	4.52049022e-004	-4.52047153e-004	1.29992175e-006	
2.25402504e+001	4.47694530e-004	-4.47692749e-004	1.26276745e-006	
2.26404293e+001	4.43340039e-004	-4.43338345e-004	1.22561316e-006	
2.27406082e+001	4.38985550e-004	-4.38983941e-004	1.18845886e-006	
2.28407871e+001	4.34157382e-004	-4.34155848e-004	1.15412013e-006	
2.29409660e+001	4.29311174e-004	-4.29309713e-004	1.11988880e-006	
2.30411449e+001	4.24464966e-004	-4.24463578e-004	1.08565746e-006	
2.31413238e+001	4.19618760e-004	-4.19617442e-004	1.05142612e-006	
2.32415027e+001	4.14772555e-004	-4.14771307e-004	1.01719479e-006	
2.33416816e+001	4.09926351e-004	-4.09925172e-004	9.82963452e-007	
2.34418605e+001	4.05080148e-004	-4.05079037e-004	9.48732115e-007	
2.35420394e+001	4.00233946e-004	-4.00232902e-004	9.14500779e-007	
2.36422182e+001	3.94568127e-004	-3.94567149e-004	8.78627117e-007	
2.37423971e+001	3.86228673e-004	-3.86227765e-004	8.37396389e-007	
2.38425760e+001	3.77889219e-004	-3.77888381e-004	7.96165660e-007	
2.39427549e+001	3.69549768e-004	-3.69548996e-004	7.54934931e-007	
2.40429338e+001	3.61210317e-004	-3.61209612e-004	7.13704203e-007	
2.41431127e+001	3.51808333e-004	-3.51807682e-004	6.76502325e-007	
2.42432916e+001	3.42247962e-004	-3.42247363e-004	6.39900853e-007	
2.43434705e+001	3.32687592e-004	-3.32687045e-004	6.03299380e-007	
2.44436494e+001	3.23127223e-004	-3.23126726e-004	5.66697908e-007	
2.45438283e+001	3.14146724e-004	-3.14146261e-004	5.39421252e-007	
2.46440072e+001	3.05732440e-004	-3.05731996e-004	5.21249991e-007	
2.47441860e+001	2.97318157e-004	-2.97317731e-004	5.03078731e-007	
2.48443649e+001	2.88903873e-004	-2.88903466e-004	4.84907470e-007	
2.49445438e+001	2.80514859e-004	-2.80514468e-004	4.68430918e-007	
2.50447227e+001	2.72279055e-004	-2.72278663e-004	4.62226579e-007	
2.51449016e+001	2.64043251e-004	-2.64042857e-004	4.56022239e-007	
2.52450805e+001	2.55807447e-004	-2.55807052e-004	4.49817899e-007	
2.53452594e+001	2.47571644e-004	-2.47571246e-004	4.43613559e-007	
2.54454383e+001	2.39232928e-004	-2.39232518e-004	4.42547906e-007	
2.55456172e+001	2.30864706e-004	-2.30864281e-004	4.42954687e-007	
2.56457961e+001	2.22496485e-004	-2.22496043e-004	4.43361468e-007	
2.57459750e+001	2.14128265e-004	-2.14127805e-004	4.43768250e-007	
2.58461538e+001	2.06821404e-004	-2.06820923e-004	4.45853848e-007	
2.59463327e+001	2.01023421e-004	-2.01022917e-004	4.50326037e-007	
2.60465116e+001	1.95225440e-004	-1.95224910e-004	4.54798226e-007	
2.61466905e+001	1.89427460e-004	-1.89426904e-004	4.59270414e-007	
2.62468694e+001	1.83686348e-004	-1.83685763e-004	4.63845897e-007	
2.63470483e+001	1.79058245e-004	-1.79057627e-004	4.70443107e-007	
2.64472272e+001	1.74430143e-004	-1.74429491e-004	4.77040318e-007	
2.65474061e+001	1.69802044e-004	-1.69801355e-004	4.83637529e-007	
2.66475850e+001	1.65173947e-004	-1.65173219e-004	4.90234739e-007	
2.67477639e+001	1.59274309e-004	-1.59273527e-004	4.99087020e-007	
2.68479428e+001	1.52788003e-004	-1.52787155e-004	5.08979769e-007	
2.69481216e+001	1.46301703e-004	-1.46300782e-004	5.18872517e-007	
2.70483005e+001	1.39815410e-004	-1.39814410e-004	5.28765266e-007	
2.71484794e+001	1.33633146e-004	-1.33632062e-004	5.38278840e-007	
2.72486583e+001	1.28097122e-004	-1.28095954e-004	5.46986404e-007	
2.73488372e+001	1.22561106e-004	-1.22559846e-004	5.55693968e-007	
2.74490161e+001	1.17025099e-004	-1.17023738e-004	5.64401532e-007	
2.75491950e+001	1.11489103e-004	-1.11487630e-004	5.73109095e-007	
2.76493739e+001	1.06327356e-004	-1.06325772e-004	5.80306794e-007	
2.77495528e+001	1.01183004e-004	-1.01181299e-004	5.87434353e-007	
2.78497317e+001	9.60628274e-005	-9.60609919e-005	5.93848965e-007	
2.79499106e+001	9.16191276e-005	-9.16171711e-005	5.98748713e-007	
2.80500894e+001	8.73975201e-005	-8.73954428e-005	6.02580959e-007	
2.81502683e+001	8.41096620e-005	-8.41074868e-005	6.04900299e-007	
2.82504472e+001	8.12668761e-005	-8.12646134e-005	6.06436738e-007	
2.83506261e+001	7.79322222e-005	-7.79298535e-005	6.07616153e-007	
2.84508050e+001	7.44288580e-005	-7.44263743e-005	6.08047149e-007	
2.85509839e+001	7.12490363e-005	-7.12464487e-005	6.07219250e-007	
2.86511628e+001	6.80692242e-005	-6.80665232e-005	6.06391351e-007	
2.87513417e+001	6.49075534e-005	-6.49047429e-005	6.04014719e-007	
2.88515206e+001	6.17487907e-005	-6.17458621e-005	6.01390623e-007	
2.89516995e+001	5.91137064e-005	-5.91106877e-005	5.97402954e-007	
2.90518784e+001	5.67249893e-005	-5.67218920e-005	5.92773765e-007	
2.91520572e+001	5.43362795e-005	-5.43330963e-005	5.88144577e-007	
2.92522361e+001	5.19475780e-005	-5.19443007e-005	5.83515388e-007	
2.93524150e+001	4.97849255e-005	-4.97815628e-005	5.78632714e-007	
2.94525939e+001	4.81121763e-005	-4.81087616e-005	5.73200664e-007	
2.95527728e+001	4.64394314e-005	-4.64359605e-005	5.67768614e-007	
2.96529517e+001	4.47666914e-005	-4.47631594e-005	5.62336564e-007	
2.97531306e+001	4.30939569e-005	-4.30903583e-005	5.56904514e-007	
2.98533095e+001	4.19756296e-005	-4.19720163e-005	5.50752447e-007	
2.99534884e+001	4.08856328e-005	-4.08820060e-005	5.44563602e-007	
3.00536673e+001	3.97956376e-005	-3.97919958e-005	5.38374756e-007	
3.01538462e+001	3.87056443e-005	-3.87019855e-005	5.32185911e-007	
3.02540250e+001	3.76017445e-005	-3.75980884e-005	5.24344442e-007	
3.03542039e+001	3.64880642e-005	-3.64844248e-005	5.15340505e-007	
3.04543828e+001	3.53743851e-005	-3.53707611e-005	5.06336569e-007	
3.05545617e+001	3.42607074e-005	-3.42570975e-005	4.97332633e-007	
3.06547406e+001	3.32203506e-005	-3.32167599e-005	4.88421618e-007	
3.07549195e+001	3.24358791e-005	-3.24323297e-005	4.79834925e-007	
3.08550984e+001	3.16514079e-005	-3.16478996e-005	4.71248232e-007	
3.09552773e+001	3.08669370e-005	-3.08634694e-005	4.62661540e-007	
3.10554562e+001	3.00824664e-005	-3.00790392e-005	4.54074847e-007	
3.11556351e+001	2.92979962e-005	-2.92946091e-005	4.45488155e-007	
3.12558140e+001	2.85135263e-005	-2.85101789e-005	4.36901462e-007	
3.13559928e+001	2.77290569e-005	-2.77257487e-005	4.28314770e-007	
3.14561717e+001	2.69445879e-005	-2.69413185e-005	4.19728077e-007	
3.15563506e+001	2.62970805e-005	-2.62938593e-005	4.11590496e-007	
3.16565295e+001	2.57898318e-005	-2.57866687e-005	4.03912846e-007	
3.17567084e+001	2.52825831e-005	-2.52794780e-005	3.96235195e-007	
3.18568873e+001	2.47753344e-005	-2.47722873e-005	3.88557545e-007	
3.19570662e+001	2.42680857e-005	-2.42650967e-005	3.80879894e-007	
3.20572451e+001	2.37608371e-005	-2.37579060e-005	3.73202244e-007	
3.21574240e+001	2.32535884e-005	-2.32507153e-005	3.65524594e-007	
3.22576029e+001	2.27463397e-005	-2.27435247e-005	3.57846943e-007	
3.23577818e+001	2.22390910e-005	-2.22363340e-005	3.50169293e-007	
3.24579606e+001	2.18139444e-005	-2.18112513e-005	3.42766122e-007	
3.25581395e+001	2.14139650e-005	-2.14113375e-005	3.35447094e-007	
3.26583184e+001	2.10139857e-005	-2.10114237e-005	3.28128065e-007	
3.27584973e+001	2.06140064e-005	-2.06115100e-005	3.20809037e-007	
3.28586762e+001	2.02140272e-005	-2.02115962e-005	3.13490008e-007	
3.29588551e+001	1.98140481e-005	-1.98116824e-005	3.06170980e-007	
3.30590340e+001	1.94140690e-005	-1.94117687e-005	2.98851951e-007	
3.31592129e+001	1.90140900e-005	-1.90118549e-005	2.91532923e-007	
3.32593918e+001	1.86157618e-005	-1.86135918e-005	2.84232993e-007	
3.33595707e+001	1.82607260e-005	-1.82586183e-005	2.77433844e-007	
3.34597496e+001	1.79056902e-005	-1.79036448e-005	2.70634695e-007	
3.35599284e+001	1.75506545e-005	-1.75486713e-005	2.63835546e-007	
3.36601073e+001	1.71956190e-005	-1.71936978e-005	2.57036398e-007	
3.37602862e+001	1.68953286e-005	-1.68934585e-005	2.51371690e-007	
3.38604651e+001	1.66217134e-005	-1.66198891e-005	2.46259757e-007	
3.39606440e+001	1.63480984e-005	-1.63463197e-005	2.41147824e-007	
3.40608229e+001	1.60744834e-005	-1.60727503e-005	2.36035890e-007	
3.41610018e+001	1.58113732e-005	-1.58096831e-005	2.31177997e-007	
3.42611807e+001	1.55718613e-005	-1.55702083e-005	2.26890786e-007	
3.43613596e+001	1.53323495e-005	-1.53307334e-005	2.22603575e-007	
3.44615385e+001	1.50928376e-005	-1.50912586e-005	2.18316364e-007	
3.45617174e+001	1.48533259e-005	-1.48517837e-005	2.14029154e-007	
3.46618962e+001	1.45852315e-005	-1.45837252e-005	2.09610491e-007	
3.47620751e+001	1.43154321e-005	-1.43139616e-005	2.05183989e-007	
3.48622540e+001	1.40456328e-005	-1.40441979e-005	2.00757487e-007	
3.49624329e+001	1.37758334e-005	-1.37744343e-005	1.96330985e-007	
3.50626118e+001	1.35600145e-005	-1.35586433e-005	1.92829645e-007	
3.51627907e+001	1.33833869e-005	-1.33820381e-005	1.89999997e-007	
3.52629696e+001	1.32067593e-005	-1.32054329e-005	1.87170350e-007	
3.53631485e+001	1.30301317e-005	-1.30288277e-005	1.84340702e-007	
3.54633274e+001	1.28515706e-005	-1.28502881e-005	1.81557938e-007	
3.55635063e+001	1.26659509e-005	-1.26646868e-005	1.78946318e-007	
3.56636852e+001	1.24803313e-005	-1.24790855e-005	1.76334698e-007	
3.57638640e+001	1.22947117e-005	-1.22934843e-005	1.73723078e-007	
3.58640429e+001	1.21090920e-005	-1.21078830e-005	1.71111458e-007	
3.59642218e+001	1.18783433e-005	-1.18771539e-005	1.68097929e-007	
3.60644007e+001	1.16396743e-005	-1.16385045e-005	1.65013864e-007	
3.61645796e+001	1.14010052e-005	-1.13998552e-005	1.61929798e-007	
3.62647585e+001	1.11623362e-005	-1.11612059e-005	1.58845733e-007	
3.63649374e+001	1.09263710e-005	-1.09252576e-005	1.55979986e-007	
3.64651163e+001	1.06932610e-005	-1.06921615e-005	1.53344798e-007	
3.65652952e+001	1.04601511e-005	-1.04590653e-005	1.50709609e-007	
3.66654741e+001	1.02270412e-005	-1.02259692e-005	1.48074420e-007	
3.67656530e+001	9.99392275e-006	-9.99286396e-006	1.45470754e-007	
3.68658318e+001	9.76074207e-006	-9.75969313e-006	1.43093893e-007	
3.69660107e+001	9.52756151e-006	-9.52652229e-006	1.40717032e-007	
3.70661896e+001	9.29438106e-006	-9.29335146e-006	1.38340171e-007	
3.71663685e+001	9.06120075e-006	-9.06018062e-006	1.35963309e-007	
3.72665474e+001	8.83242876e-006	-8.83141541e-006	1.33789666e-007	
3.73667263e+001	8.60506654e-006	-8.60405894e-006	1.31681010e-007	
3.74669052e+001	8.37770454e-006	-8.37670247e-006	1.29572354e-007	
3.75670841e+001	8.15034277e-006	-8.14934600e-006	1.27463699e-007	
3.76672630e+001	7.93091311e-006	-7.92992044e-006	1.25477634e-007	
3.77674419e+001	7.72371632e-006	-7.72272600e-006	1.23680633e-007	
3.78676208e+001	7.51651982e-006	-7.51553156e-006	1.21883631e-007	
3.79677996e+001	7.30932365e-006	-7.30833712e-006	1.20086629e-007	
3.80679785e+001	7.10316216e-006	-7.10217698e-006	1.18299399e-007	
3.81681574e+001	6.93161119e-006	-6.93062640e-006	1.16839129e-007	
3.82683363e+001	6.76006052e-006	-6.75907582e-006	1.15378858e-007	
3.83685152e+001	6.58851016e-006	-6.58752524e-006	1.13918588e-007	
3.84686941e+001	6.41696015e-006	-6.41597465e-006	1.12458317e-007	
3.85688730e+001	6.24900143e-006	-6.24801605e-006	1.10970123e-007	
3.86690519e+001	6.08285504e-006	-6.08186996e-006	1.09467845e-007	
3.87692308e+001	5.91670901e-006	-5.91572387e-006	1.07965567e-007	
3.88694097e+001	5.75056338e-006	-5.74957779e-006	1.06463289e-007	
3.89695886e+001	5.58441817e-006	-5.58343170e-006	1.04961010e-007	
3.90697674e+001	5.41827344e-006	-5.41728561e-006	1.03458732e-007	
3.91699463e+001	5.25212923e-006	-5.25113952e-006	1.01956454e-007	
3.92701252e+001	5.08598558e-006	-5.08499344e-006	1.00454176e-007	
3.93703041e+001	4.91984255e-006	-4.91884735e-006	9.89518976e-008	
3.94704830e+001	4.70124961e-006	-4.70025636e-006	9.66336823e-008	
3.95706619e+001	4.47907229e-006	-4.47808036e-006	9.42596900e-008	
3.96708408e+001	4.25689615e-006	-4.25590436e-006	9.18856977e-008	
3.97710197e+001	4.03472140e-006	-4.03372835e-006	8.95117054e-008	
3.98711986e+001	3.82923086e-006	-3.82824024e-006	8.70958220e-008	
3.99713775e+001	3.63624018e-006	-3.63525478e-006	8.46485457e-008	
4.00715564e+001	3.44325066e-006	-3.44226932e-006	8.22012695e-008	
4.01717352e+001	3.25026250e-006	-3.24928386e-006	7.97539932e-008	
4.02719141e+001	3.06292003e-006	-3.06194471e-006	7.72896121e-008	
4.03720930e+001	2.89715494e-006	-2.89619021e-006	7.47598273e-008	
4.04722719e+001	2.73139091e-006	-2.73043570e-006	7.22300425e-008	
4.05724508e+001	2.56562814e-006	-2.56468119e-006	6.97002577e-008	
4.06726297e+001	2.39986689e-006	-2.39892668e-006	6.71704728e-008	
4.07728086e+001	2.29128042e-006	-2.29034709e-006	6.53924004e-008	
4.08729875e+001	2.19334219e-006	-2.19241541e-006	6.37543241e-008	
4.09731664e+001	2.09540462e-006	-2.09448373e-006	6.21162478e-008	
4.10733453e+001	1.99746782e-006	-1.99655205e-006	6.04781715e-008	
4.11735242e+001	1.91147747e-006	-1.91057007e-006	5.88907595e-008	
4.12737030e+001	1.83849766e-006	-1.83760269e-006	5.73585266e-008	
4.13738819e+001	1.76551816e-006	-1.76463532e-006	5.58262938e-008	
4.14740608e+001	1.69253900e-006	-1.69166794e-006	5.42940610e-008	
4.15742397e+001	1.61562192e-006	-1.61476370e-006	5.26533243e-008	
4.16744186e+001	1.50820028e-006	-1.50736553e-006	5.01721297e-008	
4.17745975e+001	1.40077944e-006	-1.39996736e-006	4.76909351e-008	
4.18747764e+001	1.29335960e-006	-1.29256919e-006	4.52097406e-008	
4.19749553e+001	1.18594102e-006	-1.18517103e-006	4.27285460e-008	
4.20751342e+001	1.09583472e-006	-1.09508868e-006	4.04291504e-008	
4.21753131e+001	1.01149895e-006	-1.01077773e-006	3.81903416e-008	
4.22754919e+001	9.27164068e-007	-9.26466781e-007	3.59515329e-008	
4.23756708e+001	8.42830345e-007	-8.42155830e-007	3.37127242e-008	
4.24758497e+001	7.76274830e-007	-7.75618891e-007	3.19053089e-008	
4.25760286e+001	7.38037381e-007	-7.37395046e-007	3.07850846e-008	
4.26762075e+001	6.99800238e-007	-6.99171202e-007	2.96648602e-008	
4.27763864e+001	6.61563455e-007	-6.60947357e-007	2.85446359e-008	
4.28765653e+001	6.23561738e-007	-6.22958178e-007	2.74289963e-008	
4.29767442e+001	5.96326694e-007	-5.95736534e-007	2.65237270e-008	
4.30769231e+001	5.69091808e-007	-5.68514891e-007	2.56184578e-008	
4.31771020e+001	5.41857104e-007	-5.41293247e-007	2.47131885e-008	
4.32772809e+001	5.14622610e-007	-5.14071603e-007	2.38079192e-008	
4.33774597e+001	4.82492054e-007	-4.81958751e-007	2.26791516e-008	
4.34776386e+001	4.47805711e-007	-4.47292467e-007	2.14337053e-008	
4.35778175e+001	4.13119755e-007	-4.12626182e-007	2.01882591e-008	
4.36779964e+001	3.78434293e-007	-3.77959898e-007	1.89428128e-008	
4.37781753e+001	3.46729607e-007	-3.46273822e-007	1.77724648e-008	
4.38783542e+001	3.22227841e-007	-3.21790447e-007	1.67836152e-008	
4.39785331e+001	2.97726334e-007	-2.97307073e-007	1.57947656e-008	
4.40787120e+001	2.73225155e-007	-2.72823698e-007	1.48059160e-008	
4.41788909e+001	2.48724400e-007	-2.48340323e-007	1.38170664e-008	
4.42790698e+001	2.34175627e-007	-2.33806299e-007	1.31468264e-008	
4.43792487e+001	2.20395271e-007	-2.20040442e-007	1.25011855e-008	
4.44794275e+001	2.06615000e-007	-2.06274585e-007	1.18555446e-008	
4.45796064e+001	1.92834832e-007	-1.92508728e-007	1.12099037e-008	
4.46797853e+001	1.82268290e-007	-1.81955258e-007	1.06777138e-008	
4.47799642e+001	1.74186095e-007	-1.73885240e-007	1.02332316e-008	
4.48801431e+001	1.66103907e-007	-1.65815223e-007	9.78874940e-009	
4.49803220e+001	1.58021724e-007	-1.57745206e-007	9.34426718e-009	
4.50805009e+001	1.50684641e-007	-1.50419963e-007	8.92724654e-009	
4.51806798e+001	1.46334445e-007	-1.46080321e-007	8.62031276e-009	
4.52808587e+001	1.41984268e-007	-1.41740679e-007	8.31337897e-009	
4.53810376e+001	1.37634109e-007	-1.37401036e-007	8.00644519e-009	
4.54812165e+001	1.33283972e-007	-1.33061394e-007	7.69951141e-009	
4.55813953e+001	1.32567343e-007	-1.32352925e-007	7.53682080e-009	
4.56815742e+001	1.32567198e-007	-1.32360356e-007	7.40256858e-009	
4.57817531e+001	1.32567189e-007	-1.32367787e-007	7.26831635e-009	
4.58819320e+001	1.32567316e-007	-1.32375219e-007	7.13406412e-009	
4.59821109e+001	1.32567580e-007	-1.32382650e-007	6.99981189e-009	
4.60822898e+001	1.32567981e-007	-1.32390081e-007	6.86555966e-009	
4.61824687e+001	1.32568517e-007	-1.32397512e-007	6.73130743e-009	
4.62826476e+001	1.32569190e-007	-1.32404944e-007	6.59705521e-009	
4.63828265e+001	1.33119085e-007	-1.32961350e-007	6.47843578e-009	
4.64830054e+001	1.38268659e-007	-1.38116227e-007	6.49076190e-009	
4.65831843e+001	1.43418616e-007	-1.43271104e-007	6.50308803e-009	
4.66833631e+001	1.48568915e-007	-1.48425981e-007	6.51541415e-009	
4.67835420e+001	1.53719522e-007	-1.53580858e-007	6.52774028e-009	
4.68837209e+001	1.62980733e-007	-1.62845215e-007	6.64492567e-009	
4.69838998e+001	1.73669283e-007	-1.73536164e-007	6.79851220e-009	
4.70840787e+001	1.84358240e-007	-1.84227112e-007	6.95209874e-009	
4.71842576e+001	1.95047535e-007	-1.94918061e-007	7.10568528e-009	
4.72844365e+001	2.04824968e-007	-2.04696582e-007	7.25097373e-009	
4.73846154e+001	2.13101410e-007	-2.12973491e-007	7.38260499e-009	
4.74847943e+001	2.21377965e-007	-2.21250401e-007	7.51423626e-009	
4.75849732e+001	2.29654622e-007	-2.29527310e-007	7.64586752e-009	
4.76851521e+001	2.37956250e-007	-2.37829100e-007	7.77792486e-009	
4.77853309e+001	2.48057162e-007	-2.47930029e-007	7.94079255e-009	
4.78855098e+001	2.58158178e-007	-2.58030958e-007	8.10366023e-009	
4.79856887e+001	2.68259286e-007	-2.68131888e-007	8.26652792e-009	
4.80858676e+001	2.78360477e-007	-2.78232817e-007	8.42939561e-009	
4.81860465e+001	2.94020662e-007	-2.93892770e-007	8.67120053e-009	
4.82862254e+001	3.12683404e-007	-3.12555128e-007	8.95563897e-009	
4.83864043e+001	3.31346347e-007	-3.31217485e-007	9.24007740e-009	
4.84865832e+001	3.50009459e-007	-3.49879843e-007	9.52451584e-009	
4.85867621e+001	3.69542414e-007	-3.69412113e-007	9.81257420e-009	
4.86869410e+001	3.91257781e-007	-3.91127147e-007	1.01097161e-008	
4.87871199e+001	4.12973327e-007	-4.12842181e-007	1.04068579e-008	
4.88872987e+001	4.34689025e-007	-4.34557215e-007	1.07039998e-008	
4.89874776e+001	4.56404854e-007	-4.56272249e-007	1.10011416e-008	
4.90876565e+001	4.84457906e-007	-4.84325210e-007	1.13381558e-008	
4.91878354e+001	5.13057557e-007	-5.12924621e-007	1.16786082e-008	
4.92880143e+001	5.41657396e-007	-5.41524032e-007	1.20190606e-008	
4.93881932e+001	5.70257396e-007	-5.70123443e-007	1.23595131e-008	
4.94883721e+001	5.93351075e-007	-5.93216708e-007	1.26267693e-008	
4.95885510e+001	6.12052923e-007	-6.11918317e-007	1.28356449e-008	
4.96887299e+001	6.30754827e-007	-6.30619927e-007	1.30445206e-008	
4.97889088e+001	6.49456780e-007	-6.49321536e-007	1.32533962e-008	
4.98890877e+001	6.68433764e-007	-6.68298286e-007	1.34572426e-008	
4.99892665e+001	6.88568295e-007	-6.88433185e-007	1.36399190e-008	
5.00894454e+001	7.08702895e-007	-7.08568083e-007	1.38225954e-008	
5.01896243e+001	7.28837556e-007	-7.28702982e-007	1.40052718e-008	
5.02898032e+001	7.48972275e-007	-7.48837881e-007	1.41879482e-008	
5.03899821e+001	7.74133877e-007	-7.73999955e-007	1.43989200e-008	
5.04901610e+001	8.00342482e-007	-8.00209015e-007	1.46157845e-008	
5.05903399e+001	8.26551172e-007	-8.26418074e-007	1.48326489e-008	
5.06905188e+001	8.52759940e-007	-8.52627133e-007	1.50495134e-008	
5.07906977e+001	8.76064267e-007	-8.75931838e-007	1.52320251e-008	
5.08908766e+001	8.96003917e-007	-8.95871998e-007	1.53747407e-008	
5.09910555e+001	9.15943612e-007	-9.15812158e-007	1.55174564e-008	
5.10912343e+001	9.35883348e-007	-9.35752318e-007	1.56601720e-008	
5.11914132e+001	9.55663383e-007	-9.55532764e-007	1.57999080e-008	
5.12915921e+001	9.73988925e-007	-9.73858931e-007	1.59125129e-008	
5.13917710e+001	9.92314502e-007	-9.92185097e-007	1.60251179e-008	
5.14919499e+001	1.01064011e-006	-1.01051126e-006	1.61377228e-008	
5.15921288e+001	1.02896576e-006	-1.02883743e-006	1.62503277e-008	
5.16923077e+001	1.04555631e-006	-1.04542864e-006	1.63391530e-008	
5.17924866e+001	1.06152008e-006	-1.06139308e-006	1.64193880e-008	
5.18926655e+001	1.07748387e-006	-1.07735753e-006	1.64996229e-008	
5.19928444e+001	1.09344768e-006	-1.09332197e-006	1.65798578e-008	
5.20930233e+001	1.10941152e-006	-1.10928642e-006	1.66600927e-008	
5.21932021e+001	1.12537538e-006	-1.12525086e-006	1.67403276e-008	
5.22933810e+001	1.14133926e-006	-1.14121530e-006	1.68205625e-008	
5.23935599e+001	1.15730316e-006	-1.15717975e-006	1.69007974e-008	
5.24937388e+001	1.17324794e-006	-1.17312505e-006	1.69808677e-008	
5.25939177e+001	1.18599261e-006	-1.18587028e-006	1.70334525e-008	
5.26940966e+001	1.19873729e-006	-1.19861552e-006	1.70860372e-008	
5.27942755e+001	1.21148199e-006	-1.21136075e-006	1.71386220e-008	
5.28944544e+001	1.22422670e-006	-1.22410599e-006	1.71912068e-008	
5.29946333e+001	1.23461357e-006	-1.23449335e-006	1.72292976e-008	
5.30948122e+001	1.24368345e-006	-1.24356369e-006	1.72592926e-008	
5.31949911e+001	1.25275334e-006	-1.25263403e-006	1.72892876e-008	
5.32951699e+001	1.26182323e-006	-1.26170437e-006	1.73192827e-008	
5.33953488e+001	1.27187033e-006	-1.27175197e-006	1.73512716e-008	
5.34955277e+001	1.28446448e-006	-1.28434678e-006	1.73884575e-008	
5.35957066e+001	1.29705865e-006	-1.29694159e-006	1.74256435e-008	
5.36958855e+001	1.30965283e-006	-1.30953640e-006	1.74628295e-008	
5.37960644e+001	1.32224702e-006	-1.32213121e-006	1.75000154e-008	
5.38962433e+001	1.33013590e-006	-1.33002051e-006	1.75202271e-008	
5.39964222e+001	1.33757612e-006	-1.33746113e-006	1.75388202e-008	
5.40966011e+001	1.34501635e-006	-1.34490175e-006	1.75574133e-008	
5.41967800e+001	1.35245658e-006	-1.35234237e-006	1.75760065e-008	
5.42969589e+001	1.35767022e-006	-1.35755629e-006	1.75882039e-008	
5.43971377e+001	1.36105183e-006	-1.36093809e-006	1.75951390e-008	
5.44973166e+001	1.36443345e-006	-1.36431990e-006	1.76020741e-008	
5.45974955e+001	1.36781506e-006	-1.36770171e-006	1.76090092e-008	
5.46976744e+001	1.37140480e-006	-1.37129166e-006	1.76162256e-008	
5.47978533e+001	1.37591571e-006	-1.37580282e-006	1.76246870e-008	
5.48980322e+001	1.38042661e-006	-1.38031399e-006	1.76331484e-008	
5.49982111e+001	1.38493752e-006	-1.38482515e-006	1.76416099e-008	
5.50983900e+001	1.38944843e-006	-1.38933632e-006	1.76500713e-008	
5.51985689e+001	1.39278861e-006	-1.39267669e-006	1.76558490e-008	
5.52987478e+001	1.39587169e-006	-1.39575996e-006	1.76610374e-008	
5.53989267e+001	1.39895478e-006	-1.39884323e-006	1.76662258e-008	
5.54991055e+001	1.40203787e-006	-1.40192650e-006	1.76714143e-008	
5.55992844e+001	1.40441270e-006	-1.40430147e-006	1.76753084e-008	
5.56994633e+001	1.40594125e-006	-1.40583011e-006	1.76776560e-008	
5.57996422e+001	1.40728184e-006	-1.40717078e-006	1.76797149e-008	
5.58998211e+001	1.40805539e-006	-1.40794438e-006	1.76809026e-008	
5.60000000e+001	1.40832088e-006	-1.40820988e-006	1.76813110e-008	
