% Column 0: Length, cm
% Column 1: |B.n|, Tesla
% Column 2: Re[B.n], Tesla
% Column 3: Im[B.n], Tesla
0.00000000e+000	2.73554348e-009	2.73457793e-009	-7.26751077e-011	
1.00178891e-001	3.14101344e-008	3.13990533e-008	-8.34265555e-010	
2.00357782e-001	6.19663231e-008	6.19444290e-008	-1.64709257e-009	
3.00536673e-001	9.35184340e-008	9.34854068e-008	-2.48519881e-009	
4.00715564e-001	1.20475483e-007	1.20432872e-007	-3.20396091e-009	
5.00894454e-001	1.46554817e-007	1.46502848e-007	-3.90256389e-009	
6.01073345e-001	1.73082468e-007	1.73020772e-007	-4.62095230e-009	
7.01252236e-001	2.03358193e-007	2.03285517e-007	-5.43630976e-009	
8.01431127e-001	2.34565173e-007	2.34481273e-007	-6.27321018e-009	
9.01610018e-001	2.65677302e-007	2.65582164e-007	-7.10938407e-009	
1.00178891e+000	2.95360182e-007	2.95253584e-007	-7.93461025e-009	
1.10196780e+000	3.25043064e-007	3.24925004e-007	-8.75983643e-009	
1.20214669e+000	3.52420571e-007	3.52291122e-007	-9.55111061e-009	
1.30232558e+000	3.78759854e-007	3.78619041e-007	-1.03270944e-008	
1.40250447e+000	4.05099146e-007	4.04946959e-007	-1.11030782e-008	
1.50268336e+000	4.35153202e-007	4.34988044e-007	-1.19879226e-008	
1.60286225e+000	4.67005159e-007	4.66826254e-007	-1.29254541e-008	
1.70304114e+000	4.98857124e-007	4.98664464e-007	-1.38629856e-008	
1.80322004e+000	5.32456637e-007	5.32250089e-007	-1.48294535e-008	
1.90339893e+000	5.65085237e-007	5.64864364e-007	-1.57979381e-008	
2.00357782e+000	5.93655608e-007	5.93418676e-007	-1.67706890e-008	
2.10375671e+000	6.22155157e-007	6.21901428e-007	-1.77666310e-008	
2.20393560e+000	6.50654760e-007	6.50384181e-007	-1.87625730e-008	
2.30411449e+000	6.79154409e-007	6.78866933e-007	-1.97585149e-008	
2.40429338e+000	7.08123616e-007	7.07819536e-007	-2.07499431e-008	
2.50447227e+000	7.37701333e-007	7.37381057e-007	-2.17355214e-008	
2.60465116e+000	7.64711153e-007	7.64374787e-007	-2.26789041e-008	
2.70483005e+000	7.90068830e-007	7.89716421e-007	-2.35951386e-008	
2.80500894e+000	8.15426539e-007	8.15058055e-007	-2.45113731e-008	
2.90518784e+000	8.40784277e-007	8.40399689e-007	-2.54276075e-008	
3.00536673e+000	8.66142042e-007	8.65741323e-007	-2.63438420e-008	
3.10554562e+000	8.93741872e-007	8.93319775e-007	-2.74647727e-008	
3.20572451e+000	9.22924345e-007	9.22477058e-007	-2.87301858e-008	
3.30590340e+000	9.47935393e-007	9.47463595e-007	-2.99039434e-008	
3.40608229e+000	9.69023551e-007	9.68527835e-007	-3.09915052e-008	
3.50626118e+000	9.90111884e-007	9.89592076e-007	-3.20790670e-008	
3.60644007e+000	1.00827018e-006	1.00772422e-006	-3.31758662e-008	
3.70661896e+000	1.02601995e-006	1.02544733e-006	-3.42739542e-008	
3.80679785e+000	1.04376997e-006	1.04317044e-006	-3.53720421e-008	
3.90697674e+000	1.06492354e-006	1.06429518e-006	-3.65776267e-008	
4.00715564e+000	1.08830009e-006	1.08764066e-006	-3.78799519e-008	
4.10733453e+000	1.11268267e-006	1.11197004e-006	-3.98167260e-008	
4.20751342e+000	1.13664189e-006	1.13587888e-006	-4.16405401e-008	
4.30769231e+000	1.15987165e-006	1.15906426e-006	-4.32700194e-008	
4.40787120e+000	1.18158794e-006	1.18073888e-006	-4.47857492e-008	
4.50805009e+000	1.19979198e-006	1.19890754e-006	-4.60598512e-008	
4.60822898e+000	1.21684563e-006	1.21592315e-006	-4.73729245e-008	
4.70840787e+000	1.23389964e-006	1.23293876e-006	-4.86859978e-008	
4.80858676e+000	1.25095397e-006	1.24995437e-006	-4.99990711e-008	
4.90876565e+000	1.26786670e-006	1.26682767e-006	-5.13187955e-008	
5.00894454e+000	1.28093882e-006	1.27984939e-006	-5.28185275e-008	
5.10912343e+000	1.28123797e-006	1.28007370e-006	-5.46084085e-008	
5.20930233e+000	1.27953663e-006	1.27829108e-006	-5.64437913e-008	
5.30948122e+000	1.27783814e-006	1.27650846e-006	-5.82791741e-008	
5.40966011e+000	1.27607312e-006	1.27465664e-006	-6.01087929e-008	
5.50983900e+000	1.27380454e-006	1.27229632e-006	-6.19682450e-008	
5.61001789e+000	1.27605794e-006	1.27445486e-006	-6.39427194e-008	
5.71019678e+000	1.27831407e-006	1.27661340e-006	-6.59171938e-008	
5.81037567e+000	1.28057290e-006	1.27877194e-006	-6.78916682e-008	
5.91055456e+000	1.28283442e-006	1.28093048e-006	-6.98661426e-008	
6.01073345e+000	1.28178288e-006	1.27977003e-006	-7.18055757e-008	
6.11091234e+000	1.27211638e-006	1.26998236e-006	-7.36539236e-008	
6.21109123e+000	1.26019330e-006	1.25791052e-006	-7.58173420e-008	
6.31127013e+000	1.24278552e-006	1.24028821e-006	-7.87463753e-008	
6.41144902e+000	1.22557404e-006	1.22284911e-006	-8.16808970e-008	
6.51162791e+000	1.22886961e-006	1.22591045e-006	-8.52295404e-008	
6.61180680e+000	1.23217418e-006	1.22897179e-006	-8.87781837e-008	
6.71198569e+000	1.20221684e-006	1.19870326e-006	-9.18468062e-008	
6.81216458e+000	1.15479309e-006	1.15090660e-006	-9.46629862e-008	
6.91234347e+000	1.10740857e-006	1.10310995e-006	-9.74791663e-008	
7.01252236e+000	1.06006853e-006	1.05531329e-006	-1.00295346e-007	
7.11270125e+000	1.01159210e-006	1.00631282e-006	-1.03213733e-007	
7.21288014e+000	9.54357262e-007	9.48414811e-007	-1.06334986e-007	
7.31305903e+000	8.98355793e-007	8.91665227e-007	-1.09436070e-007	
7.41323792e+000	8.42465870e-007	8.34915643e-007	-1.12537154e-007	
7.51341682e+000	7.86711267e-007	7.78166059e-007	-1.15638239e-007	
7.61359571e+000	6.97177128e-007	6.86895355e-007	-1.19292577e-007	
7.71377460e+000	6.00659215e-007	5.87915942e-007	-1.23070459e-007	
7.81395349e+000	5.12424539e-007	4.96307676e-007	-1.27505287e-007	
7.91413238e+000	4.27506702e-007	4.06582670e-007	-1.32107958e-007	
8.01431127e+000	3.15185656e-007	2.83958445e-007	-1.36783036e-007	
8.11449016e+000	2.00655676e-007	1.42268863e-007	-1.41500075e-007	
8.21466905e+000	1.46156459e-007	6.48989137e-010	-1.46155018e-007	
8.31484794e+000	2.06291914e-007	-1.40861729e-007	-1.50712730e-007	
8.41502683e+000	3.24271809e-007	-2.84650021e-007	-1.55327304e-007	
8.51520572e+000	5.51787269e-007	-5.27344110e-007	-1.62411145e-007	
8.61538462e+000	7.88471545e-007	-7.70038199e-007	-1.69494986e-007	
8.71556351e+000	1.02801107e-006	-1.01273229e-006	-1.76578827e-007	
8.81574240e+000	1.26878972e-006	-1.25542638e-006	-1.83662668e-007	
8.91592129e+000	1.48919684e-006	-1.47692037e-006	-1.90823073e-007	
9.01610018e+000	1.72469981e-006	-1.71317559e-006	-1.99044806e-007	
9.11627907e+000	2.08280667e-006	-2.07235274e-006	-2.08417262e-007	
9.21645796e+000	2.47219693e-006	-2.46266170e-006	-2.16921633e-007	
9.31663685e+000	2.81559804e-006	-2.80664892e-006	-2.24308192e-007	
9.41681574e+000	3.13538146e-006	-3.12685146e-006	-2.31120793e-007	
9.51699463e+000	3.45525594e-006	-3.44705400e-006	-2.37933393e-007	
9.61717352e+000	3.77519833e-006	-3.76725654e-006	-2.44745993e-007	
9.71735242e+000	4.13322455e-006	-4.12563506e-006	-2.50360731e-007	
9.81753131e+000	4.52976406e-006	-4.52259409e-006	-2.54764914e-007	
9.91771020e+000	5.25599651e-006	-5.24919835e-006	-2.67237832e-007	
1.00178891e+001	6.02736753e-006	-6.02082250e-006	-2.80812704e-007	
1.01180680e+001	6.79483852e-006	-6.78848544e-006	-2.93761790e-007	
1.02182469e+001	7.46554641e-006	-7.45985335e-006	-2.91498392e-007	
1.03184258e+001	8.13636380e-006	-8.13122125e-006	-2.89234993e-007	
1.04186047e+001	9.10850359e-006	-9.10349306e-006	-3.02078964e-007	
1.05187835e+001	1.04772119e-005	-1.04718610e-005	-3.34809586e-007	
1.06189624e+001	1.18459321e-005	-1.18402289e-005	-3.67540207e-007	
1.07191413e+001	1.30985089e-005	-1.30937981e-005	-3.51265047e-007	
1.08193202e+001	1.44505395e-005	-1.44467983e-005	-3.28804882e-007	
1.09194991e+001	1.63215299e-005	-1.63181667e-005	-3.31322547e-007	
1.10196780e+001	1.74118362e-005	-1.74098959e-005	-2.59932036e-007	
1.11198569e+001	1.88785230e-005	-1.88777419e-005	-1.71731289e-007	
1.12200358e+001	2.01303732e-005	-2.01303171e-005	-4.74933324e-008	
1.13202147e+001	2.03911680e-005	-2.03891935e-005	2.83762340e-007	
1.14203936e+001	1.90452943e-005	-1.90303534e-005	7.54244030e-007	
1.15205725e+001	1.60337261e-005	-1.59875004e-005	1.21663687e-006	
1.16207513e+001	1.21686508e-005	-1.20520200e-005	1.68073696e-006	
1.17209302e+001	8.01430686e-006	-7.89111110e-006	1.39981429e-006	
1.18211091e+001	5.29122501e-006	-5.17635064e-006	1.09656560e-006	
1.19212880e+001	3.47838091e-006	-3.39573944e-006	7.53715775e-007	
1.20214669e+001	2.19794731e-006	-2.13345621e-006	5.28523395e-007	
1.21216458e+001	1.27524732e-006	-1.22976886e-006	3.37526718e-007	
1.22218247e+001	5.78248142e-007	-5.39905786e-007	2.07057133e-007	
1.23220036e+001	1.04311716e-007	4.54889358e-008	9.38706071e-008	
1.24221825e+001	5.50062206e-007	5.50062118e-007	-3.11411988e-010	
1.25223614e+001	1.01160305e-006	1.00849699e-006	-7.92120845e-008	
1.26225403e+001	1.51547116e-006	1.50634096e-006	-1.66101547e-007	
1.27227191e+001	1.96989568e-006	1.95673376e-006	-2.27336674e-007	
1.28228980e+001	2.37943430e-006	2.36140379e-006	-2.92369160e-007	
1.29230769e+001	2.89892360e-006	2.87451588e-006	-3.75388498e-007	
1.30232558e+001	3.33513672e-006	3.30444041e-006	-4.51453743e-007	
1.31234347e+001	3.86225451e-006	3.82433399e-006	-5.39888358e-007	
1.32236136e+001	4.58125400e-006	4.53603954e-006	-6.42054089e-007	
1.33237925e+001	5.27036308e-006	5.21625997e-006	-7.53232332e-007	
1.34239714e+001	6.08305814e-006	6.02032771e-006	-8.71349893e-007	
1.35241503e+001	6.89195638e-006	6.81749708e-006	-1.01034465e-006	
1.36243292e+001	8.11751777e-006	8.03001500e-006	-1.18867737e-006	
1.37245081e+001	9.12576867e-006	9.02507506e-006	-1.35191493e-006	
1.38246869e+001	1.07415208e-005	1.06189471e-005	-1.61809483e-006	
1.39248658e+001	1.26970614e-005	1.25486087e-005	-1.93592049e-006	
1.40250447e+001	1.51786842e-005	1.49985866e-005	-2.33127699e-006	
1.41252236e+001	1.84056449e-005	1.81905475e-005	-2.80566354e-006	
1.42254025e+001	2.16572914e-005	2.13876675e-005	-3.40675001e-006	
1.43255814e+001	2.73921336e-005	2.70587451e-005	-4.26066900e-006	
1.44257603e+001	3.61331752e-005	3.57597086e-005	-5.18165949e-006	
1.45259392e+001	4.56824880e-005	4.51919846e-005	-6.67639417e-006	
1.46261181e+001	5.83548297e-005	5.77728411e-005	-8.22100845e-006	
1.47262970e+001	8.27942991e-005	8.22839922e-005	-9.17826683e-006	
1.48264758e+001	1.14951273e-004	1.14705730e-004	-7.50937995e-006	
1.49266547e+001	1.40909977e-004	1.40860049e-004	-3.75074437e-006	
1.50268336e+001	1.59798301e-004	1.59798226e-004	1.54400050e-007	
1.51270125e+001	1.71705899e-004	1.71687972e-004	2.48112573e-006	
1.52271914e+001	1.70864365e-004	1.70834377e-004	3.20105220e-006	
1.53273703e+001	1.69208161e-004	1.69171744e-004	3.51036408e-006	
1.54275492e+001	1.67008730e-004	1.66971940e-004	3.50533268e-006	
1.55277281e+001	1.64745202e-004	1.64708133e-004	3.49463576e-006	
1.56279070e+001	1.61889393e-004	1.61856413e-004	3.26759635e-006	
1.57280859e+001	1.60047479e-004	1.60017452e-004	3.10007917e-006	
1.58282648e+001	1.58205673e-004	1.58178491e-004	2.93256199e-006	
1.59284436e+001	1.56346163e-004	1.56322589e-004	2.71490084e-006	
1.60286225e+001	1.54454594e-004	1.54435854e-004	2.40597545e-006	
1.61288014e+001	1.52796119e-004	1.52781536e-004	2.11101567e-006	
1.62289803e+001	1.54686333e-004	1.54673024e-004	2.02911797e-006	
1.63291592e+001	1.56576621e-004	1.56564512e-004	1.94722027e-006	
1.64293381e+001	1.58466980e-004	1.58456001e-004	1.86532257e-006	
1.65295170e+001	1.60357407e-004	1.60347489e-004	1.78342486e-006	
1.66296959e+001	1.61755000e-004	1.61745946e-004	1.71143950e-006	
1.67298748e+001	1.63786493e-004	1.63778113e-004	1.65683810e-006	
1.68300537e+001	1.66655630e-004	1.66647909e-004	1.60414473e-006	
1.69302326e+001	1.69710143e-004	1.69703102e-004	1.54596493e-006	
1.70304114e+001	1.72764701e-004	1.72758295e-004	1.48778514e-006	
1.71305903e+001	1.75819299e-004	1.75813487e-004	1.42960535e-006	
1.72307692e+001	1.79954820e-004	1.79949450e-004	1.39011924e-006	
1.73309481e+001	1.85098158e-004	1.85093102e-004	1.36806273e-006	
1.74311270e+001	1.90241516e-004	1.90236754e-004	1.34600623e-006	
1.75313059e+001	1.95836022e-004	1.95831522e-004	1.32754751e-006	
1.76314848e+001	2.02152280e-004	2.02148004e-004	1.31484468e-006	
1.77316637e+001	2.09638542e-004	2.09634344e-004	1.32675929e-006	
1.78318426e+001	2.17825512e-004	2.17821308e-004	1.35341719e-006	
1.79320215e+001	2.25169148e-004	2.25165030e-004	1.36191334e-006	
1.80322004e+001	2.31577218e-004	2.31573281e-004	1.35026134e-006	
1.81323792e+001	2.37985298e-004	2.37981533e-004	1.33860935e-006	
1.82325581e+001	2.44561484e-004	2.44557896e-004	1.32462495e-006	
1.83327370e+001	2.52605207e-004	2.52601912e-004	1.29027816e-006	
1.84329159e+001	2.60648953e-004	2.60645927e-004	1.25593137e-006	
1.85330948e+001	2.68692719e-004	2.68689942e-004	1.22158458e-006	
1.86332737e+001	2.76736504e-004	2.76733957e-004	1.18723778e-006	
1.87334526e+001	2.84780306e-004	2.84777972e-004	1.15289099e-006	
1.88336315e+001	2.91726546e-004	2.91724636e-004	1.05558109e-006	
1.89338104e+001	2.97936647e-004	2.97935170e-004	9.37830327e-007	
1.90339893e+001	3.04146811e-004	3.04145705e-004	8.20079562e-007	
1.91341682e+001	3.10357034e-004	3.10356240e-004	7.02328797e-007	
1.92343470e+001	3.16567314e-004	3.16566774e-004	5.84578032e-007	
1.93345259e+001	3.22777646e-004	3.22777309e-004	4.66827267e-007	
1.94347048e+001	3.29642775e-004	3.29642702e-004	2.19721926e-007	
1.95348837e+001	3.39129620e-004	3.39129182e-004	-5.45127880e-007	
1.96350626e+001	3.48618123e-004	3.48615661e-004	-1.30997769e-006	
1.97352415e+001	3.57348631e-004	3.57343852e-004	-1.84820227e-006	
1.98354204e+001	3.60164109e-004	3.60156578e-004	-2.32909467e-006	
1.99355993e+001	3.43543759e-004	3.43532812e-004	-2.74251941e-006	
2.00357782e+001	3.26924280e-004	3.26909047e-004	-3.15594415e-006	
2.01359571e+001	3.10305810e-004	3.10285281e-004	-3.56936889e-006	
2.02361360e+001	2.95116976e-004	2.95087417e-004	-4.17688374e-006	
2.03363148e+001	2.82657318e-004	2.82620479e-004	-4.56335835e-006	
2.04364937e+001	2.74502023e-004	2.74456645e-004	-4.99105804e-006	
2.05366726e+001	2.66347938e-004	2.66292811e-004	-5.41875773e-006	
2.06368515e+001	2.58195177e-004	2.58128976e-004	-5.84645742e-006	
2.07370304e+001	2.39273717e-004	2.39204018e-004	-5.77490539e-006	
2.08372093e+001	2.05230432e-004	2.05169458e-004	-5.00235832e-006	
2.09373882e+001	1.71187163e-004	1.71134899e-004	-4.22981125e-006	
2.10375671e+001	1.39484167e-004	1.39439259e-004	-3.53917959e-006	
2.11377460e+001	1.16697433e-004	1.16657409e-004	-3.05611363e-006	
2.12379249e+001	9.34499476e-005	9.34168607e-005	-2.48653490e-006	
2.13381038e+001	7.02024893e-005	7.01763121e-005	-1.91695618e-006	
2.14382826e+001	4.63803485e-005	4.63613095e-005	-1.32879946e-006	
2.15384615e+001	1.80112347e-005	1.80014483e-005	-5.93660812e-007	
2.16386404e+001	1.04137100e-005	-1.04127301e-005	1.42857208e-007	
2.17388193e+001	3.80776769e-005	-3.80675180e-005	8.79518192e-007	
2.18389982e+001	6.33264408e-005	-6.33078326e-005	1.53507073e-006	
2.19391771e+001	8.85752403e-005	-8.85481472e-005	2.19062326e-006	
2.20393560e+001	1.16470508e-004	-1.16435731e-004	2.84599763e-006	
2.21395349e+001	1.44504703e-004	-1.44462278e-004	3.50136265e-006	
2.22397138e+001	1.72538902e-004	-1.72488824e-004	4.15672767e-006	
2.23398927e+001	1.94558029e-004	-1.94505197e-004	4.53378289e-006	
2.24400716e+001	2.20124342e-004	-2.20067068e-004	5.02109078e-006	
2.25402504e+001	2.46908050e-004	-2.46845642e-004	5.55106794e-006	
2.26404293e+001	2.73691780e-004	-2.73624216e-004	6.08104510e-006	
2.27406082e+001	2.93029454e-004	-2.92971116e-004	5.84688419e-006	
2.28407871e+001	3.07730882e-004	-3.07688008e-004	5.13665761e-006	
2.29409660e+001	3.22435286e-004	-3.22404901e-004	4.42643103e-006	
2.30411449e+001	3.36750821e-004	-3.36729132e-004	3.82196040e-006	
2.31413238e+001	3.43210533e-004	-3.43192893e-004	3.47971106e-006	
2.32415027e+001	3.45884132e-004	-3.45872047e-004	2.89135651e-006	
2.33416816e+001	3.48287085e-004	-3.48279802e-004	2.25242867e-006	
2.34418605e+001	3.50691268e-004	-3.50687556e-004	1.61350083e-006	
2.35420394e+001	3.51165793e-004	-3.51164263e-004	1.03671165e-006	
2.36422182e+001	3.46922806e-004	-3.46922266e-004	6.11764234e-007	
2.37423971e+001	3.42680321e-004	-3.42680270e-004	1.86816820e-007	
2.38425760e+001	3.38438357e-004	-3.38438274e-004	-2.38130594e-007	
2.39427549e+001	3.32414176e-004	-3.32413640e-004	-5.96941264e-007	
2.40429338e+001	3.24877535e-004	-3.24876761e-004	-7.09106593e-007	
2.41431127e+001	3.17247594e-004	-3.17246524e-004	-8.23784045e-007	
2.42432916e+001	3.09477969e-004	-3.09476534e-004	-9.42222058e-007	
2.43434705e+001	3.01708409e-004	-3.01706544e-004	-1.06066007e-006	
2.44436494e+001	2.94865248e-004	-2.94862941e-004	-1.16646094e-006	
2.45438283e+001	2.85001338e-004	-2.84998912e-004	-1.17590144e-006	
2.46440072e+001	2.75137437e-004	-2.75134883e-004	-1.18534194e-006	
2.47441860e+001	2.65273545e-004	-2.65270855e-004	-1.19478244e-006	
2.48443649e+001	2.55409665e-004	-2.55406826e-004	-1.20422294e-006	
2.49445438e+001	2.47387334e-004	-2.47384339e-004	-1.21743040e-006	
2.50447227e+001	2.41415551e-004	-2.41412511e-004	-1.21139540e-006	
2.51449016e+001	2.35393646e-004	-2.35390572e-004	-1.20299597e-006	
2.52450805e+001	2.29371743e-004	-2.29368633e-004	-1.19459655e-006	
2.53452594e+001	2.23349843e-004	-2.23346693e-004	-1.18619712e-006	
2.54454383e+001	2.17327945e-004	-2.17324754e-004	-1.17779770e-006	
2.55456172e+001	2.12289232e-004	-2.12285969e-004	-1.17709010e-006	
2.56457961e+001	2.07472076e-004	-2.07468736e-004	-1.17711801e-006	
2.57459750e+001	2.02040329e-004	-2.02036939e-004	-1.17039469e-006	
2.58461538e+001	1.96608585e-004	-1.96605141e-004	-1.16367137e-006	
2.59463327e+001	1.91408410e-004	-1.91404907e-004	-1.15793840e-006	
2.60465116e+001	1.87205198e-004	-1.87201626e-004	-1.15646923e-006	
2.61466905e+001	1.83001990e-004	-1.82998345e-004	-1.15500006e-006	
2.62468694e+001	1.78837498e-004	-1.78833775e-004	-1.15390107e-006	
2.63470483e+001	1.75006827e-004	-1.75002981e-004	-1.16018110e-006	
2.64472272e+001	1.70732211e-004	-1.70728293e-004	-1.15664786e-006	
2.65474061e+001	1.66356262e-004	-1.66352314e-004	-1.14617347e-006	
2.66475850e+001	1.61994234e-004	-1.61990251e-004	-1.13595215e-006	
2.67477639e+001	1.57906620e-004	-1.57902571e-004	-1.13072021e-006	
2.68479428e+001	1.53224102e-004	-1.53220109e-004	-1.10627363e-006	
2.69481216e+001	1.48802202e-004	-1.48798378e-004	-1.06682846e-006	
2.70483005e+001	1.44380303e-004	-1.44376647e-004	-1.02738330e-006	
2.71484794e+001	1.39958404e-004	-1.39954917e-004	-9.87938131e-007	
2.72486583e+001	1.35536505e-004	-1.35533186e-004	-9.48492964e-007	
2.73488372e+001	1.30440299e-004	-1.30437350e-004	-8.77023318e-007	
2.74490161e+001	1.24216591e-004	-1.24214265e-004	-7.60196078e-007	
2.75491950e+001	1.16232015e-004	-1.16230585e-004	-5.76572965e-007	
2.76493739e+001	1.08247618e-004	-1.08246905e-004	-3.92949852e-007	
2.77495528e+001	1.00263443e-004	-1.00263225e-004	-2.09326739e-007	
2.78497317e+001	9.22795481e-005	-9.22795446e-005	-2.57036265e-008	
2.79499106e+001	8.18275425e-005	-8.18272603e-005	2.14891512e-007	
2.80500894e+001	7.09079770e-005	-7.09064415e-005	4.66643429e-007	
2.81502683e+001	5.99899244e-005	-5.99856227e-005	7.18395346e-007	
2.82504472e+001	4.95838327e-005	-4.95749413e-005	9.38966889e-007	
2.83506261e+001	4.24658308e-005	-4.24550144e-005	9.58402519e-007	
2.84508050e+001	3.53486149e-005	-3.53350875e-005	9.77838149e-007	
2.85509839e+001	2.87334072e-005	-2.87162261e-005	9.93502970e-007	
2.86511628e+001	2.50476616e-005	-2.50284266e-005	9.81434574e-007	
2.87513417e+001	2.19854830e-005	-2.19646710e-005	9.56394548e-007	
2.88515206e+001	1.87973069e-005	-1.87744251e-005	9.27205774e-007	
2.89516995e+001	1.50160791e-005	-1.49903568e-005	8.78540276e-007	
2.90518784e+001	1.38240428e-005	-1.37985755e-005	8.38733639e-007	
2.91520572e+001	1.22526040e-005	-1.22253956e-005	8.16092355e-007	
2.92522361e+001	1.05681578e-005	-1.05380645e-005	7.96966572e-007	
2.93524150e+001	8.88484765e-006	-8.85073339e-006	7.77840789e-007	
2.94525939e+001	7.60997329e-006	-7.57275780e-006	7.51686700e-007	
2.95527728e+001	7.62339112e-006	-7.59088203e-006	7.03279616e-007	
2.96529517e+001	7.95322525e-006	-7.92522111e-006	6.66829978e-007	
2.97531306e+001	8.47717471e-006	-8.45315495e-006	6.37700992e-007	
2.98533095e+001	8.27740584e-006	-8.25456458e-006	6.14500616e-007	
2.99534884e+001	7.86916562e-006	-7.84678979e-006	5.93007235e-007	
3.00536673e+001	7.45673308e-006	-7.43473106e-006	5.72400482e-007	
3.01538462e+001	7.01565139e-006	-6.99343794e-006	5.57844252e-007	
3.02540250e+001	6.57463030e-006	-6.55214482e-006	5.43288022e-007	
3.03542039e+001	6.26289691e-006	-6.24052180e-006	5.28928524e-007	
3.04543828e+001	6.30722912e-006	-6.28616725e-006	5.15014957e-007	
3.05545617e+001	6.34608360e-006	-6.32638215e-006	4.99665829e-007	
3.06547406e+001	6.38499182e-006	-6.36659705e-006	4.84316702e-007	
3.07549195e+001	6.40410363e-006	-6.38689058e-006	4.69224847e-007	
3.08550984e+001	6.36739291e-006	-6.35111057e-006	4.55068213e-007	
3.09552773e+001	6.37703915e-006	-6.36180194e-006	4.40572864e-007	
3.10554562e+001	6.38672162e-006	-6.37249331e-006	4.26077514e-007	
3.11556351e+001	6.40463720e-006	-6.39141050e-006	4.11399376e-007	
3.12558140e+001	6.43215642e-006	-6.41992349e-006	3.96508005e-007	
3.13559928e+001	6.46376697e-006	-6.45242587e-006	3.82732029e-007	
3.14561717e+001	6.43615466e-006	-6.42534153e-006	3.72924837e-007	
3.15563506e+001	6.40855285e-006	-6.39825720e-006	3.63117645e-007	
3.16565295e+001	6.38096168e-006	-6.37117287e-006	3.53310453e-007	
3.17567084e+001	6.35338129e-006	-6.34408853e-006	3.43503260e-007	
3.18568873e+001	6.35518668e-006	-6.34643827e-006	3.33345258e-007	
3.19570662e+001	6.34509579e-006	-6.33680576e-006	3.24242630e-007	
3.20572451e+001	6.32202817e-006	-6.31414014e-006	3.15712750e-007	
3.21574240e+001	6.29896919e-006	-6.29147451e-006	3.07182870e-007	
3.22576029e+001	6.28925033e-006	-6.28223389e-006	2.96996776e-007	
3.23577818e+001	6.27675224e-006	-6.27020169e-006	2.86687052e-007	
3.24579606e+001	6.23575449e-006	-6.22953460e-006	2.78446859e-007	
3.25581395e+001	6.19115832e-006	-6.18527776e-006	2.69778464e-007	
3.26583184e+001	6.14526113e-006	-6.13971800e-006	2.60954649e-007	
3.27584973e+001	6.10096117e-006	-6.09571469e-006	2.52961732e-007	
3.28586762e+001	6.05946595e-006	-6.05445280e-006	2.46432283e-007	
3.29588551e+001	6.02529378e-006	-6.02050827e-006	2.40094379e-007	
3.30590340e+001	6.01776305e-006	-6.01319413e-006	2.34453571e-007	
3.31592129e+001	6.00632250e-006	-6.00196825e-006	2.28663709e-007	
3.32593918e+001	5.93905721e-006	-5.93495332e-006	2.20748059e-007	
3.33595707e+001	5.87227542e-006	-5.86840436e-006	2.13187459e-007	
3.34597496e+001	5.80930968e-006	-5.80562941e-006	2.06751217e-007	
3.35599284e+001	5.76581599e-006	-5.76233099e-006	2.00438584e-007	
3.36601073e+001	5.72232630e-006	-5.71903256e-006	1.94125951e-007	
3.37602862e+001	5.66152133e-006	-5.65839254e-006	1.88195759e-007	
3.38604651e+001	5.59959704e-006	-5.59662910e-006	1.82290343e-007	
3.39606440e+001	5.53495855e-006	-5.53215528e-006	1.76136708e-007	
3.40608229e+001	5.50852520e-006	-5.50586468e-006	1.71183976e-007	
3.41610018e+001	5.48893813e-006	-5.48641235e-006	1.66497418e-007	
3.42611807e+001	5.46935412e-006	-5.46696001e-006	1.61810860e-007	
3.43613596e+001	5.42057707e-006	-5.41831517e-006	1.56577547e-007	
3.44615385e+001	5.34002052e-006	-5.33789227e-006	1.50749055e-007	
3.45617174e+001	5.25946634e-006	-5.25746937e-006	1.44920562e-007	
3.46618962e+001	5.18257642e-006	-5.18070320e-006	1.39329510e-007	
3.47620751e+001	5.11903163e-006	-5.11726164e-006	1.34603661e-007	
3.48622540e+001	5.06018492e-006	-5.05851330e-006	1.30056109e-007	
3.49624329e+001	5.02268777e-006	-5.02109908e-006	1.26319044e-007	
3.50626118e+001	4.98519218e-006	-4.98368486e-006	1.22581980e-007	
3.51627907e+001	4.95437111e-006	-4.95294100e-006	1.19031610e-007	
3.52629696e+001	4.93254510e-006	-4.93118719e-006	1.15732859e-007	
3.53631485e+001	4.90978249e-006	-4.90849645e-006	1.12368722e-007	
3.54633274e+001	4.87437937e-006	-4.87318002e-006	1.08123481e-007	
3.55635063e+001	4.83300576e-006	-4.83188774e-006	1.03950028e-007	
3.56636852e+001	4.78241434e-006	-4.78137108e-006	9.98873888e-008	
3.57638640e+001	4.73135482e-006	-4.73038464e-006	9.58106182e-008	
3.58640429e+001	4.67740175e-006	-4.67650382e-006	9.16467818e-008	
3.59642218e+001	4.64429388e-006	-4.64345052e-006	8.85035213e-008	
3.60644007e+001	4.61730942e-006	-4.61651389e-006	8.57075145e-008	
3.61645796e+001	4.58477033e-006	-4.58402165e-006	8.28524252e-008	
3.62647585e+001	4.55223237e-006	-4.55152941e-006	7.99973358e-008	
3.63649374e+001	4.52902718e-006	-4.52836544e-006	7.74185305e-008	
3.64651163e+001	4.51068604e-006	-4.51006275e-006	7.49837059e-008	
3.65652952e+001	4.49234591e-006	-4.49176006e-006	7.25488813e-008	
3.66654741e+001	4.47400679e-006	-4.47345736e-006	7.01140567e-008	
3.67656530e+001	4.45607319e-006	-4.45556030e-006	6.76069768e-008	
3.68658318e+001	4.44413937e-006	-4.44366228e-006	6.51175184e-008	
3.69660107e+001	4.43109030e-006	-4.43064783e-006	6.26184870e-008	
3.70661896e+001	4.41738409e-006	-4.41697504e-006	6.01138107e-008	
3.71663685e+001	4.40367909e-006	-4.40330225e-006	5.76091343e-008	
3.72665474e+001	4.40234107e-006	-4.40199477e-006	5.52172047e-008	
3.73667263e+001	4.40864615e-006	-4.40833013e-006	5.27856667e-008	
3.74669052e+001	4.41495265e-006	-4.41466549e-006	5.03541286e-008	
3.75670841e+001	4.42126057e-006	-4.42100085e-006	4.79225906e-008	
3.76672630e+001	4.42756991e-006	-4.42733621e-006	4.54910526e-008	
3.77674419e+001	4.43388066e-006	-4.43367156e-006	4.30595146e-008	
3.78676208e+001	4.42566148e-006	-4.42547626e-006	4.04890691e-008	
3.79677996e+001	4.40639311e-006	-4.40623086e-006	3.78129889e-008	
3.80679785e+001	4.38712617e-006	-4.38698546e-006	3.51369087e-008	
3.81681574e+001	4.37391932e-006	-4.37379806e-006	3.25682560e-008	
3.82683363e+001	4.38186286e-006	-4.38175758e-006	3.03746046e-008	
3.83685152e+001	4.38980755e-006	-4.38971709e-006	2.81809532e-008	
3.84686941e+001	4.41753164e-006	-4.41745754e-006	2.55869735e-008	
3.85688730e+001	4.46251699e-006	-4.46245955e-006	2.26436527e-008	
3.86690519e+001	4.51695238e-006	-4.51691045e-006	1.94609723e-008	
3.87692308e+001	4.60580921e-006	-4.60578344e-006	1.54063115e-008	
3.88694097e+001	4.69467015e-006	-4.69465642e-006	1.13516507e-008	
3.89695886e+001	4.78353498e-006	-4.78352941e-006	7.29698991e-009	
3.90697674e+001	4.86040843e-006	-4.86040701e-006	3.71153862e-009	
3.91699463e+001	4.92320692e-006	-4.92320692e-006	1.35243950e-010	
3.92701252e+001	4.98600802e-006	-4.98600683e-006	-3.44105072e-009	
3.93703041e+001	5.04881161e-006	-5.04880674e-006	-7.01734539e-009	
3.94704830e+001	5.11161762e-006	-5.11160665e-006	-1.05936401e-008	
3.95706619e+001	5.20782183e-006	-5.20780194e-006	-1.43943161e-008	
3.96708408e+001	5.39125351e-006	-5.39122080e-006	-1.87810416e-008	
3.97710197e+001	5.57468780e-006	-5.57463965e-006	-2.31677670e-008	
3.98711986e+001	5.78448240e-006	-5.78440552e-006	-2.98230891e-008	
3.99713775e+001	6.02635988e-006	-6.02624600e-006	-3.70488713e-008	
4.00715564e+001	6.25087291e-006	-6.25073277e-006	-4.18553621e-008	
4.01717352e+001	6.47538768e-006	-6.47521955e-006	-4.66618529e-008	
4.02719141e+001	6.69990402e-006	-6.69970633e-006	-5.14683437e-008	
4.03720930e+001	7.13094071e-006	-7.13062859e-006	-6.67177009e-008	
4.04722719e+001	7.46690596e-006	-7.46656515e-006	-7.13402467e-008	
4.05724508e+001	7.67720088e-006	-7.67694179e-006	-6.30720018e-008	
4.06726297e+001	8.04426809e-006	-8.04403968e-006	-6.06195679e-008	
4.07728086e+001	8.26459446e-006	-8.26455894e-006	-2.42278922e-008	
4.08729875e+001	8.34914358e-006	-8.34912396e-006	1.81008672e-008	
4.09731664e+001	8.05955182e-006	-8.05854523e-006	1.27374908e-007	
4.10733453e+001	6.95324064e-006	-6.94401504e-006	3.58064826e-007	
4.11735242e+001	5.61849651e-006	-5.59357807e-006	5.28571107e-007	
4.12737030e+001	4.03208827e-006	-3.98963757e-006	5.83547609e-007	
4.13738819e+001	2.91438520e-006	-2.87532457e-006	4.75552032e-007	
4.14740608e+001	2.25986383e-006	-2.22428280e-006	3.99437802e-007	
4.15742397e+001	1.66792574e-006	-1.64089976e-006	2.99038888e-007	
4.16744186e+001	1.22759307e-006	-1.20624763e-006	2.27928507e-007	
4.17745975e+001	1.01973928e-006	-1.00298745e-006	1.84077094e-007	
4.18747764e+001	8.02274681e-007	-7.88684777e-007	1.47040761e-007	
4.19749553e+001	6.59095862e-007	-6.47970694e-007	1.20587453e-007	
4.20751342e+001	5.38235573e-007	-5.29393159e-007	9.71617984e-008	
4.21753131e+001	4.77020113e-007	-4.69999462e-007	8.15395270e-008	
4.22754919e+001	4.05357260e-007	-3.99218109e-007	7.02809302e-008	
4.23756708e+001	3.35760002e-007	-3.30528187e-007	5.90414841e-008	
4.24758497e+001	2.69180453e-007	-2.64899972e-007	4.78133941e-008	
4.25760286e+001	2.18966402e-007	-2.15539989e-007	3.85849489e-008	
4.26762075e+001	1.77134755e-007	-1.74509872e-007	3.03813439e-008	
4.27763864e+001	1.40556902e-007	-1.38549129e-007	2.36723802e-008	
4.28765653e+001	1.06271344e-007	-1.04796525e-007	1.76433248e-008	
4.29767442e+001	7.02448683e-008	-6.93467055e-008	1.11971407e-008	
4.30769231e+001	3.67967568e-008	-3.65414344e-008	4.32722628e-009	
4.31771020e+001	3.52110963e-009	-2.77115946e-009	-2.17230023e-009	
4.32772809e+001	3.00036871e-008	2.87026352e-008	-8.73956357e-009	
4.33774597e+001	6.83929396e-008	6.64668803e-008	-1.61167000e-008	
4.34776386e+001	1.04881982e-007	1.02194830e-007	-2.35891288e-008	
4.35778175e+001	1.68132384e-007	1.64507046e-007	-3.47265083e-008	
4.36779964e+001	2.29200251e-007	2.24335759e-007	-4.69704383e-008	
4.37781753e+001	2.76285562e-007	2.69858618e-007	-5.92455742e-008	
4.38783542e+001	3.76683090e-007	3.68224635e-007	-7.93773782e-008	
4.39785331e+001	5.28479108e-007	5.17398601e-007	-1.07651544e-007	
4.40787120e+001	7.17453289e-007	7.02723443e-007	-1.44633965e-007	
4.41788909e+001	9.97254376e-007	9.78980347e-007	-1.90036235e-007	
4.42790698e+001	1.36148003e-006	1.34136452e-006	-2.33171820e-007	
4.43792487e+001	1.97757202e-006	1.95950577e-006	-2.66698824e-007	
4.44794275e+001	2.60669639e-006	2.59753258e-006	-2.18381651e-007	
4.45796064e+001	3.10360063e-006	3.10129222e-006	-1.19680561e-007	
4.46797853e+001	3.30958090e-006	3.30911509e-006	-5.55251681e-008	
4.47799642e+001	3.28664335e-006	3.28660918e-006	-1.49855196e-008	
4.48801431e+001	3.10842116e-006	3.10838210e-006	1.55835513e-008	
4.49803220e+001	2.93636865e-006	2.93627870e-006	2.29826722e-008	
4.50805009e+001	2.76434227e-006	2.76417530e-006	3.03817931e-008	
4.51806798e+001	2.56216984e-006	2.56193207e-006	3.49051990e-008	
4.52808587e+001	2.38954760e-006	2.38924687e-006	3.79091430e-008	
4.53810376e+001	2.21693923e-006	2.21656167e-006	4.09130870e-008	
4.54812165e+001	2.04434825e-006	2.04387647e-006	4.39170310e-008	
4.55813953e+001	1.84937681e-006	1.84894278e-006	4.00646753e-008	
4.56815742e+001	1.65144354e-006	1.65106611e-006	3.53053860e-008	
4.57817531e+001	1.51986410e-006	1.51949676e-006	3.34137106e-008	
4.58819320e+001	1.42408021e-006	1.42369620e-006	3.30689396e-008	
4.59821109e+001	1.32829880e-006	1.32789564e-006	3.27241685e-008	
4.60822898e+001	1.23391623e-006	1.23349576e-006	3.22096410e-008	
4.61824687e+001	1.14857492e-006	1.14816734e-006	3.05956905e-008	
4.62826476e+001	1.06323399e-006	1.06283892e-006	2.89817399e-008	
4.63828265e+001	9.77893540e-007	9.77510501e-007	2.73677894e-008	
4.64830054e+001	9.06117914e-007	9.05728900e-007	2.65487171e-008	
4.65831843e+001	8.38744897e-007	8.38342204e-007	2.59875219e-008	
4.66833631e+001	7.67914080e-007	7.67506302e-007	2.50222240e-008	
4.67835420e+001	6.92106000e-007	6.91707753e-007	2.34755114e-008	
4.68837209e+001	6.36621834e-007	6.36223834e-007	2.25076074e-008	
4.69838998e+001	5.92381730e-007	5.91978258e-007	2.18599085e-008	
4.70840787e+001	5.48143274e-007	5.47732682e-007	2.12122095e-008	
4.71842576e+001	5.03906901e-007	5.03487106e-007	2.05645106e-008	
4.72844365e+001	4.65575568e-007	4.65152864e-007	1.98348718e-008	
4.73846154e+001	4.35033420e-007	4.34604457e-007	1.93143273e-008	
4.74847943e+001	4.02100967e-007	4.01661555e-007	1.87931568e-008	
4.75849732e+001	3.69171114e-007	3.68718654e-007	1.82719864e-008	
4.76851521e+001	3.36244625e-007	3.35775753e-007	1.77508160e-008	
4.77853309e+001	3.03351848e-007	3.02862106e-007	1.72304436e-008	
4.78855098e+001	2.74739153e-007	2.74223385e-007	1.68266802e-008	
4.79856887e+001	2.48405598e-007	2.47865373e-007	1.63737078e-008	
4.80858676e+001	2.23810780e-007	2.23246476e-007	1.58832120e-008	
4.81860465e+001	1.99223118e-007	1.98627579e-007	1.53927162e-008	
4.82862254e+001	1.74645634e-007	1.74008682e-007	1.49022204e-008	
4.83864043e+001	1.50083329e-007	1.49389785e-007	1.44117246e-008	
4.84865832e+001	1.29581759e-007	1.28825115e-007	1.39829184e-008	
4.85867621e+001	1.16985875e-007	1.16184723e-007	1.36676616e-008	
4.86869410e+001	1.04401701e-007	1.03544331e-007	1.33524048e-008	
4.87871199e+001	9.18340526e-008	9.09039382e-008	1.30371480e-008	
4.88872987e+001	7.92907884e-008	7.82635458e-008	1.27218912e-008	
4.89874776e+001	6.67856485e-008	6.56231534e-008	1.24066344e-008	
4.90876565e+001	5.44914778e-008	5.31339497e-008	1.20873712e-008	
4.91878354e+001	4.24064335e-008	4.07469657e-008	1.17469311e-008	
4.92880143e+001	3.05738873e-008	2.83913144e-008	1.13444194e-008	
4.93881932e+001	1.95082781e-008	1.61467162e-008	1.09478979e-008	
4.94883721e+001	1.18483161e-008	5.24561870e-009	1.06238448e-008	
4.95885510e+001	1.11986542e-008	-4.35643556e-009	1.03165558e-008	
4.96887299e+001	1.58188860e-008	-1.22313139e-008	1.00315560e-008	
4.97889088e+001	2.16484241e-008	-1.93107218e-008	9.78520763e-009	
4.98890877e+001	2.74337772e-008	-2.57097353e-008	9.57191933e-009	
4.99892665e+001	3.34352246e-008	-3.20987883e-008	9.35852729e-009	
5.00894454e+001	3.86995312e-008	-3.76056937e-008	9.13594669e-009	
5.01896243e+001	4.40580879e-008	-4.31475194e-008	8.91104293e-009	
5.02898032e+001	4.96473124e-008	-4.88838546e-008	8.67319891e-009	
5.03899821e+001	5.52677153e-008	-5.46201899e-008	8.43535489e-009	
5.04901610e+001	5.83552841e-008	-5.77742175e-008	8.21455872e-009	
5.05903399e+001	6.10575595e-008	-6.05316732e-008	7.99638064e-009	
5.06905188e+001	6.37653063e-008	-6.32891290e-008	7.77820256e-009	
5.07906977e+001	6.65927552e-008	-6.61617719e-008	7.56405907e-009	
5.08908766e+001	6.96521840e-008	-6.92636186e-008	7.34696362e-009	
5.09910555e+001	7.22947375e-008	-7.19441837e-008	7.11080235e-009	
5.10912343e+001	7.49509227e-008	-7.46349784e-008	6.87465026e-009	
5.11914132e+001	7.78463387e-008	-7.75627486e-008	6.63871077e-009	
5.12915921e+001	8.05959961e-008	-8.03410314e-008	6.40572056e-009	
5.13917710e+001	8.05605355e-008	-8.03190521e-008	6.23295705e-009	
5.14919499e+001	8.09253784e-008	-8.06978083e-008	6.06470129e-009	
5.15921288e+001	8.12906967e-008	-8.10765645e-008	5.89644553e-009	
5.16923077e+001	8.16564843e-008	-8.14553207e-008	5.72818977e-009	
5.17924866e+001	8.20227347e-008	-8.18340769e-008	5.55993401e-009	
5.18926655e+001	8.22607832e-008	-8.20837076e-008	5.39457064e-009	
5.19928444e+001	8.18369840e-008	-8.16687911e-008	5.24409308e-009	
5.20930233e+001	8.15909892e-008	-8.14318052e-008	5.09417500e-009	
5.21932021e+001	8.16205489e-008	-8.14706066e-008	4.94512413e-009	
5.22933810e+001	8.16503883e-008	-8.15094080e-008	4.79607326e-009	
5.23935599e+001	8.16805074e-008	-8.15482094e-008	4.64702239e-009	
5.24937388e+001	8.14106493e-008	-8.12868628e-008	4.48773261e-009	
5.25939177e+001	8.02674097e-008	-8.01497758e-008	4.34401962e-009	
5.26940966e+001	7.92663755e-008	-7.91549785e-008	4.20091127e-009	
5.27942755e+001	7.83694604e-008	-7.82643147e-008	4.05824541e-009	
5.28944544e+001	7.74726638e-008	-7.73736510e-008	3.91557955e-009	
5.29946333e+001	7.60398580e-008	-7.59461088e-008	3.77472609e-009	
5.30948122e+001	7.43646820e-008	-7.42755942e-008	3.63896105e-009	
5.31949911e+001	7.26895099e-008	-7.26050441e-008	3.50320216e-009	
5.32951699e+001	7.08922727e-008	-7.08125620e-008	3.36086233e-009	
5.33953488e+001	6.90603336e-008	-6.89853814e-008	3.21664974e-009	
5.34955277e+001	6.68371362e-008	-6.67666196e-008	3.06941201e-009	
5.35957066e+001	6.44399810e-008	-6.43729489e-008	2.93847007e-009	
5.36958855e+001	6.21473355e-008	-6.20835945e-008	2.81399996e-009	
5.37960644e+001	5.98546968e-008	-5.97942402e-008	2.68952986e-009	
5.38962433e+001	5.74967084e-008	-5.74398683e-008	2.55597548e-009	
5.39964222e+001	5.51296670e-008	-5.50764756e-008	2.42116070e-009	
5.40966011e+001	5.31895333e-008	-5.31395761e-008	2.30475699e-009	
5.41967800e+001	5.08426015e-008	-5.07957044e-008	2.18324105e-009	
5.42969589e+001	4.82933269e-008	-4.82495327e-008	2.05621337e-009	
5.43971377e+001	4.57440593e-008	-4.57033610e-008	1.92918568e-009	
5.44973166e+001	4.30460558e-008	-4.30084581e-008	1.79873499e-009	
5.45974955e+001	4.01309452e-008	-4.00964617e-008	1.66328793e-009	
5.46976744e+001	3.71473020e-008	-3.71159281e-008	1.52641013e-009	
5.47978533e+001	3.38045853e-008	-3.37763225e-008	1.38203651e-009	
5.48980322e+001	3.07011403e-008	-3.06757844e-008	1.24750247e-009	
5.49982111e+001	2.80850915e-008	-2.80622282e-008	1.13301166e-009	
5.50983900e+001	2.54690457e-008	-2.54486719e-008	1.01852085e-009	
5.51985689e+001	2.27531861e-008	-2.27351074e-008	9.06844932e-010	
5.52987478e+001	1.99955353e-008	-1.99796712e-008	7.96347556e-010	
5.53989267e+001	1.72378844e-008	-1.72242350e-008	6.85850179e-010	
5.54991055e+001	1.43886213e-008	-1.43772120e-008	5.72885880e-010	
5.55992844e+001	1.14945521e-008	-1.14854394e-008	4.57611607e-010	
5.56994633e+001	8.64443690e-009	-8.63759614e-009	3.43834610e-010	
5.57996422e+001	5.79329068e-009	-5.78867663e-009	2.31170290e-010	
5.58998211e+001	2.86492451e-009	-2.86263847e-009	1.14426591e-010	
5.60000000e+001	2.40444860e-010	-2.40223473e-010	1.03156997e-011	
