% Column 0: Length, cm
% Column 1: |B.n|, Tesla
% Column 2: Re[B.n], Tesla
% Column 3: Im[B.n], Tesla
0.00000000e+000	8.33157453e-016	-8.33157202e-016	-6.46553760e-019	
1.00178891e-001	8.23572666e-015	-8.23572446e-015	-6.02458593e-018	
2.00357782e-001	1.32197983e-014	-1.32197948e-014	-9.64964952e-018	
3.00536673e-001	2.31266787e-014	-2.31266727e-014	-1.66850916e-017	
4.00715564e-001	2.31266787e-014	-2.31266727e-014	-1.66850916e-017	
5.00894454e-001	3.72810243e-014	-3.72810153e-014	-2.58505779e-017	
6.01073345e-001	3.72810243e-014	-3.72810153e-014	-2.58505779e-017	
7.01252236e-001	3.72810243e-014	-3.72810153e-014	-2.58505779e-017	
8.01431127e-001	3.72810243e-014	-3.72810153e-014	-2.58505779e-017	
9.01610018e-001	1.08831379e-013	-1.08831376e-013	-2.63464346e-017	
1.00178891e+000	1.08831379e-013	-1.08831376e-013	-2.63464346e-017	
1.10196780e+000	1.08831379e-013	-1.08831376e-013	-2.63464346e-017	
1.20214669e+000	1.08831379e-013	-1.08831376e-013	-2.63464346e-017	
1.30232558e+000	1.08831379e-013	-1.08831376e-013	-2.63464346e-017	
1.40250447e+000	1.08831379e-013	-1.08831376e-013	-2.63464346e-017	
1.50268336e+000	1.08831379e-013	-1.08831376e-013	-2.63464346e-017	
1.60286225e+000	1.08831379e-013	-1.08831376e-013	-2.63464346e-017	
1.70304114e+000	1.08831379e-013	-1.08831376e-013	-2.63464346e-017	
1.80322004e+000	1.25630579e-013	-1.25630578e-013	6.96296217e-018	
1.90339893e+000	1.25630579e-013	-1.25630578e-013	6.96296217e-018	
2.00357782e+000	1.25630579e-013	-1.25630578e-013	6.96296217e-018	
2.10375671e+000	1.25630579e-013	-1.25630578e-013	6.96296217e-018	
2.20393560e+000	1.76268493e-013	-1.76268449e-013	1.24830002e-016	
2.30411449e+000	1.76268493e-013	-1.76268449e-013	1.24830002e-016	
2.40429338e+000	1.76268493e-013	-1.76268449e-013	1.24830002e-016	
2.50447227e+000	1.76268493e-013	-1.76268449e-013	1.24830002e-016	
2.60465116e+000	1.76268493e-013	-1.76268449e-013	1.24830002e-016	
2.70483005e+000	2.08703191e-013	-2.08702951e-013	3.16860771e-016	
2.80500894e+000	2.08703191e-013	-2.08702951e-013	3.16860771e-016	
2.90518784e+000	2.08703191e-013	-2.08702951e-013	3.16860771e-016	
3.00536673e+000	2.08703191e-013	-2.08702951e-013	3.16860771e-016	
3.10554562e+000	2.08703191e-013	-2.08702951e-013	3.16860771e-016	
3.20572451e+000	2.08703191e-013	-2.08702951e-013	3.16860771e-016	
3.30590340e+000	2.08703191e-013	-2.08702951e-013	3.16860771e-016	
3.40608229e+000	2.08703191e-013	-2.08702951e-013	3.16860771e-016	
3.50626118e+000	2.08703191e-013	-2.08702951e-013	3.16860771e-016	
3.60644007e+000	3.08457349e-013	-3.08456441e-013	7.48362592e-016	
3.70661896e+000	3.08457349e-013	-3.08456441e-013	7.48362592e-016	
3.80679785e+000	3.08457349e-013	-3.08456441e-013	7.48362592e-016	
3.90697674e+000	3.08457349e-013	-3.08456441e-013	7.48362592e-016	
4.00715564e+000	3.57849720e-013	-3.57847383e-013	1.29345232e-015	
4.10733453e+000	3.57849720e-013	-3.57847383e-013	1.29345232e-015	
4.20751342e+000	3.57849720e-013	-3.57847383e-013	1.29345232e-015	
4.30769231e+000	3.57849720e-013	-3.57847383e-013	1.29345232e-015	
4.40787120e+000	3.57849720e-013	-3.57847383e-013	1.29345232e-015	
4.50805009e+000	3.57849720e-013	-3.57847383e-013	1.29345232e-015	
4.60822898e+000	3.57849720e-013	-3.57847383e-013	1.29345232e-015	
4.70840787e+000	3.57849720e-013	-3.57847383e-013	1.29345232e-015	
4.80858676e+000	3.57849720e-013	-3.57847383e-013	1.29345232e-015	
4.90876565e+000	4.35758202e-013	-4.35753771e-013	1.96502228e-015	
5.00894454e+000	4.35758202e-013	-4.35753771e-013	1.96502228e-015	
5.10912343e+000	4.35758202e-013	-4.35753771e-013	1.96502228e-015	
5.20930233e+000	4.35758202e-013	-4.35753771e-013	1.96502228e-015	
5.30948122e+000	4.68791393e-013	-4.68784337e-013	2.57201839e-015	
5.40966011e+000	4.68791393e-013	-4.68784337e-013	2.57201839e-015	
5.50983900e+000	4.68791393e-013	-4.68784337e-013	2.57201839e-015	
5.61001789e+000	4.68791393e-013	-4.68784337e-013	2.57201839e-015	
5.71019678e+000	3.84727673e-013	-3.84719528e-013	2.50340130e-015	
5.81037567e+000	3.84727673e-013	-3.84719528e-013	2.50340130e-015	
5.91055456e+000	3.84727673e-013	-3.84719528e-013	2.50340130e-015	
6.01073345e+000	3.84727673e-013	-3.84719528e-013	2.50340130e-015	
6.11091234e+000	3.84727673e-013	-3.84719528e-013	2.50340130e-015	
6.21109123e+000	3.84727673e-013	-3.84719528e-013	2.50340130e-015	
6.31127013e+000	3.84727673e-013	-3.84719528e-013	2.50340130e-015	
6.41144902e+000	3.84727673e-013	-3.84719528e-013	2.50340130e-015	
6.51162791e+000	3.84727673e-013	-3.84719528e-013	2.50340130e-015	
6.61180680e+000	4.22917304e-013	-4.22906691e-013	2.99616841e-015	
6.71198569e+000	4.22917304e-013	-4.22906691e-013	2.99616841e-015	
6.81216458e+000	4.22917304e-013	-4.22906691e-013	2.99616841e-015	
6.91234347e+000	4.22917304e-013	-4.22906691e-013	2.99616841e-015	
7.01252236e+000	4.03701544e-013	-4.03692171e-013	2.75090835e-015	
7.11270125e+000	4.03701544e-013	-4.03692171e-013	2.75090835e-015	
7.21288014e+000	4.03701544e-013	-4.03692171e-013	2.75090835e-015	
7.31305903e+000	4.03701544e-013	-4.03692171e-013	2.75090835e-015	
7.41323792e+000	4.03701544e-013	-4.03692171e-013	2.75090835e-015	
7.51341682e+000	2.84901724e-013	-2.84896378e-013	1.74527853e-015	
7.61359571e+000	2.84901724e-013	-2.84896378e-013	1.74527853e-015	
7.71377460e+000	2.84901724e-013	-2.84896378e-013	1.74527853e-015	
7.81395349e+000	2.84901724e-013	-2.84896378e-013	1.74527853e-015	
7.91413238e+000	2.07677672e-013	-2.07677672e-013	-1.56113324e-017	
8.01431127e+000	2.07677672e-013	-2.07677672e-013	-1.56113324e-017	
8.11449016e+000	2.07677672e-013	-2.07677672e-013	-1.56113324e-017	
8.21466905e+000	2.07677672e-013	-2.07677672e-013	-1.56113324e-017	
8.31484794e+000	2.07677672e-013	-2.07677672e-013	-1.56113324e-017	
8.41502683e+000	5.73972915e-014	-5.72938556e-014	-3.44429673e-015	
8.51520572e+000	5.73972915e-014	-5.72938556e-014	-3.44429673e-015	
8.61538462e+000	5.73972915e-014	-5.72938556e-014	-3.44429673e-015	
8.71556351e+000	5.73972915e-014	-5.72938556e-014	-3.44429673e-015	
8.81574240e+000	1.56352993e-013	1.56159320e-013	-7.77978250e-015	
8.91592129e+000	1.56352993e-013	1.56159320e-013	-7.77978250e-015	
9.01610018e+000	1.56352993e-013	1.56159320e-013	-7.77978250e-015	
9.11627907e+000	1.56352993e-013	1.56159320e-013	-7.77978250e-015	
9.21645796e+000	1.56352993e-013	1.56159320e-013	-7.77978250e-015	
9.31663685e+000	1.56352993e-013	1.56159320e-013	-7.77978250e-015	
9.41681574e+000	1.56352993e-013	1.56159320e-013	-7.77978250e-015	
9.51699463e+000	1.56352993e-013	1.56159320e-013	-7.77978250e-015	
9.61717352e+000	1.56352993e-013	1.56159320e-013	-7.77978250e-015	
9.71735242e+000	3.81217621e-013	3.80991083e-013	-1.31403848e-014	
9.81753131e+000	3.81217621e-013	3.80991083e-013	-1.31403848e-014	
9.91771020e+000	3.81217621e-013	3.80991083e-013	-1.31403848e-014	
1.00178891e+001	3.81217621e-013	3.80991083e-013	-1.31403848e-014	
1.01180680e+001	7.39423200e-013	7.39076589e-013	-2.26376876e-014	
1.02182469e+001	7.39423200e-013	7.39076589e-013	-2.26376876e-014	
1.03184258e+001	7.39423200e-013	7.39076589e-013	-2.26376876e-014	
1.04186047e+001	7.39423200e-013	7.39076589e-013	-2.26376876e-014	
1.05187835e+001	1.22394176e-012	1.22352454e-012	-3.19549879e-014	
1.06189624e+001	1.22394176e-012	1.22352454e-012	-3.19549879e-014	
1.07191413e+001	1.22394176e-012	1.22352454e-012	-3.19549879e-014	
1.08193202e+001	1.22394176e-012	1.22352454e-012	-3.19549879e-014	
1.09194991e+001	1.22394176e-012	1.22352454e-012	-3.19549879e-014	
1.10196780e+001	1.57702446e-012	1.57660986e-012	-3.61593968e-014	
1.11198569e+001	1.57702446e-012	1.57660986e-012	-3.61593968e-014	
1.12200358e+001	1.57702446e-012	1.57660986e-012	-3.61593968e-014	
1.13202147e+001	1.57702446e-012	1.57660986e-012	-3.61593968e-014	
1.14203936e+001	1.57702446e-012	1.57660986e-012	-3.61593968e-014	
1.15205725e+001	1.57702446e-012	1.57660986e-012	-3.61593968e-014	
1.16207513e+001	1.57702446e-012	1.57660986e-012	-3.61593968e-014	
1.17209302e+001	1.57702446e-012	1.57660986e-012	-3.61593968e-014	
1.18211091e+001	3.18258649e-012	3.18200733e-012	-6.07132299e-014	
1.19212880e+001	3.18258649e-012	3.18200733e-012	-6.07132299e-014	
1.20214669e+001	3.18258649e-012	3.18200733e-012	-6.07132299e-014	
1.21216458e+001	3.18258649e-012	3.18200733e-012	-6.07132299e-014	
1.22218247e+001	3.18258649e-012	3.18200733e-012	-6.07132299e-014	
1.23220036e+001	4.83538076e-012	4.83484852e-012	-7.17416741e-014	
1.24221825e+001	4.83538076e-012	4.83484852e-012	-7.17416741e-014	
1.25223614e+001	4.83538076e-012	4.83484852e-012	-7.17416741e-014	
1.26225403e+001	4.83538076e-012	4.83484852e-012	-7.17416741e-014	
1.27227191e+001	4.83538076e-012	4.83484852e-012	-7.17416741e-014	
1.28228980e+001	4.83538076e-012	4.83484852e-012	-7.17416741e-014	
1.29230769e+001	4.83538076e-012	4.83484852e-012	-7.17416741e-014	
1.30232558e+001	4.83538076e-012	4.83484852e-012	-7.17416741e-014	
1.31234347e+001	4.83538076e-012	4.83484852e-012	-7.17416741e-014	
1.32236136e+001	9.39670014e-012	9.39623660e-012	-9.33345081e-014	
1.33237925e+001	9.39670014e-012	9.39623660e-012	-9.33345081e-014	
1.34239714e+001	9.39670014e-012	9.39623660e-012	-9.33345081e-014	
1.35241503e+001	9.39670014e-012	9.39623660e-012	-9.33345081e-014	
1.36243292e+001	9.39670014e-012	9.39623660e-012	-9.33345081e-014	
1.37245081e+001	9.39670014e-012	9.39623660e-012	-9.33345081e-014	
1.38246869e+001	9.39670014e-012	9.39623660e-012	-9.33345081e-014	
1.39248658e+001	9.39670014e-012	9.39623660e-012	-9.33345081e-014	
1.40250447e+001	1.14649172e-011	1.14645629e-011	-9.01280707e-014	
1.41252236e+001	1.14649172e-011	1.14645629e-011	-9.01280707e-014	
1.42254025e+001	1.14649172e-011	1.14645629e-011	-9.01280707e-014	
1.43255814e+001	1.14649172e-011	1.14645629e-011	-9.01280707e-014	
1.44257603e+001	1.14649172e-011	1.14645629e-011	-9.01280707e-014	
1.45259392e+001	1.86762014e-011	1.86759725e-011	-9.24754749e-014	
1.46261181e+001	1.86762014e-011	1.86759725e-011	-9.24754749e-014	
1.47262970e+001	1.86762014e-011	1.86759725e-011	-9.24754749e-014	
1.48264758e+001	1.86762014e-011	1.86759725e-011	-9.24754749e-014	
1.49266547e+001	2.08532423e-011	2.08531550e-011	-6.03080120e-014	
1.50268336e+001	2.08532423e-011	2.08531550e-011	-6.03080120e-014	
1.51270125e+001	2.08532423e-011	2.08531550e-011	-6.03080120e-014	
1.52271914e+001	2.08532423e-011	2.08531550e-011	-6.03080120e-014	
1.53273703e+001	2.31297086e-011	2.31296860e-011	-3.23442152e-014	
1.54275492e+001	2.31297086e-011	2.31296860e-011	-3.23442152e-014	
1.55277281e+001	2.31297086e-011	2.31296860e-011	-3.23442152e-014	
1.56279070e+001	2.31297086e-011	2.31296860e-011	-3.23442152e-014	
1.57280859e+001	2.31297086e-011	2.31296860e-011	-3.23442152e-014	
1.58282648e+001	3.85008846e-011	3.85008842e-011	5.08897963e-015	
1.59284436e+001	3.85008846e-011	3.85008842e-011	5.08897963e-015	
1.60286225e+001	3.85008846e-011	3.85008842e-011	5.08897963e-015	
1.61288014e+001	3.85008846e-011	3.85008842e-011	5.08897963e-015	
1.62289803e+001	3.95848255e-011	3.95848111e-011	3.37321389e-014	
1.63291592e+001	3.95848255e-011	3.95848111e-011	3.37321389e-014	
1.64293381e+001	3.95848255e-011	3.95848111e-011	3.37321389e-014	
1.65295170e+001	3.95848255e-011	3.95848111e-011	3.37321389e-014	
1.66296959e+001	3.89796261e-011	3.89796053e-011	4.02736972e-014	
1.67298748e+001	3.89796261e-011	3.89796053e-011	4.02736972e-014	
1.68300537e+001	3.89796261e-011	3.89796053e-011	4.02736972e-014	
1.69302326e+001	3.89796261e-011	3.89796053e-011	4.02736972e-014	
1.70304114e+001	3.89796261e-011	3.89796053e-011	4.02736972e-014	
1.71305903e+001	3.78208838e-011	3.78208761e-011	2.40778175e-014	
1.72307692e+001	3.78208838e-011	3.78208761e-011	2.40778175e-014	
1.73309481e+001	3.78208838e-011	3.78208761e-011	2.40778175e-014	
1.74311270e+001	3.78208838e-011	3.78208761e-011	2.40778175e-014	
1.75313059e+001	3.78208838e-011	3.78208761e-011	2.40778175e-014	
1.76314848e+001	3.78208838e-011	3.78208761e-011	2.40778175e-014	
1.77316637e+001	3.78208838e-011	3.78208761e-011	2.40778175e-014	
1.78318426e+001	3.78208838e-011	3.78208761e-011	2.40778175e-014	
1.79320215e+001	3.78208838e-011	3.78208761e-011	2.40778175e-014	
1.80322004e+001	4.81159664e-011	4.81159435e-011	-4.69542275e-014	
1.81323792e+001	4.81159664e-011	4.81159435e-011	-4.69542275e-014	
1.82325581e+001	4.81159664e-011	4.81159435e-011	-4.69542275e-014	
1.83327370e+001	4.81159664e-011	4.81159435e-011	-4.69542275e-014	
1.84329159e+001	4.16168665e-011	4.16167028e-011	-1.16707635e-013	
1.85330948e+001	4.16168665e-011	4.16167028e-011	-1.16707635e-013	
1.86332737e+001	4.16168665e-011	4.16167028e-011	-1.16707635e-013	
1.87334526e+001	4.16168665e-011	4.16167028e-011	-1.16707635e-013	
1.88336315e+001	4.16168665e-011	4.16167028e-011	-1.16707635e-013	
1.89338104e+001	4.16168665e-011	4.16167028e-011	-1.16707635e-013	
1.90339893e+001	4.16168665e-011	4.16167028e-011	-1.16707635e-013	
1.91341682e+001	4.16168665e-011	4.16167028e-011	-1.16707635e-013	
1.92343470e+001	4.16168665e-011	4.16167028e-011	-1.16707635e-013	
1.93345259e+001	4.70007591e-011	4.70002772e-011	-2.12835138e-013	
1.94347048e+001	4.70007591e-011	4.70002772e-011	-2.12835138e-013	
1.95348837e+001	4.70007591e-011	4.70002772e-011	-2.12835138e-013	
1.96350626e+001	4.70007591e-011	4.70002772e-011	-2.12835138e-013	
1.97352415e+001	3.65613830e-011	3.65607294e-011	-2.18616250e-013	
1.98354204e+001	3.65613830e-011	3.65607294e-011	-2.18616250e-013	
1.99355993e+001	3.65613830e-011	3.65607294e-011	-2.18616250e-013	
2.00357782e+001	3.65613830e-011	3.65607294e-011	-2.18616250e-013	
2.01359571e+001	2.50488385e-011	2.50480809e-011	-1.94810503e-013	
2.02361360e+001	2.50488385e-011	2.50480809e-011	-1.94810503e-013	
2.03363148e+001	2.50488385e-011	2.50480809e-011	-1.94810503e-013	
2.04364937e+001	2.50488385e-011	2.50480809e-011	-1.94810503e-013	
2.05366726e+001	2.50488385e-011	2.50480809e-011	-1.94810503e-013	
2.06368515e+001	1.36368979e-011	1.36364510e-011	-1.10404966e-013	
2.07370304e+001	1.36368979e-011	1.36364510e-011	-1.10404966e-013	
2.08372093e+001	1.36368979e-011	1.36364510e-011	-1.10404966e-013	
2.09373882e+001	1.36368979e-011	1.36364510e-011	-1.10404966e-013	
2.10375671e+001	1.36368979e-011	1.36364510e-011	-1.10404966e-013	
2.11377460e+001	1.36368979e-011	1.36364510e-011	-1.10404966e-013	
2.12379249e+001	1.36368979e-011	1.36364510e-011	-1.10404966e-013	
2.13381038e+001	1.36368979e-011	1.36364510e-011	-1.10404966e-013	
2.14382826e+001	2.69246676e-012	-2.69211013e-012	4.38212288e-014	
2.15384615e+001	2.69246676e-012	-2.69211013e-012	4.38212288e-014	
2.16386404e+001	2.69246676e-012	-2.69211013e-012	4.38212288e-014	
2.17388193e+001	2.69246676e-012	-2.69211013e-012	4.38212288e-014	
2.18389982e+001	2.69246676e-012	-2.69211013e-012	4.38212288e-014	
2.19391771e+001	1.14378108e-011	-1.14370900e-011	1.28409059e-013	
2.20393560e+001	1.14378108e-011	-1.14370900e-011	1.28409059e-013	
2.21395349e+001	1.14378108e-011	-1.14370900e-011	1.28409059e-013	
2.22397138e+001	1.14378108e-011	-1.14370900e-011	1.28409059e-013	
2.23398927e+001	2.04392865e-011	-2.04383485e-011	1.95815252e-013	
2.24400716e+001	2.04392865e-011	-2.04383485e-011	1.95815252e-013	
2.25402504e+001	2.04392865e-011	-2.04383485e-011	1.95815252e-013	
2.26404293e+001	2.04392865e-011	-2.04383485e-011	1.95815252e-013	
2.27406082e+001	2.04392865e-011	-2.04383485e-011	1.95815252e-013	
2.28407871e+001	3.49367851e-011	-3.49357124e-011	2.73772373e-013	
2.29409660e+001	3.49367851e-011	-3.49357124e-011	2.73772373e-013	
2.30411449e+001	3.49367851e-011	-3.49357124e-011	2.73772373e-013	
2.31413238e+001	3.49367851e-011	-3.49357124e-011	2.73772373e-013	
2.32415027e+001	3.49367851e-011	-3.49357124e-011	2.73772373e-013	
2.33416816e+001	3.49367851e-011	-3.49357124e-011	2.73772373e-013	
2.34418605e+001	3.49367851e-011	-3.49357124e-011	2.73772373e-013	
2.35420394e+001	3.49367851e-011	-3.49357124e-011	2.73772373e-013	
2.36422182e+001	3.71725059e-011	-3.71718163e-011	2.26435033e-013	
2.37423971e+001	3.71725059e-011	-3.71718163e-011	2.26435033e-013	
2.38425760e+001	3.71725059e-011	-3.71718163e-011	2.26435033e-013	
2.39427549e+001	3.71725059e-011	-3.71718163e-011	2.26435033e-013	
2.40429338e+001	3.71725059e-011	-3.71718163e-011	2.26435033e-013	
2.41431127e+001	4.47518947e-011	-4.47514833e-011	1.91905200e-013	
2.42432916e+001	4.47518947e-011	-4.47514833e-011	1.91905200e-013	
2.43434705e+001	4.47518947e-011	-4.47514833e-011	1.91905200e-013	
2.44436494e+001	4.47518947e-011	-4.47514833e-011	1.91905200e-013	
2.45438283e+001	4.44805997e-011	-4.44804920e-011	9.78778756e-014	
2.46440072e+001	4.44805997e-011	-4.44804920e-011	9.78778756e-014	
2.47441860e+001	4.44805997e-011	-4.44804920e-011	9.78778756e-014	
2.48443649e+001	4.44805997e-011	-4.44804920e-011	9.78778756e-014	
2.49445438e+001	4.56368813e-011	-4.56368459e-011	5.68077825e-014	
2.50447227e+001	4.56368813e-011	-4.56368459e-011	5.68077825e-014	
2.51449016e+001	4.56368813e-011	-4.56368459e-011	5.68077825e-014	
2.52450805e+001	4.56368813e-011	-4.56368459e-011	5.68077825e-014	
2.53452594e+001	4.56368813e-011	-4.56368459e-011	5.68077825e-014	
2.54454383e+001	4.49064663e-011	-4.49064645e-011	1.25458088e-014	
2.55456172e+001	4.49064663e-011	-4.49064645e-011	1.25458088e-014	
2.56457961e+001	4.49064663e-011	-4.49064645e-011	1.25458088e-014	
2.57459750e+001	4.49064663e-011	-4.49064645e-011	1.25458088e-014	
2.58461538e+001	2.72657546e-011	-2.72657422e-011	-2.60620492e-014	
2.59463327e+001	2.72657546e-011	-2.72657422e-011	-2.60620492e-014	
2.60465116e+001	2.72657546e-011	-2.72657422e-011	-2.60620492e-014	
2.61466905e+001	2.72657546e-011	-2.72657422e-011	-2.60620492e-014	
2.62468694e+001	2.72657546e-011	-2.72657422e-011	-2.60620492e-014	
2.63470483e+001	2.72657546e-011	-2.72657422e-011	-2.60620492e-014	
2.64472272e+001	2.72657546e-011	-2.72657422e-011	-2.60620492e-014	
2.65474061e+001	2.72657546e-011	-2.72657422e-011	-2.60620492e-014	
2.66475850e+001	2.72657546e-011	-2.72657422e-011	-2.60620492e-014	
2.67477639e+001	3.15101926e-011	-3.15101618e-011	-4.40876151e-014	
2.68479428e+001	3.15101926e-011	-3.15101618e-011	-4.40876151e-014	
2.69481216e+001	3.15101926e-011	-3.15101618e-011	-4.40876151e-014	
2.70483005e+001	3.15101926e-011	-3.15101618e-011	-4.40876151e-014	
2.71484794e+001	3.04948475e-011	-3.04948130e-011	-4.59196744e-014	
2.72486583e+001	3.04948475e-011	-3.04948130e-011	-4.59196744e-014	
2.73488372e+001	3.04948475e-011	-3.04948130e-011	-4.59196744e-014	
2.74490161e+001	3.04948475e-011	-3.04948130e-011	-4.59196744e-014	
2.75491950e+001	3.04948475e-011	-3.04948130e-011	-4.59196744e-014	
2.76493739e+001	2.29057094e-011	-2.29056874e-011	-3.17767334e-014	
2.77495528e+001	2.29057094e-011	-2.29056874e-011	-3.17767334e-014	
2.78497317e+001	2.03818191e-011	-2.03818027e-011	-2.58598972e-014	
2.79499106e+001	1.87479912e-011	-1.87479797e-011	-2.07894368e-014	
2.80500894e+001	1.72812805e-011	-1.72812717e-011	-1.75160417e-014	
2.81502683e+001	1.67945729e-011	-1.67945670e-011	-1.40498446e-014	
2.82504472e+001	1.66194661e-011	-1.66194620e-011	-1.16414169e-014	
2.83506261e+001	1.67226212e-011	-1.67226196e-011	-7.20354014e-015	
2.84508050e+001	1.76154867e-011	-1.76154866e-011	-2.27073669e-015	
2.85509839e+001	1.76154867e-011	-1.76154866e-011	-2.27073669e-015	
2.86511628e+001	1.76154867e-011	-1.76154866e-011	-2.27073669e-015	
2.87513417e+001	1.61173304e-011	-1.61173301e-011	3.39340431e-015	
2.88515206e+001	1.61173304e-011	-1.61173301e-011	3.39340431e-015	
2.89516995e+001	1.16742854e-011	-1.16742790e-011	1.22118649e-014	
2.90518784e+001	1.16742854e-011	-1.16742790e-011	1.22118649e-014	
2.91520572e+001	1.16742854e-011	-1.16742790e-011	1.22118649e-014	
2.92522361e+001	1.16742854e-011	-1.16742790e-011	1.22118649e-014	
2.93524150e+001	1.05819682e-011	-1.05819327e-011	2.74088874e-014	
2.94525939e+001	1.05819682e-011	-1.05819327e-011	2.74088874e-014	
2.95527728e+001	1.05819682e-011	-1.05819327e-011	2.74088874e-014	
2.96529517e+001	1.05819682e-011	-1.05819327e-011	2.74088874e-014	
2.97531306e+001	1.05819682e-011	-1.05819327e-011	2.74088874e-014	
2.98533095e+001	7.43165341e-012	-7.43159295e-012	2.99754964e-014	
2.99534884e+001	7.43165341e-012	-7.43159295e-012	2.99754964e-014	
3.00536673e+001	7.43165341e-012	-7.43159295e-012	2.99754964e-014	
3.01538462e+001	7.43165341e-012	-7.43159295e-012	2.99754964e-014	
3.02540250e+001	5.87458737e-012	-5.87447467e-012	3.63870099e-014	
3.03542039e+001	5.87458737e-012	-5.87447467e-012	3.63870099e-014	
3.04543828e+001	5.87458737e-012	-5.87447467e-012	3.63870099e-014	
3.05545617e+001	5.87458737e-012	-5.87447467e-012	3.63870099e-014	
3.06547406e+001	4.53437946e-012	-4.53419493e-012	4.09079612e-014	
3.07549195e+001	4.53437946e-012	-4.53419493e-012	4.09079612e-014	
3.08550984e+001	4.53437946e-012	-4.53419493e-012	4.09079612e-014	
3.09552773e+001	4.53437946e-012	-4.53419493e-012	4.09079612e-014	
3.10554562e+001	4.53437946e-012	-4.53419493e-012	4.09079612e-014	
3.11556351e+001	4.53437946e-012	-4.53419493e-012	4.09079612e-014	
3.12558140e+001	4.53437946e-012	-4.53419493e-012	4.09079612e-014	
3.13559928e+001	4.53437946e-012	-4.53419493e-012	4.09079612e-014	
3.14561717e+001	4.53437946e-012	-4.53419493e-012	4.09079612e-014	
3.15563506e+001	2.95820789e-012	-2.95799640e-012	3.53730287e-014	
3.16565295e+001	2.95820789e-012	-2.95799640e-012	3.53730287e-014	
3.17567084e+001	2.95820789e-012	-2.95799640e-012	3.53730287e-014	
3.18568873e+001	2.95820789e-012	-2.95799640e-012	3.53730287e-014	
3.19570662e+001	2.95820789e-012	-2.95799640e-012	3.53730287e-014	
3.20572451e+001	2.95820789e-012	-2.95799640e-012	3.53730287e-014	
3.21574240e+001	2.95820789e-012	-2.95799640e-012	3.53730287e-014	
3.22576029e+001	2.95820789e-012	-2.95799640e-012	3.53730287e-014	
3.23577818e+001	2.95820789e-012	-2.95799640e-012	3.53730287e-014	
3.24579606e+001	2.18037535e-012	-2.18012671e-012	3.29269059e-014	
3.25581395e+001	2.18037535e-012	-2.18012671e-012	3.29269059e-014	
3.26583184e+001	2.18037535e-012	-2.18012671e-012	3.29269059e-014	
3.27584973e+001	2.18037535e-012	-2.18012671e-012	3.29269059e-014	
3.28586762e+001	2.18037535e-012	-2.18012671e-012	3.29269059e-014	
3.29588551e+001	2.18037535e-012	-2.18012671e-012	3.29269059e-014	
3.30590340e+001	2.18037535e-012	-2.18012671e-012	3.29269059e-014	
3.31592129e+001	2.18037535e-012	-2.18012671e-012	3.29269059e-014	
3.32593918e+001	1.49411713e-012	-1.49393301e-012	2.34551762e-014	
3.33595707e+001	1.49411713e-012	-1.49393301e-012	2.34551762e-014	
3.34597496e+001	1.49411713e-012	-1.49393301e-012	2.34551762e-014	
3.35599284e+001	1.49411713e-012	-1.49393301e-012	2.34551762e-014	
3.36601073e+001	1.49411713e-012	-1.49393301e-012	2.34551762e-014	
3.37602862e+001	1.88634673e-012	-1.88612467e-012	2.89432712e-014	
3.38604651e+001	1.88634673e-012	-1.88612467e-012	2.89432712e-014	
3.39606440e+001	1.88634673e-012	-1.88612467e-012	2.89432712e-014	
3.40608229e+001	1.88634673e-012	-1.88612467e-012	2.89432712e-014	
3.41610018e+001	1.39035888e-012	-1.39021254e-012	2.01724814e-014	
3.42611807e+001	1.39035888e-012	-1.39021254e-012	2.01724814e-014	
3.43613596e+001	1.39035888e-012	-1.39021254e-012	2.01724814e-014	
3.44615385e+001	1.39035888e-012	-1.39021254e-012	2.01724814e-014	
3.45617174e+001	1.39035888e-012	-1.39021254e-012	2.01724814e-014	
3.46618962e+001	1.43399119e-012	-1.43385668e-012	1.96405524e-014	
3.47620751e+001	1.43399119e-012	-1.43385668e-012	1.96405524e-014	
3.48622540e+001	1.43399119e-012	-1.43385668e-012	1.96405524e-014	
3.49624329e+001	1.43399119e-012	-1.43385668e-012	1.96405524e-014	
3.50626118e+001	1.08992276e-012	-1.08984008e-012	1.34245124e-014	
3.51627907e+001	1.08992276e-012	-1.08984008e-012	1.34245124e-014	
3.52629696e+001	1.08992276e-012	-1.08984008e-012	1.34245124e-014	
3.53631485e+001	1.08992276e-012	-1.08984008e-012	1.34245124e-014	
3.54633274e+001	1.08992276e-012	-1.08984008e-012	1.34245124e-014	
3.55635063e+001	1.08992276e-012	-1.08984008e-012	1.34245124e-014	
3.56636852e+001	1.08992276e-012	-1.08984008e-012	1.34245124e-014	
3.57638640e+001	1.08992276e-012	-1.08984008e-012	1.34245124e-014	
3.58640429e+001	1.08992276e-012	-1.08984008e-012	1.34245124e-014	
3.59642218e+001	1.14409992e-012	-1.14403539e-012	1.21505796e-014	
3.60644007e+001	1.14409992e-012	-1.14403539e-012	1.21505796e-014	
3.61645796e+001	1.14409992e-012	-1.14403539e-012	1.21505796e-014	
3.62647585e+001	1.14409992e-012	-1.14403539e-012	1.21505796e-014	
3.63649374e+001	1.27336192e-012	-1.27330663e-012	1.18654177e-014	
3.64651163e+001	1.27336192e-012	-1.27330663e-012	1.18654177e-014	
3.65652952e+001	1.27336192e-012	-1.27330663e-012	1.18654177e-014	
3.66654741e+001	1.27336192e-012	-1.27330663e-012	1.18654177e-014	
3.67656530e+001	1.24938159e-012	-1.24933839e-012	1.03897111e-014	
3.68658318e+001	1.24938159e-012	-1.24933839e-012	1.03897111e-014	
3.69660107e+001	1.24938159e-012	-1.24933839e-012	1.03897111e-014	
3.70661896e+001	1.24938159e-012	-1.24933839e-012	1.03897111e-014	
3.71663685e+001	1.24938159e-012	-1.24933839e-012	1.03897111e-014	
3.72665474e+001	1.20288779e-012	-1.20285382e-012	9.04071589e-015	
3.73667263e+001	1.20288779e-012	-1.20285382e-012	9.04071589e-015	
3.74669052e+001	1.20288779e-012	-1.20285382e-012	9.04071589e-015	
3.75670841e+001	1.20288779e-012	-1.20285382e-012	9.04071589e-015	
3.76672630e+001	1.16485588e-012	-1.16482669e-012	8.24659138e-015	
3.77674419e+001	1.16485588e-012	-1.16482669e-012	8.24659138e-015	
3.78676208e+001	1.16485588e-012	-1.16482669e-012	8.24659138e-015	
3.79677996e+001	1.16485588e-012	-1.16482669e-012	8.24659138e-015	
3.80679785e+001	1.08521935e-012	-1.08519385e-012	7.43886846e-015	
3.81681574e+001	1.08521935e-012	-1.08519385e-012	7.43886846e-015	
3.82683363e+001	1.08521935e-012	-1.08519385e-012	7.43886846e-015	
3.83685152e+001	1.08521935e-012	-1.08519385e-012	7.43886846e-015	
3.84686941e+001	1.08521935e-012	-1.08519385e-012	7.43886846e-015	
3.85688730e+001	1.15165545e-012	-1.15162558e-012	8.29492065e-015	
3.86690519e+001	1.15165545e-012	-1.15162558e-012	8.29492065e-015	
3.87692308e+001	1.15165545e-012	-1.15162558e-012	8.29492065e-015	
3.88694097e+001	1.15165545e-012	-1.15162558e-012	8.29492065e-015	
3.89695886e+001	1.15165545e-012	-1.15162558e-012	8.29492065e-015	
3.90697674e+001	1.15165545e-012	-1.15162558e-012	8.29492065e-015	
3.91699463e+001	1.15165545e-012	-1.15162558e-012	8.29492065e-015	
3.92701252e+001	1.15165545e-012	-1.15162558e-012	8.29492065e-015	
3.93703041e+001	1.15165545e-012	-1.15162558e-012	8.29492065e-015	
3.94704830e+001	1.03440490e-012	-1.03436216e-012	9.40357209e-015	
3.95706619e+001	1.03440490e-012	-1.03436216e-012	9.40357209e-015	
3.96708408e+001	1.03440490e-012	-1.03436216e-012	9.40357209e-015	
3.97710197e+001	1.03440490e-012	-1.03436216e-012	9.40357209e-015	
3.98711986e+001	9.55764608e-013	-9.55710253e-013	1.01930490e-014	
3.99713775e+001	9.55764608e-013	-9.55710253e-013	1.01930490e-014	
4.00715564e+001	9.55764608e-013	-9.55710253e-013	1.01930490e-014	
4.01717352e+001	9.55764608e-013	-9.55710253e-013	1.01930490e-014	
4.02719141e+001	8.27279368e-013	-8.27212401e-013	1.05260119e-014	
4.03720930e+001	8.27279368e-013	-8.27212401e-013	1.05260119e-014	
4.04722719e+001	8.27279368e-013	-8.27212401e-013	1.05260119e-014	
4.05724508e+001	8.27279368e-013	-8.27212401e-013	1.05260119e-014	
4.06726297e+001	8.27279368e-013	-8.27212401e-013	1.05260119e-014	
4.07728086e+001	5.24053698e-013	-5.23986805e-013	8.37295486e-015	
4.08729875e+001	5.24053698e-013	-5.23986805e-013	8.37295486e-015	
4.09731664e+001	5.24053698e-013	-5.23986805e-013	8.37295486e-015	
4.10733453e+001	5.24053698e-013	-5.23986805e-013	8.37295486e-015	
4.11735242e+001	5.24053698e-013	-5.23986805e-013	8.37295486e-015	
4.12737030e+001	5.24053698e-013	-5.23986805e-013	8.37295486e-015	
4.13738819e+001	5.24053698e-013	-5.23986805e-013	8.37295486e-015	
4.14740608e+001	5.24053698e-013	-5.23986805e-013	8.37295486e-015	
4.15742397e+001	4.57233928e-013	-4.57149487e-013	8.78697490e-015	
4.16744186e+001	4.57233928e-013	-4.57149487e-013	8.78697490e-015	
4.17745975e+001	4.57233928e-013	-4.57149487e-013	8.78697490e-015	
4.18747764e+001	4.57233928e-013	-4.57149487e-013	8.78697490e-015	
4.19749553e+001	4.57233928e-013	-4.57149487e-013	8.78697490e-015	
4.20751342e+001	3.46242472e-013	-3.46144964e-013	8.21662228e-015	
4.21753131e+001	3.46242472e-013	-3.46144964e-013	8.21662228e-015	
4.22754919e+001	3.46242472e-013	-3.46144964e-013	8.21662228e-015	
4.23756708e+001	3.46242472e-013	-3.46144964e-013	8.21662228e-015	
4.24758497e+001	2.26886314e-013	-2.26806516e-013	6.01697759e-015	
4.25760286e+001	2.26886314e-013	-2.26806516e-013	6.01697759e-015	
4.26762075e+001	2.26886314e-013	-2.26806516e-013	6.01697759e-015	
4.27763864e+001	2.26886314e-013	-2.26806516e-013	6.01697759e-015	
4.28765653e+001	2.26886314e-013	-2.26806516e-013	6.01697759e-015	
4.29767442e+001	2.26886314e-013	-2.26806516e-013	6.01697759e-015	
4.30769231e+001	2.26886314e-013	-2.26806516e-013	6.01697759e-015	
4.31771020e+001	2.26886314e-013	-2.26806516e-013	6.01697759e-015	
4.32772809e+001	2.26886314e-013	-2.26806516e-013	6.01697759e-015	
4.33774597e+001	1.74274596e-013	-1.74195757e-013	5.24148060e-015	
4.34776386e+001	1.74274596e-013	-1.74195757e-013	5.24148060e-015	
4.35778175e+001	1.74274596e-013	-1.74195757e-013	5.24148060e-015	
4.36779964e+001	1.74274596e-013	-1.74195757e-013	5.24148060e-015	
4.37781753e+001	1.12710923e-013	-1.12642449e-013	3.92820894e-015	
4.38783542e+001	1.12710923e-013	-1.12642449e-013	3.92820894e-015	
4.39785331e+001	1.12710923e-013	-1.12642449e-013	3.92820894e-015	
4.40787120e+001	1.12710923e-013	-1.12642449e-013	3.92820894e-015	
4.41788909e+001	1.12710923e-013	-1.12642449e-013	3.92820894e-015	
4.42790698e+001	6.89403738e-014	-6.88839809e-014	2.78788788e-015	
4.43792487e+001	6.89403738e-014	-6.88839809e-014	2.78788788e-015	
4.44794275e+001	6.89403738e-014	-6.88839809e-014	2.78788788e-015	
4.45796064e+001	6.89403738e-014	-6.88839809e-014	2.78788788e-015	
4.46797853e+001	4.11944219e-014	-4.11478276e-014	1.95874405e-015	
4.47799642e+001	4.11944219e-014	-4.11478276e-014	1.95874405e-015	
4.48801431e+001	4.11944219e-014	-4.11478276e-014	1.95874405e-015	
4.49803220e+001	4.11944219e-014	-4.11478276e-014	1.95874405e-015	
4.50805009e+001	2.35421557e-014	-2.34982067e-014	1.43783746e-015	
4.51806798e+001	2.35421557e-014	-2.34982067e-014	1.43783746e-015	
4.52808587e+001	2.35421557e-014	-2.34982067e-014	1.43783746e-015	
4.53810376e+001	2.35421557e-014	-2.34982067e-014	1.43783746e-015	
4.54812165e+001	2.35421557e-014	-2.34982067e-014	1.43783746e-015	
4.55813953e+001	1.98200018e-015	-1.82839619e-015	7.65043832e-016	
4.56815742e+001	1.98200018e-015	-1.82839619e-015	7.65043832e-016	
4.57817531e+001	1.98200018e-015	-1.82839619e-015	7.65043832e-016	
4.58819320e+001	1.98200018e-015	-1.82839619e-015	7.65043832e-016	
4.59821109e+001	1.98200018e-015	-1.82839619e-015	7.65043832e-016	
4.60822898e+001	1.98200018e-015	-1.82839619e-015	7.65043832e-016	
4.61824687e+001	1.98200018e-015	-1.82839619e-015	7.65043832e-016	
4.62826476e+001	1.98200018e-015	-1.82839619e-015	7.65043832e-016	
4.63828265e+001	2.88923943e-014	2.88919252e-014	-1.64652563e-016	
4.64830054e+001	2.88923943e-014	2.88919252e-014	-1.64652563e-016	
4.65831843e+001	2.88923943e-014	2.88919252e-014	-1.64652563e-016	
4.66833631e+001	2.88923943e-014	2.88919252e-014	-1.64652563e-016	
4.67835420e+001	2.88923943e-014	2.88919252e-014	-1.64652563e-016	
4.68837209e+001	4.87276767e-014	4.87237810e-014	-6.16145279e-016	
4.69838998e+001	4.87276767e-014	4.87237810e-014	-6.16145279e-016	
4.70840787e+001	4.87276767e-014	4.87237810e-014	-6.16145279e-016	
4.71842576e+001	4.87276767e-014	4.87237810e-014	-6.16145279e-016	
4.72844365e+001	6.00846191e-014	6.00786013e-014	-8.50367276e-016	
4.73846154e+001	6.00846191e-014	6.00786013e-014	-8.50367276e-016	
4.74847943e+001	6.00846191e-014	6.00786013e-014	-8.50367276e-016	
4.75849732e+001	6.00846191e-014	6.00786013e-014	-8.50367276e-016	
4.76851521e+001	6.00846191e-014	6.00786013e-014	-8.50367276e-016	
4.77853309e+001	6.00846191e-014	6.00786013e-014	-8.50367276e-016	
4.78855098e+001	6.00846191e-014	6.00786013e-014	-8.50367276e-016	
4.79856887e+001	6.00846191e-014	6.00786013e-014	-8.50367276e-016	
4.80858676e+001	6.00846191e-014	6.00786013e-014	-8.50367276e-016	
4.81860465e+001	8.71050969e-014	8.70974328e-014	-1.15547048e-015	
4.82862254e+001	8.71050969e-014	8.70974328e-014	-1.15547048e-015	
4.83864043e+001	8.71050969e-014	8.70974328e-014	-1.15547048e-015	
4.84865832e+001	8.71050969e-014	8.70974328e-014	-1.15547048e-015	
4.85867621e+001	1.01550183e-013	1.01543236e-013	-1.18780887e-015	
4.86869410e+001	1.01550183e-013	1.01543236e-013	-1.18780887e-015	
4.87871199e+001	1.01550183e-013	1.01543236e-013	-1.18780887e-015	
4.88872987e+001	1.01550183e-013	1.01543236e-013	-1.18780887e-015	
4.89874776e+001	1.01550183e-013	1.01543236e-013	-1.18780887e-015	
4.90876565e+001	1.18561098e-013	1.18554893e-013	-1.21292023e-015	
4.91878354e+001	1.18561098e-013	1.18554893e-013	-1.21292023e-015	
4.92880143e+001	1.18561098e-013	1.18554893e-013	-1.21292023e-015	
4.93881932e+001	1.18561098e-013	1.18554893e-013	-1.21292023e-015	
4.94883721e+001	1.01245642e-013	1.01241627e-013	-9.01666549e-016	
4.95885510e+001	1.01245642e-013	1.01241627e-013	-9.01666549e-016	
4.96887299e+001	1.01245642e-013	1.01241627e-013	-9.01666549e-016	
4.97889088e+001	1.01245642e-013	1.01241627e-013	-9.01666549e-016	
4.98890877e+001	1.01245642e-013	1.01241627e-013	-9.01666549e-016	
4.99892665e+001	1.01245642e-013	1.01241627e-013	-9.01666549e-016	
5.00894454e+001	1.01245642e-013	1.01241627e-013	-9.01666549e-016	
5.01896243e+001	1.01245642e-013	1.01241627e-013	-9.01666549e-016	
5.02898032e+001	1.01245642e-013	1.01241627e-013	-9.01666549e-016	
5.03899821e+001	1.41033212e-013	1.41029903e-013	-9.66190142e-016	
5.04901610e+001	1.41033212e-013	1.41029903e-013	-9.66190142e-016	
5.05903399e+001	1.41033212e-013	1.41029903e-013	-9.66190142e-016	
5.06905188e+001	1.41033212e-013	1.41029903e-013	-9.66190142e-016	
5.07906977e+001	1.10056241e-013	1.10054216e-013	-6.67577131e-016	
5.08908766e+001	1.10056241e-013	1.10054216e-013	-6.67577131e-016	
5.09910555e+001	1.10056241e-013	1.10054216e-013	-6.67577131e-016	
5.10912343e+001	1.10056241e-013	1.10054216e-013	-6.67577131e-016	
5.11914132e+001	9.68097565e-014	9.68084726e-014	-4.98576191e-016	
5.12915921e+001	9.68097565e-014	9.68084726e-014	-4.98576191e-016	
5.13917710e+001	9.68097565e-014	9.68084726e-014	-4.98576191e-016	
5.14919499e+001	9.68097565e-014	9.68084726e-014	-4.98576191e-016	
5.15921288e+001	9.68097565e-014	9.68084726e-014	-4.98576191e-016	
5.16923077e+001	9.73119129e-014	9.73109640e-014	-4.29742018e-016	
5.17924866e+001	9.73119129e-014	9.73109640e-014	-4.29742018e-016	
5.18926655e+001	9.73119129e-014	9.73109640e-014	-4.29742018e-016	
5.19928444e+001	9.73119129e-014	9.73109640e-014	-4.29742018e-016	
5.20930233e+001	9.73119129e-014	9.73109640e-014	-4.29742018e-016	
5.21932021e+001	9.73119129e-014	9.73109640e-014	-4.29742018e-016	
5.22933810e+001	9.73119129e-014	9.73109640e-014	-4.29742018e-016	
5.23935599e+001	9.73119129e-014	9.73109640e-014	-4.29742018e-016	
5.24937388e+001	5.62302518e-014	5.62299928e-014	-1.70672571e-016	
5.25939177e+001	5.62302518e-014	5.62299928e-014	-1.70672571e-016	
5.26940966e+001	5.62302518e-014	5.62299928e-014	-1.70672571e-016	
5.27942755e+001	5.62302518e-014	5.62299928e-014	-1.70672571e-016	
5.28944544e+001	5.62302518e-014	5.62299928e-014	-1.70672571e-016	
5.29946333e+001	5.62302518e-014	5.62299928e-014	-1.70672571e-016	
5.30948122e+001	5.62302518e-014	5.62299928e-014	-1.70672571e-016	
5.31949911e+001	5.62302518e-014	5.62299928e-014	-1.70672571e-016	
5.32951699e+001	5.62302518e-014	5.62299928e-014	-1.70672571e-016	
5.33953488e+001	5.25828893e-014	5.25827325e-014	-1.28410336e-016	
5.34955277e+001	5.25828893e-014	5.25827325e-014	-1.28410336e-016	
5.35957066e+001	5.25828893e-014	5.25827325e-014	-1.28410336e-016	
5.36958855e+001	5.25828893e-014	5.25827325e-014	-1.28410336e-016	
5.37960644e+001	5.25828893e-014	5.25827325e-014	-1.28410336e-016	
5.38962433e+001	3.33487095e-014	3.33486500e-014	-6.30273200e-017	
5.39964222e+001	3.33487095e-014	3.33486500e-014	-6.30273200e-017	
5.40966011e+001	3.33487095e-014	3.33486500e-014	-6.30273200e-017	
5.41967800e+001	3.33487095e-014	3.33486500e-014	-6.30273200e-017	
5.42969589e+001	3.33487095e-014	3.33486500e-014	-6.30273200e-017	
5.43971377e+001	3.33487095e-014	3.33486500e-014	-6.30273200e-017	
5.44973166e+001	3.33487095e-014	3.33486500e-014	-6.30273200e-017	
5.45974955e+001	3.33487095e-014	3.33486500e-014	-6.30273200e-017	
5.46976744e+001	2.40092341e-014	2.40092042e-014	-3.78772815e-017	
5.47978533e+001	2.40092341e-014	2.40092042e-014	-3.78772815e-017	
5.48980322e+001	2.40092341e-014	2.40092042e-014	-3.78772815e-017	
5.49982111e+001	2.40092341e-014	2.40092042e-014	-3.78772815e-017	
5.50983900e+001	2.40092341e-014	2.40092042e-014	-3.78772815e-017	
5.51985689e+001	1.35440349e-014	1.35440220e-014	-1.86907564e-017	
5.52987478e+001	1.35440349e-014	1.35440220e-014	-1.86907564e-017	
5.53989267e+001	1.35440349e-014	1.35440220e-014	-1.86907564e-017	
5.54991055e+001	1.35440349e-014	1.35440220e-014	-1.86907564e-017	
5.55992844e+001	6.80198635e-015	6.80198056e-015	-8.87669946e-018	
5.56994633e+001	6.80198635e-015	6.80198056e-015	-8.87669946e-018	
5.57996422e+001	4.07546233e-015	4.07545886e-015	-5.31710980e-018	
5.58998211e+001	2.54990580e-015	2.54990363e-015	-3.32511317e-018	
5.60000000e+001	2.61689815e-016	2.61689585e-016	-3.47048204e-019	
