% Column 0: Length, cm
% Column 1: |B.n|, Tesla
% Column 2: Re[B.n], Tesla
% Column 3: Im[B.n], Tesla
0.00000000e+000	1.34383348e-009	-1.34381365e-009	-7.30108806e-012	
1.00178891e-001	2.10806483e-008	-2.10803382e-008	-1.14343866e-010	
2.00357782e-001	4.14999090e-008	-4.14993064e-008	-2.23643178e-010	
3.00536673e-001	6.26899768e-008	-6.26890533e-008	-3.40268218e-010	
4.00715564e-001	8.57235351e-008	-8.57222809e-008	-4.63708619e-010	
5.00894454e-001	1.07890675e-007	-1.07889112e-007	-5.80619482e-010	
6.01073345e-001	1.30376127e-007	-1.30374261e-007	-6.97491928e-010	
7.01252236e-001	1.52547386e-007	-1.52545239e-007	-8.09341373e-010	
8.01431127e-001	1.74659821e-007	-1.74657396e-007	-9.20239660e-010	
9.01610018e-001	1.96081257e-007	-1.96078604e-007	-1.01996498e-009	
1.00178891e+000	2.17502693e-007	-2.17499811e-007	-1.11969029e-009	
1.10196780e+000	2.39430572e-007	-2.39427480e-007	-1.21680374e-009	
1.20214669e+000	2.62948833e-007	-2.62945578e-007	-1.30831535e-009	
1.30232558e+000	2.88823384e-007	-2.88820011e-007	-1.39565605e-009	
1.40250447e+000	3.14173458e-007	-3.14169943e-007	-1.48614368e-009	
1.50268336e+000	3.39523535e-007	-3.39519874e-007	-1.57663132e-009	
1.60286225e+000	3.66134618e-007	-3.66130865e-007	-1.65780876e-009	
1.70304114e+000	3.95622462e-007	-3.95618733e-007	-1.71774672e-009	
1.80322004e+000	4.25110318e-007	-4.25106601e-007	-1.77768467e-009	
1.90339893e+000	4.52074373e-007	-4.52070530e-007	-1.86418318e-009	
2.00357782e+000	4.81925493e-007	-4.81921644e-007	-1.92606929e-009	
2.10375671e+000	5.14439863e-007	-5.14436110e-007	-1.96508114e-009	
2.20393560e+000	5.46725855e-007	-5.46722181e-007	-2.00413931e-009	
2.30411449e+000	5.76714031e-007	-5.76710410e-007	-2.04366343e-009	
2.40429338e+000	6.07760760e-007	-6.07757215e-007	-2.07598295e-009	
2.50447227e+000	6.45842304e-007	-6.45838985e-007	-2.07066489e-009	
2.60465116e+000	6.84855093e-007	-6.84851889e-007	-2.09486330e-009	
2.70483005e+000	7.23867894e-007	-7.23864793e-007	-2.11906172e-009	
2.80500894e+000	7.62880707e-007	-7.62877696e-007	-2.14326013e-009	
2.90518784e+000	8.01875815e-007	-8.01873045e-007	-2.10771945e-009	
3.00536673e+000	8.40858909e-007	-8.40856454e-007	-2.03154878e-009	
3.10554562e+000	8.79842036e-007	-8.79839864e-007	-1.95537811e-009	
3.20572451e+000	9.18825194e-007	-9.18823273e-007	-1.87920744e-009	
3.30590340e+000	9.58229705e-007	-9.58227975e-007	-1.82067784e-009	
3.40608229e+000	1.01236353e-006	-1.01236208e-006	-1.71215572e-009	
3.50626118e+000	1.06579916e-006	-1.06579806e-006	-1.52912780e-009	
3.60644007e+000	1.11923486e-006	-1.11923405e-006	-1.34609987e-009	
3.70661896e+000	1.17267061e-006	-1.17267003e-006	-1.16307194e-009	
3.80679785e+000	1.22400610e-006	-1.22400569e-006	-9.94012662e-010	
3.90697674e+000	1.27470836e-006	-1.27470809e-006	-8.24559711e-010	
4.00715564e+000	1.32877423e-006	-1.32877408e-006	-6.11793654e-010	
4.10733453e+000	1.38284013e-006	-1.38284008e-006	-3.99027598e-010	
4.20751342e+000	1.43690608e-006	-1.43690607e-006	-1.86261542e-010	
4.30769231e+000	1.49717464e-006	-1.49717464e-006	5.27439385e-011	
4.40787120e+000	1.58194413e-006	-1.58194408e-006	3.95398007e-010	
4.50805009e+000	1.66042828e-006	-1.66042805e-006	8.67885410e-010	
4.60822898e+000	1.72796233e-006	-1.72796162e-006	1.56656546e-009	
4.70840787e+000	1.79552803e-006	-1.79552661e-006	2.25835541e-009	
4.80858676e+000	1.86732460e-006	-1.86732247e-006	2.82033400e-009	
4.90876565e+000	1.94168961e-006	-1.94168676e-006	3.32932825e-009	
5.00894454e+000	2.01537629e-006	-2.01537274e-006	3.77963247e-009	
5.10912343e+000	2.08906301e-006	-2.08905872e-006	4.22993668e-009	
5.20930233e+000	2.17647907e-006	-2.17647348e-006	4.93630451e-009	
5.30948122e+000	2.25637662e-006	-2.25636908e-006	5.83419824e-009	
5.40966011e+000	2.33362314e-006	-2.33361341e-006	6.73969648e-009	
5.50983900e+000	2.41086985e-006	-2.41085773e-006	7.64519472e-009	
5.61001789e+000	2.48811675e-006	-2.48810206e-006	8.55069296e-009	
5.71019678e+000	2.61566883e-006	-2.61564992e-006	9.94567321e-009	
5.81037567e+000	2.72971580e-006	-2.72969131e-006	1.15617527e-008	
5.91055456e+000	2.82974369e-006	-2.82971453e-006	1.28459829e-008	
6.01073345e+000	2.92774019e-006	-2.92770632e-006	1.40821235e-008	
6.11091234e+000	2.99952456e-006	-2.99948599e-006	1.52104824e-008	
6.21109123e+000	3.05813554e-006	-3.05809218e-006	1.62846732e-008	
6.31127013e+000	3.11674671e-006	-3.11669837e-006	1.73588641e-008	
6.41144902e+000	3.17708010e-006	-3.17702648e-006	1.84585834e-008	
6.51162791e+000	3.25865901e-006	-3.25859841e-006	1.98732546e-008	
6.61180680e+000	3.34023818e-006	-3.34017034e-006	2.12879258e-008	
6.71198569e+000	3.43294981e-006	-3.43287524e-006	2.26270198e-008	
6.81216458e+000	3.52180871e-006	-3.52172942e-006	2.36317106e-008	
6.91234347e+000	3.60385623e-006	-3.60377393e-006	2.43555999e-008	
7.01252236e+000	3.68590376e-006	-3.68581844e-006	2.50794893e-008	
7.11270125e+000	3.77657655e-006	-3.77649384e-006	2.49938851e-008	
7.21288014e+000	3.83035805e-006	-3.83028705e-006	2.33220685e-008	
7.31305903e+000	3.93071547e-006	-3.93066971e-006	1.89680617e-008	
7.41323792e+000	4.03321668e-006	-4.03319245e-006	1.39785284e-008	
7.51341682e+000	4.25665337e-006	-4.25665310e-006	-1.50051460e-009	
7.61359571e+000	4.48767244e-006	-4.48748610e-006	-4.08945787e-008	
7.71377460e+000	5.02978134e-006	-5.02694434e-006	-1.68911131e-007	
7.81395349e+000	4.64083619e-006	-4.63478495e-006	2.36915617e-007	
7.91413238e+000	5.35878831e-007	-3.31378786e-007	4.21134446e-007	
8.01431127e+000	1.42191380e-007	-8.08334574e-008	1.16980087e-007	
8.11449016e+000	8.60107268e-008	-6.26721833e-008	5.89070671e-008	
8.21466905e+000	6.79529703e-008	-5.57997888e-008	3.87813067e-008	
8.31484794e+000	3.88401437e-008	-2.57477507e-008	2.90793758e-008	
8.41502683e+000	5.28186301e-008	-4.93490194e-008	1.88276917e-008	
8.51520572e+000	1.43830352e-008	-8.38759562e-009	1.16841748e-008	
8.61538462e+000	3.53506991e-008	-3.20775969e-008	1.48559652e-008	
8.71556351e+000	9.80600159e-009	-6.10392975e-009	7.67461457e-009	
8.81574240e+000	1.87978289e-008	-1.82781159e-008	4.38962978e-009	
8.91592129e+000	6.17069243e-009	-5.86810767e-009	1.90860090e-009	
9.01610018e+000	1.20651111e-008	1.06950122e-008	5.58422949e-009	
9.11627907e+000	7.24022338e-009	7.16485324e-009	1.04197537e-009	
9.21645796e+000	3.28629776e-009	-1.14067158e-009	-3.08198334e-009	
9.31663685e+000	6.58187893e-009	2.52663778e-009	-6.07760082e-009	
9.41681574e+000	5.98203697e-010	1.33140701e-010	-5.83199123e-010	
9.51699463e+000	9.96737262e-009	5.77442827e-009	-8.12431506e-009	
9.61717352e+000	2.28413624e-008	1.80479277e-008	-1.40000051e-008	
9.71735242e+000	3.07376364e-008	1.98220785e-008	-2.34922859e-008	
9.81753131e+000	7.37094401e-008	4.57029832e-008	-5.78300864e-008	
9.91771020e+000	6.83591765e-007	6.46675619e-007	-2.21604026e-007	
1.00178891e+001	1.06338733e-006	1.06210250e-006	5.22579667e-008	
1.01180680e+001	7.79238950e-007	7.79170356e-007	-1.03391301e-008	
1.02182469e+001	6.75066477e-007	6.74624464e-007	-2.44250150e-008	
1.03184258e+001	6.04323235e-007	6.03400092e-007	-3.33901307e-008	
1.04186047e+001	6.05322163e-007	6.04064911e-007	-3.89936315e-008	
1.05187835e+001	6.19686867e-007	6.18113858e-007	-4.41256376e-008	
1.06189624e+001	6.70359487e-007	6.68689839e-007	-4.72836161e-008	
1.07191413e+001	7.22514490e-007	7.20763959e-007	-5.02643452e-008	
1.08193202e+001	7.92586794e-007	7.90788935e-007	-5.33543385e-008	
1.09194991e+001	8.45742567e-007	8.43942175e-007	-5.51551936e-008	
1.10196780e+001	8.63844496e-007	8.61891857e-007	-5.80494509e-008	
1.11198569e+001	8.56047110e-007	8.53746311e-007	-6.27207354e-008	
1.12200358e+001	8.20478920e-007	8.17537136e-007	-6.94167809e-008	
1.13202147e+001	8.35251947e-007	8.31430668e-007	-7.98051264e-008	
1.14203936e+001	9.05303460e-007	9.00655022e-007	-9.16236082e-008	
1.15205725e+001	1.01239646e-006	1.00668548e-006	-1.07382157e-007	
1.16207513e+001	1.08748901e-006	1.08062773e-006	-1.21967474e-007	
1.17209302e+001	1.24874419e-006	1.24064160e-006	-1.42022764e-007	
1.18211091e+001	1.52613186e-006	1.51619207e-006	-1.73896721e-007	
1.19212880e+001	1.86408111e-006	1.85196482e-006	-2.12190249e-007	
1.20214669e+001	2.22630208e-006	2.21186296e-006	-2.53146588e-007	
1.21216458e+001	2.72587863e-006	2.71001848e-006	-2.93622449e-007	
1.22218247e+001	3.58582102e-006	3.56793901e-006	-3.57664118e-007	
1.23220036e+001	4.22473981e-006	4.20659214e-006	-3.91163655e-007	
1.24221825e+001	4.62816362e-006	4.61143408e-006	-3.93159327e-007	
1.25223614e+001	4.95415804e-006	4.93985541e-006	-3.76178649e-007	
1.26225403e+001	5.22262515e-006	5.20923903e-006	-3.73687322e-007	
1.27227191e+001	4.50739957e-006	4.49340864e-006	-3.54865681e-007	
1.28228980e+001	3.55372303e-006	3.53845414e-006	-3.29073914e-007	
1.29230769e+001	2.50312722e-006	2.48568082e-006	-2.95019888e-007	
1.30232558e+001	1.67820499e-006	1.65711174e-006	-2.65240793e-007	
1.31234347e+001	2.31225776e-007	-1.17595070e-007	-1.99089827e-007	
1.32236136e+001	9.15404309e-007	-9.04843400e-007	-1.38648730e-007	
1.33237925e+001	1.29844868e-006	-1.29614246e-006	-7.73543721e-008	
1.34239714e+001	2.27183263e-006	-2.27128082e-006	5.00691340e-008	
1.35241503e+001	8.55392414e-007	-8.34555302e-007	1.87652949e-007	
1.36243292e+001	4.29780755e-007	3.89653746e-007	1.81332444e-007	
1.37245081e+001	2.33419659e-006	2.33419265e-006	4.28654034e-009	
1.38246869e+001	3.56011731e-006	3.55776355e-006	-1.29436437e-007	
1.39248658e+001	4.54138201e-006	4.53391041e-006	-2.60397614e-007	
1.40250447e+001	6.11718399e-006	6.10176183e-006	-4.34099669e-007	
1.41252236e+001	7.21499812e-006	7.19374782e-006	-5.53344621e-007	
1.42254025e+001	8.08262249e-006	8.05538262e-006	-6.63021167e-007	
1.43255814e+001	9.65573566e-006	9.62126525e-006	-8.15160160e-007	
1.44257603e+001	1.20704022e-005	1.20303096e-005	-9.82985259e-007	
1.45259392e+001	1.37577534e-005	1.37096386e-005	-1.14960338e-006	
1.46261181e+001	1.61859131e-005	1.61229676e-005	-1.42607890e-006	
1.47262970e+001	1.95201220e-005	1.94394663e-005	-1.77265700e-006	
1.48264758e+001	2.25958996e-005	2.24960884e-005	-2.12148208e-006	
1.49266547e+001	2.99172307e-005	2.97894984e-005	-2.76160781e-006	
1.50268336e+001	3.95700624e-005	3.94258128e-005	-3.37566686e-006	
1.51270125e+001	4.90722655e-005	4.88743212e-005	-4.40317717e-006	
1.52271914e+001	6.60671947e-005	6.58387402e-005	-5.48948988e-006	
1.53273703e+001	9.58580246e-005	9.56322095e-005	-6.57581770e-006	
1.54275492e+001	1.31947170e-004	1.31841359e-004	-5.28314685e-006	
1.55277281e+001	1.62567869e-004	1.62541714e-004	-2.91604972e-006	
1.56279070e+001	1.87677481e-004	1.87677129e-004	3.63861584e-007	
1.57280859e+001	2.01452774e-004	2.01441662e-004	2.11592028e-006	
1.58282648e+001	2.02908082e-004	2.02890656e-004	2.65927420e-006	
1.59284436e+001	2.03859831e-004	2.03837312e-004	3.03001317e-006	
1.60286225e+001	1.95185872e-004	1.95167270e-004	2.69471550e-006	
1.61288014e+001	1.91321377e-004	1.91305811e-004	2.44044200e-006	
1.62289803e+001	1.91244178e-004	1.91228650e-004	2.43704177e-006	
1.63291592e+001	1.91166979e-004	1.91151488e-004	2.43364153e-006	
1.64293381e+001	1.90894666e-004	1.90880411e-004	2.33283010e-006	
1.65295170e+001	1.90537244e-004	1.90524664e-004	2.18948522e-006	
1.66296959e+001	1.90179924e-004	1.90168916e-004	2.04614034e-006	
1.67298748e+001	1.90107665e-004	1.90097917e-004	1.92518336e-006	
1.68300537e+001	1.91520257e-004	1.91511078e-004	1.87503181e-006	
1.69302326e+001	1.93459631e-004	1.93451226e-004	1.80333908e-006	
1.70304114e+001	1.95399046e-004	1.95391373e-004	1.73164636e-006	
1.71305903e+001	1.97338502e-004	1.97331520e-004	1.65995364e-006	
1.72307692e+001	1.99071135e-004	1.99064834e-004	1.58377674e-006	
1.73309481e+001	2.03016329e-004	2.03010359e-004	1.55694339e-006	
1.74311270e+001	2.07843166e-004	2.07837406e-004	1.54744005e-006	
1.75313059e+001	2.12670013e-004	2.12664452e-004	1.53793671e-006	
1.76314848e+001	2.17496869e-004	2.17491498e-004	1.52843338e-006	
1.77316637e+001	2.22323733e-004	2.22318544e-004	1.51893004e-006	
1.78318426e+001	2.27150606e-004	2.27145591e-004	1.50942670e-006	
1.79320215e+001	2.31977486e-004	2.31972637e-004	1.49992336e-006	
1.80322004e+001	2.39101213e-004	2.39096437e-004	1.51122128e-006	
1.81323792e+001	2.44221411e-004	2.44216955e-004	1.47536151e-006	
1.82325581e+001	2.48940413e-004	2.48936292e-004	1.43239626e-006	
1.83327370e+001	2.53659435e-004	2.53655630e-004	1.38943101e-006	
1.84329159e+001	2.59903759e-004	2.59900346e-004	1.33193731e-006	
1.85330948e+001	2.68640518e-004	2.68637606e-004	1.25070342e-006	
1.86332737e+001	2.77377331e-004	2.77374866e-004	1.16946952e-006	
1.87334526e+001	2.86235480e-004	2.86233368e-004	1.09955189e-006	
1.88336315e+001	2.97276046e-004	2.97273976e-004	1.10939786e-006	
1.89338104e+001	3.05346148e-004	3.05344951e-004	8.54978092e-007	
1.90339893e+001	3.13353538e-004	3.13352969e-004	5.96756591e-007	
1.91341682e+001	3.21361166e-004	3.21360988e-004	3.38535090e-007	
1.92343470e+001	3.31324125e-004	3.31324105e-004	1.12570618e-007	
1.93345259e+001	3.41723440e-004	3.41722953e-004	-5.76865006e-007	
1.94347048e+001	3.45523035e-004	3.45519839e-004	-1.48613798e-006	
1.95348837e+001	3.47855517e-004	3.47849222e-004	-2.09271408e-006	
1.96350626e+001	3.50189008e-004	3.50178605e-004	-2.69929019e-006	
1.97352415e+001	3.52523489e-004	3.52507988e-004	-3.30586629e-006	
1.98354204e+001	3.54858939e-004	3.54837371e-004	-3.91244240e-006	
1.99355993e+001	3.47857376e-004	3.47814442e-004	-5.46520340e-006	
2.00357782e+001	3.35092504e-004	3.35032328e-004	-6.35020581e-006	
2.01359571e+001	3.21964918e-004	3.21886727e-004	-7.09533474e-006	
2.02361360e+001	3.10516822e-004	3.10420601e-004	-7.72966768e-006	
2.03363148e+001	3.00027609e-004	2.99912759e-004	-8.30078201e-006	
2.04364937e+001	2.89540872e-004	2.89404917e-004	-8.87189635e-006	
2.05366726e+001	2.69020838e-004	2.68872579e-004	-8.93014612e-006	
2.06368515e+001	2.42357998e-004	2.42202712e-004	-8.67439298e-006	
2.07370304e+001	2.16636880e-004	2.16473554e-004	-8.41060785e-006	
2.08372093e+001	1.94603017e-004	1.94442811e-004	-7.89477677e-006	
2.09373882e+001	1.70492594e-004	1.70344466e-004	-7.10546715e-006	
2.10375671e+001	1.46382450e-004	1.46246120e-004	-6.31615752e-006	
2.11377460e+001	1.24846246e-004	1.24722812e-004	-5.55026666e-006	
2.12379249e+001	9.57690928e-005	9.56747938e-005	-4.24887823e-006	
2.13381038e+001	6.66919408e-005	6.66267759e-005	-2.94748980e-006	
2.14382826e+001	3.93321303e-005	3.92939093e-005	-1.73354193e-006	
2.15384615e+001	1.25874312e-005	1.25753695e-005	-5.50913205e-007	
2.16386404e+001	1.49296851e-005	-1.49120324e-005	7.25800840e-007	
2.17388193e+001	4.35461545e-005	-4.34949497e-005	2.11114239e-006	
2.18389982e+001	6.92768374e-005	-6.91995014e-005	3.27249286e-006	
2.19391771e+001	9.13244296e-005	-9.12291147e-005	4.17133893e-006	
2.20393560e+001	1.13633658e-004	-1.13519987e-004	5.08142387e-006	
2.21395349e+001	1.36111202e-004	-1.35978948e-004	5.99873970e-006	
2.22397138e+001	1.57162310e-004	-1.57015551e-004	6.79032178e-006	
2.23398927e+001	1.83461604e-004	-1.83306927e-004	7.53198864e-006	
2.24400716e+001	2.12307531e-004	-2.12143920e-004	8.33335671e-006	
2.25402504e+001	2.41153984e-004	-2.40980913e-004	9.13472477e-006	
2.26404293e+001	2.57454070e-004	-2.57287545e-004	9.25834409e-006	
2.27406082e+001	2.69508943e-004	-2.69364517e-004	8.82199908e-006	
2.28407871e+001	2.82433927e-004	-2.82311173e-004	8.32615346e-006	
2.29409660e+001	2.95361641e-004	-2.95257828e-004	7.83030784e-006	
2.30411449e+001	3.08325198e-004	-3.08237861e-004	7.33816226e-006	
2.31413238e+001	3.23962223e-004	-3.23884246e-004	7.10753344e-006	
2.32415027e+001	3.33557023e-004	-3.33507078e-004	5.77204707e-006	
2.33416816e+001	3.43158591e-004	-3.43129910e-004	4.43656070e-006	
2.34418605e+001	3.52766373e-004	-3.52752742e-004	3.10107434e-006	
2.35420394e+001	3.59047153e-004	-3.59041079e-004	2.08835238e-006	
2.36422182e+001	3.53035266e-004	-3.53031676e-004	1.59225602e-006	
2.37423971e+001	3.45230632e-004	-3.45229002e-004	1.06095508e-006	
2.38425760e+001	3.37426744e-004	-3.37426329e-004	5.29654133e-007	
2.39427549e+001	3.29623655e-004	-3.29623655e-004	-1.64681296e-009	
2.40429338e+001	3.22470965e-004	-3.22470809e-004	-3.17038928e-007	
2.41431127e+001	3.15792281e-004	-3.15791924e-004	-4.74954509e-007	
2.42432916e+001	3.07031272e-004	-3.07030486e-004	-6.94796402e-007	
2.43434705e+001	2.97747841e-004	-2.97746388e-004	-9.30179993e-007	
2.44436494e+001	2.86901548e-004	-2.86899804e-004	-1.00043329e-006	
2.45438283e+001	2.76418706e-004	-2.76416906e-004	-9.97350765e-007	
2.46440072e+001	2.68052683e-004	-2.68050611e-004	-1.05404624e-006	
2.47441860e+001	2.59686691e-004	-2.59684316e-004	-1.11074171e-006	
2.48443649e+001	2.51634553e-004	-2.51631925e-004	-1.15003005e-006	
2.49445438e+001	2.45634154e-004	-2.45631498e-004	-1.14226434e-006	
2.50447227e+001	2.39633757e-004	-2.39631072e-004	-1.13449863e-006	
2.51449016e+001	2.33633362e-004	-2.33630645e-004	-1.12673292e-006	
2.52450805e+001	2.27632969e-004	-2.27630219e-004	-1.11896721e-006	
2.53452594e+001	2.22500103e-004	-2.22497348e-004	-1.10710231e-006	
2.54454383e+001	2.17611772e-004	-2.17609021e-004	-1.09408194e-006	
2.55456172e+001	2.12723442e-004	-2.12720695e-004	-1.08106158e-006	
2.56457961e+001	2.07835112e-004	-2.07832368e-004	-1.06804122e-006	
2.57459750e+001	2.02685976e-004	-2.02683233e-004	-1.05449439e-006	
2.58461538e+001	1.97300946e-004	-1.97298202e-004	-1.04047139e-006	
2.59463327e+001	1.91915917e-004	-1.91913172e-004	-1.02644839e-006	
2.60465116e+001	1.87547343e-004	-1.87544564e-004	-1.02100758e-006	
2.61466905e+001	1.83183856e-004	-1.83181106e-004	-1.00384991e-006	
2.62468694e+001	1.79078058e-004	-1.79075324e-004	-9.89422749e-007	
2.63470483e+001	1.74972259e-004	-1.74969543e-004	-9.74995586e-007	
2.64472272e+001	1.70866462e-004	-1.70863762e-004	-9.60568422e-007	
2.65474061e+001	1.66760664e-004	-1.66757980e-004	-9.46141258e-007	
2.66475850e+001	1.62654868e-004	-1.62652199e-004	-9.31714094e-007	
2.67477639e+001	1.58549071e-004	-1.58546418e-004	-9.17286930e-007	
2.68479428e+001	1.54532743e-004	-1.54530164e-004	-8.92830998e-007	
2.69481216e+001	1.50173608e-004	-1.50171136e-004	-8.61630543e-007	
2.70483005e+001	1.45521748e-004	-1.45519391e-004	-8.28272240e-007	
2.71484794e+001	1.40869889e-004	-1.40867646e-004	-7.94913936e-007	
2.72486583e+001	1.36218030e-004	-1.36215902e-004	-7.61555632e-007	
2.73488372e+001	1.30332103e-004	-1.30330226e-004	-6.99616579e-007	
2.74490161e+001	1.22820773e-004	-1.22819307e-004	-6.00033073e-007	
2.75491950e+001	1.15275138e-004	-1.15274067e-004	-4.96826200e-007	
2.76493739e+001	1.06068217e-004	-1.06067627e-004	-3.53798291e-007	
2.77495528e+001	9.78899871e-005	-9.78896989e-005	-2.37507894e-007	
2.78497317e+001	8.97954070e-005	-8.97953225e-005	-1.23149488e-007	
2.79499106e+001	7.92047440e-005	-7.92047281e-005	5.01404380e-008	
2.80500894e+001	6.82736133e-005	-6.82733039e-005	2.05523206e-007	
2.81502683e+001	6.09335616e-005	-6.09329031e-005	2.83279717e-007	
2.82504472e+001	5.35937183e-005	-5.35925022e-005	3.61036228e-007	
2.83506261e+001	4.56890668e-005	-4.56869827e-005	4.36391980e-007	
2.84508050e+001	3.60733514e-005	-3.60698237e-005	5.04476275e-007	
2.85509839e+001	3.12797499e-005	-3.12758317e-005	4.95077602e-007	
2.86511628e+001	2.65023274e-005	-2.64978815e-005	4.85421221e-007	
2.87513417e+001	2.13773788e-005	-2.13718286e-005	4.87097791e-007	
2.88515206e+001	1.65887938e-005	-1.65812712e-005	4.99524638e-007	
2.89516995e+001	1.50332495e-005	-1.50257032e-005	4.76269292e-007	
2.90518784e+001	1.37615522e-005	-1.37542659e-005	4.47758697e-007	
2.91520572e+001	1.24898670e-005	-1.24828286e-005	4.19248102e-007	
2.92522361e+001	1.12181982e-005	-1.12113913e-005	3.90737506e-007	
2.93524150e+001	9.94655183e-006	-9.93995397e-006	3.62226911e-007	
2.94525939e+001	9.17397066e-006	-9.16716859e-006	3.53210501e-007	
2.95527728e+001	8.42080732e-006	-8.41373906e-006	3.44950785e-007	
2.96529517e+001	7.66770519e-006	-7.66030953e-006	3.36691069e-007	
2.97531306e+001	6.97890287e-006	-6.97118972e-006	3.28023292e-007	
2.98533095e+001	7.03000306e-006	-7.02295775e-006	3.14654413e-007	
2.99534884e+001	7.08113818e-006	-7.07472579e-006	3.01285534e-007	
3.00536673e+001	7.13230750e-006	-7.12649383e-006	2.87916655e-007	
3.01538462e+001	6.89878210e-006	-6.89313197e-006	2.79152355e-007	
3.02540250e+001	6.53412845e-006	-6.52844342e-006	2.72508858e-007	
3.03542039e+001	6.16948608e-006	-6.16375487e-006	2.65865361e-007	
3.04543828e+001	5.85601044e-006	-5.85027851e-006	2.59035909e-007	
3.05545617e+001	5.99838679e-006	-5.99315185e-006	2.50549431e-007	
3.06547406e+001	6.14079795e-006	-6.13602518e-006	2.42062954e-007	
3.07549195e+001	6.28324157e-006	-6.27889852e-006	2.33576476e-007	
3.08550984e+001	6.36759771e-006	-6.36359900e-006	2.25628796e-007	
3.09552773e+001	6.28153034e-006	-6.27770245e-006	2.19261189e-007	
3.10554562e+001	6.32019288e-006	-6.31659760e-006	2.13149753e-007	
3.11556351e+001	6.39234877e-006	-6.38899284e-006	2.07107085e-007	
3.12558140e+001	6.41835155e-006	-6.41522286e-006	2.00380349e-007	
3.13559928e+001	6.42397018e-006	-6.42105973e-006	1.93351432e-007	
3.14561717e+001	6.42959688e-006	-6.42689661e-006	1.86322515e-007	
3.15563506e+001	6.41957642e-006	-6.41706830e-006	1.79431794e-007	
3.16565295e+001	6.36767150e-006	-6.36529197e-006	1.74064722e-007	
3.17567084e+001	6.33969632e-006	-6.33740174e-006	1.70553965e-007	
3.18568873e+001	6.32470052e-006	-6.32250077e-006	1.66794991e-007	
3.19570662e+001	6.30970650e-006	-6.30759981e-006	1.63036017e-007	
3.20572451e+001	6.30017920e-006	-6.29817058e-006	1.59076156e-007	
3.21574240e+001	6.29243289e-006	-6.29052231e-006	1.55050910e-007	
3.22576029e+001	6.28252360e-006	-6.28070613e-006	1.51107000e-007	
3.23577818e+001	6.24748691e-006	-6.24576501e-006	1.46669807e-007	
3.24579606e+001	6.19210593e-006	-6.19048681e-006	1.41594347e-007	
3.25581395e+001	6.13672731e-006	-6.13520860e-006	1.36518888e-007	
3.26583184e+001	6.08135109e-006	-6.07993040e-006	1.31443428e-007	
3.27584973e+001	6.04492767e-006	-6.04358207e-006	1.27539690e-007	
3.28586762e+001	6.01685898e-006	-6.01557687e-006	1.24204967e-007	
3.29588551e+001	5.99786487e-006	-5.99663288e-006	1.21560975e-007	
3.30590340e+001	5.97887161e-006	-5.97768889e-006	1.18916983e-007	
3.31592129e+001	5.95467727e-006	-5.95355594e-006	1.15555526e-007	
3.32593918e+001	5.90801001e-006	-5.90694946e-006	1.11938938e-007	
3.33595707e+001	5.84416657e-006	-5.84316199e-006	1.08355544e-007	
3.34597496e+001	5.78032413e-006	-5.77937452e-006	1.04772149e-007	
3.35599284e+001	5.72478426e-006	-5.72388442e-006	1.01498460e-007	
3.36601073e+001	5.68798072e-006	-5.68712935e-006	9.84094100e-008	
3.37602862e+001	5.64980221e-006	-5.64899906e-006	9.52608333e-008	
3.38604651e+001	5.61162480e-006	-5.61086876e-006	9.21122566e-008	
3.39606440e+001	5.57356552e-006	-5.57285131e-006	8.92238400e-008	
3.40608229e+001	5.53568916e-006	-5.53500954e-006	8.67404513e-008	
3.41610018e+001	5.49804841e-006	-5.49740269e-006	8.42612353e-008	
3.42611807e+001	5.48284429e-006	-5.48222837e-006	8.21804606e-008	
3.43613596e+001	5.46764080e-006	-5.46705405e-006	8.00996859e-008	
3.44615385e+001	5.42409764e-006	-5.42354369e-006	7.75178807e-008	
3.45617174e+001	5.36197527e-006	-5.36145619e-006	7.46075994e-008	
3.46618962e+001	5.30304449e-006	-5.30255619e-006	7.19635012e-008	
3.47620751e+001	5.24576258e-006	-5.24530273e-006	6.94569044e-008	
3.48622540e+001	5.18812762e-006	-5.18769602e-006	6.69193874e-008	
3.49624329e+001	5.12960228e-006	-5.12919921e-006	6.43039640e-008	
3.50626118e+001	5.07151921e-006	-5.07114205e-006	6.18496017e-008	
3.51627907e+001	5.02478926e-006	-5.02443554e-006	5.96205407e-008	
3.52629696e+001	5.00052202e-006	-5.00018795e-006	5.78004297e-008	
3.53631485e+001	4.97645147e-006	-4.97613515e-006	5.61094054e-008	
3.54633274e+001	4.95383729e-006	-4.95353835e-006	5.44213790e-008	
3.55635063e+001	4.93322788e-006	-4.93294598e-006	5.27374796e-008	
3.56636852e+001	4.91261890e-006	-4.91235361e-006	5.10535801e-008	
3.57638640e+001	4.89052470e-006	-4.89027606e-006	4.93138911e-008	
3.58640429e+001	4.85328212e-006	-4.85305322e-006	4.71351447e-008	
3.59642218e+001	4.81888694e-006	-4.81867691e-006	4.49902529e-008	
3.60644007e+001	4.78449245e-006	-4.78430060e-006	4.28453611e-008	
3.61645796e+001	4.75009866e-006	-4.74992429e-006	4.07004693e-008	
3.62647585e+001	4.73811810e-006	-4.73795412e-006	3.94198534e-008	
3.63649374e+001	4.72830424e-006	-4.72814984e-006	3.82113293e-008	
3.64651163e+001	4.71849066e-006	-4.71834556e-006	3.70028053e-008	
3.65652952e+001	4.70867734e-006	-4.70854129e-006	3.57942812e-008	
3.66654741e+001	4.69886430e-006	-4.69873701e-006	3.45857571e-008	
3.67656530e+001	4.68905153e-006	-4.68893273e-006	3.33772331e-008	
3.68658318e+001	4.67904423e-006	-4.67893469e-006	3.20163542e-008	
3.69660107e+001	4.66897113e-006	-4.66887083e-006	3.06037337e-008	
3.70661896e+001	4.65889843e-006	-4.65880698e-006	2.91911132e-008	
3.71663685e+001	4.65049154e-006	-4.65040792e-006	2.78894206e-008	
3.72665474e+001	4.64216643e-006	-4.64209026e-006	2.65931526e-008	
3.73667263e+001	4.63565467e-006	-4.63558559e-006	2.53056974e-008	
3.74669052e+001	4.64780778e-006	-4.64774525e-006	2.41089690e-008	
3.75670841e+001	4.67730996e-006	-4.67725479e-006	2.27168341e-008	
3.76672630e+001	4.71865701e-006	-4.71860943e-006	2.11912915e-008	
3.77674419e+001	4.76000469e-006	-4.75996407e-006	1.96657489e-008	
3.78676208e+001	4.79756758e-006	-4.79753316e-006	1.81738660e-008	
3.79677996e+001	4.82870119e-006	-4.82867217e-006	1.67391566e-008	
3.80679785e+001	4.86911532e-006	-4.86909266e-006	1.48549576e-008	
3.81681574e+001	4.90563443e-006	-4.90561690e-006	1.31147235e-008	
3.82683363e+001	4.94215423e-006	-4.94214114e-006	1.13744894e-008	
3.83685152e+001	4.97867470e-006	-4.97866538e-006	9.63425524e-009	
3.84686941e+001	5.01519584e-006	-5.01518963e-006	7.89402110e-009	
3.85688730e+001	5.09148506e-006	-5.09148162e-006	5.91293123e-009	
3.86690519e+001	5.17378297e-006	-5.17378146e-006	3.94630223e-009	
3.87692308e+001	5.25608167e-006	-5.25608130e-006	1.97967323e-009	
3.88694097e+001	5.33838114e-006	-5.33838114e-006	1.30442306e-011	
3.89695886e+001	5.48847239e-006	-5.48847088e-006	-4.06689121e-009	
3.90697674e+001	5.66093207e-006	-5.66092516e-006	-8.84402683e-009	
3.91699463e+001	5.82647622e-006	-5.82646245e-006	-1.26689714e-008	
3.92701252e+001	5.97659785e-006	-5.97658058e-006	-1.43713213e-008	
3.93703041e+001	6.12671979e-006	-6.12669870e-006	-1.60736712e-008	
3.94704830e+001	6.27684200e-006	-6.27681683e-006	-1.77760211e-008	
3.95706619e+001	6.42696447e-006	-6.42693496e-006	-1.94783709e-008	
3.96708408e+001	6.76353509e-006	-6.76347445e-006	-2.86405852e-008	
3.97710197e+001	7.16191240e-006	-7.16183947e-006	-3.23207244e-008	
3.98711986e+001	7.43837711e-006	-7.43830883e-006	-3.18721431e-008	
3.99713775e+001	7.67831862e-006	-7.67825882e-006	-3.03046662e-008	
4.00715564e+001	7.96559771e-006	-7.96555641e-006	-2.56489116e-008	
4.01717352e+001	8.25390698e-006	-8.25389509e-006	-1.40107964e-008	
4.02719141e+001	7.88051750e-006	-7.88044324e-006	3.42102763e-008	
4.03720930e+001	7.80219130e-006	-7.80185742e-006	7.21795406e-008	
4.04722719e+001	6.74436858e-006	-6.74042330e-006	2.30653764e-007	
4.05724508e+001	5.31570935e-006	-5.30514747e-006	3.34927176e-007	
4.06726297e+001	3.76505387e-006	-3.75016427e-006	3.34512478e-007	
4.07728086e+001	2.66145037e-006	-2.64701365e-006	2.76833599e-007	
4.08729875e+001	2.03904450e-006	-2.02748119e-006	2.16846672e-007	
4.09731664e+001	1.52724554e-006	-1.51805362e-006	1.67308588e-007	
4.10733453e+001	1.11555235e-006	-1.10876425e-006	1.22877474e-007	
4.11735242e+001	9.36192548e-007	-9.30726924e-007	1.01014248e-007	
4.12737030e+001	7.52878341e-007	-7.48555169e-007	8.05664672e-008	
4.13738819e+001	6.41173531e-007	-6.37878069e-007	6.49235341e-008	
4.14740608e+001	5.13266678e-007	-5.10592545e-007	5.23252889e-008	
4.15742397e+001	4.33627368e-007	-4.31555513e-007	4.23383149e-008	
4.16744186e+001	3.53674635e-007	-3.52074139e-007	3.36087538e-008	
4.17745975e+001	2.98205258e-007	-2.96985972e-007	2.69389798e-008	
4.18747764e+001	2.49621980e-007	-2.48778849e-007	2.04991957e-008	
4.19749553e+001	1.98465922e-007	-1.97977106e-007	1.39207676e-008	
4.20751342e+001	1.56482907e-007	-1.56342610e-007	6.62483934e-009	
4.21753131e+001	1.03162230e-007	-1.03153060e-007	-1.37549306e-009	
4.22754919e+001	2.34376579e-008	-1.77863970e-008	-1.52632857e-008	
4.23756708e+001	8.03074219e-008	7.65228606e-008	-2.43625498e-008	
4.24758497e+001	1.65772889e-007	1.63814111e-007	-2.54084192e-008	
4.25760286e+001	2.23475498e-007	2.22514084e-007	-2.07070145e-008	
4.26762075e+001	2.18294245e-007	2.17943815e-007	-1.23641088e-008	
4.27763864e+001	1.81464311e-007	1.81411689e-007	-4.36981686e-009	
4.28765653e+001	6.65488459e-008	6.63252014e-008	5.45128882e-009	
4.29767442e+001	2.71688578e-008	-2.45372800e-008	1.16648501e-008	
4.30769231e+001	1.31224721e-007	-1.30007161e-007	1.78343934e-008	
4.31771020e+001	2.25490401e-007	-2.24296628e-007	2.31720362e-008	
4.32772809e+001	2.65524613e-007	-2.64315625e-007	2.53094916e-008	
4.33774597e+001	3.09026486e-007	-3.07798872e-007	2.75177031e-008	
4.34776386e+001	2.86723349e-007	-2.85316647e-007	2.83670600e-008	
4.35778175e+001	2.72522368e-007	-2.71012685e-007	2.86455173e-008	
4.36779964e+001	2.36243678e-007	-2.34629507e-007	2.75693629e-008	
4.37781753e+001	1.91987709e-007	-1.90378931e-007	2.48020743e-008	
4.38783542e+001	1.54499500e-007	-1.53024664e-007	2.12966592e-008	
4.39785331e+001	1.21021734e-007	-1.19813998e-007	1.70547946e-008	
4.40787120e+001	9.56069650e-008	-9.46320858e-008	1.36183736e-008	
4.41788909e+001	7.56994423e-008	-7.48709083e-008	1.11692725e-008	
4.42790698e+001	6.25351786e-008	-6.18448652e-008	9.26613220e-009	
4.43792487e+001	5.06776239e-008	-5.00958744e-008	7.65669197e-009	
4.44794275e+001	4.08779797e-008	-4.03987808e-008	6.24081200e-009	
4.45796064e+001	3.82720368e-008	-3.78738959e-008	5.50607022e-009	
4.46797853e+001	3.61595009e-008	-3.58371236e-008	4.81768405e-009	
4.47799642e+001	3.56685523e-008	-3.54179745e-008	4.22051055e-009	
4.48801431e+001	3.51644099e-008	-3.49540216e-008	3.84084615e-009	
4.49803220e+001	3.44027880e-008	-3.42298433e-008	3.44523518e-009	
4.50805009e+001	3.39138759e-008	-3.37600863e-008	3.22607455e-009	
4.51806798e+001	3.15394647e-008	-3.14102544e-008	2.85197367e-009	
4.52808587e+001	2.82690581e-008	-2.81355790e-008	2.74387357e-009	
4.53810376e+001	2.57971540e-008	-2.56673221e-008	2.58490384e-009	
4.54812165e+001	2.45945747e-008	-2.44879693e-008	2.28745764e-009	
4.55813953e+001	2.46098475e-008	-2.45300244e-008	1.98052980e-009	
4.56815742e+001	2.51088493e-008	-2.50509221e-008	1.70458715e-009	
4.57817531e+001	3.12859030e-008	-3.12597132e-008	1.27986568e-009	
4.58819320e+001	3.95609207e-008	-3.95560817e-008	6.18743777e-010	
4.59821109e+001	6.03279448e-008	-6.02480025e-008	-3.10469283e-009	
4.60822898e+001	4.07688503e-008	-3.86269987e-008	1.30404803e-008	
4.61824687e+001	3.34552982e-009	-2.05808850e-009	2.63758252e-009	
4.62826476e+001	5.10382897e-010	2.30959861e-010	4.55135412e-010	
4.63828265e+001	1.40145616e-009	-1.38804318e-009	1.93430851e-010	
4.64830054e+001	6.60729172e-010	5.41625391e-010	-3.78424331e-010	
4.65831843e+001	2.78233868e-009	2.72698020e-009	-5.52256760e-010	
4.66833631e+001	8.85296337e-010	3.82113587e-010	-7.98585506e-010	
4.67835420e+001	1.33650058e-009	8.34423966e-010	-1.04401650e-009	
4.68837209e+001	1.91507424e-009	1.55923418e-009	-1.11188944e-009	
4.69838998e+001	1.71796081e-009	1.46921566e-009	-8.90390188e-010	
4.70840787e+001	4.19277101e-009	3.43699787e-009	-2.40132763e-009	
4.71842576e+001	2.05393367e-009	8.67792998e-010	-1.86160652e-009	
4.72844365e+001	4.77426903e-009	3.83662393e-009	-2.84147172e-009	
4.73846154e+001	3.78366356e-009	6.35614838e-010	-3.72989326e-009	
4.74847943e+001	8.38654518e-009	7.41914321e-009	-3.91030103e-009	
4.75849732e+001	8.19226745e-009	6.17020094e-009	-5.38905060e-009	
4.76851521e+001	6.95372614e-009	3.81094578e-009	-5.81644217e-009	
4.77853309e+001	2.14825084e-008	1.89603900e-008	-1.00995929e-008	
4.78855098e+001	2.11507249e-008	1.45605573e-008	-1.53409039e-008	
4.79856887e+001	3.99414122e-008	2.64774211e-008	-2.99042234e-008	
4.80858676e+001	1.35640273e-007	8.40163431e-008	-1.06487265e-007	
4.81860465e+001	1.18026707e-006	1.17863240e-006	-6.20968878e-008	
4.82862254e+001	1.29516934e-006	1.29435600e-006	4.58928810e-008	
4.83864043e+001	1.14657594e-006	1.14652005e-006	1.13209959e-008	
4.84865832e+001	1.07827060e-006	1.07827060e-006	4.85488368e-011	
4.85867621e+001	1.05530175e-006	1.05529784e-006	-2.87227146e-009	
4.86869410e+001	1.01611138e-006	1.01609298e-006	-6.11431418e-009	
4.87871199e+001	9.84536283e-007	9.84517206e-007	-6.12884321e-009	
4.88872987e+001	9.71795759e-007	9.71774252e-007	-6.46529301e-009	
4.89874776e+001	9.59055418e-007	9.59031299e-007	-6.80174280e-009	
4.90876565e+001	9.47220274e-007	9.47196067e-007	-6.77185777e-009	
4.91878354e+001	9.35782838e-007	9.35759697e-007	-6.58100145e-009	
4.92880143e+001	9.24345415e-007	9.24323327e-007	-6.39014513e-009	
4.93881932e+001	9.10549800e-007	9.10528906e-007	-6.16838459e-009	
4.94883721e+001	8.84560700e-007	8.84542018e-007	-5.74889797e-009	
4.95885510e+001	8.59886055e-007	8.59868969e-007	-5.42071834e-009	
4.96887299e+001	8.35211446e-007	8.35195920e-007	-5.09253872e-009	
4.97889088e+001	8.10536874e-007	8.10522871e-007	-4.76435910e-009	
4.98890877e+001	7.85656108e-007	7.85643600e-007	-4.43317666e-009	
4.99892665e+001	7.60473914e-007	7.60462875e-007	-4.09760474e-009	
5.00894454e+001	7.41835993e-007	7.41826048e-007	-3.84123235e-009	
5.01896243e+001	7.22730514e-007	7.22721551e-007	-3.59933665e-009	
5.02898032e+001	7.03625064e-007	7.03617054e-007	-3.35744094e-009	
5.03899821e+001	6.84519647e-007	6.84512557e-007	-3.11554523e-009	
5.04901610e+001	6.65414265e-007	6.65408060e-007	-2.87364952e-009	
5.05903399e+001	6.46308921e-007	6.46303563e-007	-2.63175381e-009	
5.06905188e+001	6.27203619e-007	6.27199066e-007	-2.38985811e-009	
5.07906977e+001	6.07251738e-007	6.07247888e-007	-2.16227734e-009	
5.08908766e+001	5.85426085e-007	5.85422826e-007	-1.95340889e-009	
5.09910555e+001	5.63600463e-007	5.63597763e-007	-1.74454044e-009	
5.10912343e+001	5.41774877e-007	5.41772701e-007	-1.53567198e-009	
5.11914132e+001	5.24416859e-007	5.24415019e-007	-1.38916781e-009	
5.12915921e+001	5.08073666e-007	5.08072109e-007	-1.25805699e-009	
5.13917710e+001	4.86058972e-007	4.86057645e-007	-1.13563587e-009	
5.14919499e+001	4.64044288e-007	4.64043182e-007	-1.01321475e-009	
5.15921288e+001	4.44050918e-007	4.44050026e-007	-8.89889131e-010	
5.16923077e+001	4.24269027e-007	4.24268335e-007	-7.66468890e-010	
5.17924866e+001	4.04487155e-007	4.04486644e-007	-6.43048649e-010	
5.18926655e+001	3.87565342e-007	3.87564974e-007	-5.34370209e-010	
5.19928444e+001	3.75419104e-007	3.75418821e-007	-4.61497796e-010	
5.20930233e+001	3.64577235e-007	3.64577016e-007	-4.00152920e-010	
5.21932021e+001	3.53735373e-007	3.53735210e-007	-3.38808043e-010	
5.22933810e+001	3.38764308e-007	3.38764178e-007	-2.96917618e-010	
5.23935599e+001	3.24330952e-007	3.24330853e-007	-2.52455454e-010	
5.24937388e+001	3.10510144e-007	3.10510076e-007	-2.05077632e-010	
5.25939177e+001	2.96689340e-007	2.96689298e-007	-1.57699810e-010	
5.26940966e+001	2.82897689e-007	2.82897668e-007	-1.10617808e-010	
5.27942755e+001	2.72228921e-007	2.72228911e-007	-7.58344675e-011	
5.28944544e+001	2.61674895e-007	2.61674892e-007	-4.07262647e-011	
5.29946333e+001	2.51120874e-007	2.51120874e-007	-5.61806202e-012	
5.30948122e+001	2.40566858e-007	2.40566856e-007	2.94901407e-011	
5.31949911e+001	2.29828567e-007	2.29828560e-007	5.81441390e-011	
5.32951699e+001	2.18670427e-007	2.18670415e-007	7.20932544e-011	
5.33953488e+001	2.07512289e-007	2.07512271e-007	8.60423698e-011	
5.34955277e+001	1.96354152e-007	1.96354126e-007	9.99914853e-011	
5.35957066e+001	1.85028413e-007	1.85028375e-007	1.18860422e-010	
5.36958855e+001	1.74384048e-007	1.74383995e-007	1.35803494e-010	
5.37960644e+001	1.65116002e-007	1.65115943e-007	1.39951579e-010	
5.38962433e+001	1.55525715e-007	1.55525648e-007	1.43972673e-010	
5.39964222e+001	1.45707986e-007	1.45707911e-007	1.47904135e-010	
5.40966011e+001	1.35890258e-007	1.35890173e-007	1.51835597e-010	
5.41967800e+001	1.27297876e-007	1.27297786e-007	1.51459202e-010	
5.42969589e+001	1.19416289e-007	1.19416196e-007	1.48583918e-010	
5.43971377e+001	1.12342753e-007	1.12342656e-007	1.48032834e-010	
5.44973166e+001	1.05747805e-007	1.05747701e-007	1.48858310e-010	
5.45974955e+001	9.91528583e-008	9.91527453e-008	1.49683785e-010	
5.46976744e+001	9.14177487e-008	9.14176352e-008	1.44091790e-010	
5.47978533e+001	8.33068016e-008	8.33066900e-008	1.36384373e-010	
5.48980322e+001	7.51958549e-008	7.51957448e-008	1.28676955e-010	
5.49982111e+001	6.78560365e-008	6.78559336e-008	1.18182835e-010	
5.50983900e+001	6.10255840e-008	6.10254922e-008	1.05847969e-010	
5.51985689e+001	5.41951315e-008	5.41950508e-008	9.35131030e-011	
5.52987478e+001	4.73646790e-008	4.73646095e-008	8.11782367e-011	
5.53989267e+001	4.05342266e-008	4.05341681e-008	6.88433705e-011	
5.54991055e+001	3.36214972e-008	3.36214470e-008	5.80750607e-011	
5.55992844e+001	2.67049560e-008	2.67049140e-008	4.73809417e-011	
5.56994633e+001	1.97716565e-008	1.97716234e-008	3.61841424e-011	
5.57996422e+001	1.32082610e-008	1.32082390e-008	2.40885960e-011	
5.58998211e+001	6.26355462e-009	6.26354434e-009	1.13506221e-011	
5.60000000e+001	3.97740190e-010	3.97740086e-010	2.87907723e-013	
