% Column 0: Length, cm
% Column 1: |B.n|, Tesla
% Column 2: Re[B.n], Tesla
% Column 3: Im[B.n], Tesla
0.00000000e+000	5.88182164e-016	-5.88182043e-016	-3.77158636e-019	
1.00178891e-001	5.81387050e-015	-5.81386942e-015	-3.54106207e-018	
2.00357782e-001	9.33228512e-015	-9.33228339e-015	-5.67161898e-018	
3.00536673e-001	1.63258415e-014	-1.63258385e-014	-9.80099188e-018	
4.00715564e-001	1.63258415e-014	-1.63258385e-014	-9.80099188e-018	
5.00894454e-001	2.63177434e-014	-2.63177390e-014	-1.51446777e-017	
6.01073345e-001	2.63177434e-014	-2.63177390e-014	-1.51446777e-017	
7.01252236e-001	2.63177434e-014	-2.63177390e-014	-1.51446777e-017	
8.01431127e-001	2.63177434e-014	-2.63177390e-014	-1.51446777e-017	
9.01610018e-001	7.68229937e-014	-7.68229925e-014	-1.34684677e-017	
1.00178891e+000	7.68229937e-014	-7.68229925e-014	-1.34684677e-017	
1.10196780e+000	7.68229937e-014	-7.68229925e-014	-1.34684677e-017	
1.20214669e+000	7.68229937e-014	-7.68229925e-014	-1.34684677e-017	
1.30232558e+000	7.68229937e-014	-7.68229925e-014	-1.34684677e-017	
1.40250447e+000	7.68229937e-014	-7.68229925e-014	-1.34684677e-017	
1.50268336e+000	7.68229937e-014	-7.68229925e-014	-1.34684677e-017	
1.60286225e+000	7.68229937e-014	-7.68229925e-014	-1.34684677e-017	
1.70304114e+000	7.68229937e-014	-7.68229925e-014	-1.34684677e-017	
1.80322004e+000	8.86781796e-014	-8.86781792e-014	7.84924149e-018	
1.90339893e+000	8.86781796e-014	-8.86781792e-014	7.84924149e-018	
2.00357782e+000	8.86781796e-014	-8.86781792e-014	7.84924149e-018	
2.10375671e+000	8.86781796e-014	-8.86781792e-014	7.84924149e-018	
2.20393560e+000	1.24411816e-013	-1.24411788e-013	8.30572340e-017	
2.30411449e+000	1.24411816e-013	-1.24411788e-013	8.30572340e-017	
2.40429338e+000	1.24411816e-013	-1.24411788e-013	8.30572340e-017	
2.50447227e+000	1.24411816e-013	-1.24411788e-013	8.30572340e-017	
2.60465116e+000	1.24411816e-013	-1.24411788e-013	8.30572340e-017	
2.70483005e+000	1.47289946e-013	-1.47289805e-013	2.04241977e-016	
2.80500894e+000	1.47289946e-013	-1.47289805e-013	2.04241977e-016	
2.90518784e+000	1.47289946e-013	-1.47289805e-013	2.04241977e-016	
3.00536673e+000	1.47289946e-013	-1.47289805e-013	2.04241977e-016	
3.10554562e+000	1.47289946e-013	-1.47289805e-013	2.04241977e-016	
3.20572451e+000	1.47289946e-013	-1.47289805e-013	2.04241977e-016	
3.30590340e+000	1.47289946e-013	-1.47289805e-013	2.04241977e-016	
3.40608229e+000	1.47289946e-013	-1.47289805e-013	2.04241977e-016	
3.50626118e+000	1.47289946e-013	-1.47289805e-013	2.04241977e-016	
3.60644007e+000	2.17666093e-013	-2.17665570e-013	4.77404730e-016	
3.70661896e+000	2.17666093e-013	-2.17665570e-013	4.77404730e-016	
3.80679785e+000	2.17666093e-013	-2.17665570e-013	4.77404730e-016	
3.90697674e+000	2.17666093e-013	-2.17665570e-013	4.77404730e-016	
4.00715564e+000	2.52483192e-013	-2.52481858e-013	8.20709504e-016	
4.10733453e+000	2.52483192e-013	-2.52481858e-013	8.20709504e-016	
4.20751342e+000	2.52483192e-013	-2.52481858e-013	8.20709504e-016	
4.30769231e+000	2.52483192e-013	-2.52481858e-013	8.20709504e-016	
4.40787120e+000	2.52483192e-013	-2.52481858e-013	8.20709504e-016	
4.50805009e+000	2.52483192e-013	-2.52481858e-013	8.20709504e-016	
4.60822898e+000	2.52483192e-013	-2.52481858e-013	8.20709504e-016	
4.70840787e+000	2.52483192e-013	-2.52481858e-013	8.20709504e-016	
4.80858676e+000	2.52483192e-013	-2.52481858e-013	8.20709504e-016	
4.90876565e+000	3.07417476e-013	-3.07414957e-013	1.24454787e-015	
5.00894454e+000	3.07417476e-013	-3.07414957e-013	1.24454787e-015	
5.10912343e+000	3.07417476e-013	-3.07414957e-013	1.24454787e-015	
5.20930233e+000	3.07417476e-013	-3.07414957e-013	1.24454787e-015	
5.30948122e+000	3.30680292e-013	-3.30676287e-013	1.62750046e-015	
5.40966011e+000	3.30680292e-013	-3.30676287e-013	1.62750046e-015	
5.50983900e+000	3.30680292e-013	-3.30676287e-013	1.62750046e-015	
5.61001789e+000	3.30680292e-013	-3.30676287e-013	1.62750046e-015	
5.71019678e+000	2.71344973e-013	-2.71340344e-013	1.58495001e-015	
5.81037567e+000	2.71344973e-013	-2.71340344e-013	1.58495001e-015	
5.91055456e+000	2.71344973e-013	-2.71340344e-013	1.58495001e-015	
6.01073345e+000	2.71344973e-013	-2.71340344e-013	1.58495001e-015	
6.11091234e+000	2.71344973e-013	-2.71340344e-013	1.58495001e-015	
6.21109123e+000	2.71344973e-013	-2.71340344e-013	1.58495001e-015	
6.31127013e+000	2.71344973e-013	-2.71340344e-013	1.58495001e-015	
6.41144902e+000	2.71344973e-013	-2.71340344e-013	1.58495001e-015	
6.51162791e+000	2.71344973e-013	-2.71340344e-013	1.58495001e-015	
6.61180680e+000	2.98251911e-013	-2.98245851e-013	1.90116171e-015	
6.71198569e+000	2.98251911e-013	-2.98245851e-013	1.90116171e-015	
6.81216458e+000	2.98251911e-013	-2.98245851e-013	1.90116171e-015	
6.91234347e+000	2.98251911e-013	-2.98245851e-013	1.90116171e-015	
7.01252236e+000	2.84699985e-013	-2.84694575e-013	1.75498750e-015	
7.11270125e+000	2.84699985e-013	-2.84694575e-013	1.75498750e-015	
7.21288014e+000	2.84699985e-013	-2.84694575e-013	1.75498750e-015	
7.31305903e+000	2.84699985e-013	-2.84694575e-013	1.75498750e-015	
7.41323792e+000	2.84699985e-013	-2.84694575e-013	1.75498750e-015	
7.51341682e+000	2.00927875e-013	-2.00924737e-013	1.12308934e-015	
7.61359571e+000	2.00927875e-013	-2.00924737e-013	1.12308934e-015	
7.71377460e+000	2.00927875e-013	-2.00924737e-013	1.12308934e-015	
7.81395349e+000	2.00927875e-013	-2.00924737e-013	1.12308934e-015	
7.91413238e+000	1.46550644e-013	-1.46550640e-013	3.38958862e-017	
8.01431127e+000	1.46550644e-013	-1.46550640e-013	3.38958862e-017	
8.11449016e+000	1.46550644e-013	-1.46550640e-013	3.38958862e-017	
8.21466905e+000	1.46550644e-013	-1.46550640e-013	3.38958862e-017	
8.31484794e+000	1.46550644e-013	-1.46550640e-013	3.38958862e-017	
8.41502683e+000	4.07219244e-014	-4.06679443e-014	-2.09605245e-015	
8.51520572e+000	4.07219244e-014	-4.06679443e-014	-2.09605245e-015	
8.61538462e+000	4.07219244e-014	-4.06679443e-014	-2.09605245e-015	
8.71556351e+000	4.07219244e-014	-4.06679443e-014	-2.09605245e-015	
8.81574240e+000	1.09756541e-013	1.09651601e-013	-4.79840307e-015	
8.91592129e+000	1.09756541e-013	1.09651601e-013	-4.79840307e-015	
9.01610018e+000	1.09756541e-013	1.09651601e-013	-4.79840307e-015	
9.11627907e+000	1.09756541e-013	1.09651601e-013	-4.79840307e-015	
9.21645796e+000	1.09756541e-013	1.09651601e-013	-4.79840307e-015	
9.31663685e+000	1.09756541e-013	1.09651601e-013	-4.79840307e-015	
9.41681574e+000	1.09756541e-013	1.09651601e-013	-4.79840307e-015	
9.51699463e+000	1.09756541e-013	1.09651601e-013	-4.79840307e-015	
9.61717352e+000	1.09756541e-013	1.09651601e-013	-4.79840307e-015	
9.71735242e+000	2.68052286e-013	2.67929001e-013	-8.12887182e-015	
9.81753131e+000	2.68052286e-013	2.67929001e-013	-8.12887182e-015	
9.91771020e+000	2.68052286e-013	2.67929001e-013	-8.12887182e-015	
1.00178891e+001	2.68052286e-013	2.67929001e-013	-8.12887182e-015	
1.01180680e+001	5.20140453e-013	5.19951573e-013	-1.40161710e-014	
1.02182469e+001	5.20140453e-013	5.19951573e-013	-1.40161710e-014	
1.03184258e+001	5.20140453e-013	5.19951573e-013	-1.40161710e-014	
1.04186047e+001	5.20140453e-013	5.19951573e-013	-1.40161710e-014	
1.05187835e+001	8.61404681e-013	8.61177359e-013	-1.97883701e-014	
1.06189624e+001	8.61404681e-013	8.61177359e-013	-1.97883701e-014	
1.07191413e+001	8.61404681e-013	8.61177359e-013	-1.97883701e-014	
1.08193202e+001	8.61404681e-013	8.61177359e-013	-1.97883701e-014	
1.09194991e+001	8.61404681e-013	8.61177359e-013	-1.97883701e-014	
1.10196780e+001	1.11030711e-012	1.11008155e-012	-2.23795688e-014	
1.11198569e+001	1.11030711e-012	1.11008155e-012	-2.23795688e-014	
1.12200358e+001	1.11030711e-012	1.11008155e-012	-2.23795688e-014	
1.13202147e+001	1.11030711e-012	1.11008155e-012	-2.23795688e-014	
1.14203936e+001	1.11030711e-012	1.11008155e-012	-2.23795688e-014	
1.15205725e+001	1.11030711e-012	1.11008155e-012	-2.23795688e-014	
1.16207513e+001	1.11030711e-012	1.11008155e-012	-2.23795688e-014	
1.17209302e+001	1.11030711e-012	1.11008155e-012	-2.23795688e-014	
1.18211091e+001	2.24170784e-012	2.24139391e-012	-3.75152071e-014	
1.19212880e+001	2.24170784e-012	2.24139391e-012	-3.75152071e-014	
1.20214669e+001	2.24170784e-012	2.24139391e-012	-3.75152071e-014	
1.21216458e+001	2.24170784e-012	2.24139391e-012	-3.75152071e-014	
1.22218247e+001	2.24170784e-012	2.24139391e-012	-3.75152071e-014	
1.23220036e+001	3.40756479e-012	3.40727838e-012	-4.41799209e-014	
1.24221825e+001	3.40756479e-012	3.40727838e-012	-4.41799209e-014	
1.25223614e+001	3.40756479e-012	3.40727838e-012	-4.41799209e-014	
1.26225403e+001	3.40756479e-012	3.40727838e-012	-4.41799209e-014	
1.27227191e+001	3.40756479e-012	3.40727838e-012	-4.41799209e-014	
1.28228980e+001	3.40756479e-012	3.40727838e-012	-4.41799209e-014	
1.29230769e+001	3.40756479e-012	3.40727838e-012	-4.41799209e-014	
1.30232558e+001	3.40756479e-012	3.40727838e-012	-4.41799209e-014	
1.31234347e+001	3.40756479e-012	3.40727838e-012	-4.41799209e-014	
1.32236136e+001	6.62579773e-012	6.62555243e-012	-5.70140052e-014	
1.33237925e+001	6.62579773e-012	6.62555243e-012	-5.70140052e-014	
1.34239714e+001	6.62579773e-012	6.62555243e-012	-5.70140052e-014	
1.35241503e+001	6.62579773e-012	6.62555243e-012	-5.70140052e-014	
1.36243292e+001	6.62579773e-012	6.62555243e-012	-5.70140052e-014	
1.37245081e+001	6.62579773e-012	6.62555243e-012	-5.70140052e-014	
1.38246869e+001	6.62579773e-012	6.62555243e-012	-5.70140052e-014	
1.39248658e+001	6.62579773e-012	6.62555243e-012	-5.70140052e-014	
1.40250447e+001	8.08610302e-012	8.08591797e-012	-5.47052484e-014	
1.41252236e+001	8.08610302e-012	8.08591797e-012	-5.47052484e-014	
1.42254025e+001	8.08610302e-012	8.08591797e-012	-5.47052484e-014	
1.43255814e+001	8.08610302e-012	8.08591797e-012	-5.47052484e-014	
1.44257603e+001	8.08610302e-012	8.08591797e-012	-5.47052484e-014	
1.45259392e+001	1.31766522e-011	1.31765367e-011	-5.51768415e-014	
1.46261181e+001	1.31766522e-011	1.31765367e-011	-5.51768415e-014	
1.47262970e+001	1.31766522e-011	1.31765367e-011	-5.51768415e-014	
1.48264758e+001	1.31766522e-011	1.31765367e-011	-5.51768415e-014	
1.49266547e+001	1.47161254e-011	1.47160839e-011	-3.49469385e-014	
1.50268336e+001	1.47161254e-011	1.47160839e-011	-3.49469385e-014	
1.51270125e+001	1.47161254e-011	1.47160839e-011	-3.49469385e-014	
1.52271914e+001	1.47161254e-011	1.47160839e-011	-3.49469385e-014	
1.53273703e+001	1.63253956e-011	1.63253863e-011	-1.74203934e-014	
1.54275492e+001	1.63253956e-011	1.63253863e-011	-1.74203934e-014	
1.55277281e+001	1.63253956e-011	1.63253863e-011	-1.74203934e-014	
1.56279070e+001	1.63253956e-011	1.63253863e-011	-1.74203934e-014	
1.57280859e+001	1.63253956e-011	1.63253863e-011	-1.74203934e-014	
1.58282648e+001	2.71789755e-011	2.71789747e-011	6.50041822e-015	
1.59284436e+001	2.71789755e-011	2.71789747e-011	6.50041822e-015	
1.60286225e+001	2.71789755e-011	2.71789747e-011	6.50041822e-015	
1.61288014e+001	2.71789755e-011	2.71789747e-011	6.50041822e-015	
1.62289803e+001	2.79457587e-011	2.79457493e-011	2.28669386e-014	
1.63291592e+001	2.79457587e-011	2.79457493e-011	2.28669386e-014	
1.64293381e+001	2.79457587e-011	2.79457493e-011	2.28669386e-014	
1.65295170e+001	2.79457587e-011	2.79457493e-011	2.28669386e-014	
1.66296959e+001	2.75175311e-011	2.75175208e-011	2.37722835e-014	
1.67298748e+001	2.75175311e-011	2.75175208e-011	2.37722835e-014	
1.68300537e+001	2.75175311e-011	2.75175208e-011	2.37722835e-014	
1.69302326e+001	2.75175311e-011	2.75175208e-011	2.37722835e-014	
1.70304114e+001	2.75175311e-011	2.75175208e-011	2.37722835e-014	
1.71305903e+001	2.66970032e-011	2.66970009e-011	1.11979491e-014	
1.72307692e+001	2.66970032e-011	2.66970009e-011	1.11979491e-014	
1.73309481e+001	2.66970032e-011	2.66970009e-011	1.11979491e-014	
1.74311270e+001	2.66970032e-011	2.66970009e-011	1.11979491e-014	
1.75313059e+001	2.66970032e-011	2.66970009e-011	1.11979491e-014	
1.76314848e+001	2.66970032e-011	2.66970009e-011	1.11979491e-014	
1.77316637e+001	2.66970032e-011	2.66970009e-011	1.11979491e-014	
1.78318426e+001	2.66970032e-011	2.66970009e-011	1.11979491e-014	
1.79320215e+001	2.66970032e-011	2.66970009e-011	1.11979491e-014	
1.80322004e+001	3.39532526e-011	3.39532257e-011	-4.27537043e-014	
1.81323792e+001	3.39532526e-011	3.39532257e-011	-4.27537043e-014	
1.82325581e+001	3.39532526e-011	3.39532257e-011	-4.27537043e-014	
1.83327370e+001	3.39532526e-011	3.39532257e-011	-4.27537043e-014	
1.84329159e+001	2.93571451e-011	2.93570022e-011	-9.15881468e-014	
1.85330948e+001	2.93571451e-011	2.93570022e-011	-9.15881468e-014	
1.86332737e+001	2.93571451e-011	2.93570022e-011	-9.15881468e-014	
1.87334526e+001	2.93571451e-011	2.93570022e-011	-9.15881468e-014	
1.88336315e+001	2.93571451e-011	2.93570022e-011	-9.15881468e-014	
1.89338104e+001	2.93571451e-011	2.93570022e-011	-9.15881468e-014	
1.90339893e+001	2.93571451e-011	2.93570022e-011	-9.15881468e-014	
1.91341682e+001	2.93571451e-011	2.93570022e-011	-9.15881468e-014	
1.92343470e+001	2.93571451e-011	2.93570022e-011	-9.15881468e-014	
1.93345259e+001	3.31444811e-011	3.31440881e-011	-1.61414972e-013	
1.94347048e+001	3.31444811e-011	3.31440881e-011	-1.61414972e-013	
1.95348837e+001	3.31444811e-011	3.31440881e-011	-1.61414972e-013	
1.96350626e+001	3.31444811e-011	3.31440881e-011	-1.61414972e-013	
1.97352415e+001	2.57758293e-011	2.57753104e-011	-1.63552302e-013	
1.98354204e+001	2.57758293e-011	2.57753104e-011	-1.63552302e-013	
1.99355993e+001	2.57758293e-011	2.57753104e-011	-1.63552302e-013	
2.00357782e+001	2.57758293e-011	2.57753104e-011	-1.63552302e-013	
2.01359571e+001	1.76535401e-011	1.76529490e-011	-1.44466037e-013	
2.02361360e+001	1.76535401e-011	1.76529490e-011	-1.44466037e-013	
2.03363148e+001	1.76535401e-011	1.76529490e-011	-1.44466037e-013	
2.04364937e+001	1.76535401e-011	1.76529490e-011	-1.44466037e-013	
2.05366726e+001	1.76535401e-011	1.76529490e-011	-1.44466037e-013	
2.06368515e+001	9.61008630e-012	9.60973556e-012	-8.21045292e-014	
2.07370304e+001	9.61008630e-012	9.60973556e-012	-8.21045292e-014	
2.08372093e+001	9.61008630e-012	9.60973556e-012	-8.21045292e-014	
2.09373882e+001	9.61008630e-012	9.60973556e-012	-8.21045292e-014	
2.10375671e+001	9.61008630e-012	9.60973556e-012	-8.21045292e-014	
2.11377460e+001	9.61008630e-012	9.60973556e-012	-8.21045292e-014	
2.12379249e+001	9.61008630e-012	9.60973556e-012	-8.21045292e-014	
2.13381038e+001	9.61008630e-012	9.60973556e-012	-8.21045292e-014	
2.14382826e+001	1.89520883e-012	-1.89496300e-012	3.05245720e-014	
2.15384615e+001	1.89520883e-012	-1.89496300e-012	3.05245720e-014	
2.16386404e+001	1.89520883e-012	-1.89496300e-012	3.05245720e-014	
2.17388193e+001	1.89520883e-012	-1.89496300e-012	3.05245720e-014	
2.18389982e+001	1.89520883e-012	-1.89496300e-012	3.05245720e-014	
2.19391771e+001	8.05661562e-012	-8.05608436e-012	9.25203350e-014	
2.20393560e+001	8.05661562e-012	-8.05608436e-012	9.25203350e-014	
2.21395349e+001	8.05661562e-012	-8.05608436e-012	9.25203350e-014	
2.22397138e+001	8.05661562e-012	-8.05608436e-012	9.25203350e-014	
2.23398927e+001	1.44010452e-011	-1.44003431e-011	1.42205096e-013	
2.24400716e+001	1.44010452e-011	-1.44003431e-011	1.42205096e-013	
2.25402504e+001	1.44010452e-011	-1.44003431e-011	1.42205096e-013	
2.26404293e+001	1.44010452e-011	-1.44003431e-011	1.42205096e-013	
2.27406082e+001	1.44010452e-011	-1.44003431e-011	1.42205096e-013	
2.28407871e+001	2.46233316e-011	-2.46225198e-011	1.99943573e-013	
2.29409660e+001	2.46233316e-011	-2.46225198e-011	1.99943573e-013	
2.30411449e+001	2.46233316e-011	-2.46225198e-011	1.99943573e-013	
2.31413238e+001	2.46233316e-011	-2.46225198e-011	1.99943573e-013	
2.32415027e+001	2.46233316e-011	-2.46225198e-011	1.99943573e-013	
2.33416816e+001	2.46233316e-011	-2.46225198e-011	1.99943573e-013	
2.34418605e+001	2.46233316e-011	-2.46225198e-011	1.99943573e-013	
2.35420394e+001	2.46233316e-011	-2.46225198e-011	1.99943573e-013	
2.36422182e+001	2.62073874e-011	-2.62068582e-011	1.66540148e-013	
2.37423971e+001	2.62073874e-011	-2.62068582e-011	1.66540148e-013	
2.38425760e+001	2.62073874e-011	-2.62068582e-011	1.66540148e-013	
2.39427549e+001	2.62073874e-011	-2.62068582e-011	1.66540148e-013	
2.40429338e+001	2.62073874e-011	-2.62068582e-011	1.66540148e-013	
2.41431127e+001	3.15614329e-011	-3.15611093e-011	1.42914075e-013	
2.42432916e+001	3.15614329e-011	-3.15611093e-011	1.42914075e-013	
2.43434705e+001	3.15614329e-011	-3.15611093e-011	1.42914075e-013	
2.44436494e+001	3.15614329e-011	-3.15611093e-011	1.42914075e-013	
2.45438283e+001	3.13821500e-011	-3.13820587e-011	7.56892344e-014	
2.46440072e+001	3.13821500e-011	-3.13820587e-011	7.56892344e-014	
2.47441860e+001	3.13821500e-011	-3.13820587e-011	7.56892344e-014	
2.48443649e+001	3.13821500e-011	-3.13820587e-011	7.56892344e-014	
2.49445438e+001	3.22036257e-011	-3.22035922e-011	4.64284974e-014	
2.50447227e+001	3.22036257e-011	-3.22035922e-011	4.64284974e-014	
2.51449016e+001	3.22036257e-011	-3.22035922e-011	4.64284974e-014	
2.52450805e+001	3.22036257e-011	-3.22035922e-011	4.64284974e-014	
2.53452594e+001	3.22036257e-011	-3.22035922e-011	4.64284974e-014	
2.54454383e+001	3.16939145e-011	-3.16939111e-011	1.45408130e-014	
2.55456172e+001	3.16939145e-011	-3.16939111e-011	1.45408130e-014	
2.56457961e+001	3.16939145e-011	-3.16939111e-011	1.45408130e-014	
2.57459750e+001	3.16939145e-011	-3.16939111e-011	1.45408130e-014	
2.58461538e+001	1.92481324e-011	-1.92481259e-011	-1.57446569e-014	
2.59463327e+001	1.92481324e-011	-1.92481259e-011	-1.57446569e-014	
2.60465116e+001	1.92481324e-011	-1.92481259e-011	-1.57446569e-014	
2.61466905e+001	1.92481324e-011	-1.92481259e-011	-1.57446569e-014	
2.62468694e+001	1.92481324e-011	-1.92481259e-011	-1.57446569e-014	
2.63470483e+001	1.92481324e-011	-1.92481259e-011	-1.57446569e-014	
2.64472272e+001	1.92481324e-011	-1.92481259e-011	-1.57446569e-014	
2.65474061e+001	1.92481324e-011	-1.92481259e-011	-1.57446569e-014	
2.66475850e+001	1.92481324e-011	-1.92481259e-011	-1.57446569e-014	
2.67477639e+001	2.22465859e-011	-2.22465673e-011	-2.88013926e-014	
2.68479428e+001	2.22465859e-011	-2.22465673e-011	-2.88013926e-014	
2.69481216e+001	2.22465859e-011	-2.22465673e-011	-2.88013926e-014	
2.70483005e+001	2.22465859e-011	-2.22465673e-011	-2.88013926e-014	
2.71484794e+001	2.15308263e-011	-2.15308032e-011	-3.15472447e-014	
2.72486583e+001	2.15308263e-011	-2.15308032e-011	-3.15472447e-014	
2.73488372e+001	2.15308263e-011	-2.15308032e-011	-3.15472447e-014	
2.74490161e+001	2.15308263e-011	-2.15308032e-011	-3.15472447e-014	
2.75491950e+001	2.15308263e-011	-2.15308032e-011	-3.15472447e-014	
2.76493739e+001	1.61726351e-011	-1.61726192e-011	-2.26658389e-014	
2.77495528e+001	1.61726351e-011	-1.61726192e-011	-2.26658389e-014	
2.78497317e+001	1.43905494e-011	-1.43905370e-011	-1.88881045e-014	
2.79499106e+001	1.32368428e-011	-1.32368335e-011	-1.57078802e-014	
2.80500894e+001	1.22011948e-011	-1.22011872e-011	-1.35404051e-014	
2.81502683e+001	1.18573812e-011	-1.18573757e-011	-1.14289136e-014	
2.82504472e+001	1.17336086e-011	-1.17336044e-011	-9.98187189e-015	
2.83506261e+001	1.18061344e-011	-1.18061321e-011	-7.35621037e-015	
2.84508050e+001	1.24361289e-011	-1.24361280e-011	-4.56011713e-015	
2.85509839e+001	1.24361289e-011	-1.24361280e-011	-4.56011713e-015	
2.86511628e+001	1.24361289e-011	-1.24361280e-011	-4.56011713e-015	
2.87513417e+001	1.13780764e-011	-1.13780764e-011	-8.63417156e-016	
2.88515206e+001	1.13780764e-011	-1.13780764e-011	-8.63417156e-016	
2.89516995e+001	8.24078306e-012	-8.24078134e-012	5.32366410e-015	
2.90518784e+001	8.24078306e-012	-8.24078134e-012	5.32366410e-015	
2.91520572e+001	8.24078306e-012	-8.24078134e-012	5.32366410e-015	
2.92522361e+001	8.24078306e-012	-8.24078134e-012	5.32366410e-015	
2.93524150e+001	7.46851099e-012	-7.46849624e-012	1.48417119e-014	
2.94525939e+001	7.46851099e-012	-7.46849624e-012	1.48417119e-014	
2.95527728e+001	7.46851099e-012	-7.46849624e-012	1.48417119e-014	
2.96529517e+001	7.46851099e-012	-7.46849624e-012	1.48417119e-014	
2.97531306e+001	7.46851099e-012	-7.46849624e-012	1.48417119e-014	
2.98533095e+001	5.24428271e-012	-5.24425504e-012	1.70342068e-014	
2.99534884e+001	5.24428271e-012	-5.24425504e-012	1.70342068e-014	
3.00536673e+001	5.24428271e-012	-5.24425504e-012	1.70342068e-014	
3.01538462e+001	5.24428271e-012	-5.24425504e-012	1.70342068e-014	
3.02540250e+001	4.14454529e-012	-4.14449041e-012	2.13268278e-014	
3.03542039e+001	4.14454529e-012	-4.14449041e-012	2.13268278e-014	
3.04543828e+001	4.14454529e-012	-4.14449041e-012	2.13268278e-014	
3.05545617e+001	4.14454529e-012	-4.14449041e-012	2.13268278e-014	
3.06547406e+001	3.19803845e-012	-3.19794516e-012	2.44266333e-014	
3.07549195e+001	3.19803845e-012	-3.19794516e-012	2.44266333e-014	
3.08550984e+001	3.19803845e-012	-3.19794516e-012	2.44266333e-014	
3.09552773e+001	3.19803845e-012	-3.19794516e-012	2.44266333e-014	
3.10554562e+001	3.19803845e-012	-3.19794516e-012	2.44266333e-014	
3.11556351e+001	3.19803845e-012	-3.19794516e-012	2.44266333e-014	
3.12558140e+001	3.19803845e-012	-3.19794516e-012	2.44266333e-014	
3.13559928e+001	3.19803845e-012	-3.19794516e-012	2.44266333e-014	
3.14561717e+001	3.19803845e-012	-3.19794516e-012	2.44266333e-014	
3.15563506e+001	2.08570823e-012	-2.08559895e-012	2.13510634e-014	
3.16565295e+001	2.08570823e-012	-2.08559895e-012	2.13510634e-014	
3.17567084e+001	2.08570823e-012	-2.08559895e-012	2.13510634e-014	
3.18568873e+001	2.08570823e-012	-2.08559895e-012	2.13510634e-014	
3.19570662e+001	2.08570823e-012	-2.08559895e-012	2.13510634e-014	
3.20572451e+001	2.08570823e-012	-2.08559895e-012	2.13510634e-014	
3.21574240e+001	2.08570823e-012	-2.08559895e-012	2.13510634e-014	
3.22576029e+001	2.08570823e-012	-2.08559895e-012	2.13510634e-014	
3.23577818e+001	2.08570823e-012	-2.08559895e-012	2.13510634e-014	
3.24579606e+001	1.53673659e-012	-1.53660574e-012	2.00536235e-014	
3.25581395e+001	1.53673659e-012	-1.53660574e-012	2.00536235e-014	
3.26583184e+001	1.53673659e-012	-1.53660574e-012	2.00536235e-014	
3.27584973e+001	1.53673659e-012	-1.53660574e-012	2.00536235e-014	
3.28586762e+001	1.53673659e-012	-1.53660574e-012	2.00536235e-014	
3.29588551e+001	1.53673659e-012	-1.53660574e-012	2.00536235e-014	
3.30590340e+001	1.53673659e-012	-1.53660574e-012	2.00536235e-014	
3.31592129e+001	1.53673659e-012	-1.53660574e-012	2.00536235e-014	
3.32593918e+001	1.05296728e-012	-1.05286949e-012	1.43497253e-014	
3.33595707e+001	1.05296728e-012	-1.05286949e-012	1.43497253e-014	
3.34597496e+001	1.05296728e-012	-1.05286949e-012	1.43497253e-014	
3.35599284e+001	1.05296728e-012	-1.05286949e-012	1.43497253e-014	
3.36601073e+001	1.05296728e-012	-1.05286949e-012	1.43497253e-014	
3.37602862e+001	1.32943140e-012	-1.32931327e-012	1.77221374e-014	
3.38604651e+001	1.32943140e-012	-1.32931327e-012	1.77221374e-014	
3.39606440e+001	1.32943140e-012	-1.32931327e-012	1.77221374e-014	
3.40608229e+001	1.32943140e-012	-1.32931327e-012	1.77221374e-014	
3.41610018e+001	9.79956268e-013	-9.79878226e-013	1.23672753e-014	
3.42611807e+001	9.79956268e-013	-9.79878226e-013	1.23672753e-014	
3.43613596e+001	9.79956268e-013	-9.79878226e-013	1.23672753e-014	
3.44615385e+001	9.79956268e-013	-9.79878226e-013	1.23672753e-014	
3.45617174e+001	9.79956268e-013	-9.79878226e-013	1.23672753e-014	
3.46618962e+001	1.01079366e-012	-1.01072186e-012	1.20477946e-014	
3.47620751e+001	1.01079366e-012	-1.01072186e-012	1.20477946e-014	
3.48622540e+001	1.01079366e-012	-1.01072186e-012	1.20477946e-014	
3.49624329e+001	1.01079366e-012	-1.01072186e-012	1.20477946e-014	
3.50626118e+001	7.68376085e-013	-7.68331890e-013	8.24105687e-015	
3.51627907e+001	7.68376085e-013	-7.68331890e-013	8.24105687e-015	
3.52629696e+001	7.68376085e-013	-7.68331890e-013	8.24105687e-015	
3.53631485e+001	7.68376085e-013	-7.68331890e-013	8.24105687e-015	
3.54633274e+001	7.68376085e-013	-7.68331890e-013	8.24105687e-015	
3.55635063e+001	7.68376085e-013	-7.68331890e-013	8.24105687e-015	
3.56636852e+001	7.68376085e-013	-7.68331890e-013	8.24105687e-015	
3.57638640e+001	7.68376085e-013	-7.68331890e-013	8.24105687e-015	
3.58640429e+001	7.68376085e-013	-7.68331890e-013	8.24105687e-015	
3.59642218e+001	8.06713267e-013	-8.06678743e-013	7.46320600e-015	
3.60644007e+001	8.06713267e-013	-8.06678743e-013	7.46320600e-015	
3.61645796e+001	8.06713267e-013	-8.06678743e-013	7.46320600e-015	
3.62647585e+001	8.06713267e-013	-8.06678743e-013	7.46320600e-015	
3.63649374e+001	8.97978729e-013	-8.97949140e-013	7.28968809e-015	
3.64651163e+001	8.97978729e-013	-8.97949140e-013	7.28968809e-015	
3.65652952e+001	8.97978729e-013	-8.97949140e-013	7.28968809e-015	
3.66654741e+001	8.97978729e-013	-8.97949140e-013	7.28968809e-015	
3.67656530e+001	8.81158135e-013	-8.81135003e-013	6.38469423e-015	
3.68658318e+001	8.81158135e-013	-8.81135003e-013	6.38469423e-015	
3.69660107e+001	8.81158135e-013	-8.81135003e-013	6.38469423e-015	
3.70661896e+001	8.81158135e-013	-8.81135003e-013	6.38469423e-015	
3.71663685e+001	8.81158135e-013	-8.81135003e-013	6.38469423e-015	
3.72665474e+001	8.48433436e-013	-8.48415225e-013	5.55893337e-015	
3.73667263e+001	8.48433436e-013	-8.48415225e-013	5.55893337e-015	
3.74669052e+001	8.48433436e-013	-8.48415225e-013	5.55893337e-015	
3.75670841e+001	8.48433436e-013	-8.48415225e-013	5.55893337e-015	
3.76672630e+001	8.21638745e-013	-8.21623067e-013	5.07585261e-015	
3.77674419e+001	8.21638745e-013	-8.21623067e-013	5.07585261e-015	
3.78676208e+001	8.21638745e-013	-8.21623067e-013	5.07585261e-015	
3.79677996e+001	8.21638745e-013	-8.21623067e-013	5.07585261e-015	
3.80679785e+001	7.65477585e-013	-7.65463859e-013	4.58403546e-015	
3.81681574e+001	7.65477585e-013	-7.65463859e-013	4.58403546e-015	
3.82683363e+001	7.65477585e-013	-7.65463859e-013	4.58403546e-015	
3.83685152e+001	7.65477585e-013	-7.65463859e-013	4.58403546e-015	
3.84686941e+001	7.65477585e-013	-7.65463859e-013	4.58403546e-015	
3.85688730e+001	8.12295131e-013	-8.12278974e-013	5.12333980e-015	
3.86690519e+001	8.12295131e-013	-8.12278974e-013	5.12333980e-015	
3.87692308e+001	8.12295131e-013	-8.12278974e-013	5.12333980e-015	
3.88694097e+001	8.12295131e-013	-8.12278974e-013	5.12333980e-015	
3.89695886e+001	8.12295131e-013	-8.12278974e-013	5.12333980e-015	
3.90697674e+001	8.12295131e-013	-8.12278974e-013	5.12333980e-015	
3.91699463e+001	8.12295131e-013	-8.12278974e-013	5.12333980e-015	
3.92701252e+001	8.12295131e-013	-8.12278974e-013	5.12333980e-015	
3.93703041e+001	8.12295131e-013	-8.12278974e-013	5.12333980e-015	
3.94704830e+001	7.29413416e-013	-7.29390058e-013	5.83739181e-015	
3.95706619e+001	7.29413416e-013	-7.29390058e-013	5.83739181e-015	
3.96708408e+001	7.29413416e-013	-7.29390058e-013	5.83739181e-015	
3.97710197e+001	7.29413416e-013	-7.29390058e-013	5.83739181e-015	
3.98711986e+001	6.73827614e-013	-6.73797782e-013	6.34055008e-015	
3.99713775e+001	6.73827614e-013	-6.73797782e-013	6.34055008e-015	
4.00715564e+001	6.73827614e-013	-6.73797782e-013	6.34055008e-015	
4.01717352e+001	6.73827614e-013	-6.73797782e-013	6.34055008e-015	
4.02719141e+001	5.83094875e-013	-5.83057975e-013	6.55975378e-015	
4.03720930e+001	5.83094875e-013	-5.83057975e-013	6.55975378e-015	
4.04722719e+001	5.83094875e-013	-5.83057975e-013	6.55975378e-015	
4.05724508e+001	5.83094875e-013	-5.83057975e-013	6.55975378e-015	
4.06726297e+001	5.83094875e-013	-5.83057975e-013	6.55975378e-015	
4.07728086e+001	3.69224606e-013	-3.69187598e-013	5.22758655e-015	
4.08729875e+001	3.69224606e-013	-3.69187598e-013	5.22758655e-015	
4.09731664e+001	3.69224606e-013	-3.69187598e-013	5.22758655e-015	
4.10733453e+001	3.69224606e-013	-3.69187598e-013	5.22758655e-015	
4.11735242e+001	3.69224606e-013	-3.69187598e-013	5.22758655e-015	
4.12737030e+001	3.69224606e-013	-3.69187598e-013	5.22758655e-015	
4.13738819e+001	3.69224606e-013	-3.69187598e-013	5.22758655e-015	
4.14740608e+001	3.69224606e-013	-3.69187598e-013	5.22758655e-015	
4.15742397e+001	3.22021040e-013	-3.21974186e-013	5.49305407e-015	
4.16744186e+001	3.22021040e-013	-3.21974186e-013	5.49305407e-015	
4.17745975e+001	3.22021040e-013	-3.21974186e-013	5.49305407e-015	
4.18747764e+001	3.22021040e-013	-3.21974186e-013	5.49305407e-015	
4.19749553e+001	3.22021040e-013	-3.21974186e-013	5.49305407e-015	
4.20751342e+001	2.43721984e-013	-2.43667720e-013	5.14271240e-015	
4.21753131e+001	2.43721984e-013	-2.43667720e-013	5.14271240e-015	
4.22754919e+001	2.43721984e-013	-2.43667720e-013	5.14271240e-015	
4.23756708e+001	2.43721984e-013	-2.43667720e-013	5.14271240e-015	
4.24758497e+001	1.59654759e-013	-1.59610299e-013	3.76756931e-015	
4.25760286e+001	1.59654759e-013	-1.59610299e-013	3.76756931e-015	
4.26762075e+001	1.59654759e-013	-1.59610299e-013	3.76756931e-015	
4.27763864e+001	1.59654759e-013	-1.59610299e-013	3.76756931e-015	
4.28765653e+001	1.59654759e-013	-1.59610299e-013	3.76756931e-015	
4.29767442e+001	1.59654759e-013	-1.59610299e-013	3.76756931e-015	
4.30769231e+001	1.59654759e-013	-1.59610299e-013	3.76756931e-015	
4.31771020e+001	1.59654759e-013	-1.59610299e-013	3.76756931e-015	
4.32772809e+001	1.59654759e-013	-1.59610299e-013	3.76756931e-015	
4.33774597e+001	1.22582816e-013	-1.22538854e-013	3.28272256e-015	
4.34776386e+001	1.22582816e-013	-1.22538854e-013	3.28272256e-015	
4.35778175e+001	1.22582816e-013	-1.22538854e-013	3.28272256e-015	
4.36779964e+001	1.22582816e-013	-1.22538854e-013	3.28272256e-015	
4.37781753e+001	7.92362790e-014	-7.91980853e-014	2.45991570e-015	
4.38783542e+001	7.92362790e-014	-7.91980853e-014	2.45991570e-015	
4.39785331e+001	7.92362790e-014	-7.91980853e-014	2.45991570e-015	
4.40787120e+001	7.92362790e-014	-7.91980853e-014	2.45991570e-015	
4.41788909e+001	7.92362790e-014	-7.91980853e-014	2.45991570e-015	
4.42790698e+001	4.84345232e-014	-4.84030759e-014	1.74507235e-015	
4.43792487e+001	4.84345232e-014	-4.84030759e-014	1.74507235e-015	
4.44794275e+001	4.84345232e-014	-4.84030759e-014	1.74507235e-015	
4.45796064e+001	4.84345232e-014	-4.84030759e-014	1.74507235e-015	
4.46797853e+001	2.89180985e-014	-2.88921308e-014	1.22523346e-015	
4.47799642e+001	2.89180985e-014	-2.88921308e-014	1.22523346e-015	
4.48801431e+001	2.89180985e-014	-2.88921308e-014	1.22523346e-015	
4.49803220e+001	2.89180985e-014	-2.88921308e-014	1.22523346e-015	
4.50805009e+001	1.65008607e-014	-1.64763754e-014	8.98587281e-016	
4.51806798e+001	1.65008607e-014	-1.64763754e-014	8.98587281e-016	
4.52808587e+001	1.65008607e-014	-1.64763754e-014	8.98587281e-016	
4.53810376e+001	1.65008607e-014	-1.64763754e-014	8.98587281e-016	
4.54812165e+001	1.65008607e-014	-1.64763754e-014	8.98587281e-016	
4.55813953e+001	1.32396940e-015	-1.23505626e-015	4.77002115e-016	
4.56815742e+001	1.32396940e-015	-1.23505626e-015	4.77002115e-016	
4.57817531e+001	1.32396940e-015	-1.23505626e-015	4.77002115e-016	
4.58819320e+001	1.32396940e-015	-1.23505626e-015	4.77002115e-016	
4.59821109e+001	1.32396940e-015	-1.23505626e-015	4.77002115e-016	
4.60822898e+001	1.32396940e-015	-1.23505626e-015	4.77002115e-016	
4.61824687e+001	1.32396940e-015	-1.23505626e-015	4.77002115e-016	
4.62826476e+001	1.32396940e-015	-1.23505626e-015	4.77002115e-016	
4.63828265e+001	2.03744584e-014	2.03741866e-014	-1.05235355e-016	
4.64830054e+001	2.03744584e-014	2.03741866e-014	-1.05235355e-016	
4.65831843e+001	2.03744584e-014	2.03741866e-014	-1.05235355e-016	
4.66833631e+001	2.03744584e-014	2.03741866e-014	-1.05235355e-016	
4.67835420e+001	2.03744584e-014	2.03741866e-014	-1.05235355e-016	
4.68837209e+001	3.43384295e-014	3.43362371e-014	-3.88024621e-016	
4.69838998e+001	3.43384295e-014	3.43362371e-014	-3.88024621e-016	
4.70840787e+001	3.43384295e-014	3.43362371e-014	-3.88024621e-016	
4.71842576e+001	3.43384295e-014	3.43362371e-014	-3.88024621e-016	
4.72844365e+001	4.23365076e-014	4.23331333e-014	-5.34509965e-016	
4.73846154e+001	4.23365076e-014	4.23331333e-014	-5.34509965e-016	
4.74847943e+001	4.23365076e-014	4.23331333e-014	-5.34509965e-016	
4.75849732e+001	4.23365076e-014	4.23331333e-014	-5.34509965e-016	
4.76851521e+001	4.23365076e-014	4.23331333e-014	-5.34509965e-016	
4.77853309e+001	4.23365076e-014	4.23331333e-014	-5.34509965e-016	
4.78855098e+001	4.23365076e-014	4.23331333e-014	-5.34509965e-016	
4.79856887e+001	4.23365076e-014	4.23331333e-014	-5.34509965e-016	
4.80858676e+001	4.23365076e-014	4.23331333e-014	-5.34509965e-016	
4.81860465e+001	6.13840685e-014	6.13797753e-014	-7.25981983e-016	
4.82862254e+001	6.13840685e-014	6.13797753e-014	-7.25981983e-016	
4.83864043e+001	6.13840685e-014	6.13797753e-014	-7.25981983e-016	
4.84865832e+001	6.13840685e-014	6.13797753e-014	-7.25981983e-016	
4.85867621e+001	7.15786525e-014	7.15747618e-014	-7.46304771e-016	
4.86869410e+001	7.15786525e-014	7.15747618e-014	-7.46304771e-016	
4.87871199e+001	7.15786525e-014	7.15747618e-014	-7.46304771e-016	
4.88872987e+001	7.15786525e-014	7.15747618e-014	-7.46304771e-016	
4.89874776e+001	7.15786525e-014	7.15747618e-014	-7.46304771e-016	
4.90876565e+001	8.35847126e-014	8.35812371e-014	-7.62222076e-016	
4.91878354e+001	8.35847126e-014	8.35812371e-014	-7.62222076e-016	
4.92880143e+001	8.35847126e-014	8.35812371e-014	-7.62222076e-016	
4.93881932e+001	8.35847126e-014	8.35812371e-014	-7.62222076e-016	
4.94883721e+001	7.13894313e-014	7.13871813e-014	-5.66783560e-016	
4.95885510e+001	7.13894313e-014	7.13871813e-014	-5.66783560e-016	
4.96887299e+001	7.13894313e-014	7.13871813e-014	-5.66783560e-016	
4.97889088e+001	7.13894313e-014	7.13871813e-014	-5.66783560e-016	
4.98890877e+001	7.13894313e-014	7.13871813e-014	-5.66783560e-016	
4.99892665e+001	7.13894313e-014	7.13871813e-014	-5.66783560e-016	
5.00894454e+001	7.13894313e-014	7.13871813e-014	-5.66783560e-016	
5.01896243e+001	7.13894313e-014	7.13871813e-014	-5.66783560e-016	
5.02898032e+001	7.13894313e-014	7.13871813e-014	-5.66783560e-016	
5.03899821e+001	9.94696712e-014	9.94678141e-014	-6.07831733e-016	
5.04901610e+001	9.94696712e-014	9.94678141e-014	-6.07831733e-016	
5.05903399e+001	9.94696712e-014	9.94678141e-014	-6.07831733e-016	
5.06905188e+001	9.94696712e-014	9.94678141e-014	-6.07831733e-016	
5.07906977e+001	7.76294081e-014	7.76282709e-014	-4.20186897e-016	
5.08908766e+001	7.76294081e-014	7.76282709e-014	-4.20186897e-016	
5.09910555e+001	7.76294081e-014	7.76282709e-014	-4.20186897e-016	
5.10912343e+001	7.76294081e-014	7.76282709e-014	-4.20186897e-016	
5.11914132e+001	6.82935865e-014	6.82928643e-014	-3.14072985e-016	
5.12915921e+001	6.82935865e-014	6.82928643e-014	-3.14072985e-016	
5.13917710e+001	6.82935865e-014	6.82928643e-014	-3.14072985e-016	
5.14919499e+001	6.82935865e-014	6.82928643e-014	-3.14072985e-016	
5.15921288e+001	6.82935865e-014	6.82928643e-014	-3.14072985e-016	
5.16923077e+001	6.86540389e-014	6.86535042e-014	-2.70966619e-016	
5.17924866e+001	6.86540389e-014	6.86535042e-014	-2.70966619e-016	
5.18926655e+001	6.86540389e-014	6.86535042e-014	-2.70966619e-016	
5.19928444e+001	6.86540389e-014	6.86535042e-014	-2.70966619e-016	
5.20930233e+001	6.86540389e-014	6.86535042e-014	-2.70966619e-016	
5.21932021e+001	6.86540389e-014	6.86535042e-014	-2.70966619e-016	
5.22933810e+001	6.86540389e-014	6.86535042e-014	-2.70966619e-016	
5.23935599e+001	6.86540389e-014	6.86535042e-014	-2.70966619e-016	
5.24937388e+001	3.96774557e-014	3.96773088e-014	-1.07941779e-016	
5.25939177e+001	3.96774557e-014	3.96773088e-014	-1.07941779e-016	
5.26940966e+001	3.96774557e-014	3.96773088e-014	-1.07941779e-016	
5.27942755e+001	3.96774557e-014	3.96773088e-014	-1.07941779e-016	
5.28944544e+001	3.96774557e-014	3.96773088e-014	-1.07941779e-016	
5.29946333e+001	3.96774557e-014	3.96773088e-014	-1.07941779e-016	
5.30948122e+001	3.96774557e-014	3.96773088e-014	-1.07941779e-016	
5.31949911e+001	3.96774557e-014	3.96773088e-014	-1.07941779e-016	
5.32951699e+001	3.96774557e-014	3.96773088e-014	-1.07941779e-016	
5.33953488e+001	3.71064849e-014	3.71063956e-014	-8.14034761e-017	
5.34955277e+001	3.71064849e-014	3.71063956e-014	-8.14034761e-017	
5.35957066e+001	3.71064849e-014	3.71063956e-014	-8.14034761e-017	
5.36958855e+001	3.71064849e-014	3.71063956e-014	-8.14034761e-017	
5.37960644e+001	3.71064849e-014	3.71063956e-014	-8.14034761e-017	
5.38962433e+001	2.35349762e-014	2.35349421e-014	-4.00942056e-017	
5.39964222e+001	2.35349762e-014	2.35349421e-014	-4.00942056e-017	
5.40966011e+001	2.35349762e-014	2.35349421e-014	-4.00942056e-017	
5.41967800e+001	2.35349762e-014	2.35349421e-014	-4.00942056e-017	
5.42969589e+001	2.35349762e-014	2.35349421e-014	-4.00942056e-017	
5.43971377e+001	2.35349762e-014	2.35349421e-014	-4.00942056e-017	
5.44973166e+001	2.35349762e-014	2.35349421e-014	-4.00942056e-017	
5.45974955e+001	2.35349762e-014	2.35349421e-014	-4.00942056e-017	
5.46976744e+001	1.69445341e-014	1.69445168e-014	-2.41679635e-017	
5.47978533e+001	1.69445341e-014	1.69445168e-014	-2.41679635e-017	
5.48980322e+001	1.69445341e-014	1.69445168e-014	-2.41679635e-017	
5.49982111e+001	1.69445341e-014	1.69445168e-014	-2.41679635e-017	
5.50983900e+001	1.69445341e-014	1.69445168e-014	-2.41679635e-017	
5.51985689e+001	9.55894326e-015	9.55893578e-015	-1.19561546e-017	
5.52987478e+001	9.55894326e-015	9.55893578e-015	-1.19561546e-017	
5.53989267e+001	9.55894326e-015	9.55893578e-015	-1.19561546e-017	
5.54991055e+001	9.55894326e-015	9.55893578e-015	-1.19561546e-017	
5.55992844e+001	4.80066671e-015	4.80066335e-015	-5.68471039e-018	
5.56994633e+001	4.80066671e-015	4.80066335e-015	-5.68471039e-018	
5.57996422e+001	2.87635644e-015	2.87635442e-015	-3.40424372e-018	
5.58998211e+001	1.79965805e-015	1.79965679e-015	-2.12861245e-018	
5.60000000e+001	1.84693451e-016	1.84693323e-016	-2.17460235e-019	
