% Column 0: Length, cm
% Column 1: |B.t|, Tesla
% Column 2: Re[B.t], Tesla
% Column 3: Im[B.t], Tesla
0.00000000e+000	3.95946182e-006	-3.95920275e-006	4.52938127e-008	
1.00178891e-001	3.95960155e-006	-3.95934246e-006	4.52961661e-008	
2.00357782e-001	3.96010821e-006	-3.95984905e-006	4.53049512e-008	
3.00536673e-001	3.96139023e-006	-3.96113084e-006	4.53324752e-008	
4.00715564e-001	3.96333966e-006	-3.96307995e-006	4.53718146e-008	
5.00894454e-001	3.96540586e-006	-3.96514581e-006	4.54127308e-008	
6.01073345e-001	3.96756208e-006	-3.96730166e-006	4.54577985e-008	
7.01252236e-001	3.97126273e-006	-3.97100165e-006	4.55366247e-008	
8.01431127e-001	3.97532921e-006	-3.97506739e-006	4.56241553e-008	
9.01610018e-001	3.97939568e-006	-3.97913312e-006	4.57116859e-008	
1.00178891e+000	3.98452339e-006	-3.98425990e-006	4.58228303e-008	
1.10196780e+000	3.99163578e-006	-3.99137097e-006	4.59781362e-008	
1.20214669e+000	3.99874818e-006	-3.99848205e-006	4.61334420e-008	
1.30232558e+000	4.00649383e-006	-4.00622630e-006	4.62991567e-008	
1.40250447e+000	4.01477234e-006	-4.01450332e-006	4.64762441e-008	
1.50268336e+000	4.02282456e-006	-4.02255400e-006	4.66557917e-008	
1.60286225e+000	4.03087679e-006	-4.03060469e-006	4.68353393e-008	
1.70304114e+000	4.03892902e-006	-4.03865538e-006	4.70148868e-008	
1.80322004e+000	4.04869542e-006	-4.04842007e-006	4.72175894e-008	
1.90339893e+000	4.05921248e-006	-4.05893537e-006	4.74304320e-008	
2.00357782e+000	4.07027252e-006	-4.06999330e-006	4.76756009e-008	
2.10375671e+000	4.08173307e-006	-4.08145148e-006	4.79446139e-008	
2.20393560e+000	4.09328795e-006	-4.09300414e-006	4.82010748e-008	
2.30411449e+000	4.10495486e-006	-4.10466901e-006	4.84426296e-008	
2.40429338e+000	4.11662177e-006	-4.11633388e-006	4.86841845e-008	
2.50447227e+000	4.12828868e-006	-4.12799875e-006	4.89257393e-008	
2.60465116e+000	4.13995560e-006	-4.13966363e-006	4.91672942e-008	
2.70483005e+000	4.15198634e-006	-4.15169195e-006	4.94415012e-008	
2.80500894e+000	4.16843896e-006	-4.16814081e-006	4.98549572e-008	
2.90518784e+000	4.18469085e-006	-4.18438929e-006	5.02377029e-008	
3.00536673e+000	4.20094275e-006	-4.20063776e-006	5.06204486e-008	
3.10554562e+000	4.21749444e-006	-4.21718597e-006	5.10081142e-008	
3.20572451e+000	4.23681701e-006	-4.23650471e-006	5.14412547e-008	
3.30590340e+000	4.25613958e-006	-4.25582345e-006	5.18743952e-008	
3.40608229e+000	4.27288843e-006	-4.27256898e-006	5.22473970e-008	
3.50626118e+000	4.28959460e-006	-4.28927185e-006	5.26194015e-008	
3.60644007e+000	4.30724641e-006	-4.30691985e-006	5.30386394e-008	
3.70661896e+000	4.32661565e-006	-4.32628433e-006	5.35436601e-008	
3.80679785e+000	4.34874697e-006	-4.34841080e-006	5.40712034e-008	
3.90697674e+000	4.37352715e-006	-4.37318606e-006	5.46203462e-008	
4.00715564e+000	4.39815824e-006	-4.39781219e-006	5.51706079e-008	
4.10733453e+000	4.41965175e-006	-4.41930018e-006	5.57444146e-008	
4.20751342e+000	4.44114528e-006	-4.44078818e-006	5.63182214e-008	
4.30769231e+000	4.46322302e-006	-4.46286044e-006	5.68893326e-008	
4.40787120e+000	4.48547441e-006	-4.48510636e-006	5.74596427e-008	
4.50805009e+000	4.50772582e-006	-4.50735228e-006	5.80299527e-008	
4.60822898e+000	4.52997724e-006	-4.52959820e-006	5.86002628e-008	
4.70840787e+000	4.55593121e-006	-4.55554591e-006	5.92508785e-008	
4.80858676e+000	4.58224552e-006	-4.58185389e-006	5.99081308e-008	
4.90876565e+000	4.60855985e-006	-4.60816186e-006	6.05653831e-008	
5.00894454e+000	4.63487420e-006	-4.63446984e-006	6.12226354e-008	
5.10912343e+000	4.66277931e-006	-4.66236707e-006	6.20017769e-008	
5.20930233e+000	4.69116861e-006	-4.69074879e-006	6.27588580e-008	
5.30948122e+000	4.71955793e-006	-4.71913051e-006	6.35159391e-008	
5.40966011e+000	4.74794729e-006	-4.74751224e-006	6.42730203e-008	
5.50983900e+000	4.77633667e-006	-4.77589396e-006	6.50301014e-008	
5.61001789e+000	4.80598491e-006	-4.80553423e-006	6.58155597e-008	
5.71019678e+000	4.84158959e-006	-4.84112964e-006	6.67352908e-008	
5.81037567e+000	4.87719431e-006	-4.87672504e-006	6.76550219e-008	
5.91055456e+000	4.90964150e-006	-4.90916233e-006	6.85919939e-008	
6.01073345e+000	4.93859221e-006	-4.93810248e-006	6.95480579e-008	
6.11091234e+000	4.97087392e-006	-4.97037243e-006	7.06073292e-008	
6.21109123e+000	5.00876801e-006	-5.00825278e-006	7.18404945e-008	
6.31127013e+000	5.04666219e-006	-5.04613312e-006	7.30736598e-008	
6.41144902e+000	5.08455647e-006	-5.08401347e-006	7.43068251e-008	
6.51162791e+000	5.11282957e-006	-5.11227120e-006	7.55599269e-008	
6.61180680e+000	5.14308448e-006	-5.14250831e-006	7.69820488e-008	
6.71198569e+000	5.18091173e-006	-5.18032175e-006	7.81851396e-008	
6.81216458e+000	5.21873906e-006	-5.21813519e-006	7.93882304e-008	
6.91234347e+000	5.25656647e-006	-5.25594864e-006	8.05913211e-008	
7.01252236e+000	5.29439395e-006	-5.29376208e-006	8.17944119e-008	
7.11270125e+000	5.33222150e-006	-5.33157552e-006	8.29975026e-008	
7.21288014e+000	5.36693131e-006	-5.36626824e-006	8.43617623e-008	
7.31305903e+000	5.39845447e-006	-5.39777116e-006	8.58907582e-008	
7.41323792e+000	5.42997783e-006	-5.42927408e-006	8.74197542e-008	
7.51341682e+000	5.46394405e-006	-5.46321798e-006	8.90721982e-008	
7.61359571e+000	5.50311912e-006	-5.50237033e-006	9.07788453e-008	
7.71377460e+000	5.54693758e-006	-5.54616646e-006	9.24885501e-008	
7.81395349e+000	5.59075621e-006	-5.58996259e-006	9.41982549e-008	
7.91413238e+000	5.63457501e-006	-5.63375871e-006	9.59079597e-008	
8.01431127e+000	5.67772279e-006	-5.67688546e-006	9.75064908e-008	
8.11449016e+000	5.72489253e-006	-5.72402763e-006	9.95095891e-008	
8.21466905e+000	5.76964130e-006	-5.76874531e-006	1.01676817e-007	
8.31484794e+000	5.81439039e-006	-5.81346300e-006	1.03844045e-007	
8.41502683e+000	5.85913981e-006	-5.85818068e-006	1.06011273e-007	
8.51520572e+000	5.89808709e-006	-5.89708632e-006	1.08647128e-007	
8.61538462e+000	5.92504557e-006	-5.92399075e-006	1.11797171e-007	
8.71556351e+000	5.95200523e-006	-5.95089518e-006	1.14947214e-007	
8.81574240e+000	6.00117710e-006	-6.00001741e-006	1.17973126e-007	
8.91592129e+000	6.05611690e-006	-6.05490867e-006	1.20966808e-007	
9.01610018e+000	6.10059000e-006	-6.09932459e-006	1.24249200e-007	
9.11627907e+000	6.11624603e-006	-6.11489966e-006	1.28326475e-007	
9.21645796e+000	6.12362220e-006	-6.12218740e-006	1.32553074e-007	
9.31663685e+000	6.10030242e-006	-6.09875637e-006	1.37333172e-007	
9.41681574e+000	6.07698727e-006	-6.07532535e-006	1.42113271e-007	
9.51699463e+000	6.05367678e-006	-6.05189432e-006	1.46893369e-007	
9.61717352e+000	6.07070541e-006	-6.06881479e-006	1.51496308e-007	
9.71735242e+000	6.07982211e-006	-6.07777859e-006	1.57620840e-007	
9.81753131e+000	6.07194517e-006	-6.06973689e-006	1.63744152e-007	
9.91771020e+000	6.06407484e-006	-6.06169520e-006	1.69867463e-007	
1.00178891e+001	6.05621116e-006	-6.05365351e-006	1.75990775e-007	
1.01180680e+001	5.93167882e-006	-5.92879297e-006	1.85006723e-007	
1.02182469e+001	5.87497272e-006	-5.87167516e-006	1.96812684e-007	
1.03184258e+001	5.84266016e-006	-5.83890000e-006	2.09581822e-007	
1.04186047e+001	5.81038085e-006	-5.80612484e-006	2.22350959e-007	
1.05187835e+001	5.64349396e-006	-5.63841411e-006	2.39395989e-007	
1.06189624e+001	5.16958044e-006	-5.16272208e-006	2.66200450e-007	
1.07191413e+001	4.69617958e-006	-4.68703006e-006	2.93004912e-007	
1.08193202e+001	4.22346375e-006	-4.21133803e-006	3.19809374e-007	
1.09194991e+001	3.84686363e-006	-3.82941480e-006	3.65981019e-007	
1.10196780e+001	2.92439046e-006	-2.89291715e-006	4.27890117e-007	
1.11198569e+001	1.80325464e-006	-1.73676914e-006	4.85139417e-007	
1.12200358e+001	9.99708948e-007	-8.58064582e-007	5.12974808e-007	
1.13202147e+001	7.66944862e-007	5.24970802e-007	5.59115442e-007	
1.14203936e+001	2.31798420e-006	2.24097334e-006	5.92527826e-007	
1.15205725e+001	3.67023456e-006	3.63752136e-006	4.88937724e-007	
1.16207513e+001	4.51095347e-006	4.50393511e-006	2.51534668e-007	
1.17209302e+001	4.63926393e-006	4.63925977e-006	-6.21255391e-009	
1.18211091e+001	4.48981128e-006	4.48835694e-006	-1.14268388e-007	
1.19212880e+001	4.38573721e-006	4.38163656e-006	-1.89609946e-007	
1.20214669e+001	4.15333906e-006	4.14832146e-006	-2.04094185e-007	
1.21216458e+001	3.99977152e-006	3.99469218e-006	-2.01510816e-007	
1.22218247e+001	3.94379816e-006	3.93877059e-006	-1.99073264e-007	
1.23220036e+001	3.95561995e-006	3.95088050e-006	-1.93577901e-007	
1.24221825e+001	4.02552529e-006	4.02096141e-006	-1.91632854e-007	
1.25223614e+001	4.11620496e-006	4.11184309e-006	-1.89445689e-007	
1.26225403e+001	4.29946119e-006	4.29520520e-006	-1.91255934e-007	
1.27227191e+001	4.49619694e-006	4.49201514e-006	-1.93873386e-007	
1.28228980e+001	4.73627629e-006	4.73218943e-006	-1.96713892e-007	
1.29230769e+001	5.05036595e-006	5.04617002e-006	-2.05825884e-007	
1.30232558e+001	5.43313525e-006	5.42895996e-006	-2.12960880e-007	
1.31234347e+001	5.87052881e-006	5.86639531e-006	-2.20260145e-007	
1.32236136e+001	6.37568418e-006	6.37137842e-006	-2.34277137e-007	
1.33237925e+001	6.96439653e-006	6.95982714e-006	-2.52240309e-007	
1.34239714e+001	7.57772738e-006	7.57304525e-006	-2.66341646e-007	
1.35241503e+001	8.34763743e-006	8.34266167e-006	-2.88178625e-007	
1.36243292e+001	9.23203791e-006	9.22690326e-006	-3.07863814e-007	
1.37245081e+001	1.03441529e-005	1.03387757e-005	-3.33489457e-007	
1.38246869e+001	1.14518799e-005	1.14465602e-005	-3.49016318e-007	
1.39248658e+001	1.27247072e-005	1.27191541e-005	-3.75888305e-007	
1.40250447e+001	1.42209890e-005	1.42153857e-005	-3.99169923e-007	
1.41252236e+001	1.59237470e-005	1.59188338e-005	-3.95534611e-007	
1.42254025e+001	1.85428468e-005	1.85368079e-005	-4.73200190e-007	
1.43255814e+001	2.11358338e-005	2.11314736e-005	-4.29296535e-007	
1.44257603e+001	2.43927390e-005	2.43898933e-005	-3.72590200e-007	
1.45259392e+001	2.73956145e-005	2.73955412e-005	6.33811145e-008	
1.46261181e+001	3.10396466e-005	3.10315897e-005	7.07177417e-007	
1.47262970e+001	3.33935539e-005	3.33428397e-005	1.83969676e-006	
1.48264758e+001	3.20243341e-005	3.18286511e-005	3.53481835e-006	
1.49266547e+001	2.66185456e-005	2.62677753e-005	4.30708147e-006	
1.50268336e+001	1.79810230e-005	1.74970232e-005	4.14383475e-006	
1.51270125e+001	8.55827462e-006	7.83779985e-006	3.43699840e-006	
1.52271914e+001	2.75024476e-006	1.62443188e-008	2.75019678e-006	
1.53273703e+001	7.50096765e-006	-7.18328291e-006	2.15985237e-006	
1.54275492e+001	1.18473681e-005	-1.16952064e-005	1.89269107e-006	
1.55277281e+001	1.62700097e-005	-1.61908202e-005	1.60329518e-006	
1.56279070e+001	2.12423261e-005	-2.12050483e-005	1.25791217e-006	
1.57280859e+001	2.45313831e-005	-2.45090997e-005	1.04536522e-006	
1.58282648e+001	2.71813248e-005	-2.71652274e-005	9.35329558e-007	
1.59284436e+001	2.99412370e-005	-2.99300285e-005	8.19188123e-007	
1.60286225e+001	3.27023876e-005	-3.26948296e-005	7.03046687e-007	
1.61288014e+001	3.52536555e-005	-3.52484212e-005	6.07478080e-007	
1.62289803e+001	3.71669033e-005	-3.71624675e-005	5.74204291e-007	
1.63291592e+001	3.90802576e-005	-3.90765138e-005	5.40930503e-007	
1.64293381e+001	4.09937035e-005	-4.09905600e-005	5.07656715e-007	
1.65295170e+001	4.30771578e-005	-4.30745764e-005	4.71591664e-007	
1.66296959e+001	4.51407919e-005	-4.51386828e-005	4.36360243e-007	
1.67298748e+001	4.72044935e-005	-4.72027891e-005	4.01128822e-007	
1.68300537e+001	4.92682543e-005	-4.92668955e-005	3.65897401e-007	
1.69302326e+001	5.10742654e-005	-5.10731250e-005	3.41306865e-007	
1.70304114e+001	5.34661966e-005	-5.34652273e-005	3.21953212e-007	
1.71305903e+001	5.58970201e-005	-5.58962060e-005	3.01687819e-007	
1.72307692e+001	5.81718460e-005	-5.81711688e-005	2.80686379e-007	
1.73309481e+001	6.04466895e-005	-6.04461317e-005	2.59684938e-007	
1.74311270e+001	6.27215487e-005	-6.27210945e-005	2.38683497e-007	
1.75313059e+001	6.54557822e-005	-6.54554373e-005	2.12471713e-007	
1.76314848e+001	6.84161567e-005	-6.84159162e-005	1.81420922e-007	
1.77316637e+001	7.11109454e-005	-7.11107811e-005	1.52848326e-007	
1.78318426e+001	7.36005741e-005	-7.36004648e-005	1.26842989e-007	
1.79320215e+001	7.62398708e-005	-7.62398055e-005	9.97679689e-008	
1.80322004e+001	8.00429808e-005	-8.00429549e-005	6.43745478e-008	
1.81323792e+001	8.38461094e-005	-8.38461043e-005	2.89811267e-008	
1.82325581e+001	8.76315603e-005	-8.76315602e-005	-5.17598152e-009	
1.83327370e+001	9.13260519e-005	-9.13260459e-005	-3.29766941e-008	
1.84329159e+001	9.59671392e-005	-9.59671107e-005	-7.40461622e-008	
1.85330948e+001	1.01532851e-004	-1.01532770e-004	-1.28333479e-007	
1.86332737e+001	1.07177854e-004	-1.07177660e-004	-2.04228824e-007	
1.87334526e+001	1.12822896e-004	-1.12822549e-004	-2.80124169e-007	
1.88336315e+001	1.18467973e-004	-1.18467438e-004	-3.56019514e-007	
1.89338104e+001	1.25854866e-004	-1.25854155e-004	-4.23202709e-007	
1.90339893e+001	1.33472312e-004	-1.33471416e-004	-4.89232784e-007	
1.91341682e+001	1.41089769e-004	-1.41088677e-004	-5.55262859e-007	
1.92343470e+001	1.49079557e-004	-1.49078051e-004	-6.70147438e-007	
1.93345259e+001	1.57377842e-004	-1.57376095e-004	-7.41563389e-007	
1.94347048e+001	1.65709076e-004	-1.65707172e-004	-7.94317786e-007	
1.95348837e+001	1.74040311e-004	-1.74038250e-004	-8.47072183e-007	
1.96350626e+001	1.82371547e-004	-1.82369327e-004	-8.99826580e-007	
1.97352415e+001	1.90865990e-004	-1.90863603e-004	-9.54521692e-007	
1.98354204e+001	2.02400688e-004	-2.02397988e-004	-1.04536897e-006	
1.99355993e+001	2.15374079e-004	-2.15372257e-004	-8.86035168e-007	
2.00357782e+001	2.26337834e-004	-2.26336785e-004	-6.88986052e-007	
2.01359571e+001	2.35899912e-004	-2.35899400e-004	-4.91654461e-007	
2.02361360e+001	2.45462191e-004	-2.45462014e-004	-2.94322870e-007	
2.03363148e+001	2.55024647e-004	-2.55024629e-004	-9.69912789e-008	
2.04364937e+001	2.64954437e-004	-2.64954392e-004	1.54218140e-007	
2.05366726e+001	2.74817941e-004	-2.74817454e-004	5.17644668e-007	
2.06368515e+001	2.83892862e-004	-2.83891432e-004	9.00923472e-007	
2.07370304e+001	2.92755478e-004	-2.92752813e-004	1.24917822e-006	
2.08372093e+001	3.01412613e-004	-3.01408558e-004	1.56355577e-006	
2.09373882e+001	3.06799002e-004	-3.06793913e-004	1.76707847e-006	
2.10375671e+001	3.11869977e-004	-3.11863573e-004	1.99854680e-006	
2.11377460e+001	3.16941079e-004	-3.16933234e-004	2.23001512e-006	
2.12379249e+001	3.20785480e-004	-3.20776514e-004	2.39833429e-006	
2.13381038e+001	3.22187040e-004	-3.22177794e-004	2.44090918e-006	
2.14382826e+001	3.24104096e-004	-3.24094353e-004	2.51296879e-006	
2.15384615e+001	3.26702870e-004	-3.26692332e-004	2.62401980e-006	
2.16386404e+001	3.29234182e-004	-3.29222843e-004	2.73238840e-006	
2.17388193e+001	3.27268512e-004	-3.27257685e-004	2.66201583e-006	
2.18389982e+001	3.23809117e-004	-3.23799138e-004	2.54216844e-006	
2.19391771e+001	3.18524543e-004	-3.18515786e-004	2.36186671e-006	
2.20393560e+001	3.13240031e-004	-3.13232434e-004	2.18156498e-006	
2.21395349e+001	3.09190288e-004	-3.09184008e-004	1.97054439e-006	
2.22397138e+001	3.02746727e-004	-3.02741898e-004	1.70999764e-006	
2.23398927e+001	2.96303333e-004	-2.96299788e-004	1.44945089e-006	
2.24400716e+001	2.89860117e-004	-2.89857678e-004	1.18890415e-006	
2.25402504e+001	2.83417089e-004	-2.83415568e-004	9.28357400e-007	
2.26404293e+001	2.76974263e-004	-2.76973458e-004	6.67810654e-007	
2.27406082e+001	2.70365746e-004	-2.70365456e-004	3.96311228e-007	
2.28407871e+001	2.58726077e-004	-2.58726070e-004	6.28773247e-008	
2.29409660e+001	2.47365375e-004	-2.47365252e-004	-2.47013538e-007	
2.30411449e+001	2.36029431e-004	-2.36028806e-004	-5.43202072e-007	
2.31413238e+001	2.24985846e-004	-2.24984834e-004	-6.74961512e-007	
2.32415027e+001	2.13942383e-004	-2.13940862e-004	-8.06720952e-007	
2.33416816e+001	2.02899060e-004	-2.02896890e-004	-9.38480392e-007	
2.34418605e+001	1.94502713e-004	-1.94500355e-004	-9.57697950e-007	
2.35420394e+001	1.86525435e-004	-1.86523251e-004	-9.02631397e-007	
2.36422182e+001	1.78109319e-004	-1.78107291e-004	-8.49834168e-007	
2.37423971e+001	1.68744500e-004	-1.68742594e-004	-8.01942874e-007	
2.38425760e+001	1.59379680e-004	-1.59377897e-004	-7.54051581e-007	
2.39427549e+001	1.50014861e-004	-1.50013199e-004	-7.06160287e-007	
2.40429338e+001	1.41057054e-004	-1.41055639e-004	-6.31811302e-007	
2.41431127e+001	1.33671141e-004	-1.33670365e-004	-4.55287694e-007	
2.42432916e+001	1.26322914e-004	-1.26322513e-004	-3.18374550e-007	
2.43434705e+001	1.19020792e-004	-1.19020570e-004	-2.30057481e-007	
2.44436494e+001	1.11718717e-004	-1.11718627e-004	-1.41740412e-007	
2.45438283e+001	1.04416698e-004	-1.04416684e-004	-5.34233423e-008	
2.46440072e+001	9.72544869e-005	-9.72544798e-005	3.69369525e-008	
2.47441860e+001	9.19257108e-005	-9.19256371e-005	1.16393702e-007	
2.48443649e+001	8.76304314e-005	-8.76302385e-005	1.83846642e-007	
2.49445438e+001	8.33441487e-005	-8.33437664e-005	2.52425004e-007	
2.50447227e+001	7.90579461e-005	-7.90572944e-005	3.21003366e-007	
2.51449016e+001	7.47718372e-005	-7.47708223e-005	3.89581728e-007	
2.52450805e+001	7.06901405e-005	-7.06886582e-005	4.57779044e-007	
2.53452594e+001	6.74092137e-005	-6.74071733e-005	5.24483044e-007	
2.54454383e+001	6.41284135e-005	-6.41256884e-005	5.91187044e-007	
2.55456172e+001	6.03159637e-005	-6.03123919e-005	6.56398144e-007	
2.56457961e+001	5.64188384e-005	-5.64142265e-005	7.21371000e-007	
2.57459750e+001	5.18761707e-005	-5.18688099e-005	8.73872555e-007	
2.58461538e+001	4.71420550e-005	-4.71303047e-005	1.05248573e-006	
2.59463327e+001	4.33951058e-005	-4.33790105e-005	1.18180162e-006	
2.60465116e+001	3.99707976e-005	-3.99498129e-005	1.29503332e-006	
2.61466905e+001	3.65477571e-005	-3.65206153e-005	1.40826502e-006	
2.62468694e+001	3.14086301e-005	-3.13595080e-005	1.75593412e-006	
2.63470483e+001	2.59076595e-005	-2.58178679e-005	2.15511347e-006	
2.64472272e+001	1.93989113e-005	-1.92291723e-005	2.56060362e-006	
2.65474061e+001	1.27772648e-005	-1.24279195e-005	2.96737490e-006	
2.66475850e+001	4.98779157e-006	-3.29606177e-006	3.74353330e-006	
2.67477639e+001	9.96321279e-006	8.76539398e-006	4.73639922e-006	
2.68479428e+001	2.14292786e-005	2.07574446e-005	5.32376488e-006	
2.69481216e+001	3.59713735e-005	3.53769348e-005	6.51246427e-006	
2.70483005e+001	4.72171864e-005	4.69512885e-005	5.00391890e-006	
2.71484794e+001	4.98733364e-005	4.97501952e-005	3.50253546e-006	
2.72486583e+001	4.72961058e-005	4.72790171e-005	1.27128492e-006	
2.73488372e+001	4.23368622e-005	4.23366162e-005	1.44313886e-007	
2.74490161e+001	3.78151703e-005	3.78127362e-005	-4.29055774e-007	
2.75491950e+001	3.35383526e-005	3.35313848e-005	-6.83615316e-007	
2.76493739e+001	2.92550432e-005	2.92458334e-005	-7.34018716e-007	
2.77495528e+001	2.56954682e-005	2.56857195e-005	-7.07742125e-007	
2.78497317e+001	2.31553342e-005	2.31449229e-005	-6.94293825e-007	
2.79499106e+001	2.11890052e-005	2.11781661e-005	-6.77656704e-007	
2.80500894e+001	1.93343091e-005	1.93226594e-005	-6.71074715e-007	
2.81502683e+001	1.78272638e-005	1.78151281e-005	-6.57681155e-007	
2.82504472e+001	1.65631833e-005	1.65505660e-005	-6.46378956e-007	
2.83506261e+001	1.54833180e-005	1.54705711e-005	-6.28144763e-007	
2.84508050e+001	1.48401057e-005	1.48292196e-005	-5.68317655e-007	
2.85509839e+001	1.43225968e-005	1.43124349e-005	-5.39432855e-007	
2.86511628e+001	1.42166584e-005	1.42083169e-005	-4.86933802e-007	
2.87513417e+001	1.35690866e-005	1.35658156e-005	-2.97926454e-007	
2.88515206e+001	1.33335410e-005	1.33321455e-005	1.92909054e-007	
2.89516995e+001	1.19983407e-005	1.19748172e-005	7.50954329e-007	
2.90518784e+001	8.34570120e-006	8.29886859e-006	8.82897898e-007	
2.91520572e+001	4.95616788e-006	4.87240873e-006	9.07322001e-007	
2.92522361e+001	2.06319889e-006	1.84430212e-006	9.24845575e-007	
2.93524150e+001	1.32100485e-006	-1.04052100e-006	8.13861077e-007	
2.94525939e+001	3.98777657e-006	-3.92534412e-006	7.02876579e-007	
2.95527728e+001	4.78846993e-006	-4.74489417e-006	6.44533604e-007	
2.96529517e+001	5.59493865e-006	-5.56414505e-006	5.86198255e-007	
2.97531306e+001	6.40518405e-006	-6.38339592e-006	5.27862905e-007	
2.98533095e+001	7.25752746e-006	-7.24144525e-006	4.82882651e-007	
2.99534884e+001	7.75856694e-006	-7.74475227e-006	4.62788589e-007	
3.00536673e+001	8.24632173e-006	-8.23509088e-006	4.30232724e-007	
3.01538462e+001	8.73448721e-006	-8.72542950e-006	3.97676858e-007	
3.02540250e+001	9.22299817e-006	-9.21576811e-006	3.65120992e-007	
3.03542039e+001	9.55096196e-006	-9.54498438e-006	3.37857276e-007	
3.04543828e+001	9.44067772e-006	-9.43508135e-006	3.25016667e-007	
3.05545617e+001	9.33040217e-006	-9.32517832e-006	3.12176059e-007	
3.06547406e+001	9.30843355e-006	-9.30359159e-006	3.00197783e-007	
3.07549195e+001	9.35171174e-006	-9.34724956e-006	2.88856566e-007	
3.08550984e+001	9.34309870e-006	-9.33891750e-006	2.79487332e-007	
3.09552773e+001	9.33199480e-006	-9.32808190e-006	2.70213056e-007	
3.10554562e+001	9.32089950e-006	-9.31724630e-006	2.60938781e-007	
3.11556351e+001	9.31157984e-006	-9.30818089e-006	2.51570473e-007	
3.12558140e+001	9.31785919e-006	-9.31473237e-006	2.41372602e-007	
3.13559928e+001	9.32415006e-006	-9.32128385e-006	2.31174731e-007	
3.14561717e+001	9.20096787e-006	-9.19825135e-006	2.23566377e-007	
3.15563506e+001	9.05924786e-006	-9.05666460e-006	2.16328798e-007	
3.16565295e+001	8.93493822e-006	-8.93247342e-006	2.09856261e-007	
3.17567084e+001	8.83098531e-006	-8.82862232e-006	2.04278264e-007	
3.18568873e+001	8.72703354e-006	-8.72477121e-006	1.98700268e-007	
3.19570662e+001	8.62308296e-006	-8.62092011e-006	1.93122271e-007	
3.20572451e+001	8.50859525e-006	-8.50652443e-006	1.87710605e-007	
3.21574240e+001	8.42080732e-006	-8.41882254e-006	1.82819158e-007	
3.22576029e+001	8.33302044e-006	-8.33112066e-006	1.77927711e-007	
3.23577818e+001	8.24523467e-006	-8.24341878e-006	1.73036264e-007	
3.24579606e+001	8.15745002e-006	-8.15571690e-006	1.68144817e-007	
3.25581395e+001	8.06196437e-006	-8.06030300e-006	1.63661445e-007	
3.26583184e+001	7.94785320e-006	-7.94623934e-006	1.60158691e-007	
3.27584973e+001	7.84491820e-006	-7.84336684e-006	1.56007132e-007	
3.28586762e+001	7.74520465e-006	-7.74370654e-006	1.52329062e-007	
3.29588551e+001	7.64609606e-006	-7.64464920e-006	1.48739868e-007	
3.30590340e+001	7.54698782e-006	-7.54559185e-006	1.45150675e-007	
3.31592129e+001	7.44787995e-006	-7.44653451e-006	1.41561481e-007	
3.32593918e+001	7.33885421e-006	-7.33754651e-006	1.38536674e-007	
3.33595707e+001	7.22614725e-006	-7.22487501e-006	1.35591653e-007	
3.34597496e+001	7.11637859e-006	-7.11514856e-006	1.32307302e-007	
3.35599284e+001	7.00897776e-006	-7.00779414e-006	1.28804106e-007	
3.36601073e+001	6.90157726e-006	-6.90043973e-006	1.25300911e-007	
3.37602862e+001	6.80511300e-006	-6.80400680e-006	1.22696568e-007	
3.38604651e+001	6.71143594e-006	-6.71035731e-006	1.20321306e-007	
3.39606440e+001	6.61775895e-006	-6.61670781e-006	1.17946043e-007	
3.40608229e+001	6.52173172e-006	-6.52072029e-006	1.14854413e-007	
3.41610018e+001	6.43446452e-006	-6.43348390e-006	1.12332341e-007	
3.42611807e+001	6.35312298e-006	-6.35216713e-006	1.10201511e-007	
3.43613596e+001	6.27148759e-006	-6.27055551e-006	1.08120963e-007	
3.44615385e+001	6.18845621e-006	-6.18754353e-006	1.06279222e-007	
3.45617174e+001	6.10542485e-006	-6.10453155e-006	1.04437482e-007	
3.46618962e+001	6.02134317e-006	-6.02046915e-006	1.02590180e-007	
3.47620751e+001	5.92563365e-006	-5.92477806e-006	1.00693194e-007	
3.48622540e+001	5.83797262e-006	-5.83713629e-006	9.88142293e-008	
3.49624329e+001	5.74552061e-006	-5.74470469e-006	9.68250912e-008	
3.50626118e+001	5.65306864e-006	-5.65227310e-006	9.48359531e-008	
3.51627907e+001	5.56061669e-006	-5.55984150e-006	9.28468150e-008	
3.52629696e+001	5.47166806e-006	-5.47090889e-006	9.11446463e-008	
3.53631485e+001	5.38977527e-006	-5.38902811e-006	8.97407176e-008	
3.54633274e+001	5.30788247e-006	-5.30714734e-006	8.83367888e-008	
3.55635063e+001	5.22666615e-006	-5.22594330e-006	8.69234328e-008	
3.56636852e+001	5.15247156e-006	-5.15176209e-006	8.55017956e-008	
3.57638640e+001	5.07827697e-006	-5.07758087e-006	8.40801584e-008	
3.58640429e+001	5.00388492e-006	-5.00320154e-006	8.26959943e-008	
3.59642218e+001	4.93093320e-006	-4.93025717e-006	8.16483712e-008	
3.60644007e+001	4.85672003e-006	-4.85605174e-006	8.05665228e-008	
3.61645796e+001	4.78250687e-006	-4.78184631e-006	7.94846744e-008	
3.62647585e+001	4.70925954e-006	-4.70860864e-006	7.82949934e-008	
3.63649374e+001	4.63405363e-006	-4.63341130e-006	7.71539125e-008	
3.64651163e+001	4.55884771e-006	-4.55821396e-006	7.60128317e-008	
3.65652952e+001	4.48746189e-006	-4.48683425e-006	7.50509100e-008	
3.66654741e+001	4.42011713e-006	-4.41949360e-006	7.42413045e-008	
3.67656530e+001	4.35702281e-006	-4.35640376e-006	7.34439377e-008	
3.68658318e+001	4.29392851e-006	-4.29331393e-006	7.26465709e-008	
3.69660107e+001	4.23083423e-006	-4.23022410e-006	7.18492040e-008	
3.70661896e+001	4.16773996e-006	-4.16713427e-006	7.10518372e-008	
3.71663685e+001	4.09904296e-006	-4.09844397e-006	7.00728689e-008	
3.72665474e+001	4.02870831e-006	-4.02811670e-006	6.90394514e-008	
3.73667263e+001	3.96278406e-006	-3.96219831e-006	6.81328371e-008	
3.74669052e+001	3.89685983e-006	-3.89627992e-006	6.72262227e-008	
3.75670841e+001	3.82727429e-006	-3.82669613e-006	6.65220853e-008	
3.76672630e+001	3.75694585e-006	-3.75636856e-006	6.58590350e-008	
3.77674419e+001	3.68661750e-006	-3.68604098e-006	6.51959847e-008	
3.78676208e+001	3.61628925e-006	-3.61571340e-006	6.45329344e-008	
3.79677996e+001	3.55287020e-006	-3.55229730e-006	6.38007223e-008	
3.80679785e+001	3.49831688e-006	-3.49774469e-006	6.32698566e-008	
3.81681574e+001	3.44687156e-006	-3.44629909e-006	6.28178784e-008	
3.82683363e+001	3.38744799e-006	-3.38687438e-006	6.23360427e-008	
3.83685152e+001	3.32520131e-006	-3.32462616e-006	6.18436416e-008	
3.84686941e+001	3.26345461e-006	-3.26287659e-006	6.14197385e-008	
3.85688730e+001	3.20403467e-006	-3.20344794e-006	6.13146561e-008	
3.86690519e+001	3.14461507e-006	-3.14401929e-006	6.12095736e-008	
3.87692308e+001	3.08519581e-006	-3.08459064e-006	6.11044912e-008	
3.88694097e+001	3.02577693e-006	-3.02516199e-006	6.09994088e-008	
3.89695886e+001	2.96386192e-006	-2.96323534e-006	6.09411293e-008	
3.90697674e+001	2.88131201e-006	-2.88065354e-006	6.15959665e-008	
3.91699463e+001	2.79840255e-006	-2.79770979e-006	6.22636484e-008	
3.92701252e+001	2.71549535e-006	-2.71476604e-006	6.29313304e-008	
3.93703041e+001	2.63259062e-006	-2.63182229e-006	6.35990123e-008	
3.94704830e+001	2.54807757e-006	-2.54726256e-006	6.44420967e-008	
3.95706619e+001	2.44117019e-006	-2.44025002e-006	6.70203850e-008	
3.96708408e+001	2.35292237e-006	-2.35191207e-006	6.89443847e-008	
3.97710197e+001	2.26468322e-006	-2.26357412e-006	7.08683844e-008	
3.98711986e+001	2.17645379e-006	-2.17523617e-006	7.27923841e-008	
3.99713775e+001	2.08823531e-006	-2.08689821e-006	7.47163837e-008	
4.00715564e+001	2.00002922e-006	-1.99856026e-006	7.66403834e-008	
4.01717352e+001	1.86685937e-006	-1.86504952e-006	8.21840119e-008	
4.02719141e+001	1.69327967e-006	-1.69083322e-006	9.09893157e-008	
4.03720930e+001	1.51989666e-006	-1.51661692e-006	9.97946195e-008	
4.04722719e+001	1.34678631e-006	-1.34240062e-006	1.08599923e-007	
4.05724508e+001	1.11265583e-006	-1.10579171e-006	1.23400477e-007	
4.06726297e+001	8.23883550e-007	-8.11945305e-007	1.39745932e-007	
4.07728086e+001	4.32473518e-007	-3.99951072e-007	1.64537182e-007	
4.08729875e+001	1.96721793e-007	5.34292059e-008	1.89327187e-007	
4.09731664e+001	6.26068417e-007	5.89847639e-007	2.09860491e-007	
4.10733453e+001	1.08531462e-006	1.06390167e-006	2.14525232e-007	
4.11735242e+001	1.48696130e-006	1.47886313e-006	1.54976575e-007	
4.12737030e+001	1.49561683e-006	1.49413847e-006	6.64824446e-008	
4.13738819e+001	1.36233798e-006	1.36231291e-006	8.26418167e-009	
4.14740608e+001	1.27165112e-006	1.27135046e-006	-2.76509299e-008	
4.15742397e+001	1.10064000e-006	1.09986137e-006	-4.13930417e-008	
4.16744186e+001	9.52777707e-007	9.51872934e-007	-4.15123792e-008	
4.17745975e+001	8.52311934e-007	8.51309270e-007	-4.13298985e-008	
4.18747764e+001	7.52445168e-007	7.51427493e-007	-3.91209993e-008	
4.19749553e+001	6.67685140e-007	6.66706971e-007	-3.61283873e-008	
4.20751342e+001	5.97594758e-007	5.96671942e-007	-3.31977171e-008	
4.21753131e+001	5.42025490e-007	5.41166773e-007	-3.04984560e-008	
4.22754919e+001	4.93199322e-007	4.92385923e-007	-2.83138621e-008	
4.23756708e+001	4.52874037e-007	4.52096303e-007	-2.65297097e-008	
4.24758497e+001	4.18937980e-007	4.18190780e-007	-2.50100583e-008	
4.25760286e+001	3.88767877e-007	3.88048315e-007	-2.36424865e-008	
4.26762075e+001	3.65259639e-007	3.64551386e-007	-2.27352230e-008	
4.27763864e+001	3.46862307e-007	3.46173672e-007	-2.18460362e-008	
4.28765653e+001	3.31242372e-007	3.30556079e-007	-2.13116804e-008	
4.29767442e+001	3.18108855e-007	3.17434033e-007	-2.07093771e-008	
4.30769231e+001	3.10673479e-007	3.10007890e-007	-2.03253210e-008	
4.31771020e+001	3.09011012e-007	3.08335491e-007	-2.04213304e-008	
4.32772809e+001	3.09602226e-007	3.08923479e-007	-2.04895574e-008	
4.33774597e+001	3.14242716e-007	3.13566815e-007	-2.05994398e-008	
4.34776386e+001	3.21586938e-007	3.20895083e-007	-2.10832772e-008	
4.35778175e+001	3.34949721e-007	3.34235782e-007	-2.18576785e-008	
4.36779964e+001	3.53246319e-007	3.52523953e-007	-2.25792941e-008	
4.37781753e+001	3.82988491e-007	3.82209672e-007	-2.44121140e-008	
4.38783542e+001	4.24085852e-007	4.23228088e-007	-2.69591413e-008	
4.39785331e+001	4.60886869e-007	4.60160297e-007	-2.58690408e-008	
4.40787120e+001	5.19947369e-007	5.19402591e-007	-2.37952921e-008	
4.41788909e+001	5.73107937e-007	5.72944720e-007	-1.36768227e-008	
4.42790698e+001	6.09378937e-007	6.09367822e-007	3.68056183e-009	
4.43792487e+001	6.13922226e-007	6.12300840e-007	4.45890207e-008	
4.44794275e+001	5.12479547e-007	5.05966450e-007	8.14446896e-008	
4.45796064e+001	3.13559154e-007	2.97299778e-007	9.96603465e-008	
4.46797853e+001	9.74629031e-008	2.98735970e-008	9.27716858e-008	
4.47799642e+001	2.05234569e-007	-1.87342787e-007	8.38087616e-008	
4.48801431e+001	3.94246876e-007	-3.87567628e-007	7.22629442e-008	
4.49803220e+001	5.24702306e-007	-5.20487802e-007	6.63698577e-008	
4.50805009e+001	6.24541515e-007	-6.21607748e-007	6.04641249e-008	
4.51806798e+001	7.37891876e-007	-7.35924307e-007	5.38501153e-008	
4.52808587e+001	8.39099466e-007	-8.37778247e-007	4.70693307e-008	
4.53810376e+001	8.80290951e-007	-8.79220384e-007	4.34013358e-008	
4.54812165e+001	9.21719028e-007	-9.20823560e-007	4.06194256e-008	
4.55813953e+001	9.63196876e-007	-9.62455022e-007	3.77962209e-008	
4.56815742e+001	1.00469537e-006	-1.00408648e-006	3.49730163e-008	
4.57817531e+001	1.01993585e-006	-1.01938557e-006	3.34992480e-008	
4.58819320e+001	1.02763124e-006	-1.02711993e-006	3.24131438e-008	
4.59821109e+001	1.03532835e-006	-1.03485429e-006	3.13270396e-008	
4.60822898e+001	1.04505452e-006	-1.04461569e-006	3.02824874e-008	
4.61824687e+001	1.05499776e-006	-1.05458693e-006	2.94392576e-008	
4.62826476e+001	1.06515343e-006	-1.06477011e-006	2.85734521e-008	
4.63828265e+001	1.07531032e-006	-1.07495329e-006	2.77076465e-008	
4.64830054e+001	1.08546839e-006	-1.08513646e-006	2.68418410e-008	
4.65831843e+001	1.09562761e-006	-1.09531964e-006	2.59760354e-008	
4.66833631e+001	1.09772454e-006	-1.09743221e-006	2.53320289e-008	
4.67835420e+001	1.09771497e-006	-1.09743372e-006	2.48472531e-008	
4.68837209e+001	1.09896577e-006	-1.09869489e-006	2.43989250e-008	
4.69838998e+001	1.10021678e-006	-1.09995606e-006	2.39505969e-008	
4.70840787e+001	1.10261869e-006	-1.10236898e-006	2.34648792e-008	
4.71842576e+001	1.10679508e-006	-1.10655771e-006	2.29215134e-008	
4.72844365e+001	1.11097183e-006	-1.11074643e-006	2.23781476e-008	
4.73846154e+001	1.11307908e-006	-1.11286104e-006	2.20306837e-008	
4.74847943e+001	1.11274035e-006	-1.11252868e-006	2.17033000e-008	
4.75849732e+001	1.11174024e-006	-1.11153498e-006	2.13621382e-008	
4.76851521e+001	1.11074021e-006	-1.11054128e-006	2.10209764e-008	
4.77853309e+001	1.11056581e-006	-1.11037301e-006	2.06929724e-008	
4.78855098e+001	1.11116551e-006	-1.11097865e-006	2.03773054e-008	
4.79856887e+001	1.11176531e-006	-1.11158429e-006	2.00616383e-008	
4.80858676e+001	1.11164372e-006	-1.11146784e-006	1.97738713e-008	
4.81860465e+001	1.10969920e-006	-1.10952686e-006	1.95566004e-008	
4.82862254e+001	1.10753802e-006	-1.10736915e-006	1.93397614e-008	
4.83864043e+001	1.10502722e-006	-1.10486173e-006	1.91236192e-008	
4.84865832e+001	1.10282758e-006	-1.10266549e-006	1.89075550e-008	
4.85867621e+001	1.10095521e-006	-1.10079653e-006	1.86915729e-008	
4.86869410e+001	1.09908287e-006	-1.09892758e-006	1.84755909e-008	
4.87871199e+001	1.09721057e-006	-1.09705862e-006	1.82596088e-008	
4.88872987e+001	1.09490474e-006	-1.09475612e-006	1.80397550e-008	
4.89874776e+001	1.09215052e-006	-1.09200519e-006	1.78158965e-008	
4.90876565e+001	1.08939632e-006	-1.08925427e-006	1.75920379e-008	
4.91878354e+001	1.08664216e-006	-1.08650335e-006	1.73681794e-008	
4.92880143e+001	1.08417848e-006	-1.08404278e-006	1.71531140e-008	
4.93881932e+001	1.08136194e-006	-1.08122832e-006	1.69987512e-008	
4.94883721e+001	1.07810655e-006	-1.07797467e-006	1.68620225e-008	
4.95885510e+001	1.07485116e-006	-1.07472103e-006	1.67252939e-008	
4.96887299e+001	1.07184847e-006	-1.07172012e-006	1.65871450e-008	
4.97889088e+001	1.06965545e-006	-1.06952903e-006	1.64444453e-008	
4.98890877e+001	1.06746244e-006	-1.06733795e-006	1.63017457e-008	
4.99892665e+001	1.06517270e-006	-1.06505008e-006	1.61617340e-008	
5.00894454e+001	1.06243384e-006	-1.06231284e-006	1.60342021e-008	
5.01896243e+001	1.05877509e-006	-1.05865572e-006	1.58986732e-008	
5.02898032e+001	1.05560799e-006	-1.05549026e-006	1.57651116e-008	
5.03899821e+001	1.05244089e-006	-1.05232480e-006	1.56315500e-008	
5.04901610e+001	1.04927380e-006	-1.04915934e-006	1.54979884e-008	
5.05903399e+001	1.04648489e-006	-1.04637198e-006	1.53722567e-008	
5.06905188e+001	1.04376879e-006	-1.04365741e-006	1.52480326e-008	
5.07906977e+001	1.04105271e-006	-1.04094285e-006	1.51238085e-008	
5.08908766e+001	1.03833663e-006	-1.03822828e-006	1.49995844e-008	
5.09910555e+001	1.03571251e-006	-1.03560562e-006	1.48798040e-008	
5.10912343e+001	1.03298786e-006	-1.03288210e-006	1.47815618e-008	
5.11914132e+001	1.03026322e-006	-1.03015858e-006	1.46833196e-008	
5.12915921e+001	1.02753857e-006	-1.02743506e-006	1.45850773e-008	
5.13917710e+001	1.02489506e-006	-1.02479267e-006	1.44862510e-008	
5.14919499e+001	1.02259465e-006	-1.02249347e-006	1.43849543e-008	
5.15921288e+001	1.02029425e-006	-1.02019426e-006	1.42836575e-008	
5.16923077e+001	1.01795957e-006	-1.01786075e-006	1.41839957e-008	
5.17924866e+001	1.01528680e-006	-1.01518888e-006	1.41004592e-008	
5.18926655e+001	1.01276229e-006	-1.01266531e-006	1.40151565e-008	
5.19928444e+001	1.01042059e-006	-1.01032460e-006	1.39276757e-008	
5.20930233e+001	1.00807890e-006	-1.00798388e-006	1.38401948e-008	
5.21932021e+001	1.00573721e-006	-1.00564317e-006	1.37527140e-008	
5.22933810e+001	1.00351413e-006	-1.00342094e-006	1.36752446e-008	
5.23935599e+001	1.00160118e-006	-1.00150855e-006	1.36218134e-008	
5.24937388e+001	9.99688232e-007	-9.99596149e-007	1.35683823e-008	
5.25939177e+001	9.97775286e-007	-9.97683751e-007	1.35149511e-008	
5.26940966e+001	9.95862340e-007	-9.95771353e-007	1.34615199e-008	
5.27942755e+001	9.93952159e-007	-9.93861725e-007	1.34077120e-008	
5.28944544e+001	9.92162427e-007	-9.92072776e-007	1.33374841e-008	
5.29946333e+001	9.90372698e-007	-9.90283828e-007	1.32672563e-008	
5.30948122e+001	9.88786233e-007	-9.88697887e-007	1.32174833e-008	
5.31949911e+001	9.87234507e-007	-9.87146641e-007	1.31712062e-008	
5.32951699e+001	9.85682783e-007	-9.85595396e-007	1.31249291e-008	
5.33953488e+001	9.84104180e-007	-9.84017346e-007	1.30729029e-008	
5.34955277e+001	9.82516841e-007	-9.82430497e-007	1.30254213e-008	
5.35957066e+001	9.80929072e-007	-9.80843188e-007	1.29801351e-008	
5.36958855e+001	9.79341303e-007	-9.79255880e-007	1.29348489e-008	
5.37960644e+001	9.77753535e-007	-9.77668571e-007	1.28895627e-008	
5.38962433e+001	9.76581539e-007	-9.76496952e-007	1.28531631e-008	
5.39964222e+001	9.75532225e-007	-9.75447992e-007	1.28193857e-008	
5.40966011e+001	9.74474862e-007	-9.74390978e-007	1.27858472e-008	
5.41967800e+001	9.73416490e-007	-9.73332955e-007	1.27523387e-008	
5.42969589e+001	9.72195143e-007	-9.72111996e-007	1.27147398e-008	
5.43971377e+001	9.70715845e-007	-9.70633147e-007	1.26706667e-008	
5.44973166e+001	9.69470428e-007	-9.69388101e-007	1.26340679e-008	
5.45974955e+001	9.68878427e-007	-9.68796255e-007	1.26183511e-008	
5.46976744e+001	9.68286427e-007	-9.68204409e-007	1.26026342e-008	
5.47978533e+001	9.67694426e-007	-9.67612563e-007	1.25869174e-008	
5.48980322e+001	9.67079554e-007	-9.66997872e-007	1.25690272e-008	
5.49982111e+001	9.66457716e-007	-9.66376222e-007	1.25504750e-008	
5.50983900e+001	9.65835879e-007	-9.65754573e-007	1.25319228e-008	
5.51985689e+001	9.65285797e-007	-9.65204658e-007	1.25155513e-008	
5.52987478e+001	9.64812055e-007	-9.64731058e-007	1.25014996e-008	
5.53989267e+001	9.64338313e-007	-9.64257458e-007	1.24874480e-008	
5.54991055e+001	9.63947156e-007	-9.63866419e-007	1.24758326e-008	
5.55992844e+001	9.63612621e-007	-9.63531982e-007	1.24660455e-008	
5.56994633e+001	9.63287675e-007	-9.63207133e-007	1.24565067e-008	
5.57996422e+001	9.63075524e-007	-9.62995050e-007	1.24498358e-008	
5.58998211e+001	9.62973062e-007	-9.62892616e-007	1.24469814e-008	
5.60000000e+001	9.62933229e-007	-9.62852796e-007	1.24457520e-008	
