% Column 0: Length, cm
% Column 1: |B.t|, Tesla
% Column 2: Re[B.t], Tesla
% Column 3: Im[B.t], Tesla
0.00000000e+000	7.18745700e-006	-7.18718228e-006	6.28415782e-008	
1.00178891e-001	7.18888588e-006	-7.18861125e-006	6.28373756e-008	
2.00357782e-001	7.18937738e-006	-7.18910270e-006	6.28448077e-008	
3.00536673e-001	7.18586617e-006	-7.18559108e-006	6.28762597e-008	
4.00715564e-001	7.18441132e-006	-7.18413593e-006	6.29044238e-008	
5.00894454e-001	7.18338396e-006	-7.18310824e-006	6.29371021e-008	
6.01073345e-001	7.17989352e-006	-7.17961717e-006	6.29930558e-008	
7.01252236e-001	7.17459452e-006	-7.17431735e-006	6.30644495e-008	
8.01431127e-001	7.16891883e-006	-7.16864078e-006	6.31397538e-008	
9.01610018e-001	7.15881829e-006	-7.15853877e-006	6.32609957e-008	
1.00178891e+000	7.14871776e-006	-7.14843677e-006	6.33822375e-008	
1.10196780e+000	7.13921889e-006	-7.13893655e-006	6.34924925e-008	
1.20214669e+000	7.12974096e-006	-7.12945732e-006	6.35958243e-008	
1.30232558e+000	7.12002834e-006	-7.11974320e-006	6.37199286e-008	
1.40250447e+000	7.11276057e-006	-7.11247403e-006	6.38441048e-008	
1.50268336e+000	7.10549280e-006	-7.10520486e-006	6.39682810e-008	
1.60286225e+000	7.09628427e-006	-7.09599474e-006	6.41021940e-008	
1.70304114e+000	7.08264822e-006	-7.08235672e-006	6.42583198e-008	
1.80322004e+000	7.06901218e-006	-7.06871870e-006	6.44144456e-008	
1.90339893e+000	7.05804527e-006	-7.05774994e-006	6.45665797e-008	
2.00357782e+000	7.04446815e-006	-7.04417050e-006	6.47570134e-008	
2.10375671e+000	7.02847014e-006	-7.02816974e-006	6.49817840e-008	
2.20393560e+000	7.01244490e-006	-7.01214175e-006	6.52039256e-008	
2.30411449e+000	6.99614548e-006	-6.99583979e-006	6.53996167e-008	
2.40429338e+000	6.97774591e-006	-6.97743757e-006	6.55963418e-008	
2.50447227e+000	6.94758264e-006	-6.94727096e-006	6.58084087e-008	
2.60465116e+000	6.92325014e-006	-6.92293505e-006	6.60510394e-008	
2.70483005e+000	6.89891767e-006	-6.89859914e-006	6.62936701e-008	
2.80500894e+000	6.87458523e-006	-6.87426323e-006	6.65363007e-008	
2.90518784e+000	6.85152238e-006	-6.85119673e-006	6.68006255e-008	
3.00536673e+000	6.82932303e-006	-6.82899358e-006	6.70797048e-008	
3.10554562e+000	6.80712370e-006	-6.80679043e-006	6.73587842e-008	
3.20572451e+000	6.78492442e-006	-6.78458728e-006	6.76378635e-008	
3.30590340e+000	6.76300523e-006	-6.76266407e-006	6.79290625e-008	
3.40608229e+000	6.72706305e-006	-6.72671657e-006	6.82745039e-008	
3.50626118e+000	6.67126122e-006	-6.67090906e-006	6.85464665e-008	
3.60644007e+000	6.61545951e-006	-6.61510155e-006	6.88184290e-008	
3.70661896e+000	6.55965790e-006	-6.55929404e-006	6.90903916e-008	
3.80679785e+000	6.51357909e-006	-6.51320883e-006	6.94500576e-008	
3.90697674e+000	6.47057371e-006	-6.47019671e-006	6.98477792e-008	
4.00715564e+000	6.41264300e-006	-6.41225921e-006	7.01578535e-008	
4.10733453e+000	6.35471243e-006	-6.35432171e-006	7.04679278e-008	
4.20751342e+000	6.29678200e-006	-6.29638421e-006	7.07780021e-008	
4.30769231e+000	6.23638788e-006	-6.23598250e-006	7.11060159e-008	
4.40787120e+000	6.16626151e-006	-6.16584690e-006	7.15048931e-008	
4.50805009e+000	6.08653581e-006	-6.08611134e-006	7.18812719e-008	
4.60822898e+000	5.99008631e-006	-5.98965095e-006	7.22184543e-008	
4.70840787e+000	5.89368234e-006	-5.89323589e-006	7.25415267e-008	
4.80858676e+000	5.80331347e-006	-5.80285782e-006	7.27211994e-008	
4.90876565e+000	5.71882460e-006	-5.71835931e-006	7.29493722e-008	
5.00894454e+000	5.63775918e-006	-5.63728420e-006	7.31812130e-008	
5.10912343e+000	5.55669405e-006	-5.55620908e-006	7.34130537e-008	
5.20930233e+000	5.46433746e-006	-5.46383900e-006	7.38053968e-008	
5.30948122e+000	5.33019794e-006	-5.32968593e-006	7.38779337e-008	
5.40966011e+000	5.18999065e-006	-5.18946479e-006	7.38795943e-008	
5.50983900e+000	5.04978414e-006	-5.04924365e-006	7.38812549e-008	
5.61001789e+000	4.90957845e-006	-4.90902250e-006	7.38829154e-008	
5.71019678e+000	4.77021680e-006	-4.76964331e-006	7.39664313e-008	
5.81037567e+000	4.55648584e-006	-4.55588989e-006	7.36922082e-008	
5.91055456e+000	4.36667298e-006	-4.36605726e-006	7.33271273e-008	
6.01073345e+000	4.18032765e-006	-4.17969110e-006	7.29488798e-008	
6.11091234e+000	3.96864585e-006	-3.96799035e-006	7.21278368e-008	
6.21109123e+000	3.74423197e-006	-3.74355714e-006	7.10842573e-008	
6.31127013e+000	3.51982087e-006	-3.51912393e-006	7.00406777e-008	
6.41144902e+000	3.29594889e-006	-3.29522643e-006	6.90060923e-008	
6.51162791e+000	3.07869103e-006	-3.07793815e-006	6.80824699e-008	
6.61180680e+000	2.86143810e-006	-2.86064987e-006	6.71588475e-008	
6.71198569e+000	2.61454105e-006	-2.61372487e-006	6.53238133e-008	
6.81216458e+000	2.34651198e-006	-2.34565552e-006	6.33927325e-008	
6.91234347e+000	2.06815607e-006	-2.06723712e-006	6.16460743e-008	
7.01252236e+000	1.78982131e-006	-1.78881871e-006	5.98994161e-008	
7.11270125e+000	1.44180916e-006	-1.44070065e-006	5.65269111e-008	
7.21288014e+000	1.10037959e-006	-1.09905261e-006	5.40241139e-008	
7.31305903e+000	6.81244427e-007	-6.79324919e-007	5.11040532e-008	
7.41323792e+000	2.56863085e-007	-2.52217625e-007	4.86303819e-008	
7.51341682e+000	2.40061049e-007	2.37148399e-007	3.72819585e-008	
7.61359571e+000	9.10956102e-007	9.09931963e-007	4.31838407e-008	
7.71377460e+000	2.03224724e-006	2.03137600e-006	5.95011543e-008	
7.81395349e+000	6.14677463e-006	6.09126976e-006	8.24179001e-007	
7.91413238e+000	3.10264252e-006	3.02230418e-006	-7.01475650e-007	
8.01431127e+000	1.95021747e-006	1.87627458e-006	-5.31922843e-007	
8.11449016e+000	1.48287475e-006	1.42967774e-006	-3.93623035e-007	
8.21466905e+000	1.18080662e-006	1.14025706e-006	-3.06786765e-007	
8.31484794e+000	1.11077893e-006	1.07566688e-006	-2.77075054e-007	
8.41502683e+000	8.55126608e-007	8.23386176e-007	-2.30817505e-007	
8.51520572e+000	7.81844309e-007	7.54883434e-007	-2.03547349e-007	
8.61538462e+000	7.69327842e-007	7.44616476e-007	-1.93420867e-007	
8.71556351e+000	7.12966774e-007	6.88531014e-007	-1.85058542e-007	
8.81574240e+000	7.17390390e-007	6.99175133e-007	-1.60633452e-007	
8.91592129e+000	6.19437923e-007	5.99211050e-007	-1.57001456e-007	
9.01610018e+000	5.84224330e-007	5.65921908e-007	-1.45087774e-007	
9.11627907e+000	6.32636728e-007	6.15300996e-007	-1.47084716e-007	
9.21645796e+000	5.96538972e-007	5.79173139e-007	-1.42888841e-007	
9.31663685e+000	6.63057456e-007	6.46631663e-007	-1.46672023e-007	
9.41681574e+000	7.19480100e-007	7.05677032e-007	-1.40255273e-007	
9.51699463e+000	6.87793082e-007	6.64936962e-007	-1.75835603e-007	
9.61717352e+000	7.60023214e-007	7.34391105e-007	-1.95716609e-007	
9.71735242e+000	7.94269620e-007	7.57975655e-007	-2.37354449e-007	
9.81753131e+000	1.08317797e-006	1.05067260e-006	-2.63365906e-007	
9.91771020e+000	1.85707019e-006	1.85503662e-006	-8.68840098e-008	
1.00178891e+001	1.13490466e-006	1.13412587e-006	-4.20367134e-008	
1.01180680e+001	9.69088329e-007	9.67680850e-007	-5.22107337e-008	
1.02182469e+001	9.80100752e-007	9.78848430e-007	-4.95301415e-008	
1.03184258e+001	1.04772526e-006	1.04660577e-006	-4.84209174e-008	
1.04186047e+001	1.14793215e-006	1.14693194e-006	-4.79096512e-008	
1.05187835e+001	1.23304635e-006	1.23213234e-006	-4.74679386e-008	
1.06189624e+001	1.30966140e-006	1.30882986e-006	-4.66624650e-008	
1.07191413e+001	1.39056695e-006	1.38981046e-006	-4.58620404e-008	
1.08193202e+001	1.46297147e-006	1.46221873e-006	-4.69242278e-008	
1.09194991e+001	1.52393850e-006	1.52308148e-006	-5.11014495e-008	
1.10196780e+001	1.62987811e-006	1.62886267e-006	-5.75245018e-008	
1.11198569e+001	1.74263649e-006	1.74143827e-006	-6.46117717e-008	
1.12200358e+001	1.87751544e-006	1.87608144e-006	-7.33666878e-008	
1.13202147e+001	2.11904083e-006	2.11742209e-006	-8.28114367e-008	
1.14203936e+001	2.32315176e-006	2.32144660e-006	-8.89932700e-008	
1.15205725e+001	2.67434658e-006	2.67262414e-006	-9.59678807e-008	
1.16207513e+001	3.07531768e-006	3.07346035e-006	-1.06865728e-007	
1.17209302e+001	3.47116183e-006	3.46918241e-006	-1.17208662e-007	
1.18211091e+001	3.90104219e-006	3.89896962e-006	-1.27145724e-007	
1.19212880e+001	4.31055092e-006	4.30847504e-006	-1.33761110e-007	
1.20214669e+001	4.71387539e-006	4.71181759e-006	-1.39270212e-007	
1.21216458e+001	4.91664892e-006	4.91517703e-006	-1.20296900e-007	
1.22218247e+001	5.05265723e-006	5.05233940e-006	-5.66710620e-008	
1.23220036e+001	4.96217064e-006	4.96217018e-006	2.14285303e-009	
1.24221825e+001	4.67143798e-006	4.67117136e-006	4.99092266e-008	
1.25223614e+001	3.77714723e-006	3.77555829e-006	1.09548190e-007	
1.26225403e+001	3.27138945e-006	3.26766131e-006	1.56136112e-007	
1.27227191e+001	2.84191780e-006	2.83523100e-006	1.94838270e-007	
1.28228980e+001	2.30465757e-006	2.29206961e-006	2.40548198e-007	
1.29230769e+001	2.40919629e-006	2.39298471e-006	2.79017799e-007	
1.30232558e+001	2.52899501e-006	2.50961046e-006	3.12523768e-007	
1.31234347e+001	4.07114896e-006	4.05706395e-006	3.38357759e-007	
1.32236136e+001	6.25064759e-006	6.24234373e-006	3.22086962e-007	
1.33237925e+001	9.00533790e-006	9.00078592e-006	2.86292485e-007	
1.34239714e+001	1.31194521e-005	1.31166229e-005	2.72444728e-007	
1.35241503e+001	1.69837691e-005	1.69837602e-005	1.73680669e-008	
1.36243292e+001	1.96677380e-005	1.96669258e-005	-1.78738776e-007	
1.37245081e+001	2.16472960e-005	2.16438966e-005	-3.83617818e-007	
1.38246869e+001	2.35453703e-005	2.35408035e-005	-4.63717891e-007	
1.39248658e+001	2.55981561e-005	2.55927938e-005	-5.23929693e-007	
1.40250447e+001	2.80056921e-005	2.80004047e-005	-5.44177593e-007	
1.41252236e+001	3.08535677e-005	3.08483229e-005	-5.68872929e-007	
1.42254025e+001	3.39357296e-005	3.39305038e-005	-5.95527482e-007	
1.43255814e+001	3.75596870e-005	3.75544953e-005	-6.24474237e-007	
1.44257603e+001	4.21821885e-005	4.21766066e-005	-6.86208055e-007	
1.45259392e+001	4.67840887e-005	4.67785925e-005	-7.17110344e-007	
1.46261181e+001	5.27627773e-005	5.27572079e-005	-7.66604868e-007	
1.47262970e+001	5.91391066e-005	5.91341910e-005	-7.62487232e-007	
1.48264758e+001	6.59109038e-005	6.59061793e-005	-7.89161419e-007	
1.49266547e+001	7.76098964e-005	7.76057384e-005	-8.03355200e-007	
1.50268336e+001	8.76985285e-005	8.76967512e-005	-5.58336164e-007	
1.51270125e+001	1.03100965e-004	1.03100906e-004	-1.09800256e-007	
1.52271914e+001	1.14285001e-004	1.14280764e-004	9.84063921e-007	
1.53273703e+001	1.26548430e-004	1.26498571e-004	3.55198528e-006	
1.54275492e+001	1.25490666e-004	1.25301679e-004	6.88451253e-006	
1.55277281e+001	1.08959908e-004	1.08600316e-004	8.84494060e-006	
1.56279070e+001	7.50538762e-005	7.45551247e-005	8.63815381e-006	
1.57280859e+001	4.31856051e-005	4.25366837e-005	7.45835313e-006	
1.58282648e+001	1.05733072e-005	8.92416628e-006	5.67045688e-006	
1.59284436e+001	1.83331940e-005	-1.77562135e-005	4.56321000e-006	
1.60286225e+001	4.28063376e-005	-4.26731405e-005	3.37425769e-006	
1.61288014e+001	5.59949316e-005	-5.59190450e-005	2.91423543e-006	
1.62289803e+001	7.22996654e-005	-7.22612927e-005	2.35524903e-006	
1.63291592e+001	8.86217464e-005	-8.86035404e-005	1.79626262e-006	
1.64293381e+001	9.95321377e-005	-9.95208640e-005	1.49801988e-006	
1.65295170e+001	1.08077442e-004	-1.08069458e-004	1.31362778e-006	
1.66296959e+001	1.16623520e-004	-1.16618053e-004	1.12923569e-006	
1.67298748e+001	1.25363959e-004	-1.25360399e-004	9.44795064e-007	
1.68300537e+001	1.34892689e-004	-1.34890414e-004	7.83315531e-007	
1.69302326e+001	1.44475524e-004	-1.44474046e-004	6.53606501e-007	
1.70304114e+001	1.54058568e-004	-1.54057677e-004	5.23897470e-007	
1.71305903e+001	1.63641783e-004	-1.63641308e-004	3.94188440e-007	
1.72307692e+001	1.72859922e-004	-1.72859717e-004	2.65881779e-007	
1.73309481e+001	1.81068632e-004	-1.81068569e-004	1.51855793e-007	
1.74311270e+001	1.89527855e-004	-1.89527852e-004	3.45633475e-008	
1.75313059e+001	1.97987152e-004	-1.97987134e-004	-8.27290982e-008	
1.76314848e+001	2.06446514e-004	-2.06446417e-004	-2.00021544e-007	
1.77316637e+001	2.14905935e-004	-2.14905700e-004	-3.17313990e-007	
1.78318426e+001	2.23365406e-004	-2.23364983e-004	-4.34606436e-007	
1.79320215e+001	2.31824923e-004	-2.31824266e-004	-5.51898881e-007	
1.80322004e+001	2.43166579e-004	-2.43165545e-004	-7.09106920e-007	
1.81323792e+001	2.56510350e-004	-2.56508850e-004	-8.77013311e-007	
1.82325581e+001	2.69989036e-004	-2.69987036e-004	-1.03921194e-006	
1.83327370e+001	2.83467768e-004	-2.83465222e-004	-1.20141057e-006	
1.84329159e+001	2.98844352e-004	-2.98841040e-004	-1.40689290e-006	
1.85330948e+001	3.17322146e-004	-3.17317682e-004	-1.68310289e-006	
1.86332737e+001	3.35800040e-004	-3.35794324e-004	-1.95931288e-006	
1.87334526e+001	3.54023676e-004	-3.54016620e-004	-2.23515066e-006	
1.88336315e+001	3.72815112e-004	-3.72805901e-004	-2.62066266e-006	
1.89338104e+001	3.96189565e-004	-3.96178418e-004	-2.97205749e-006	
1.90339893e+001	4.19593561e-004	-4.19580417e-004	-3.32123621e-006	
1.91341682e+001	4.42997622e-004	-4.42982416e-004	-3.67041494e-006	
1.92343470e+001	4.66828130e-004	-4.66809493e-004	-4.17134098e-006	
1.93345259e+001	4.98787896e-004	-4.98763952e-004	-4.88722092e-006	
1.94347048e+001	5.31898160e-004	-5.31873318e-004	-5.14054382e-006	
1.95348837e+001	5.59636165e-004	-5.59612380e-004	-5.15958741e-006	
1.96350626e+001	5.87374271e-004	-5.87351442e-004	-5.17863100e-006	
1.97352415e+001	6.15112464e-004	-6.15090504e-004	-5.19767459e-006	
1.98354204e+001	6.42850733e-004	-6.42829566e-004	-5.21671818e-006	
1.99355993e+001	6.79068232e-004	-6.79049731e-004	-5.01272442e-006	
2.00357782e+001	7.16328843e-004	-7.16319799e-004	-3.59966422e-006	
2.01359571e+001	7.53332728e-004	-7.53330002e-004	-2.02653290e-006	
2.02361360e+001	7.85495675e-004	-7.85495103e-004	-9.47585704e-007	
2.03363148e+001	8.14895673e-004	-8.14895660e-004	-1.50612870e-007	
2.04364937e+001	8.44296463e-004	-8.44296216e-004	6.46359965e-007	
2.05366726e+001	8.70948444e-004	-8.70945579e-004	2.23411025e-006	
2.06368515e+001	8.95920864e-004	-8.95910516e-004	4.30601647e-006	
2.07370304e+001	9.19651233e-004	-9.19630358e-004	6.19646347e-006	
2.08372093e+001	9.36566146e-004	-9.36537601e-004	7.31218435e-006	
2.09373882e+001	9.53689506e-004	-9.53649403e-004	8.74577092e-006	
2.10375671e+001	9.70814574e-004	-9.70761206e-004	1.01793575e-005	
2.11377460e+001	9.83193738e-004	-9.83131843e-004	1.10320244e-005	
2.12379249e+001	9.95348126e-004	-9.95276228e-004	1.19633586e-005	
2.13381038e+001	1.00750313e-003	-1.00742061e-003	1.28946927e-005	
2.14382826e+001	1.01058071e-003	-1.01049531e-003	1.31372739e-005	
2.15384615e+001	1.01040682e-003	-1.01032146e-003	1.31331599e-005	
2.16386404e+001	1.01007485e-003	-1.00998938e-003	1.31396576e-005	
2.17388193e+001	1.00952471e-003	-1.00943944e-003	1.31206911e-005	
2.18389982e+001	1.00251812e-003	-1.00244019e-003	1.24998298e-005	
2.19391771e+001	9.92406961e-004	-9.92337865e-004	1.17105441e-005	
2.20393560e+001	9.84258525e-004	-9.84196216e-004	1.10748800e-005	
2.21395349e+001	9.77372844e-004	-9.77316032e-004	1.05380533e-005	
2.22397138e+001	9.70826351e-004	-9.70774526e-004	1.00310778e-005	
2.23398927e+001	9.52200297e-004	-9.52161499e-004	8.59568107e-006	
2.24400716e+001	9.29490101e-004	-9.29464905e-004	6.84392580e-006	
2.25402504e+001	9.06782609e-004	-9.06768311e-004	5.09217054e-006	
2.26404293e+001	8.80973697e-004	-8.80965565e-004	3.78516699e-006	
2.27406082e+001	8.49864499e-004	-8.49861694e-004	2.18345790e-006	
2.28407871e+001	8.17605473e-004	-8.17605371e-004	4.07781164e-007	
2.29409660e+001	7.85350240e-004	-7.85349048e-004	-1.36789557e-006	
2.30411449e+001	7.53199266e-004	-7.53192736e-004	-3.13649864e-006	
2.31413238e+001	7.29377914e-004	-7.29365862e-004	-4.19292214e-006	
2.32415027e+001	6.91869317e-004	-6.91853769e-004	-4.63831966e-006	
2.33416816e+001	6.54361424e-004	-6.54341676e-004	-5.08371719e-006	
2.34418605e+001	6.16854363e-004	-6.16829583e-004	-5.52911471e-006	
2.35420394e+001	5.83547585e-004	-5.83518369e-004	-5.83923969e-006	
2.36422182e+001	5.54526397e-004	-5.54499030e-004	-5.50915436e-006	
2.37423971e+001	5.24292232e-004	-5.24267789e-004	-5.06252674e-006	
2.38425760e+001	4.94058112e-004	-4.94036549e-004	-4.61589912e-006	
2.39427549e+001	4.63824047e-004	-4.63805308e-004	-4.16927149e-006	
2.40429338e+001	4.38563194e-004	-4.38546332e-004	-3.84573425e-006	
2.41431127e+001	4.16929602e-004	-4.16913956e-004	-3.61197492e-006	
2.42432916e+001	3.91355925e-004	-3.91343153e-004	-3.16165146e-006	
2.43434705e+001	3.64793596e-004	-3.64783920e-004	-2.65697674e-006	
2.44436494e+001	3.44318202e-004	-3.44310867e-004	-2.24747850e-006	
2.45438283e+001	3.26482740e-004	-3.26477037e-004	-1.92979067e-006	
2.46440072e+001	3.06351005e-004	-3.06346560e-004	-1.65030142e-006	
2.47441860e+001	2.86219366e-004	-2.86216083e-004	-1.37081216e-006	
2.48443649e+001	2.67977299e-004	-2.67974970e-004	-1.11716448e-006	
2.49445438e+001	2.57131089e-004	-2.57129262e-004	-9.69071949e-007	
2.50447227e+001	2.46284923e-004	-2.46283555e-004	-8.20979415e-007	
2.51449016e+001	2.35438809e-004	-2.35437848e-004	-6.72886881e-007	
2.52450805e+001	2.24592753e-004	-2.24592140e-004	-5.24794346e-007	
2.53452594e+001	2.15121027e-004	-2.15120604e-004	-4.26457474e-007	
2.54454383e+001	2.06036699e-004	-2.06036415e-004	-3.42145574e-007	
2.55456172e+001	1.96952394e-004	-1.96952225e-004	-2.57833674e-007	
2.56457961e+001	1.87868116e-004	-1.87868036e-004	-1.73521774e-007	
2.57459750e+001	1.78812526e-004	-1.78812503e-004	-8.97966339e-008	
2.58461538e+001	1.69782890e-004	-1.69782890e-004	-6.60220413e-009	
2.59463327e+001	1.60753294e-004	-1.60753276e-004	7.65922256e-008	
2.60465116e+001	1.50400076e-004	-1.50399986e-004	1.63768035e-007	
2.61466905e+001	1.40604575e-004	-1.40604356e-004	2.48330279e-007	
2.62468694e+001	1.30860014e-004	-1.30859584e-004	3.35442392e-007	
2.63470483e+001	1.21115550e-004	-1.21114813e-004	4.22554506e-007	
2.64472272e+001	1.11371208e-004	-1.11370042e-004	5.09666619e-007	
2.65474061e+001	1.01627023e-004	-1.01625271e-004	5.96778733e-007	
2.66475850e+001	9.18830447e-005	-9.18804996e-005	6.83890846e-007	
2.67477639e+001	8.21393470e-005	-8.21357284e-005	7.71002960e-007	
2.68479428e+001	7.27852266e-005	-7.27802492e-005	8.51202936e-007	
2.69481216e+001	6.30764379e-005	-6.30693073e-005	9.48418664e-007	
2.70483005e+001	5.29748772e-005	-5.29642527e-005	1.06091913e-006	
2.71484794e+001	4.28752583e-005	-4.28591981e-005	1.17341960e-006	
2.72486583e+001	3.27793762e-005	-3.27541435e-005	1.28592006e-006	
2.73488372e+001	2.33439029e-005	-2.33027818e-005	1.38497821e-006	
2.74490161e+001	1.47853075e-005	-1.47124162e-005	1.46633113e-006	
2.75491950e+001	5.46009438e-006	-5.22973292e-006	1.56924319e-006	
2.76493739e+001	4.65011859e-006	4.34067699e-006	1.66797069e-006	
2.77495528e+001	1.03947273e-005	1.02558956e-005	1.69321048e-006	
2.78497317e+001	1.61836413e-005	1.60922767e-005	1.71722938e-006	
2.79499106e+001	2.08710087e-005	2.08014982e-005	1.70196239e-006	
2.80500894e+001	2.28142603e-005	2.27572474e-005	1.61188114e-006	
2.81502683e+001	2.36114794e-005	2.35607831e-005	1.54643432e-006	
2.82504472e+001	2.44092882e-005	2.43643187e-005	1.48098749e-006	
2.83506261e+001	2.37440797e-005	2.37037987e-005	1.38247861e-006	
2.84508050e+001	1.86465434e-005	1.86089259e-005	1.18383088e-006	
2.85509839e+001	1.37849107e-005	1.37419006e-005	1.08808595e-006	
2.86511628e+001	8.93097315e-006	8.87563301e-006	9.92683274e-007	
2.87513417e+001	4.84721479e-006	4.76248535e-006	9.02343854e-007	
2.88515206e+001	2.26364369e-006	2.10486408e-006	8.32844493e-007	
2.89516995e+001	1.01882544e-006	-6.34660493e-007	7.97001461e-007	
2.90518784e+001	3.82668955e-006	-3.75079941e-006	7.58324896e-007	
2.91520572e+001	6.90454458e-006	-6.86693833e-006	7.19648332e-007	
2.92522361e+001	1.00062757e-005	-9.98307726e-006	6.80971767e-007	
2.93524150e+001	1.31149536e-005	-1.30992162e-005	6.42295202e-007	
2.94525939e+001	1.41976482e-005	-1.41841628e-005	6.18659374e-007	
2.95527728e+001	1.52019383e-005	-1.51902659e-005	5.95607373e-007	
2.96529517e+001	1.62064861e-005	-1.61963691e-005	5.72555371e-007	
2.97531306e+001	1.72605821e-005	-1.72518229e-005	5.49818982e-007	
2.98533095e+001	1.88832863e-005	-1.88758268e-005	5.30718649e-007	
2.99534884e+001	2.05062140e-005	-2.04998307e-005	5.11618316e-007	
3.00536673e+001	2.21293162e-005	-2.21238347e-005	4.92517982e-007	
3.01538462e+001	2.29648566e-005	-2.29599547e-005	4.74467925e-007	
3.02540250e+001	2.34376408e-005	-2.34331869e-005	4.56901610e-007	
3.03542039e+001	2.39104556e-005	-2.39064191e-005	4.39335295e-007	
3.04543828e+001	2.43581132e-005	-2.43544473e-005	4.22582868e-007	
3.05545617e+001	2.45813556e-005	-2.45778845e-005	4.13082967e-007	
3.06547406e+001	2.48046052e-005	-2.48013217e-005	4.03583065e-007	
3.07549195e+001	2.50278617e-005	-2.50247589e-005	3.94083163e-007	
3.08550984e+001	2.52145329e-005	-2.52116123e-005	3.83763706e-007	
3.09552773e+001	2.52939019e-005	-2.52911804e-005	3.71040829e-007	
3.10554562e+001	2.53516044e-005	-2.53490553e-005	3.59497359e-007	
3.11556351e+001	2.54034942e-005	-2.54011068e-005	3.48270499e-007	
3.12558140e+001	2.53330700e-005	-2.53308111e-005	3.38301948e-007	
3.13559928e+001	2.52086149e-005	-2.52064694e-005	3.28889247e-007	
3.14561717e+001	2.50841623e-005	-2.50821277e-005	3.19476545e-007	
3.15563506e+001	2.49749232e-005	-2.49729971e-005	3.10168397e-007	
3.16565295e+001	2.48682977e-005	-2.48664722e-005	3.01316680e-007	
3.17567084e+001	2.46717806e-005	-2.46700215e-005	2.94615042e-007	
3.18568873e+001	2.44675670e-005	-2.44658669e-005	2.88426098e-007	
3.19570662e+001	2.42633539e-005	-2.42617124e-005	2.82237155e-007	
3.20572451e+001	2.40641164e-005	-2.40625364e-005	2.75749851e-007	
3.21574240e+001	2.38664988e-005	-2.38649809e-005	2.69165437e-007	
3.22576029e+001	2.36558458e-005	-2.36543826e-005	2.63103672e-007	
3.23577818e+001	2.34045384e-005	-2.34031260e-005	2.57121611e-007	
3.24579606e+001	2.31387029e-005	-2.31373500e-005	2.50209198e-007	
3.25581395e+001	2.28728681e-005	-2.28715741e-005	2.43296786e-007	
3.26583184e+001	2.26070340e-005	-2.26057981e-005	2.36384374e-007	
3.27584973e+001	2.23379811e-005	-2.23367891e-005	2.30762819e-007	
3.28586762e+001	2.20686843e-005	-2.20675336e-005	2.25364755e-007	
3.29588551e+001	2.18007473e-005	-2.17996400e-005	2.19731623e-007	
3.30590340e+001	2.15328107e-005	-2.15317463e-005	2.14098491e-007	
3.31592129e+001	2.12556415e-005	-2.12546150e-005	2.08898615e-007	
3.32593918e+001	2.09796433e-005	-2.09786489e-005	2.04265392e-007	
3.33595707e+001	2.07078340e-005	-2.07068685e-005	1.99960562e-007	
3.34597496e+001	2.04360248e-005	-2.04350882e-005	1.95655732e-007	
3.35599284e+001	2.01730715e-005	-2.01721632e-005	1.91435975e-007	
3.36601073e+001	1.98880165e-005	-1.98871354e-005	1.87210401e-007	
3.37602862e+001	1.96017860e-005	-1.96009319e-005	1.82976080e-007	
3.38604651e+001	1.93155555e-005	-1.93147285e-005	1.78741758e-007	
3.39606440e+001	1.90363590e-005	-1.90355561e-005	1.74833770e-007	
3.40608229e+001	1.87681129e-005	-1.87673299e-005	1.71433832e-007	
3.41610018e+001	1.85000436e-005	-1.84992804e-005	1.68035404e-007	
3.42611807e+001	1.82488443e-005	-1.82481004e-005	1.64781174e-007	
3.43613596e+001	1.79976451e-005	-1.79969203e-005	1.61526944e-007	
3.44615385e+001	1.77544923e-005	-1.77537824e-005	1.58769262e-007	
3.45617174e+001	1.75166148e-005	-1.75159171e-005	1.56337116e-007	
3.46618962e+001	1.72558136e-005	-1.72551318e-005	1.53392000e-007	
3.47620751e+001	1.69831710e-005	-1.69825070e-005	1.50181901e-007	
3.48622540e+001	1.67161246e-005	-1.67154767e-005	1.47184182e-007	
3.49624329e+001	1.64631786e-005	-1.64625425e-005	1.44721578e-007	
3.50626118e+001	1.62223693e-005	-1.62217460e-005	1.42201974e-007	
3.51627907e+001	1.59833378e-005	-1.59827266e-005	1.39785225e-007	
3.52629696e+001	1.57442465e-005	-1.57436453e-005	1.37589984e-007	
3.53631485e+001	1.55054396e-005	-1.55048484e-005	1.35393993e-007	
3.54633274e+001	1.52628982e-005	-1.52623169e-005	1.33199763e-007	
3.55635063e+001	1.50152158e-005	-1.50146442e-005	1.31007956e-007	
3.56636852e+001	1.47675334e-005	-1.47669716e-005	1.28816149e-007	
3.57638640e+001	1.45187634e-005	-1.45182115e-005	1.26589803e-007	
3.58640429e+001	1.42775838e-005	-1.42770369e-005	1.24966540e-007	
3.59642218e+001	1.40346618e-005	-1.40341200e-005	1.23322744e-007	
3.60644007e+001	1.37917399e-005	-1.37912032e-005	1.21678949e-007	
3.61645796e+001	1.35488181e-005	-1.35482863e-005	1.20035154e-007	
3.62647585e+001	1.33323630e-005	-1.33318344e-005	1.18728218e-007	
3.63649374e+001	1.31176697e-005	-1.31171439e-005	1.17448657e-007	
3.64651163e+001	1.29029763e-005	-1.29024534e-005	1.16169096e-007	
3.65652952e+001	1.26882830e-005	-1.26877629e-005	1.14889534e-007	
3.66654741e+001	1.24735897e-005	-1.24730724e-005	1.13609973e-007	
3.67656530e+001	1.22588965e-005	-1.22583818e-005	1.12330411e-007	
3.68658318e+001	1.20511450e-005	-1.20506316e-005	1.11233701e-007	
3.69660107e+001	1.18457510e-005	-1.18452384e-005	1.10199090e-007	
3.70661896e+001	1.16403571e-005	-1.16398453e-005	1.09164478e-007	
3.71663685e+001	1.14220199e-005	-1.14215097e-005	1.07955885e-007	
3.72665474e+001	1.12030497e-005	-1.12025412e-005	1.06738784e-007	
3.73667263e+001	1.09860641e-005	-1.09855570e-005	1.05555277e-007	
3.74669052e+001	1.07895087e-005	-1.07890005e-005	1.04717612e-007	
3.75670841e+001	1.05731449e-005	-1.05726335e-005	1.03994028e-007	
3.76672630e+001	1.03432577e-005	-1.03427414e-005	1.03348331e-007	
3.77674419e+001	1.01133708e-005	-1.01128493e-005	1.02702633e-007	
3.78676208e+001	9.88962370e-006	-9.88909785e-006	1.01983856e-007	
3.79677996e+001	9.67630545e-006	-9.67577685e-006	1.01140948e-007	
3.80679785e+001	9.48935079e-006	-9.48881876e-006	1.00483751e-007	
3.81681574e+001	9.27155434e-006	-9.27101208e-006	1.00274070e-007	
3.82683363e+001	9.05375839e-006	-9.05320540e-006	1.00064389e-007	
3.83685152e+001	8.83596297e-006	-8.83539872e-006	9.98547084e-008	
3.84686941e+001	8.61816812e-006	-8.61759204e-006	9.96450277e-008	
3.85688730e+001	8.37904600e-006	-8.37844797e-006	1.00108053e-007	
3.86690519e+001	8.13301637e-006	-8.13239244e-006	1.00739875e-007	
3.87692308e+001	7.88698841e-006	-7.88633692e-006	1.01371696e-007	
3.88694097e+001	7.64096227e-006	-7.64028139e-006	1.02003517e-007	
3.89695886e+001	7.40975559e-006	-7.40903326e-006	1.03460363e-007	
3.90697674e+001	7.18344044e-006	-7.18267024e-006	1.05189392e-007	
3.91699463e+001	6.89431439e-006	-6.89346218e-006	1.08397868e-007	
3.92701252e+001	6.46518309e-006	-6.46416193e-006	1.14904280e-007	
3.93703041e+001	6.03608283e-006	-6.03486167e-006	1.21410691e-007	
3.94704830e+001	5.60702075e-006	-5.60556142e-006	1.27917103e-007	
3.95706619e+001	5.17800631e-006	-5.17626117e-006	1.34423515e-007	
3.96708408e+001	4.81170112e-006	-4.80957455e-006	1.43039678e-007	
3.97710197e+001	4.08341173e-006	-4.08002378e-006	1.66304890e-007	
3.98711986e+001	3.45713367e-006	-3.45235021e-006	1.81800161e-007	
3.99713775e+001	2.86722411e-006	-2.86060082e-006	1.94774412e-007	
4.00715564e+001	1.97918727e-006	-1.96639329e-006	2.24676877e-007	
4.01717352e+001	7.58073199e-007	-7.07388191e-007	2.72537927e-007	
4.02719141e+001	5.37589618e-007	4.54807449e-007	2.86623065e-007	
4.03720930e+001	2.11593191e-006	2.08776620e-006	3.44093199e-007	
4.04722719e+001	4.05334144e-006	4.03721707e-006	3.61185826e-007	
4.05724508e+001	4.71627225e-006	4.71077128e-006	2.27723386e-007	
4.06726297e+001	4.67012550e-006	4.66960078e-006	7.00056875e-008	
4.07728086e+001	4.33708194e-006	4.33703976e-006	-1.91287297e-008	
4.08729875e+001	3.72393433e-006	3.72350260e-006	-5.67031079e-008	
4.09731664e+001	3.25420295e-006	3.25338146e-006	-7.31157152e-008	
4.10733453e+001	2.83239672e-006	2.83136598e-006	-7.64060648e-008	
4.11735242e+001	2.49643262e-006	2.49540920e-006	-7.14754572e-008	
4.12737030e+001	2.18889188e-006	2.18785936e-006	-6.72239881e-008	
4.13738819e+001	1.91483781e-006	1.91388318e-006	-6.04568906e-008	
4.14740608e+001	1.69139059e-006	1.69050270e-006	-5.47974255e-008	
4.15742397e+001	1.50649163e-006	1.50565599e-006	-5.01705838e-008	
4.16744186e+001	1.35641279e-006	1.35562293e-006	-4.62832151e-008	
4.17745975e+001	1.24892747e-006	1.24813606e-006	-4.44543538e-008	
4.18747764e+001	1.14858035e-006	1.14777014e-006	-4.31337381e-008	
4.19749553e+001	1.05807260e-006	1.05726545e-006	-4.13204621e-008	
4.20751342e+001	9.63561898e-007	9.62760889e-007	-3.92810617e-008	
4.21753131e+001	8.77220836e-007	8.76511574e-007	-3.52683365e-008	
4.22754919e+001	8.08125074e-007	8.07587087e-007	-2.94827526e-008	
4.23756708e+001	7.17986715e-007	7.17842523e-007	-1.43887268e-008	
4.24758497e+001	5.92448311e-007	5.92445371e-007	1.86631326e-009	
4.25760286e+001	4.14864129e-007	4.14479765e-007	1.78541292e-008	
4.26762075e+001	2.41393472e-007	2.39896452e-007	2.68421444e-008	
4.27763864e+001	8.68993715e-008	8.06224599e-008	3.24271450e-008	
4.28765653e+001	5.56522603e-008	-4.57686503e-008	3.16607759e-008	
4.29767442e+001	1.13939086e-007	-1.09844733e-007	3.02696207e-008	
4.30769231e+001	1.25364720e-007	-1.22220639e-007	2.79003279e-008	
4.31771020e+001	1.18309960e-007	-1.15641066e-007	2.49878075e-008	
4.32772809e+001	5.38585124e-008	-4.98744695e-008	2.03292068e-008	
4.33774597e+001	2.77145142e-008	2.30347333e-008	1.54108843e-008	
4.34776386e+001	1.03909858e-007	1.03460099e-007	9.65745540e-009	
4.35778175e+001	1.44329844e-007	1.44235781e-007	5.20992653e-009	
4.36779964e+001	1.79460086e-007	1.79460031e-007	-1.39838105e-010	
4.37781753e+001	2.00393811e-007	2.00328945e-007	-5.09835480e-009	
4.38783542e+001	2.01671182e-007	2.01517961e-007	-7.85984743e-009	
4.39785331e+001	1.91006918e-007	1.90789204e-007	-9.11715858e-009	
4.40787120e+001	1.78828467e-007	1.78566414e-007	-9.67761497e-009	
4.41788909e+001	1.64755599e-007	1.64487326e-007	-9.39825387e-009	
4.42790698e+001	1.45539274e-007	1.45293487e-007	-8.45475419e-009	
4.43792487e+001	1.32471084e-007	1.32237881e-007	-7.85690077e-009	
4.44794275e+001	1.16720634e-007	1.16498553e-007	-7.19678479e-009	
4.45796064e+001	1.05880474e-007	1.05677139e-007	-6.55873761e-009	
4.46797853e+001	9.53744640e-008	9.51904198e-008	-5.92219236e-009	
4.47799642e+001	8.42261504e-008	8.40674858e-008	-5.16742189e-009	
4.48801431e+001	7.93439055e-008	7.92035160e-008	-4.71787991e-009	
4.49803220e+001	7.41952283e-008	7.40720024e-008	-4.27438427e-009	
4.50805009e+001	7.20754392e-008	7.19717235e-008	-3.86522392e-009	
4.51806798e+001	7.03582585e-008	7.02598086e-008	-3.72072953e-009	
4.52808587e+001	6.89655618e-008	6.88648722e-008	-3.72532980e-009	
4.53810376e+001	6.70668748e-008	6.69614822e-008	-3.75840367e-009	
4.54812165e+001	6.42415926e-008	6.41294916e-008	-3.79348528e-009	
4.55813953e+001	6.20589308e-008	6.19410135e-008	-3.82383778e-009	
4.56815742e+001	5.94060900e-008	5.92813436e-008	-3.84783463e-009	
4.57817531e+001	5.75622446e-008	5.74203435e-008	-4.03932689e-009	
4.58819320e+001	5.96965092e-008	5.95342000e-008	-4.39911830e-009	
4.59821109e+001	7.23366059e-008	7.21949353e-008	-4.52502799e-009	
4.60822898e+001	1.23116599e-007	1.22831407e-007	-8.37511136e-009	
4.61824687e+001	7.28443161e-008	7.04635529e-008	-1.84711151e-008	
4.62826476e+001	6.44921971e-008	6.20839579e-008	-1.74592571e-008	
4.63828265e+001	6.73564353e-008	6.49993978e-008	-1.76626064e-008	
4.64830054e+001	6.81822436e-008	6.56104323e-008	-1.85496500e-008	
4.65831843e+001	7.05462960e-008	6.81784320e-008	-1.81240527e-008	
4.66833631e+001	8.03901540e-008	7.78889332e-008	-1.98970085e-008	
4.67835420e+001	7.65098027e-008	7.37134586e-008	-2.04957540e-008	
4.68837209e+001	8.73623038e-008	8.43209989e-008	-2.28504106e-008	
4.69838998e+001	1.02611041e-007	9.92546818e-008	-2.60294813e-008	
4.70840787e+001	1.13660215e-007	1.09831752e-007	-2.92511665e-008	
4.71842576e+001	1.15738304e-007	1.10858224e-007	-3.32537085e-008	
4.72844365e+001	1.43548583e-007	1.39355046e-007	-3.44436782e-008	
4.73846154e+001	1.42033004e-007	1.37247011e-007	-3.65599824e-008	
4.74847943e+001	1.74679692e-007	1.68867249e-007	-4.46860915e-008	
4.75849732e+001	2.19643294e-007	2.14144047e-007	-4.88416197e-008	
4.76851521e+001	2.62517729e-007	2.55879875e-007	-5.86604432e-008	
4.77853309e+001	2.99796888e-007	2.90591055e-007	-7.37225377e-008	
4.78855098e+001	3.64784689e-007	3.53958966e-007	-8.82095204e-008	
4.79856887e+001	4.23089683e-007	4.06467966e-007	-1.17425175e-007	
4.80858676e+001	7.74709516e-007	7.55436570e-007	-1.71727759e-007	
4.81860465e+001	1.55285435e-006	1.53834443e-006	2.11785339e-007	
4.82862254e+001	4.98177257e-007	4.97997572e-007	1.33790067e-008	
4.83864043e+001	2.51097974e-007	2.50667918e-007	1.46896945e-008	
4.84865832e+001	6.89004168e-008	6.77668098e-008	1.24469641e-008	
4.85867621e+001	6.93197831e-008	-6.82943721e-008	1.18790182e-008	
4.86869410e+001	1.84901113e-007	-1.84401507e-007	1.35832909e-008	
4.87871199e+001	2.71229910e-007	-2.70824742e-007	1.48196859e-008	
4.88872987e+001	3.57269802e-007	-3.56950562e-007	1.50999160e-008	
4.89874776e+001	4.43343241e-007	-4.43076382e-007	1.53801461e-008	
4.90876565e+001	5.16704941e-007	-5.16464406e-007	1.57643164e-008	
4.91878354e+001	5.84479700e-007	-5.84255311e-007	1.61941590e-008	
4.92880143e+001	6.52258097e-007	-6.52046216e-007	1.66240016e-008	
4.93881932e+001	7.24868744e-007	-7.24664649e-007	1.72000710e-008	
4.94883721e+001	7.87504957e-007	-7.87309672e-007	1.75367408e-008	
4.95885510e+001	8.42749495e-007	-8.42562627e-007	1.77462669e-008	
4.96887299e+001	8.97995117e-007	-8.97815582e-007	1.79557931e-008	
4.97889088e+001	9.53241635e-007	-9.53068537e-007	1.81653192e-008	
4.98890877e+001	1.00976638e-006	-1.00959896e-006	1.83867987e-008	
4.99892665e+001	1.06815918e-006	-1.06799678e-006	1.86257516e-008	
5.00894454e+001	1.11372402e-006	-1.11356595e-006	1.87635748e-008	
5.01896243e+001	1.15504894e-006	-1.15489503e-006	1.88554371e-008	
5.02898032e+001	1.19637415e-006	-1.19622411e-006	1.89472995e-008	
5.03899821e+001	1.23769963e-006	-1.23755319e-006	1.90391618e-008	
5.04901610e+001	1.27902535e-006	-1.27888227e-006	1.91310241e-008	
5.05903399e+001	1.32035128e-006	-1.32021135e-006	1.92228865e-008	
5.06905188e+001	1.36167742e-006	-1.36154042e-006	1.93147488e-008	
5.07906977e+001	1.40009692e-006	-1.39996295e-006	1.93679159e-008	
5.08908766e+001	1.43393535e-006	-1.43380476e-006	1.93515067e-008	
5.09910555e+001	1.46777393e-006	-1.46764658e-006	1.93350976e-008	
5.10912343e+001	1.50161267e-006	-1.50148839e-006	1.93186884e-008	
5.11914132e+001	1.52888029e-006	-1.52875843e-006	1.93028527e-008	
5.12915921e+001	1.55448023e-006	-1.55436058e-006	1.92864813e-008	
5.13917710e+001	1.57588596e-006	-1.57576873e-006	1.92217003e-008	
5.14919499e+001	1.59729177e-006	-1.59717689e-006	1.91569194e-008	
5.15921288e+001	1.62019047e-006	-1.62007747e-006	1.91351196e-008	
5.16923077e+001	1.64324540e-006	-1.64313418e-006	1.91178164e-008	
5.17924866e+001	1.66630038e-006	-1.66619090e-006	1.91005132e-008	
5.18926655e+001	1.68732010e-006	-1.68721251e-006	1.90543638e-008	
5.19928444e+001	1.70544366e-006	-1.70533773e-006	1.90079393e-008	
5.20930233e+001	1.72285463e-006	-1.72275020e-006	1.89689189e-008	
5.21932021e+001	1.74026563e-006	-1.74016268e-006	1.89298986e-008	
5.22933810e+001	1.75133483e-006	-1.75123324e-006	1.88633516e-008	
5.23935599e+001	1.76359000e-006	-1.76348969e-006	1.88097058e-008	
5.24937388e+001	1.77706465e-006	-1.77696555e-006	1.87673533e-008	
5.25939177e+001	1.79053932e-006	-1.79044140e-006	1.87250009e-008	
5.26940966e+001	1.80398240e-006	-1.80388565e-006	1.86824262e-008	
5.27942755e+001	1.81444781e-006	-1.81435204e-006	1.86426892e-008	
5.28944544e+001	1.82482021e-006	-1.82472537e-006	1.86041237e-008	
5.29946333e+001	1.83519262e-006	-1.83509871e-006	1.85655582e-008	
5.30948122e+001	1.84556504e-006	-1.84547205e-006	1.85269926e-008	
5.31949911e+001	1.85522267e-006	-1.85513057e-006	1.84857296e-008	
5.32951699e+001	1.86325175e-006	-1.86316052e-006	1.84383207e-008	
5.33953488e+001	1.87128084e-006	-1.87119047e-006	1.83909118e-008	
5.34955277e+001	1.87930994e-006	-1.87922041e-006	1.83435029e-008	
5.35957066e+001	1.88838428e-006	-1.88829556e-006	1.83043368e-008	
5.36958855e+001	1.89673532e-006	-1.89664726e-006	1.82767576e-008	
5.37960644e+001	1.90188822e-006	-1.90180066e-006	1.82503654e-008	
5.38962433e+001	1.90718206e-006	-1.90709502e-006	1.82207657e-008	
5.39964222e+001	1.91257538e-006	-1.91248889e-006	1.81889022e-008	
5.40966011e+001	1.91796870e-006	-1.91788275e-006	1.81570386e-008	
5.41967800e+001	1.92266431e-006	-1.92257885e-006	1.81279005e-008	
5.42969589e+001	1.92695519e-006	-1.92687018e-006	1.81003433e-008	
5.43971377e+001	1.93113979e-006	-1.93105518e-006	1.80776770e-008	
5.44973166e+001	1.93526145e-006	-1.93517720e-006	1.80579075e-008	
5.45974955e+001	1.93938310e-006	-1.93929922e-006	1.80381380e-008	
5.46976744e+001	1.94239997e-006	-1.94231640e-006	1.80178763e-008	
5.47978533e+001	1.94505266e-006	-1.94496939e-006	1.79974523e-008	
5.48980322e+001	1.94770534e-006	-1.94762238e-006	1.79770283e-008	
5.49982111e+001	1.94954009e-006	-1.94945735e-006	1.79615405e-008	
5.50983900e+001	1.95083455e-006	-1.95075197e-006	1.79493132e-008	
5.51985689e+001	1.95212901e-006	-1.95204660e-006	1.79370859e-008	
5.52987478e+001	1.95342347e-006	-1.95334122e-006	1.79248587e-008	
5.53989267e+001	1.95471793e-006	-1.95463585e-006	1.79126314e-008	
5.54991055e+001	1.95696347e-006	-1.95688157e-006	1.79034465e-008	
5.55992844e+001	1.95925565e-006	-1.95917393e-006	1.78944078e-008	
5.56994633e+001	1.96131140e-006	-1.96122983e-006	1.78867611e-008	
5.57996422e+001	1.96143363e-006	-1.96135209e-006	1.78841835e-008	
5.58998211e+001	1.96200356e-006	-1.96192207e-006	1.78818088e-008	
5.60000000e+001	1.96180453e-006	-1.96172303e-006	1.78816473e-008	
