% Column 0: Length, cm
% Column 1: |B.t|, Tesla
% Column 2: Re[B.t], Tesla
% Column 3: Im[B.t], Tesla
0.00000000e+000	4.18106660e-006	-4.18056739e-006	6.46081998e-008	
1.00178891e-001	4.18038269e-006	-4.17988338e-006	6.46090722e-008	
2.00357782e-001	4.17837577e-006	-4.17787618e-006	6.46116279e-008	
3.00536673e-001	4.17506665e-006	-4.17456660e-006	6.46157597e-008	
4.00715564e-001	4.17133394e-006	-4.17083337e-006	6.46204003e-008	
5.00894454e-001	4.16591504e-006	-4.16541373e-006	6.46263771e-008	
6.01073345e-001	4.15908497e-006	-4.15858273e-006	6.46334721e-008	
7.01252236e-001	4.15225491e-006	-4.15175173e-006	6.46405671e-008	
8.01431127e-001	4.14542484e-006	-4.14492072e-006	6.46476621e-008	
9.01610018e-001	4.13760490e-006	-4.13709972e-006	6.46547169e-008	
1.00178891e+000	4.12527736e-006	-4.12477056e-006	6.46615884e-008	
1.10196780e+000	4.11294983e-006	-4.11244141e-006	6.46684598e-008	
1.20214669e+000	4.10062231e-006	-4.10011225e-006	6.46753313e-008	
1.30232558e+000	4.08829481e-006	-4.08778310e-006	6.46822028e-008	
1.40250447e+000	4.07596731e-006	-4.07545394e-006	6.46890743e-008	
1.50268336e+000	4.06363982e-006	-4.06312478e-006	6.46959458e-008	
1.60286225e+000	4.05131234e-006	-4.05079563e-006	6.47028172e-008	
1.70304114e+000	4.03898487e-006	-4.03846647e-006	6.47096887e-008	
1.80322004e+000	4.02250417e-006	-4.02198362e-006	6.47111011e-008	
1.90339893e+000	4.00097576e-006	-4.00045250e-006	6.47058785e-008	
2.00357782e+000	3.97944738e-006	-3.97892137e-006	6.47006559e-008	
2.10375671e+000	3.95791903e-006	-3.95739024e-006	6.46954333e-008	
2.20393560e+000	3.93544412e-006	-3.93491245e-006	6.46875446e-008	
2.30411449e+000	3.90304209e-006	-3.90250660e-006	6.46516952e-008	
2.40429338e+000	3.87064013e-006	-3.87010075e-006	6.46158458e-008	
2.50447227e+000	3.83823823e-006	-3.83769490e-006	6.45799964e-008	
2.60465116e+000	3.80583640e-006	-3.80528905e-006	6.45441470e-008	
2.70483005e+000	3.77901950e-006	-3.77846891e-006	6.45063927e-008	
2.80500894e+000	3.75434542e-006	-3.75379188e-006	6.44679077e-008	
2.90518784e+000	3.72967138e-006	-3.72911484e-006	6.44294227e-008	
3.00536673e+000	3.70499738e-006	-3.70443780e-006	6.43909378e-008	
3.10554562e+000	3.67792118e-006	-3.67735843e-006	6.43367744e-008	
3.20572451e+000	3.64654430e-006	-3.64597815e-006	6.42545421e-008	
3.30590340e+000	3.61516747e-006	-3.61459787e-006	6.41723098e-008	
3.40608229e+000	3.58379070e-006	-3.58321759e-006	6.40900775e-008	
3.50626118e+000	3.55241400e-006	-3.55183730e-006	6.40078452e-008	
3.60644007e+000	3.49202029e-006	-3.49143771e-006	6.37841879e-008	
3.70661896e+000	3.43145308e-006	-3.43086438e-006	6.35596837e-008	
3.80679785e+000	3.37088611e-006	-3.37029106e-006	6.33351795e-008	
3.90697674e+000	3.31031938e-006	-3.30971773e-006	6.31106753e-008	
4.00715564e+000	3.25684652e-006	-3.25623921e-006	6.28924653e-008	
4.10733453e+000	3.20754484e-006	-3.20693239e-006	6.26779557e-008	
4.20751342e+000	3.15824333e-006	-3.15762557e-006	6.24634461e-008	
4.30769231e+000	3.10894201e-006	-3.10831876e-006	6.22489365e-008	
4.40787120e+000	3.06250019e-006	-3.06187195e-006	6.20288264e-008	
4.50805009e+000	3.02397373e-006	-3.02334231e-006	6.17932131e-008	
4.60822898e+000	2.98544737e-006	-2.98481267e-006	6.15575999e-008	
4.70840787e+000	2.94692112e-006	-2.94628303e-006	6.13219866e-008	
4.80858676e+000	2.90839497e-006	-2.90775339e-006	6.10863733e-008	
4.90876565e+000	2.83771180e-006	-2.83706423e-006	6.06202866e-008	
5.00894454e+000	2.76349745e-006	-2.76284323e-006	6.01288881e-008	
5.10912343e+000	2.68928356e-006	-2.68862222e-006	5.96374897e-008	
5.20930233e+000	2.61507017e-006	-2.61440122e-006	5.91460912e-008	
5.30948122e+000	2.54009602e-006	-2.53941993e-006	5.86018531e-008	
5.40966011e+000	2.46446505e-006	-2.46378218e-006	5.80120016e-008	
5.50983900e+000	2.38883467e-006	-2.38814442e-006	5.74221502e-008	
5.61001789e+000	2.31320492e-006	-2.31250666e-006	5.68322988e-008	
5.71019678e+000	2.24201524e-006	-2.24130902e-006	5.62692315e-008	
5.81037567e+000	2.19214189e-006	-2.19143071e-006	5.58347722e-008	
5.91055456e+000	2.14226887e-006	-2.14155240e-006	5.54003129e-008	
6.01073345e+000	2.09239618e-006	-2.09167410e-006	5.49658535e-008	
6.11091234e+000	2.04252386e-006	-2.04179579e-006	5.45313942e-008	
6.21109123e+000	1.99443422e-006	-1.99370103e-006	5.40745868e-008	
6.31127013e+000	1.94676834e-006	-1.94602998e-006	5.36124703e-008	
6.41144902e+000	1.89910284e-006	-1.89835893e-006	5.31503538e-008	
6.51162791e+000	1.85143773e-006	-1.85068788e-006	5.26882373e-008	
6.61180680e+000	1.79391758e-006	-1.79315997e-006	5.21305051e-008	
6.71198569e+000	1.72404206e-006	-1.72327410e-006	5.14528956e-008	
6.81216458e+000	1.65416769e-006	-1.65338822e-006	5.07752862e-008	
6.91234347e+000	1.58429463e-006	-1.58350235e-006	5.00976767e-008	
7.01252236e+000	1.51565945e-006	-1.51485311e-006	4.94329264e-008	
7.11270125e+000	1.46136673e-006	-1.46054778e-006	4.89173335e-008	
7.21288014e+000	1.40707518e-006	-1.40624246e-006	4.84017406e-008	
7.31305903e+000	1.35278494e-006	-1.35193713e-006	4.78861476e-008	
7.41323792e+000	1.29849615e-006	-1.29763180e-006	4.73705547e-008	
7.51341682e+000	1.25970074e-006	-1.25882011e-006	4.70944801e-008	
7.61359571e+000	1.22708046e-006	-1.22618333e-006	4.69138646e-008	
7.71377460e+000	1.19446112e-006	-1.19354655e-006	4.67332490e-008	
7.81395349e+000	1.16184277e-006	-1.16090977e-006	4.65526334e-008	
7.91413238e+000	1.13154415e-006	-1.13058779e-006	4.65125417e-008	
8.01431127e+000	1.10553993e-006	-1.10455177e-006	4.67326297e-008	
8.11449016e+000	1.07953730e-006	-1.07851575e-006	4.69527177e-008	
8.21466905e+000	1.05353635e-006	-1.05247973e-006	4.71728056e-008	
8.31484794e+000	1.02753724e-006	-1.02644371e-006	4.73928936e-008	
8.41502683e+000	1.02014679e-006	-1.01899537e-006	4.84553594e-008	
8.51520572e+000	1.01301563e-006	-1.01180408e-006	4.95294762e-008	
8.61538462e+000	1.00588647e-006	-1.00461280e-006	5.06035929e-008	
8.71556351e+000	9.98759362e-007	-9.97421514e-007	5.16777097e-008	
8.81574240e+000	9.99085988e-007	-9.97694717e-007	5.27073409e-008	
8.91592129e+000	1.00394135e-006	-1.00250360e-006	5.37099334e-008	
9.01610018e+000	1.00879726e-006	-1.00731249e-006	5.47125258e-008	
9.11627907e+000	1.01365371e-006	-1.01212137e-006	5.57151183e-008	
9.21645796e+000	1.02576400e-006	-1.02417953e-006	5.69918117e-008	
9.31663685e+000	1.05876862e-006	-1.05712021e-006	5.90580898e-008	
9.41681574e+000	1.09177329e-006	-1.09006089e-006	6.11243680e-008	
9.51699463e+000	1.12477801e-006	-1.12300156e-006	6.31906461e-008	
9.61717352e+000	1.15778277e-006	-1.15594224e-006	6.52569243e-008	
9.71735242e+000	1.22691807e-006	-1.22497162e-006	6.90831121e-008	
9.81753131e+000	1.30036654e-006	-1.29830917e-006	7.31193917e-008	
9.91771020e+000	1.37381502e-006	-1.37164672e-006	7.71556714e-008	
1.00178891e+001	1.44726351e-006	-1.44498427e-006	8.11919511e-008	
1.01180680e+001	1.55672304e-006	-1.55431516e-006	8.65504940e-008	
1.02182469e+001	1.69824403e-006	-1.69569093e-006	9.30862503e-008	
1.03184258e+001	1.83976590e-006	-1.83706669e-006	9.96220067e-008	
1.04186047e+001	1.98128847e-006	-1.97844245e-006	1.06157763e-007	
1.05187835e+001	2.13627570e-006	-2.13327796e-006	1.13132583e-007	
1.06189624e+001	2.35956249e-006	-2.35638906e-006	1.22334605e-007	
1.07191413e+001	2.58285170e-006	-2.57950015e-006	1.31536627e-007	
1.08193202e+001	2.80614276e-006	-2.80261125e-006	1.40738649e-007	
1.09194991e+001	3.02943524e-006	-3.02572234e-006	1.49940672e-007	
1.10196780e+001	3.21841040e-006	-3.21456149e-006	1.57353015e-007	
1.11198569e+001	3.39882517e-006	-3.39485079e-006	1.64318891e-007	
1.12200358e+001	3.57924086e-006	-3.57514009e-006	1.71284768e-007	
1.13202147e+001	3.75965732e-006	-3.75542938e-006	1.78250644e-007	
1.14203936e+001	3.95741853e-006	-3.95307117e-006	1.85444566e-007	
1.15205725e+001	4.17761618e-006	-4.17315871e-006	1.92933468e-007	
1.16207513e+001	4.39781557e-006	-4.39324625e-006	2.00422370e-007	
1.17209302e+001	4.61801643e-006	-4.61333379e-006	2.07911272e-007	
1.18211091e+001	4.86382376e-006	-4.85902284e-006	2.16052299e-007	
1.19212880e+001	5.44125118e-006	-5.43627571e-006	2.32638781e-007	
1.20214669e+001	6.01869083e-006	-6.01352859e-006	2.49225262e-007	
1.21216458e+001	6.59613949e-006	-6.59078147e-006	2.65811744e-007	
1.22218247e+001	7.17359499e-006	-7.16803434e-006	2.82398226e-007	
1.23220036e+001	7.91427763e-006	-7.90857176e-006	3.00471524e-007	
1.24221825e+001	8.72251159e-006	-8.71667054e-006	3.19160037e-007	
1.25223614e+001	9.53075927e-006	-9.52476932e-006	3.37848551e-007	
1.26225403e+001	1.03390175e-005	-1.03328681e-005	3.56537064e-007	
1.27227191e+001	1.11472839e-005	-1.11409669e-005	3.75225577e-007	
1.28228980e+001	1.19555568e-005	-1.19490657e-005	3.93914090e-007	
1.29230769e+001	1.27638351e-005	-1.27571644e-005	4.12602603e-007	
1.30232558e+001	1.35721177e-005	-1.35652632e-005	4.31291117e-007	
1.31234347e+001	1.43804039e-005	-1.43733620e-005	4.49979630e-007	
1.32236136e+001	1.54958364e-005	-1.54887528e-005	4.68488131e-007	
1.33237925e+001	1.66179752e-005	-1.66108379e-005	4.86992647e-007	
1.34239714e+001	1.77401265e-005	-1.77329231e-005	5.05497163e-007	
1.35241503e+001	1.88622881e-005	-1.88550082e-005	5.24001679e-007	
1.36243292e+001	1.99844582e-005	-1.99770933e-005	5.42506195e-007	
1.37245081e+001	2.11066356e-005	-2.10991785e-005	5.61010711e-007	
1.38246869e+001	2.22288190e-005	-2.22212636e-005	5.79515227e-007	
1.39248658e+001	2.33510076e-005	-2.33433487e-005	5.98019743e-007	
1.40250447e+001	2.47057196e-005	-2.46979936e-005	6.17813187e-007	
1.41252236e+001	2.67579911e-005	-2.67503009e-005	6.41473297e-007	
1.42254025e+001	2.88102872e-005	-2.88026083e-005	6.65133407e-007	
1.43255814e+001	3.08626029e-005	-3.08549157e-005	6.88793517e-007	
1.44257603e+001	3.29149346e-005	-3.29072231e-005	7.12453626e-007	
1.45259392e+001	3.58050551e-005	-3.57974668e-005	7.37116269e-007	
1.46261181e+001	3.88033660e-005	-3.87958853e-005	7.61908344e-007	
1.47262970e+001	4.18017071e-005	-4.17943037e-005	7.86700418e-007	
1.48264758e+001	4.48000723e-005	-4.47927221e-005	8.11492492e-007	
1.49266547e+001	4.79185068e-005	-4.79112683e-005	8.32868535e-007	
1.50268336e+001	5.11471975e-005	-5.11401156e-005	8.51108104e-007	
1.51270125e+001	5.43759128e-005	-5.43689629e-005	8.69347674e-007	
1.52271914e+001	5.76046487e-005	-5.75978103e-005	8.87587243e-007	
1.53273703e+001	6.09073914e-005	-6.09006772e-005	9.04347547e-007	
1.54275492e+001	6.46074802e-005	-6.46010265e-005	9.13164762e-007	
1.55277281e+001	6.83075984e-005	-6.83013758e-005	9.21981978e-007	
1.56279070e+001	7.20077413e-005	-7.20017251e-005	9.30799193e-007	
1.57280859e+001	7.57079055e-005	-7.57020745e-005	9.39616409e-007	
1.58282648e+001	8.09814927e-005	-8.09760047e-005	9.42769302e-007	
1.59284436e+001	8.66667005e-005	-8.66615544e-005	9.44440540e-007	
1.60286225e+001	9.23519505e-005	-9.23471041e-005	9.46111778e-007	
1.61288014e+001	9.80372352e-005	-9.80326537e-005	9.47783015e-007	
1.62289803e+001	1.03949476e-004	-1.03945168e-004	9.46420237e-007	
1.63291592e+001	1.10164648e-004	-1.10160629e-004	9.41007997e-007	
1.64293381e+001	1.16379852e-004	-1.16376091e-004	9.35595757e-007	
1.65295170e+001	1.22595082e-004	-1.22591553e-004	9.30183517e-007	
1.66296959e+001	1.28791139e-004	-1.28787821e-004	9.24488333e-007	
1.67298748e+001	1.34706495e-004	-1.34703390e-004	9.14654229e-007	
1.68300537e+001	1.40621869e-004	-1.40618958e-004	9.04820126e-007	
1.69302326e+001	1.46537259e-004	-1.46534526e-004	8.94986023e-007	
1.70304114e+001	1.52452664e-004	-1.52450095e-004	8.85151920e-007	
1.71305903e+001	1.56962586e-004	-1.56960136e-004	8.76936112e-007	
1.72307692e+001	1.60869129e-004	-1.60866780e-004	8.69415074e-007	
1.73309481e+001	1.64775678e-004	-1.64773423e-004	8.61894037e-007	
1.74311270e+001	1.68682231e-004	-1.68680067e-004	8.54372999e-007	
1.75313059e+001	1.73438947e-004	-1.73436883e-004	8.46051330e-007	
1.76314848e+001	1.79880892e-004	-1.79878949e-004	8.36142614e-007	
1.77316637e+001	1.86322846e-004	-1.86321014e-004	8.26233897e-007	
1.78318426e+001	1.92764808e-004	-1.92763079e-004	8.16325181e-007	
1.79320215e+001	1.99206777e-004	-1.99205145e-004	8.06416464e-007	
1.80322004e+001	2.07918204e-004	-2.07916672e-004	7.98134672e-007	
1.81323792e+001	2.16697478e-004	-2.16696038e-004	7.89901514e-007	
1.82325581e+001	2.25476759e-004	-2.25475404e-004	7.81668355e-007	
1.83327370e+001	2.34256047e-004	-2.34254770e-004	7.73435196e-007	
1.84329159e+001	2.41142817e-004	-2.41141581e-004	7.72004822e-007	
1.85330948e+001	2.46802467e-004	-2.46801250e-004	7.74985476e-007	
1.86332737e+001	2.52462118e-004	-2.52460919e-004	7.77966131e-007	
1.87334526e+001	2.58121770e-004	-2.58120588e-004	7.80946786e-007	
1.88336315e+001	2.63781422e-004	-2.63780257e-004	7.83927441e-007	
1.89338104e+001	2.69441076e-004	-2.69439926e-004	7.86908096e-007	
1.90339893e+001	2.75100730e-004	-2.75099596e-004	7.89888751e-007	
1.91341682e+001	2.80760384e-004	-2.80759265e-004	7.92869405e-007	
1.92343470e+001	2.86420039e-004	-2.86418934e-004	7.95850060e-007	
1.93345259e+001	2.93162620e-004	-2.93161505e-004	8.08554096e-007	
1.94347048e+001	3.00055707e-004	-3.00054580e-004	8.22609515e-007	
1.95348837e+001	3.06948795e-004	-3.06947655e-004	8.36664935e-007	
1.96350626e+001	3.13841883e-004	-3.13840730e-004	8.50720354e-007	
1.97352415e+001	3.19991239e-004	-3.19990066e-004	8.66353934e-007	
1.98354204e+001	3.25436353e-004	-3.25435153e-004	8.83481818e-007	
1.99355993e+001	3.30881467e-004	-3.30880241e-004	9.00609702e-007	
2.00357782e+001	3.36326581e-004	-3.36325329e-004	9.17737586e-007	
2.01359571e+001	3.41586963e-004	-3.41585684e-004	9.34888582e-007	
2.02361360e+001	3.45794792e-004	-3.45793481e-004	9.52171185e-007	
2.03363148e+001	3.50002621e-004	-3.50001279e-004	9.69453788e-007	
2.04364937e+001	3.54210450e-004	-3.54209076e-004	9.86736391e-007	
2.05366726e+001	3.58418280e-004	-3.58416873e-004	1.00401899e-006	
2.06368515e+001	3.61186781e-004	-3.61185351e-004	1.01635461e-006	
2.07370304e+001	3.63560995e-004	-3.63559543e-004	1.02733503e-006	
2.08372093e+001	3.65935208e-004	-3.65933735e-004	1.03831545e-006	
2.09373882e+001	3.68309422e-004	-3.68307927e-004	1.04929588e-006	
2.10375671e+001	3.70159906e-004	-3.70158395e-004	1.05741929e-006	
2.11377460e+001	3.71289024e-004	-3.71287507e-004	1.06160757e-006	
2.12379249e+001	3.72418143e-004	-3.72416618e-004	1.06579584e-006	
2.13381038e+001	3.73547261e-004	-3.73545729e-004	1.06998412e-006	
2.14382826e+001	3.74610295e-004	-3.74608756e-004	1.07370471e-006	
2.15384615e+001	3.74565490e-004	-3.74563963e-004	1.06958520e-006	
2.16386404e+001	3.74520685e-004	-3.74519170e-004	1.06546568e-006	
2.17388193e+001	3.74475880e-004	-3.74474376e-004	1.06134616e-006	
2.18389982e+001	3.74431075e-004	-3.74429583e-004	1.05722664e-006	
2.19391771e+001	3.73184645e-004	-3.73183179e-004	1.04598591e-006	
2.20393560e+001	3.71403297e-004	-3.71401865e-004	1.03157508e-006	
2.21395349e+001	3.69621950e-004	-3.69620551e-004	1.01716426e-006	
2.22397138e+001	3.67840603e-004	-3.67839236e-004	1.00275344e-006	
2.23398927e+001	3.65497789e-004	-3.65496460e-004	9.85711931e-007	
2.24400716e+001	3.62002694e-004	-3.62001413e-004	9.63271587e-007	
2.25402504e+001	3.58507600e-004	-3.58506366e-004	9.40831242e-007	
2.26404293e+001	3.55012506e-004	-3.55011318e-004	9.18390897e-007	
2.27406082e+001	3.51517413e-004	-3.51516271e-004	8.95950553e-007	
2.28407871e+001	3.47644147e-004	-3.47643043e-004	8.75960262e-007	
2.29409660e+001	3.43756476e-004	-3.43755410e-004	8.56063395e-007	
2.30411449e+001	3.39868806e-004	-3.39867777e-004	8.36166529e-007	
2.31413238e+001	3.35981136e-004	-3.35980145e-004	8.16269662e-007	
2.32415027e+001	3.32093467e-004	-3.32092512e-004	7.96372795e-007	
2.33416816e+001	3.28205798e-004	-3.28204879e-004	7.76475929e-007	
2.34418605e+001	3.24318129e-004	-3.24317246e-004	7.56579062e-007	
2.35420394e+001	3.20430460e-004	-3.20429613e-004	7.36682195e-007	
2.36422182e+001	3.15886535e-004	-3.15885723e-004	7.16245358e-007	
2.37423971e+001	3.09201864e-004	-3.09201085e-004	6.94047295e-007	
2.38425760e+001	3.02517193e-004	-3.02516447e-004	6.71849232e-007	
2.39427549e+001	2.95832523e-004	-2.95831809e-004	6.49651170e-007	
2.40429338e+001	2.89147853e-004	-2.89147172e-004	6.27453107e-007	
2.41431127e+001	2.81614290e-004	-2.81613632e-004	6.08692364e-007	
2.42432916e+001	2.73954188e-004	-2.73953551e-004	5.90443900e-007	
2.43434705e+001	2.66294085e-004	-2.66293470e-004	5.72195436e-007	
2.44436494e+001	2.58633982e-004	-2.58633389e-004	5.53946972e-007	
2.45438283e+001	2.51440647e-004	-2.51440063e-004	5.41564493e-007	
2.46440072e+001	2.44703088e-004	-2.44702503e-004	5.34909974e-007	
2.47441860e+001	2.37965529e-004	-2.37964943e-004	5.28255456e-007	
2.48443649e+001	2.31227971e-004	-2.31227383e-004	5.21600937e-007	
2.49445438e+001	2.24511147e-004	-2.24510554e-004	5.16055072e-007	
2.50447227e+001	2.17920029e-004	-2.17919415e-004	5.17229115e-007	
2.51449016e+001	2.11328912e-004	-2.11328276e-004	5.18403158e-007	
2.52450805e+001	2.04737796e-004	-2.04737137e-004	5.19577200e-007	
2.53452594e+001	1.98146682e-004	-1.98145998e-004	5.20751243e-007	
2.54454383e+001	1.91474812e-004	-1.91474092e-004	5.25293408e-007	
2.55456172e+001	1.84779791e-004	-1.84779028e-004	5.30800683e-007	
2.56457961e+001	1.78084772e-004	-1.78083965e-004	5.36307957e-007	
2.57459750e+001	1.71389758e-004	-1.71388901e-004	5.41815232e-007	
2.58461538e+001	1.65544425e-004	-1.65543519e-004	5.47700901e-007	
2.59463327e+001	1.60907040e-004	-1.60906086e-004	5.54124451e-007	
2.60465116e+001	1.56269658e-004	-1.56268653e-004	5.60548001e-007	
2.61466905e+001	1.51632280e-004	-1.51631220e-004	5.66971551e-007	
2.62468694e+001	1.47040436e-004	-1.47039318e-004	5.73411580e-007	
2.63470483e+001	1.43339738e-004	-1.43338564e-004	5.80174148e-007	
2.64472272e+001	1.39639044e-004	-1.39637811e-004	5.86936717e-007	
2.65474061e+001	1.35938354e-004	-1.35937057e-004	5.93699285e-007	
2.66475850e+001	1.32237667e-004	-1.32236304e-004	6.00461853e-007	
2.67477639e+001	1.27520433e-004	-1.27518979e-004	6.09032286e-007	
2.68479428e+001	1.22334184e-004	-1.22332621e-004	6.18436841e-007	
2.69481216e+001	1.17147946e-004	-1.17146263e-004	6.27841396e-007	
2.70483005e+001	1.11961719e-004	-1.11959905e-004	6.37245951e-007	
2.71484794e+001	1.07018660e-004	-1.07016711e-004	6.45991710e-007	
2.72486583e+001	1.02592468e-004	-1.02590388e-004	6.53337111e-007	
2.73488372e+001	9.81662880e-005	-9.81640647e-005	6.60682512e-007	
2.74490161e+001	9.37401222e-005	-9.37377419e-005	6.68027913e-007	
2.75491950e+001	8.93139725e-005	-8.93114190e-005	6.75373314e-007	
2.76493739e+001	8.51869288e-005	-8.51842095e-005	6.80648267e-007	
2.77495528e+001	8.10737945e-005	-8.10708936e-005	6.85827039e-007	
2.78497317e+001	7.69798652e-005	-7.69767720e-005	6.90086692e-007	
2.79499106e+001	7.34266950e-005	-7.34234252e-005	6.92944870e-007	
2.80500894e+001	7.00509426e-005	-7.00474983e-005	6.94651713e-007	
2.81502683e+001	6.74217094e-005	-6.74181251e-005	6.95199698e-007	
2.82504472e+001	6.51482909e-005	-6.51445823e-005	6.95130125e-007	
2.83506261e+001	6.24813829e-005	-6.24775249e-005	6.94336139e-007	
2.84508050e+001	5.96793702e-005	-5.96753513e-005	6.92588427e-007	
2.85509839e+001	5.71358555e-005	-5.71316934e-005	6.89632118e-007	
2.86511628e+001	5.45923542e-005	-5.45880355e-005	6.86675809e-007	
2.87513417e+001	5.20630095e-005	-5.20585421e-005	6.82017275e-007	
2.88515206e+001	4.95359398e-005	-4.95313122e-005	6.77086750e-007	
2.89516995e+001	4.74274055e-005	-4.74226585e-005	6.71006322e-007	
2.90518784e+001	4.55157741e-005	-4.55109249e-005	6.64384893e-007	
2.91520572e+001	4.36041528e-005	-4.35991913e-005	6.57763465e-007	
2.92522361e+001	4.16925427e-005	-4.16874577e-005	6.51142036e-007	
2.93524150e+001	3.99616738e-005	-3.99564779e-005	6.44394934e-007	
2.94525939e+001	3.86225068e-005	-3.86172473e-005	6.37375466e-007	
2.95527728e+001	3.72833457e-005	-3.72780166e-005	6.30355998e-007	
2.96529517e+001	3.59441912e-005	-3.59387859e-005	6.23336531e-007	
2.97531306e+001	3.46050440e-005	-3.45995552e-005	6.16317063e-007	
2.98533095e+001	3.37091373e-005	-3.37036375e-005	6.08898799e-007	
2.99534884e+001	3.28358811e-005	-3.28303721e-005	6.01460172e-007	
3.00536673e+001	3.19626271e-005	-3.19571067e-005	5.94021545e-007	
3.01538462e+001	3.10893755e-005	-3.10838413e-005	5.86582918e-007	
3.02540250e+001	3.02046020e-005	-3.01990835e-005	5.77355101e-007	
3.03542039e+001	2.93117249e-005	-2.93062430e-005	5.66868756e-007	
3.04543828e+001	2.84188494e-005	-2.84134025e-005	5.56382411e-007	
3.05545617e+001	2.75259756e-005	-2.75205620e-005	5.45896067e-007	
3.06547406e+001	2.66917637e-005	-2.66863902e-005	5.35564112e-007	
3.07549195e+001	2.60622758e-005	-2.60569719e-005	5.25771006e-007	
3.08550984e+001	2.54327881e-005	-2.54275536e-005	5.15977900e-007	
3.09552773e+001	2.48033009e-005	-2.47981352e-005	5.06184793e-007	
3.10554562e+001	2.41738140e-005	-2.41687169e-005	4.96391687e-007	
3.11556351e+001	2.35443275e-005	-2.35392986e-005	4.86598581e-007	
3.12558140e+001	2.29148415e-005	-2.29098803e-005	4.76805475e-007	
3.13559928e+001	2.22853559e-005	-2.22804620e-005	4.67012369e-007	
3.14561717e+001	2.16558709e-005	-2.16510437e-005	4.57219263e-007	
3.15563506e+001	2.11360266e-005	-2.11312778e-005	4.48017319e-007	
3.16565295e+001	2.07284623e-005	-2.07238042e-005	4.39420776e-007	
3.17567084e+001	2.03208980e-005	-2.03163306e-005	4.30824234e-007	
3.18568873e+001	1.99133338e-005	-1.99088570e-005	4.22227691e-007	
3.19570662e+001	1.95057695e-005	-1.95013834e-005	4.13631149e-007	
3.20572451e+001	1.90982052e-005	-1.90939098e-005	4.05034606e-007	
3.21574240e+001	1.86906410e-005	-1.86864361e-005	3.96438063e-007	
3.22576029e+001	1.82830767e-005	-1.82789625e-005	3.87841521e-007	
3.23577818e+001	1.78755124e-005	-1.78714889e-005	3.79244978e-007	
3.24579606e+001	1.75336659e-005	-1.75297399e-005	3.71025519e-007	
3.25581395e+001	1.72119643e-005	-1.72081377e-005	3.62921653e-007	
3.26583184e+001	1.68902628e-005	-1.68865355e-005	3.54817787e-007	
3.27584973e+001	1.65685614e-005	-1.65649333e-005	3.46713921e-007	
3.28586762e+001	1.62468601e-005	-1.62433311e-005	3.38610055e-007	
3.29588551e+001	1.59251589e-005	-1.59217289e-005	3.30506189e-007	
3.30590340e+001	1.56034579e-005	-1.56001267e-005	3.22402323e-007	
3.31592129e+001	1.52817569e-005	-1.52785245e-005	3.14298457e-007	
3.32593918e+001	1.49613806e-005	-1.49582466e-005	3.06217341e-007	
3.33595707e+001	1.46757386e-005	-1.46726978e-005	2.98732787e-007	
3.34597496e+001	1.43900967e-005	-1.43871490e-005	2.91248233e-007	
3.35599284e+001	1.41044550e-005	-1.41016002e-005	2.83763679e-007	
3.36601073e+001	1.38188135e-005	-1.38160514e-005	2.76279125e-007	
3.37602862e+001	1.35772328e-005	-1.35745469e-005	2.70054063e-007	
3.38604651e+001	1.33571214e-005	-1.33545035e-005	2.64442709e-007	
3.39606440e+001	1.31370102e-005	-1.31344601e-005	2.58831354e-007	
3.40608229e+001	1.29168990e-005	-1.29144168e-005	2.53219999e-007	
3.41610018e+001	1.27052517e-005	-1.27028332e-005	2.47889123e-007	
3.42611807e+001	1.25126175e-005	-1.25102540e-005	2.43188319e-007	
3.43613596e+001	1.23199834e-005	-1.23176748e-005	2.38487516e-007	
3.44615385e+001	1.21273493e-005	-1.21250957e-005	2.33786712e-007	
3.45617174e+001	1.19347154e-005	-1.19325165e-005	2.29085909e-007	
3.46618962e+001	1.17191810e-005	-1.17170353e-005	2.24247214e-007	
3.47620751e+001	1.15022806e-005	-1.15001879e-005	2.19400297e-007	
3.48622540e+001	1.12853803e-005	-1.12833406e-005	2.14553380e-007	
3.49624329e+001	1.10684800e-005	-1.10664933e-005	2.09706463e-007	
3.50626118e+001	1.08949856e-005	-1.08930403e-005	2.05872886e-007	
3.51627907e+001	1.07530051e-005	-1.07510930e-005	2.02775021e-007	
3.52629696e+001	1.06110246e-005	-1.06091457e-005	1.99677157e-007	
3.53631485e+001	1.04690442e-005	-1.04671984e-005	1.96579293e-007	
3.54633274e+001	1.03255278e-005	-1.03237139e-005	1.93533129e-007	
3.55635063e+001	1.01764046e-005	-1.01746181e-005	1.90675694e-007	
3.56636852e+001	1.00272815e-005	-1.00255223e-005	1.87818259e-007	
3.57638640e+001	9.87815831e-006	-9.87642654e-006	1.84960824e-007	
3.58640429e+001	9.72903515e-006	-9.72733073e-006	1.82103390e-007	
3.59642218e+001	9.54371139e-006	-9.54203623e-006	1.78806517e-007	
3.60644007e+001	9.35203425e-006	-9.35038865e-006	1.75432522e-007	
3.61645796e+001	9.16035711e-006	-9.15874108e-006	1.72058528e-007	
3.62647585e+001	8.96867998e-006	-8.96709351e-006	1.68684534e-007	
3.63649374e+001	8.77921769e-006	-8.77765666e-006	1.65549853e-007	
3.64651163e+001	8.59209421e-006	-8.59055424e-006	1.62667904e-007	
3.65652952e+001	8.40497079e-006	-8.40345182e-006	1.59785956e-007	
3.66654741e+001	8.21784743e-006	-8.21634940e-006	1.56904007e-007	
3.67656530e+001	8.03072459e-006	-8.02924678e-006	1.54056856e-007	
3.68658318e+001	7.84360507e-006	-7.84214259e-006	1.51460083e-007	
3.69660107e+001	7.65648569e-006	-7.65503840e-006	1.48863309e-007	
3.70661896e+001	7.46936645e-006	-7.46793420e-006	1.46266536e-007	
3.71663685e+001	7.28224736e-006	-7.28083001e-006	1.43669762e-007	
3.72665474e+001	7.09870236e-006	-7.09729594e-006	1.41299197e-007	
3.73667263e+001	6.91630039e-006	-6.91490346e-006	1.39000971e-007	
3.74669052e+001	6.73389870e-006	-6.73251098e-006	1.36702746e-007	
3.75670841e+001	6.55149730e-006	-6.55011850e-006	1.34404520e-007	
3.76672630e+001	6.37547057e-006	-6.37409890e-006	1.32242813e-007	
3.77674419e+001	6.20927475e-006	-6.20790762e-006	1.30291647e-007	
3.78676208e+001	6.04307932e-006	-6.04171635e-006	1.28340482e-007	
3.79677996e+001	5.87688430e-006	-5.87552507e-006	1.26389316e-007	
3.80679785e+001	5.71151950e-006	-5.71016352e-006	1.24449090e-007	
3.81681574e+001	5.57392065e-006	-5.57256612e-006	1.22874909e-007	
3.82683363e+001	5.43632218e-006	-5.43496872e-006	1.21300729e-007	
3.83685152e+001	5.29872412e-006	-5.29737131e-006	1.19726548e-007	
3.84686941e+001	5.16112650e-006	-5.15977391e-006	1.18152367e-007	
3.85688730e+001	5.02639344e-006	-5.02504177e-006	1.16559978e-007	
3.86690519e+001	4.89310605e-006	-4.89175545e-006	1.14958407e-007	
3.87692308e+001	4.75981914e-006	-4.75846913e-006	1.13356835e-007	
3.88694097e+001	4.62653275e-006	-4.62518281e-006	1.11755264e-007	
3.89695886e+001	4.49324692e-006	-4.49189649e-006	1.10153692e-007	
3.90697674e+001	4.35996171e-006	-4.35861017e-006	1.08552121e-007	
3.91699463e+001	4.22667719e-006	-4.22532385e-006	1.06950549e-007	
3.92701252e+001	4.09339340e-006	-4.09203753e-006	1.05348978e-007	
3.93703041e+001	3.96011043e-006	-3.95875121e-006	1.03747406e-007	
3.94704830e+001	3.78466439e-006	-3.78330838e-006	1.01302944e-007	
3.95706619e+001	3.60633747e-006	-3.60498382e-006	9.88008611e-008	
3.96708408e+001	3.42801213e-006	-3.42665926e-006	9.62987786e-008	
3.97710197e+001	3.24968863e-006	-3.24833470e-006	9.37966961e-008	
3.98711986e+001	3.08470153e-006	-3.08335128e-006	9.12602096e-008	
3.99713775e+001	2.92970608e-006	-2.92836310e-006	8.86979395e-008	
4.00715564e+001	2.77471220e-006	-2.77337492e-006	8.61356694e-008	
4.01717352e+001	2.61972014e-006	-2.61838673e-006	8.35733993e-008	
4.02719141e+001	2.46924079e-006	-2.46791205e-006	8.09952894e-008	
4.03720930e+001	2.33600600e-006	-2.33469148e-006	7.83566115e-008	
4.04722719e+001	2.20277265e-006	-2.20147091e-006	7.57179335e-008	
4.05724508e+001	2.06954102e-006	-2.06825034e-006	7.30792556e-008	
4.06726297e+001	1.93631146e-006	-1.93502977e-006	7.04405776e-008	
4.07728086e+001	1.84900584e-006	-1.84773328e-006	6.85877944e-008	
4.08729875e+001	1.77025328e-006	-1.76898942e-006	6.68813733e-008	
4.09731664e+001	1.69150165e-006	-1.69024556e-006	6.51749523e-008	
4.10733453e+001	1.61275106e-006	-1.61150170e-006	6.34685312e-008	
4.11735242e+001	1.54356943e-006	-1.54233119e-006	6.18150976e-008	
4.12737030e+001	1.48480883e-006	-1.48358717e-006	6.02193735e-008	
4.13738819e+001	1.42604865e-006	-1.42484316e-006	5.86236494e-008	
4.14740608e+001	1.36728894e-006	-1.36609914e-006	5.70279253e-008	
4.15742397e+001	1.30535237e-006	-1.30417967e-006	5.53188646e-008	
4.16744186e+001	1.21880527e-006	-1.21766401e-006	5.27319124e-008	
4.17745975e+001	1.13225928e-006	-1.13114834e-006	5.01449602e-008	
4.18747764e+001	1.04571467e-006	-1.04463267e-006	4.75580079e-008	
4.19749553e+001	9.59171818e-007	-9.58116998e-007	4.49710557e-008	
4.20751342e+001	8.86522687e-007	-8.85500016e-007	4.25699014e-008	
4.21753131e+001	8.18504784e-007	-8.17515490e-007	4.02306664e-008	
4.22754919e+001	7.50488124e-007	-7.49530963e-007	3.78914315e-008	
4.23756708e+001	6.82473079e-007	-6.81546436e-007	3.55521965e-008	
4.24758497e+001	6.28786564e-007	-6.27884831e-007	3.36627637e-008	
4.25760286e+001	5.97922280e-007	-5.97038912e-007	3.24898462e-008	
4.26762075e+001	5.67058424e-007	-5.66192994e-007	3.13169286e-008	
4.27763864e+001	5.36195069e-007	-5.35347075e-007	3.01440111e-008	
4.28765653e+001	5.05521127e-007	-5.04690015e-007	2.89758254e-008	
4.29767442e+001	4.83511546e-007	-4.82698692e-007	2.80247557e-008	
4.30769231e+001	4.61502183e-007	-4.60707370e-007	2.70736861e-008	
4.31771020e+001	4.39493073e-007	-4.38716048e-007	2.61226164e-008	
4.32772809e+001	4.17484255e-007	-4.16724725e-007	2.51715468e-008	
4.33774597e+001	3.91504001e-007	-3.90768681e-007	2.39837603e-008	
4.34776386e+001	3.63450723e-007	-3.62742871e-007	2.26723942e-008	
4.35778175e+001	3.35397979e-007	-3.34717061e-007	2.13610282e-008	
4.36779964e+001	3.07345916e-007	-3.06691251e-007	2.00496621e-008	
4.37781753e+001	2.81696987e-007	-2.81067850e-007	1.88163776e-008	
4.38783542e+001	2.61854470e-007	-2.61250697e-007	1.77718012e-008	
4.39785331e+001	2.42012306e-007	-2.41433544e-007	1.67272248e-008	
4.40787120e+001	2.22170587e-007	-2.21616390e-007	1.56826484e-008	
4.41788909e+001	2.02329447e-007	-2.01799237e-007	1.46380720e-008	
4.42790698e+001	1.90527174e-007	-1.90017450e-007	1.39274147e-008	
4.43792487e+001	1.79345625e-007	-1.78856055e-007	1.32425384e-008	
4.44794275e+001	1.68164188e-007	-1.67694660e-007	1.25576622e-008	
4.45796064e+001	1.56982886e-007	-1.56533266e-007	1.18727859e-008	
4.46797853e+001	1.48400002e-007	-1.47968618e-007	1.13070146e-008	
4.47799642e+001	1.41825837e-007	-1.41411482e-007	1.08333219e-008	
4.48801431e+001	1.35251678e-007	-1.34854345e-007	1.03596293e-008	
4.49803220e+001	1.28677526e-007	-1.28297209e-007	9.88593659e-009	
4.50805009e+001	1.22706093e-007	-1.22342355e-007	9.44105139e-009	
4.51806798e+001	1.19150791e-007	-1.18801889e-007	9.11164837e-009	
4.52808587e+001	1.15595517e-007	-1.15261424e-007	8.78224535e-009	
4.53810376e+001	1.12040274e-007	-1.11720958e-007	8.45284233e-009	
4.54812165e+001	1.08485064e-007	-1.08180492e-007	8.12343931e-009	
4.55813953e+001	1.07871534e-007	-1.07578500e-007	7.94570303e-009	
4.56815742e+001	1.07838146e-007	-1.07555841e-007	7.79786874e-009	
4.57817531e+001	1.07804954e-007	-1.07533181e-007	7.65003445e-009	
4.58819320e+001	1.07771960e-007	-1.07510522e-007	7.50220016e-009	
4.59821109e+001	1.07739163e-007	-1.07487862e-007	7.35436587e-009	
4.60822898e+001	1.07706564e-007	-1.07465203e-007	7.20653158e-009	
4.61824687e+001	1.07674163e-007	-1.07442543e-007	7.05869729e-009	
4.62826476e+001	1.07641959e-007	-1.07419884e-007	6.91086299e-009	
4.63828265e+001	1.08052989e-007	-1.07840116e-007	6.77922212e-009	
4.64830054e+001	1.12175491e-007	-1.11970214e-007	6.78322266e-009	
4.65831843e+001	1.16298533e-007	-1.16100311e-007	6.78722321e-009	
4.66833631e+001	1.20422058e-007	-1.20230409e-007	6.79122375e-009	
4.67835420e+001	1.24546019e-007	-1.24360507e-007	6.79522429e-009	
4.68837209e+001	1.31983916e-007	-1.31803000e-007	6.90819976e-009	
4.69838998e+001	1.40572728e-007	-1.40395378e-007	7.05900509e-009	
4.70840787e+001	1.49162103e-007	-1.48987757e-007	7.20981042e-009	
4.71842576e+001	1.57751950e-007	-1.57580135e-007	7.36061575e-009	
4.72844365e+001	1.65610246e-007	-1.65440148e-007	7.50406941e-009	
4.73846154e+001	1.72264181e-007	-1.72094882e-007	7.63542334e-009	
4.74847943e+001	1.78918272e-007	-1.78749616e-007	7.76677727e-009	
4.75849732e+001	1.85572502e-007	-1.85404350e-007	7.89813119e-009	
4.76851521e+001	1.92246862e-007	-1.92079088e-007	8.02993692e-009	
4.77853309e+001	2.00367989e-007	-2.00200357e-007	8.19441273e-009	
4.78855098e+001	2.08489257e-007	-2.08321625e-007	8.35888854e-009	
4.79856887e+001	2.16610650e-007	-2.16442893e-007	8.52336435e-009	
4.80858676e+001	2.24732154e-007	-2.24564161e-007	8.68784016e-009	
4.81860465e+001	2.37320414e-007	-2.37152243e-007	8.93267464e-009	
4.82862254e+001	2.52321374e-007	-2.52152832e-007	9.22091034e-009	
4.83864043e+001	2.67322603e-007	-2.67153421e-007	9.50914605e-009	
4.84865832e+001	2.82324059e-007	-2.82154010e-007	9.79738175e-009	
4.85867621e+001	2.98022315e-007	-2.97851475e-007	1.00895649e-008	
4.86869410e+001	3.15468724e-007	-3.15297525e-007	1.03916532e-008	
4.87871199e+001	3.32915369e-007	-3.32743575e-007	1.06937416e-008	
4.88872987e+001	3.50362215e-007	-3.50189625e-007	1.09958299e-008	
4.89874776e+001	3.67809235e-007	-3.67635676e-007	1.12979182e-008	
4.90876565e+001	3.90336120e-007	-3.90162492e-007	1.16411608e-008	
4.91878354e+001	4.13301261e-007	-4.13127367e-007	1.19879521e-008	
4.92880143e+001	4.36266649e-007	-4.36092241e-007	1.23347434e-008	
4.93881932e+001	4.59232248e-007	-4.59057116e-007	1.26815347e-008	
4.94883721e+001	4.77774468e-007	-4.77598828e-007	1.29538446e-008	
4.95885510e+001	4.92788593e-007	-4.92612661e-007	1.31667489e-008	
4.96887299e+001	5.07802790e-007	-5.07626495e-007	1.33796531e-008	
4.97889088e+001	5.22817052e-007	-5.22640328e-007	1.35925574e-008	
4.98890877e+001	5.38050148e-007	-5.37873137e-007	1.38003775e-008	
4.99892665e+001	5.54204204e-007	-5.54027679e-007	1.39867969e-008	
5.00894454e+001	5.70358349e-007	-5.70182222e-007	1.41732163e-008	
5.01896243e+001	5.86512575e-007	-5.86336764e-007	1.43596357e-008	
5.02898032e+001	6.02666875e-007	-6.02491307e-007	1.45460550e-008	
5.03899821e+001	6.22850108e-007	-6.22675162e-007	1.47614152e-008	
5.04901610e+001	6.43872529e-007	-6.43698182e-007	1.49828023e-008	
5.05903399e+001	6.64895062e-007	-6.64721202e-007	1.52041894e-008	
5.06905188e+001	6.85917696e-007	-6.85744222e-007	1.54255766e-008	
5.07906977e+001	7.04608133e-007	-7.04435156e-007	1.56119242e-008	
5.08908766e+001	7.20596801e-007	-7.20424489e-007	1.57576801e-008	
5.09910555e+001	7.36585526e-007	-7.36413822e-007	1.59034361e-008	
5.10912343e+001	7.52574305e-007	-7.52403155e-007	1.60491921e-008	
5.11914132e+001	7.68434600e-007	-7.68263989e-007	1.61919089e-008	
5.12915921e+001	7.83124565e-007	-7.82954767e-007	1.63069532e-008	
5.13917710e+001	7.97814576e-007	-7.97645545e-007	1.64219975e-008	
5.14919499e+001	8.12504631e-007	-8.12336323e-007	1.65370417e-008	
5.15921288e+001	8.27194728e-007	-8.27027101e-007	1.66520860e-008	
5.16923077e+001	8.40490794e-007	-8.40324016e-007	1.67428577e-008	
5.17924866e+001	8.53283279e-007	-8.53117389e-007	1.68248608e-008	
5.18926655e+001	8.66075799e-007	-8.65910762e-007	1.69068640e-008	
5.19928444e+001	8.78868351e-007	-8.78704135e-007	1.69888671e-008	
5.20930233e+001	8.91660934e-007	-8.91497508e-007	1.70708703e-008	
5.21932021e+001	9.04453546e-007	-9.04290880e-007	1.71528734e-008	
5.22933810e+001	9.17246188e-007	-9.17084253e-007	1.72348766e-008	
5.23935599e+001	9.30038856e-007	-9.29877626e-007	1.73168797e-008	
5.24937388e+001	9.42816193e-007	-9.42655642e-007	1.73987148e-008	
5.25939177e+001	9.53026376e-007	-9.52866562e-007	1.74524753e-008	
5.26940966e+001	9.63236578e-007	-9.63077482e-007	1.75062359e-008	
5.27942755e+001	9.73446798e-007	-9.73288403e-007	1.75599965e-008	
5.28944544e+001	9.83657035e-007	-9.83499323e-007	1.76137570e-008	
5.29946333e+001	9.91977187e-007	-9.91820105e-007	1.76527066e-008	
5.30948122e+001	9.99241604e-007	-9.99085122e-007	1.76833833e-008	
5.31949911e+001	1.00650603e-006	-1.00635014e-006	1.77140600e-008	
5.32951699e+001	1.01377047e-006	-1.01361516e-006	1.77447367e-008	
5.33953488e+001	1.02181729e-006	-1.02166263e-006	1.77774548e-008	
5.34955277e+001	1.03190338e-006	-1.03174958e-006	1.78154934e-008	
5.35957066e+001	1.04198949e-006	-1.04183653e-006	1.78535320e-008	
5.36958855e+001	1.05207562e-006	-1.05192348e-006	1.78915706e-008	
5.37960644e+001	1.06216176e-006	-1.06201043e-006	1.79296092e-008	
5.38962433e+001	1.06847888e-006	-1.06832809e-006	1.79502901e-008	
5.39964222e+001	1.07443663e-006	-1.07428635e-006	1.79693160e-008	
5.40966011e+001	1.08039438e-006	-1.08024462e-006	1.79883418e-008	
5.41967800e+001	1.08635213e-006	-1.08620288e-006	1.80073677e-008	
5.42969589e+001	1.09052675e-006	-1.09037786e-006	1.80198508e-008	
5.43971377e+001	1.09323421e-006	-1.09308557e-006	1.80269506e-008	
5.44973166e+001	1.09594167e-006	-1.09579328e-006	1.80340504e-008	
5.45974955e+001	1.09864913e-006	-1.09850100e-006	1.80411501e-008	
5.46976744e+001	1.10152319e-006	-1.10137532e-006	1.80485382e-008	
5.47978533e+001	1.10513462e-006	-1.10498709e-006	1.80572022e-008	
5.48980322e+001	1.10874605e-006	-1.10859886e-006	1.80658663e-008	
5.49982111e+001	1.11235749e-006	-1.11221063e-006	1.80745303e-008	
5.50983900e+001	1.11596892e-006	-1.11582240e-006	1.80831943e-008	
5.51985689e+001	1.11864295e-006	-1.11849669e-006	1.80891113e-008	
5.52987478e+001	1.12111113e-006	-1.12096510e-006	1.80944252e-008	
5.53989267e+001	1.12357931e-006	-1.12343352e-006	1.80997390e-008	
5.54991055e+001	1.12604749e-006	-1.12590193e-006	1.81050528e-008	
5.55992844e+001	1.12794865e-006	-1.12780327e-006	1.81090411e-008	
5.56994633e+001	1.12917228e-006	-1.12902702e-006	1.81114456e-008	
5.57996422e+001	1.13024545e-006	-1.13010029e-006	1.81135542e-008	
5.58998211e+001	1.13086469e-006	-1.13071959e-006	1.81147702e-008	
5.60000000e+001	1.13107722e-006	-1.13093214e-006	1.81151866e-008	
