% Column 0: Length, cm
% Column 1: |B.t|, Tesla
% Column 2: Re[B.t], Tesla
% Column 3: Im[B.t], Tesla
0.00000000e+000	5.29933509e-006	-5.29910616e-006	4.92575016e-008	
1.00178891e-001	5.30038774e-006	-5.30015888e-006	4.92540138e-008	
2.00357782e-001	5.30075030e-006	-5.30052141e-006	4.92598407e-008	
3.00536673e-001	5.29816475e-006	-5.29793552e-006	4.92846087e-008	
4.00715564e-001	5.29709424e-006	-5.29686475e-006	4.93067632e-008	
5.00894454e-001	5.29633896e-006	-5.29610920e-006	4.93324602e-008	
6.01073345e-001	5.29377000e-006	-5.29353972e-006	4.93764831e-008	
7.01252236e-001	5.28986922e-006	-5.28963825e-006	4.94326651e-008	
8.01431127e-001	5.28569109e-006	-5.28545938e-006	4.94919257e-008	
9.01610018e-001	5.27825495e-006	-5.27802202e-006	4.95873505e-008	
1.00178891e+000	5.27081882e-006	-5.27058466e-006	4.96827754e-008	
1.10196780e+000	5.26382544e-006	-5.26359015e-006	4.97695571e-008	
1.20214669e+000	5.25684713e-006	-5.25661075e-006	4.98508961e-008	
1.30232558e+000	5.24969698e-006	-5.24945935e-006	4.99485605e-008	
1.40250447e+000	5.24434831e-006	-5.24410951e-006	5.00462485e-008	
1.50268336e+000	5.23899964e-006	-5.23875967e-006	5.01439366e-008	
1.60286225e+000	5.23222145e-006	-5.23198015e-006	5.02493017e-008	
1.70304114e+000	5.22218203e-006	-5.22193909e-006	5.03721807e-008	
1.80322004e+000	5.21214263e-006	-5.21189803e-006	5.04950597e-008	
1.90339893e+000	5.20406975e-006	-5.20382360e-006	5.06147688e-008	
2.00357782e+000	5.19407557e-006	-5.19382749e-006	5.07646041e-008	
2.10375671e+000	5.18229939e-006	-5.18204901e-006	5.09414494e-008	
2.20393560e+000	5.17050301e-006	-5.17025034e-006	5.11162293e-008	
2.30411449e+000	5.15850321e-006	-5.15824841e-006	5.12702301e-008	
2.40429338e+000	5.14495598e-006	-5.14469897e-006	5.14250708e-008	
2.50447227e+000	5.12274156e-006	-5.12248176e-006	5.15921186e-008	
2.60465116e+000	5.10482512e-006	-5.10456247e-006	5.17831005e-008	
2.70483005e+000	5.08690871e-006	-5.08664318e-006	5.19740825e-008	
2.80500894e+000	5.06899232e-006	-5.06872390e-006	5.21650645e-008	
2.90518784e+000	5.05201258e-006	-5.05174110e-006	5.23730608e-008	
3.00536673e+000	5.03566988e-006	-5.03539523e-006	5.25926288e-008	
3.10554562e+000	5.01932720e-006	-5.01904936e-006	5.28121969e-008	
3.20572451e+000	5.00298456e-006	-5.00270349e-006	5.30317650e-008	
3.30590340e+000	4.98684895e-006	-4.98656452e-006	5.32608561e-008	
3.40608229e+000	4.96038347e-006	-4.96009460e-006	5.35327387e-008	
3.50626118e+000	4.91928068e-006	-4.91898705e-006	5.37471540e-008	
3.60644007e+000	4.87817797e-006	-4.87787950e-006	5.39615693e-008	
3.70661896e+000	4.83707535e-006	-4.83677196e-006	5.41759847e-008	
3.80679785e+000	4.80314157e-006	-4.80283282e-006	5.44591508e-008	
3.90697674e+000	4.77147444e-006	-4.77116007e-006	5.47721568e-008	
4.00715564e+000	4.72880507e-006	-4.72848502e-006	5.50164923e-008	
4.10733453e+000	4.68613580e-006	-4.68580996e-006	5.52608278e-008	
4.20751342e+000	4.64346666e-006	-4.64313491e-006	5.55051633e-008	
4.30769231e+000	4.59898313e-006	-4.59864504e-006	5.57636190e-008	
4.40787120e+000	4.54733224e-006	-4.54698645e-006	5.60778511e-008	
4.50805009e+000	4.48860699e-006	-4.48825296e-006	5.63745162e-008	
4.60822898e+000	4.41755686e-006	-4.41719373e-006	5.66405767e-008	
4.70840787e+000	4.34653957e-006	-4.34616718e-006	5.68955550e-008	
4.80858676e+000	4.27996162e-006	-4.27958154e-006	5.70378204e-008	
4.90876565e+000	4.21771888e-006	-4.21733074e-006	5.72180936e-008	
5.00894454e+000	4.15799891e-006	-4.15760268e-006	5.74012127e-008	
5.10912343e+000	4.09827918e-006	-4.09787461e-006	5.75843318e-008	
5.20930233e+000	4.03024799e-006	-4.02983215e-006	5.78936609e-008	
5.30948122e+000	3.93141244e-006	-3.93098529e-006	5.79522680e-008	
5.40966011e+000	3.82810222e-006	-3.82766349e-006	5.79552718e-008	
5.50983900e+000	3.72479263e-006	-3.72434168e-006	5.79582756e-008	
5.61001789e+000	3.62148374e-006	-3.62101988e-006	5.79612794e-008	
5.71019678e+000	3.51880093e-006	-3.51832242e-006	5.80286742e-008	
5.81037567e+000	3.36130055e-006	-3.36080328e-006	5.78160907e-008	
5.91055456e+000	3.22141988e-006	-3.22090611e-006	5.75316402e-008	
6.01073345e+000	3.08409377e-006	-3.08356261e-006	5.72367753e-008	
6.11091234e+000	2.92807518e-006	-2.92752820e-006	5.65942749e-008	
6.21109123e+000	2.76266337e-006	-2.76210026e-006	5.57770625e-008	
6.31127013e+000	2.59725388e-006	-2.59667232e-006	5.49598501e-008	
6.41144902e+000	2.43224238e-006	-2.43163953e-006	5.41497344e-008	
6.51162791e+000	2.27211004e-006	-2.27148180e-006	5.34271721e-008	
6.61180680e+000	2.11198180e-006	-2.11132408e-006	5.27046098e-008	
6.71198569e+000	1.92996002e-006	-1.92927896e-006	5.12675690e-008	
6.81216458e+000	1.73236379e-006	-1.73164914e-006	4.97551947e-008	
6.91234347e+000	1.52717106e-006	-1.52640430e-006	4.83873577e-008	
7.01252236e+000	1.32199591e-006	-1.32115947e-006	4.70195206e-008	
7.11270125e+000	1.06539156e-006	-1.06446683e-006	4.43795216e-008	
7.21288014e+000	8.13693477e-007	-8.12586721e-007	4.24251724e-008	
7.31305903e+000	5.04741524e-007	-5.03141533e-007	4.01572449e-008	
7.41323792e+000	1.92126212e-007	-1.88282013e-007	3.82408788e-008	
7.51341682e+000	1.75542432e-007	1.73042900e-007	2.95177892e-008	
7.61359571e+000	6.69474552e-007	6.68592683e-007	3.43511322e-008	
7.71377460e+000	1.49561863e-006	1.49481647e-006	4.89774680e-008	
7.81395349e+000	4.47440811e-006	4.42805748e-006	6.42366642e-007	
7.91413238e+000	2.34054752e-006	2.28300097e-006	-5.15819013e-007	
8.01431127e+000	1.47051704e-006	1.41566536e-006	-3.97884333e-007	
8.11449016e+000	1.11905941e-006	1.07941885e-006	-2.95209945e-007	
8.21466905e+000	8.91050563e-007	8.60508926e-007	-2.31290928e-007	
8.31484794e+000	8.36343044e-007	8.10658185e-007	-2.05676916e-007	
8.41502683e+000	6.45782757e-007	6.21870986e-007	-1.74102973e-007	
8.51520572e+000	5.89867944e-007	5.69641217e-007	-1.53143971e-007	
8.61538462e+000	5.79553016e-007	5.61355616e-007	-1.44088762e-007	
8.71556351e+000	5.37475560e-007	5.19472255e-007	-1.37944023e-007	
8.81574240e+000	5.38877156e-007	5.25453132e-007	-1.19530729e-007	
8.91592129e+000	4.67356344e-007	4.52097447e-007	-1.18447672e-007	
9.01610018e+000	4.40718179e-007	4.26694711e-007	-1.10291147e-007	
9.11627907e+000	4.75930557e-007	4.62945520e-007	-1.10414405e-007	
9.21645796e+000	4.49294349e-007	4.36056018e-007	-1.08261541e-007	
9.31663685e+000	4.98313998e-007	4.85987786e-007	-1.10148592e-007	
9.41681574e+000	5.39533735e-007	5.29046816e-007	-1.05858956e-007	
9.51699463e+000	5.18544255e-007	5.01333417e-007	-1.32487542e-007	
9.61717352e+000	5.72887762e-007	5.53697441e-007	-1.47035820e-007	
9.71735242e+000	6.01264737e-007	5.73992640e-007	-1.79029979e-007	
9.81753131e+000	8.16856049e-007	7.92492363e-007	-1.98014288e-007	
9.91771020e+000	1.37253253e-006	1.37158316e-006	-5.10410429e-008	
1.00178891e+001	8.38540523e-007	8.37914313e-007	-3.24008167e-008	
1.01180680e+001	7.16900124e-007	7.15734778e-007	-4.08596976e-008	
1.02182469e+001	7.24780511e-007	7.23734287e-007	-3.89290503e-008	
1.03184258e+001	7.74497144e-007	7.73557693e-007	-3.81355674e-008	
1.04186047e+001	8.48273622e-007	8.47433109e-007	-3.77526638e-008	
1.05187835e+001	9.10939268e-007	9.10170327e-007	-3.74209246e-008	
1.06189624e+001	9.67318103e-007	9.66617544e-007	-3.68080784e-008	
1.07191413e+001	1.02685670e-006	1.02621837e-006	-3.62014539e-008	
1.08193202e+001	1.08023835e-006	1.07960249e-006	-3.70589314e-008	
1.09194991e+001	1.12537155e-006	1.12464766e-006	-4.03578593e-008	
1.10196780e+001	1.20376665e-006	1.20290987e-006	-4.54091965e-008	
1.11198569e+001	1.28722540e-006	1.28621569e-006	-5.09748371e-008	
1.12200358e+001	1.38707276e-006	1.38586600e-006	-5.78469075e-008	
1.13202147e+001	1.56551302e-006	1.56415164e-006	-6.52737754e-008	
1.14203936e+001	1.71622339e-006	1.71479012e-006	-7.01252368e-008	
1.15205725e+001	1.97533905e-006	1.97389210e-006	-7.55934329e-008	
1.16207513e+001	2.27133282e-006	2.26977342e-006	-8.41512194e-008	
1.17209302e+001	2.56353958e-006	2.56187897e-006	-9.22568685e-008	
1.18211091e+001	2.88080884e-006	2.87907176e-006	-1.00026613e-007	
1.19212880e+001	3.18290291e-006	3.18116365e-006	-1.05208246e-007	
1.20214669e+001	3.48038665e-006	3.47866275e-006	-1.09529421e-007	
1.21216458e+001	3.62881780e-006	3.62758598e-006	-9.45441932e-008	
1.22218247e+001	3.72581474e-006	3.72555168e-006	-4.42735393e-008	
1.23220036e+001	3.65619376e-006	3.65619315e-006	2.11122028e-009	
1.24221825e+001	3.43956664e-006	3.43933776e-006	3.96788163e-008	
1.25223614e+001	2.77769825e-006	2.77634947e-006	8.65516506e-008	
1.26225403e+001	2.40292036e-006	2.39975951e-006	1.23209333e-007	
1.27227191e+001	2.08494386e-006	2.07926487e-006	1.53780782e-007	
1.28228980e+001	1.68753771e-006	1.67681828e-006	1.89905122e-007	
1.29230769e+001	1.76315567e-006	1.74933325e-006	2.20343144e-007	
1.30232558e+001	1.85020669e-006	1.83366814e-006	2.46831861e-007	
1.31234347e+001	2.98486985e-006	2.97284250e-006	2.67685339e-007	
1.32236136e+001	4.59117218e-006	4.58408609e-006	2.54983705e-007	
1.33237925e+001	6.62244564e-006	6.61856529e-006	2.26671001e-007	
1.34239714e+001	9.65408418e-006	9.65168335e-006	2.15290177e-007	
1.35241503e+001	1.25160774e-005	1.25160683e-005	1.51348241e-008	
1.36243292e+001	1.45044062e-005	1.45037270e-005	-1.40368096e-007	
1.37245081e+001	1.59733335e-005	1.59704372e-005	-3.04170233e-007	
1.38246869e+001	1.73758351e-005	1.73719287e-005	-3.68426225e-007	
1.39248658e+001	1.88911686e-005	1.88865692e-005	-4.16837354e-007	
1.40250447e+001	2.06650074e-005	2.06604721e-005	-4.32923990e-007	
1.41252236e+001	2.27634989e-005	2.27589990e-005	-4.52601580e-007	
1.42254025e+001	2.50345941e-005	2.50301104e-005	-4.73786728e-007	
1.43255814e+001	2.77053113e-005	2.77008577e-005	-4.96745332e-007	
1.44257603e+001	3.11150943e-005	3.11103186e-005	-5.45134655e-007	
1.45259392e+001	3.45083953e-005	3.45036997e-005	-5.69261461e-007	
1.46261181e+001	3.89170147e-005	3.89122438e-005	-6.09353680e-007	
1.47262970e+001	4.36156908e-005	4.36114608e-005	-6.07426126e-007	
1.48264758e+001	4.86072320e-005	4.86031457e-005	-6.30262853e-007	
1.49266547e+001	5.72297200e-005	5.72261257e-005	-6.41391178e-007	
1.50268336e+001	6.46533371e-005	6.46517794e-005	-4.48800778e-007	
1.51270125e+001	7.59883213e-005	7.59882608e-005	-9.59012734e-008	
1.52271914e+001	8.41833741e-005	8.41798910e-005	7.65789239e-007	
1.53273703e+001	9.31004452e-005	9.30586884e-005	2.78808234e-006	
1.54275492e+001	9.21424518e-005	9.19843539e-005	5.39537465e-006	
1.55277281e+001	7.98505061e-005	7.95505096e-005	6.91518298e-006	
1.56279070e+001	5.48788619e-005	5.44624832e-005	6.74739972e-006	
1.57280859e+001	3.14783560e-005	3.09336996e-005	5.83036266e-006	
1.58282648e+001	7.68403687e-006	6.26954937e-006	4.44265387e-006	
1.59284436e+001	1.38003929e-005	-1.33273727e-005	3.58217521e-006	
1.60286225e+001	3.17327238e-005	-3.16216837e-005	2.65233438e-006	
1.61288014e+001	4.14196204e-005	-4.13560474e-005	2.29396986e-006	
1.62289803e+001	5.33989421e-005	-5.33665936e-005	1.85841340e-006	
1.63291592e+001	6.53926214e-005	-6.53771398e-005	1.42285694e-006	
1.64293381e+001	7.34141980e-005	-7.34045306e-005	1.19136504e-006	
1.65295170e+001	7.96996270e-005	-7.96927236e-005	1.04897552e-006	
1.66296959e+001	8.59856959e-005	-8.59809165e-005	9.06586002e-007	
1.67298748e+001	9.24150534e-005	-9.24118938e-005	7.64183472e-007	
1.68300537e+001	9.94264852e-005	-9.94244240e-005	6.40215030e-007	
1.69302326e+001	1.06479331e-004	-1.06477954e-004	5.41615599e-007	
1.70304114e+001	1.13532348e-004	-1.13531484e-004	4.43016167e-007	
1.71305903e+001	1.20585505e-004	-1.20585013e-004	3.44416736e-007	
1.72307692e+001	1.27369804e-004	-1.27369565e-004	2.46753080e-007	
1.73309481e+001	1.33410818e-004	-1.33410721e-004	1.61055377e-007	
1.74311270e+001	1.39636071e-004	-1.39636052e-004	7.32953215e-008	
1.75313059e+001	1.45861384e-004	-1.45861383e-004	-1.44647336e-008	
1.76314848e+001	1.52086748e-004	-1.52086714e-004	-1.02224789e-007	
1.77316637e+001	1.58312159e-004	-1.58312045e-004	-1.89984844e-007	
1.78318426e+001	1.64537611e-004	-1.64537376e-004	-2.77744899e-007	
1.79320215e+001	1.70763098e-004	-1.70762707e-004	-3.65504954e-007	
1.80322004e+001	1.79108813e-004	-1.79108167e-004	-4.81111730e-007	
1.81323792e+001	1.88929218e-004	-1.88928249e-004	-6.05086190e-007	
1.82325581e+001	1.98849479e-004	-1.98848158e-004	-7.24936029e-007	
1.83327370e+001	2.08769775e-004	-2.08768066e-004	-8.44785869e-007	
1.84329159e+001	2.20085387e-004	-2.20083132e-004	-9.96443616e-007	
1.85330948e+001	2.33681034e-004	-2.33677952e-004	-1.20007703e-006	
1.86332737e+001	2.47276757e-004	-2.47272773e-004	-1.40371044e-006	
1.87334526e+001	2.60685135e-004	-2.60680181e-004	-1.60701599e-006	
1.88336315e+001	2.74503801e-004	-2.74497291e-004	-1.89052725e-006	
1.89338104e+001	2.91702252e-004	-2.91694333e-004	-2.14940640e-006	
1.90339893e+001	3.08922637e-004	-3.08913263e-004	-2.40666307e-006	
1.91341682e+001	3.26143072e-004	-3.26132193e-004	-2.66391975e-006	
1.92343470e+001	3.43666685e-004	-3.43653304e-004	-3.03272407e-006	
1.93345259e+001	3.67165132e-004	-3.67147883e-004	-3.55889441e-006	
1.94347048e+001	3.91545121e-004	-3.91527208e-004	-3.74527003e-006	
1.95348837e+001	4.11983319e-004	-4.11966159e-004	-3.76016268e-006	
1.96350626e+001	4.32421588e-004	-4.32405110e-004	-3.77505533e-006	
1.97352415e+001	4.52859920e-004	-4.52844061e-004	-3.78994797e-006	
1.98354204e+001	4.73298306e-004	-4.73283012e-004	-3.80484062e-006	
1.99355993e+001	5.00001219e-004	-4.99987876e-004	-3.65283000e-006	
2.00357782e+001	5.27560497e-004	-5.27554013e-004	-2.61565770e-006	
2.01359571e+001	5.54942177e-004	-5.54940252e-004	-1.46147086e-006	
2.02361360e+001	5.78720729e-004	-5.78720340e-004	-6.70702618e-007	
2.03363148e+001	6.00442817e-004	-6.00442811e-004	-8.72958165e-008	
2.04364937e+001	6.22165479e-004	-6.22165281e-004	4.96110985e-007	
2.05366726e+001	6.41919568e-004	-6.41917443e-004	1.65185864e-006	
2.06368515e+001	6.60470826e-004	-6.60463276e-004	3.15802376e-006	
2.07370304e+001	6.78093651e-004	-6.78078505e-004	4.53225203e-006	
2.08372093e+001	6.90638107e-004	-6.90617454e-004	5.34109484e-006	
2.09373882e+001	7.03358766e-004	-7.03329845e-004	6.37829247e-006	
2.10375671e+001	7.16080634e-004	-7.16042237e-004	7.41549010e-006	
2.11377460e+001	7.25263655e-004	-7.25219173e-004	8.03246760e-006	
2.12379249e+001	7.34286400e-004	-7.34234804e-004	8.70455520e-006	
2.13381038e+001	7.43309580e-004	-7.43250436e-004	9.37664280e-006	
2.14382826e+001	7.45594689e-004	-7.45533502e-004	9.55184820e-006	
2.15384615e+001	7.45466284e-004	-7.45405121e-004	9.54908210e-006	
2.16386404e+001	7.45222115e-004	-7.45160872e-004	9.55381712e-006	
2.17388193e+001	7.44815385e-004	-7.44754280e-004	9.54040047e-006	
2.18389982e+001	7.39608273e-004	-7.39552368e-004	9.09351442e-006	
2.19391771e+001	7.32101291e-004	-7.32051667e-004	8.52392694e-006	
2.20393560e+001	7.26051559e-004	-7.26006761e-004	8.06532053e-006	
2.21395349e+001	7.20939375e-004	-7.20898488e-004	7.67811735e-006	
2.22397138e+001	7.16079187e-004	-7.16041856e-004	7.31180181e-006	
2.23398927e+001	7.02250937e-004	-7.02222940e-004	6.27064373e-006	
2.24400716e+001	6.85390375e-004	-6.85372136e-004	5.00002202e-006	
2.25402504e+001	6.68531735e-004	-6.68521333e-004	3.72940032e-006	
2.26404293e+001	6.49419408e-004	-6.49413465e-004	2.77845789e-006	
2.27406082e+001	6.26379711e-004	-6.26377646e-004	1.60812376e-006	
2.28407871e+001	6.02480063e-004	-6.02479983e-004	3.10312029e-007	
2.29409660e+001	5.78583162e-004	-5.78582319e-004	-9.87499699e-007	
2.30411449e+001	5.54763551e-004	-5.54758865e-004	-2.28012648e-006	
2.31413238e+001	5.37133572e-004	-5.37124906e-004	-3.05104417e-006	
2.32415027e+001	5.09461772e-004	-5.09450572e-004	-3.37812353e-006	
2.33416816e+001	4.81790486e-004	-4.81776238e-004	-3.70520289e-006	
2.34418605e+001	4.54119807e-004	-4.54101904e-004	-4.03228224e-006	
2.35420394e+001	4.29554122e-004	-4.29533002e-004	-4.25957500e-006	
2.36422182e+001	4.08193009e-004	-4.08173248e-004	-4.01655695e-006	
2.37423971e+001	3.85946534e-004	-3.85928911e-004	-3.68817446e-006	
2.38425760e+001	3.63700093e-004	-3.63684574e-004	-3.35979196e-006	
2.39427549e+001	3.41453694e-004	-3.41440238e-004	-3.03140947e-006	
2.40429338e+001	3.22863109e-004	-3.22851026e-004	-2.79314634e-006	
2.41431127e+001	3.06938926e-004	-3.06927739e-004	-2.62061320e-006	
2.42432916e+001	2.88127131e-004	-2.88118038e-004	-2.28906365e-006	
2.43434705e+001	2.68590777e-004	-2.68583932e-004	-1.91760562e-006	
2.44436494e+001	2.53532958e-004	-2.53527805e-004	-1.61650224e-006	
2.45438283e+001	2.40413813e-004	-2.40409835e-004	-1.38292950e-006	
2.46440072e+001	2.25599749e-004	-2.25596678e-004	-1.17710074e-006	
2.47441860e+001	2.10785759e-004	-2.10783521e-004	-9.71271975e-007	
2.48443649e+001	1.97362253e-004	-1.97360694e-004	-7.84465042e-007	
2.49445438e+001	1.89380788e-004	-1.89379584e-004	-6.75269408e-007	
2.50447227e+001	1.81399358e-004	-1.81398475e-004	-5.66073773e-007	
2.51449016e+001	1.73417967e-004	-1.73417366e-004	-4.56878138e-007	
2.52450805e+001	1.65436622e-004	-1.65436256e-004	-3.47682503e-007	
2.53452594e+001	1.58464234e-004	-1.58463996e-004	-2.74723020e-007	
2.54454383e+001	1.51776255e-004	-1.51776107e-004	-2.11977671e-007	
2.55456172e+001	1.45088295e-004	-1.45088218e-004	-1.49232323e-007	
2.56457961e+001	1.38400356e-004	-1.38400329e-004	-8.64869747e-008	
2.57459750e+001	1.31733533e-004	-1.31733531e-004	-2.42189731e-008	
2.58461538e+001	1.25085814e-004	-1.25085808e-004	3.76172791e-008	
2.59463327e+001	1.18438127e-004	-1.18438086e-004	9.94535312e-008	
2.60465116e+001	1.10815317e-004	-1.10815195e-004	1.64467404e-007	
2.61466905e+001	1.03602976e-004	-1.03602725e-004	2.28357170e-007	
2.62468694e+001	9.64283791e-005	-9.64279305e-005	2.94134284e-007	
2.63470483e+001	8.92538619e-005	-8.92531362e-005	3.59911398e-007	
2.64472272e+001	8.20794458e-005	-8.20783419e-005	4.25688512e-007	
2.65474061e+001	7.49051600e-005	-7.49035477e-005	4.91465626e-007	
2.66475850e+001	6.77310458e-005	-6.77287534e-005	5.57242740e-007	
2.67477639e+001	6.05571641e-005	-6.05539592e-005	6.23019854e-007	
2.68479428e+001	5.36697510e-005	-5.36653932e-005	6.83920825e-007	
2.69481216e+001	4.65218928e-005	-4.65157098e-005	7.58453702e-007	
2.70483005e+001	3.90855735e-005	-3.90764377e-005	8.45029665e-007	
2.71484794e+001	3.16508789e-005	-3.16371656e-005	9.31605628e-007	
2.72486583e+001	2.42193051e-005	-2.41978935e-005	1.01818159e-006	
2.73488372e+001	1.72741497e-005	-1.72394523e-005	1.09431858e-006	
2.74490161e+001	1.09754493e-005	-1.09143262e-005	1.15670614e-006	
2.75491950e+001	4.12251502e-006	-3.93289796e-006	1.23589795e-006	
2.76493739e+001	3.37865814e-006	3.11357557e-006	1.31186050e-006	
2.77495528e+001	7.58845704e-006	7.47087503e-006	1.33067898e-006	
2.78497317e+001	1.18471500e-005	1.17701478e-005	1.34854933e-006	
2.79499106e+001	1.52997723e-005	1.52413439e-005	1.33584043e-006	
2.80500894e+001	1.67357047e-005	1.66878399e-005	1.26483735e-006	
2.81502683e+001	1.73262005e-005	1.72836704e-005	1.21324428e-006	
2.82504472e+001	1.79171981e-005	1.78795010e-005	1.16165120e-006	
2.83506261e+001	1.74321810e-005	1.73984242e-005	1.08432896e-006	
2.84508050e+001	1.36871639e-005	1.36555948e-005	9.29077805e-007	
2.85509839e+001	1.01105713e-005	1.00744070e-005	8.54385881e-007	
2.86511628e+001	6.54042951e-006	6.49375682e-006	7.79961897e-007	
2.87513417e+001	3.53961668e-006	3.46779604e-006	7.09420082e-007	
2.88515206e+001	1.64890219e-006	1.51320657e-006	6.55045279e-007	
2.89516995e+001	8.04328900e-007	-5.03731440e-007	6.27056309e-007	
2.90518784e+001	2.86098419e-006	-2.79802748e-006	5.96885917e-007	
2.91520572e+001	5.12376085e-006	-5.09232351e-006	5.66715526e-007	
2.92522361e+001	7.40608054e-006	-7.38661955e-006	5.36545134e-007	
2.93524150e+001	9.69414988e-006	-9.68091558e-006	5.06374742e-007	
2.94525939e+001	1.04906041e-005	-1.04792560e-005	4.87818586e-007	
2.95527728e+001	1.12293571e-005	-1.12195290e-005	4.69713252e-007	
2.96529517e+001	1.19683253e-005	-1.19598019e-005	4.51607918e-007	
2.97531306e+001	1.27438481e-005	-1.27364644e-005	4.33752201e-007	
2.98533095e+001	1.39386495e-005	-1.39323573e-005	4.18772229e-007	
2.99534884e+001	1.51336381e-005	-1.51282502e-005	4.03792257e-007	
3.00536673e+001	1.63287729e-005	-1.63241432e-005	3.88812285e-007	
3.01538462e+001	1.69436139e-005	-1.69394723e-005	3.74607569e-007	
3.02540250e+001	1.72911660e-005	-1.72874022e-005	3.60759925e-007	
3.03542039e+001	1.76387439e-005	-1.76353321e-005	3.46912281e-007	
3.04543828e+001	1.79678262e-005	-1.79647271e-005	3.33707345e-007	
3.05545617e+001	1.81318935e-005	-1.81289585e-005	3.26229544e-007	
3.06547406e+001	1.82959667e-005	-1.82931899e-005	3.18751743e-007	
3.07549195e+001	1.84600458e-005	-1.84574213e-005	3.11273942e-007	
3.08550984e+001	1.85971290e-005	-1.85946581e-005	3.03144672e-007	
3.09552773e+001	1.86550335e-005	-1.86527308e-005	2.93104909e-007	
3.10554562e+001	1.86970295e-005	-1.86948725e-005	2.83994930e-007	
3.11556351e+001	1.87347581e-005	-1.87327377e-005	2.75134549e-007	
3.12558140e+001	1.86824146e-005	-1.86805028e-005	2.67263688e-007	
3.13559928e+001	1.85902827e-005	-1.85884668e-005	2.59829938e-007	
3.14561717e+001	1.84981528e-005	-1.84964308e-005	2.52396189e-007	
3.15563506e+001	1.84172381e-005	-1.84156078e-005	2.45045574e-007	
3.16565295e+001	1.83382705e-005	-1.83367253e-005	2.38051502e-007	
3.17567084e+001	1.81931607e-005	-1.81916718e-005	2.32753550e-007	
3.18568873e+001	1.80424018e-005	-1.80409629e-005	2.27863362e-007	
3.19570662e+001	1.78916434e-005	-1.78902540e-005	2.22973174e-007	
3.20572451e+001	1.77445385e-005	-1.77432012e-005	2.17847467e-007	
3.21574240e+001	1.75986231e-005	-1.75973383e-005	2.12645103e-007	
3.22576029e+001	1.74431254e-005	-1.74418869e-005	2.07855380e-007	
3.23577818e+001	1.72576742e-005	-1.72564788e-005	2.03123773e-007	
3.24579606e+001	1.70614771e-005	-1.70603322e-005	1.97652940e-007	
3.25581395e+001	1.68652806e-005	-1.68641856e-005	1.92182107e-007	
3.26583184e+001	1.66690847e-005	-1.66680390e-005	1.86711274e-007	
3.27584973e+001	1.64705683e-005	-1.64695598e-005	1.82260707e-007	
3.28586762e+001	1.62718822e-005	-1.62709087e-005	1.77986111e-007	
3.29588551e+001	1.60741916e-005	-1.60732550e-005	1.73524068e-007	
3.30590340e+001	1.58765013e-005	-1.58756012e-005	1.69062025e-007	
3.31592129e+001	1.56720222e-005	-1.56711542e-005	1.64943428e-007	
3.32593918e+001	1.54684329e-005	-1.54675922e-005	1.61273995e-007	
3.33595707e+001	1.52679481e-005	-1.52671319e-005	1.57864861e-007	
3.34597496e+001	1.50674634e-005	-1.50666717e-005	1.54455728e-007	
3.35599284e+001	1.48735093e-005	-1.48727417e-005	1.51113899e-007	
3.36601073e+001	1.46632694e-005	-1.46625248e-005	1.47768017e-007	
3.37602862e+001	1.44521627e-005	-1.44514412e-005	1.44415285e-007	
3.38604651e+001	1.42410562e-005	-1.42403575e-005	1.41062554e-007	
3.39606440e+001	1.40351489e-005	-1.40344707e-005	1.37968096e-007	
3.40608229e+001	1.38373358e-005	-1.38366746e-005	1.35275727e-007	
3.41610018e+001	1.36396530e-005	-1.36390086e-005	1.32584563e-007	
3.42611807e+001	1.34544063e-005	-1.34537782e-005	1.30008463e-007	
3.43613596e+001	1.32691597e-005	-1.32685478e-005	1.27432364e-007	
3.44615385e+001	1.30898654e-005	-1.30892662e-005	1.25249970e-007	
3.45617174e+001	1.29144734e-005	-1.29138846e-005	1.23325691e-007	
3.46618962e+001	1.27221675e-005	-1.27215921e-005	1.20994121e-007	
3.47620751e+001	1.25211243e-005	-1.25205640e-005	1.18452158e-007	
3.48622540e+001	1.23242144e-005	-1.23236677e-005	1.16078795e-007	
3.49624329e+001	1.21377184e-005	-1.21371818e-005	1.14130237e-007	
3.50626118e+001	1.19601645e-005	-1.19596388e-005	1.12135388e-007	
3.51627907e+001	1.17839255e-005	-1.17834100e-005	1.10222283e-007	
3.52629696e+001	1.16076526e-005	-1.16071456e-005	1.08485482e-007	
3.53631485e+001	1.14315896e-005	-1.14310912e-005	1.06747532e-007	
3.54633274e+001	1.12527757e-005	-1.12522857e-005	1.05011355e-007	
3.55635063e+001	1.10701746e-005	-1.10696928e-005	1.03277620e-007	
3.56636852e+001	1.08875735e-005	-1.08871000e-005	1.01543884e-007	
3.57638640e+001	1.07041691e-005	-1.07037040e-005	9.97827434e-008	
3.58640429e+001	1.05263884e-005	-1.05259275e-005	9.84998265e-008	
3.59642218e+001	1.03473229e-005	-1.03468664e-005	9.72003500e-008	
3.60644007e+001	1.01682575e-005	-1.01678052e-005	9.59008735e-008	
3.61645796e+001	9.98919203e-006	-9.98874407e-006	9.46013969e-008	
3.62647585e+001	9.82964335e-006	-9.82919801e-006	9.35675019e-008	
3.63649374e+001	9.67139380e-006	-9.67095091e-006	9.25549879e-008	
3.64651163e+001	9.51314427e-006	-9.51270381e-006	9.15424738e-008	
3.65652952e+001	9.35489477e-006	-9.35445671e-006	9.05299598e-008	
3.66654741e+001	9.19664529e-006	-9.19620962e-006	8.95174458e-008	
3.67656530e+001	9.03839585e-006	-9.03796252e-006	8.85049318e-008	
3.68658318e+001	8.88526841e-006	-8.88483622e-006	8.76357029e-008	
3.69660107e+001	8.73388050e-006	-8.73344902e-006	8.68151355e-008	
3.70661896e+001	8.58249265e-006	-8.58206182e-006	8.59945681e-008	
3.71663685e+001	8.42156040e-006	-8.42113106e-006	8.50362404e-008	
3.72665474e+001	8.26016145e-006	-8.25973360e-006	8.40711759e-008	
3.73667263e+001	8.10022644e-006	-8.09979984e-006	8.31325438e-008	
3.74669052e+001	7.95536198e-006	-7.95493454e-006	8.24660288e-008	
3.75670841e+001	7.79590790e-006	-7.79547780e-006	8.18888386e-008	
3.76672630e+001	7.62649333e-006	-7.62605920e-006	8.13726320e-008	
3.77674419e+001	7.45707898e-006	-7.45664060e-006	8.08564254e-008	
3.78676208e+001	7.29218468e-006	-7.29174273e-006	8.02830628e-008	
3.79677996e+001	7.13496787e-006	-7.13452369e-006	7.96126158e-008	
3.80679785e+001	6.99718590e-006	-6.99673892e-006	7.90888476e-008	
3.81681574e+001	6.83670397e-006	-6.83624850e-006	7.89148759e-008	
3.82683363e+001	6.67622245e-006	-6.67575809e-006	7.87409043e-008	
3.83685152e+001	6.51574137e-006	-6.51526767e-006	7.85669326e-008	
3.84686941e+001	6.35526077e-006	-6.35477725e-006	7.83929610e-008	
3.85688730e+001	6.17910080e-006	-6.17859899e-006	7.87471406e-008	
3.86690519e+001	5.99786017e-006	-5.99733680e-006	7.92337363e-008	
3.87692308e+001	5.81662093e-006	-5.81607460e-006	7.97203320e-008	
3.88694097e+001	5.63538321e-006	-5.63481240e-006	8.02069278e-008	
3.89695886e+001	5.46511326e-006	-5.46450791e-006	8.13399354e-008	
3.90697674e+001	5.29846371e-006	-5.29781848e-006	8.26862005e-008	
3.91699463e+001	5.08561285e-006	-5.08489924e-006	8.51926436e-008	
3.92701252e+001	4.76978052e-006	-4.76892595e-006	9.02853198e-008	
3.93703041e+001	4.45397400e-006	-4.45295266e-006	9.53779960e-008	
3.94704830e+001	4.13819921e-006	-4.13697937e-006	1.00470672e-007	
3.95706619e+001	3.82246401e-006	-3.82100608e-006	1.05563348e-007	
3.96708408e+001	3.55307137e-006	-3.55129601e-006	1.12306586e-007	
3.97710197e+001	3.01779536e-006	-3.01496952e-006	1.30566673e-007	
3.98711986e+001	2.55728233e-006	-2.55329670e-006	1.42719556e-007	
3.99713775e+001	2.12347175e-006	-2.11796049e-006	1.52890845e-007	
4.00715564e+001	1.47127822e-006	-1.46067429e-006	1.76324188e-007	
4.01717352e+001	5.76662338e-007	-5.35554418e-007	2.13824501e-007	
4.02719141e+001	3.91183018e-007	3.20113102e-007	2.24837175e-007	
4.03720930e+001	1.54380551e-006	1.52009277e-006	2.69542976e-007	
4.04722719e+001	2.96946899e-006	2.95593504e-006	2.83185642e-007	
4.05724508e+001	3.46537160e-006	3.46069912e-006	1.79894348e-007	
4.06726297e+001	3.43952694e-006	3.43907338e-006	5.58555337e-008	
4.07728086e+001	3.19835651e-006	3.19832276e-006	-1.46927636e-008	
4.08729875e+001	2.74796062e-006	2.74759821e-006	-4.46275345e-008	
4.09731664e+001	2.40233795e-006	2.40164571e-006	-5.76673232e-008	
4.10733453e+001	2.09139709e-006	2.09052807e-006	-6.02839378e-008	
4.11735242e+001	1.84333931e-006	1.84247756e-006	-5.63583806e-008	
4.12737030e+001	1.61637035e-006	1.61550137e-006	-5.29945756e-008	
4.13738819e+001	1.41408204e-006	1.41327864e-006	-4.76601200e-008	
4.14740608e+001	1.24912789e-006	1.24838003e-006	-4.32178752e-008	
4.15742397e+001	1.11262258e-006	1.11191757e-006	-3.96020645e-008	
4.16744186e+001	1.00183685e-006	1.00116977e-006	-3.65535321e-008	
4.17745975e+001	9.22585161e-007	9.21915129e-007	-3.51550042e-008	
4.18747764e+001	8.48629693e-007	8.47941435e-007	-3.41713360e-008	
4.19749553e+001	7.81881410e-007	7.81194511e-007	-3.27669853e-008	
4.20751342e+001	7.12168571e-007	7.11486203e-007	-3.11682011e-008	
4.21753131e+001	6.48371801e-007	6.47768427e-007	-2.79652753e-008	
4.22754919e+001	5.97220540e-007	5.96766265e-007	-2.32894457e-008	
4.23756708e+001	5.30062854e-007	5.29945066e-007	-1.11739076e-008	
4.24758497e+001	4.36684108e-007	4.36680749e-007	1.71280495e-009	
4.25760286e+001	3.04996051e-007	3.04660179e-007	1.43096572e-008	
4.26762075e+001	1.76805780e-007	1.75511886e-007	2.13509169e-008	
4.27763864e+001	6.32928004e-008	5.78352267e-008	2.57111869e-008	
4.28765653e+001	4.32629040e-008	-3.52767785e-008	2.50445156e-008	
4.29767442e+001	8.58380849e-008	-8.24400560e-008	2.39126321e-008	
4.30769231e+001	9.40664336e-008	-9.14503376e-008	2.20301995e-008	
4.31771020e+001	8.86844701e-008	-8.64628873e-008	1.97257281e-008	
4.32772809e+001	4.10404840e-008	-3.77678872e-008	1.60595151e-008	
4.33774597e+001	2.02767017e-008	1.62037927e-008	1.21894107e-008	
4.34776386e+001	7.61487456e-008	7.57612281e-008	7.67253415e-009	
4.35778175e+001	1.06114579e-007	1.06032350e-007	4.17665519e-009	
4.36779964e+001	1.32260115e-007	1.32260112e-007	-2.78301520e-011	
4.37781753e+001	1.47934014e-007	1.47881681e-007	-3.93457237e-009	
4.38783542e+001	1.49012876e-007	1.48887154e-007	-6.11985185e-009	
4.39785331e+001	1.41214031e-007	1.41034113e-007	-7.12611774e-009	
4.40787120e+001	1.32266864e-007	1.32049410e-007	-7.58133683e-009	
4.41788909e+001	1.21881450e-007	1.21658309e-007	-7.37181783e-009	
4.42790698e+001	1.07671577e-007	1.07466725e-007	-6.63864485e-009	
4.43792487e+001	9.80110794e-008	9.78164910e-008	-6.17298745e-009	
4.44794275e+001	8.63712145e-008	8.61856338e-008	-5.65890603e-009	
4.45796064e+001	7.83509026e-008	7.81809077e-008	-5.15845075e-009	
4.46797853e+001	7.05769022e-008	7.04229619e-008	-4.65892281e-009	
4.47799642e+001	6.23235119e-008	6.21907503e-008	-4.06579768e-009	
4.48801431e+001	5.87022218e-008	5.85846999e-008	-3.71265252e-009	
4.49803220e+001	5.48850831e-008	5.47818782e-008	-3.36424814e-009	
4.50805009e+001	5.33004769e-008	5.32135382e-008	-3.04305595e-009	
4.51806798e+001	5.20272406e-008	5.19446634e-008	-2.93013814e-009	
4.52808587e+001	5.10031618e-008	5.09188325e-008	-2.93172347e-009	
4.53810376e+001	4.96078384e-008	4.95196848e-008	-2.95608567e-009	
4.54812165e+001	4.75294566e-008	4.74357402e-008	-2.98325198e-009	
4.55813953e+001	4.59242605e-008	4.58257198e-008	-3.00684247e-009	
4.56815742e+001	4.39725643e-008	4.38683463e-008	-3.02565808e-009	
4.57817531e+001	4.26277541e-008	4.25095095e-008	-3.17285757e-009	
4.58819320e+001	4.42251976e-008	4.40907418e-008	-3.44595274e-009	
4.59821109e+001	5.35518577e-008	5.34368324e-008	-3.50804917e-009	
4.60822898e+001	9.11466319e-008	9.09815785e-008	-5.48277897e-009	
4.61824687e+001	5.49800145e-008	5.31395403e-008	-1.41064257e-008	
4.62826476e+001	4.86895905e-008	4.68485833e-008	-1.32622195e-008	
4.63828265e+001	5.08107313e-008	4.90297873e-008	-1.33345556e-008	
4.64830054e+001	5.14943437e-008	4.95588813e-008	-1.39851609e-008	
4.65831843e+001	5.32245120e-008	5.14248738e-008	-1.37233755e-008	
4.66833631e+001	6.05405388e-008	5.86806681e-008	-1.48908035e-008	
4.67835420e+001	5.78026472e-008	5.56715434e-008	-1.55507326e-008	
4.68837209e+001	6.59166988e-008	6.36425607e-008	-1.71649543e-008	
4.69838998e+001	7.72912320e-008	7.48316123e-008	-1.93433281e-008	
4.70840787e+001	8.56217146e-008	8.28330460e-008	-2.16740513e-008	
4.71842576e+001	8.74876220e-008	8.38865875e-008	-2.48419893e-008	
4.72844365e+001	1.07993429e-007	1.04911244e-007	-2.56166279e-008	
4.73846154e+001	1.07188033e-007	1.03555989e-007	-2.76664355e-008	
4.74847943e+001	1.31746154e-007	1.27413807e-007	-3.35077705e-008	
4.75849732e+001	1.65034279e-007	1.60970222e-007	-3.63991877e-008	
4.76851521e+001	1.97266156e-007	1.92381225e-007	-4.36279777e-008	
4.77853309e+001	2.25779385e-007	2.18952370e-007	-5.51016360e-008	
4.78855098e+001	2.74774085e-007	2.66625036e-007	-6.64220436e-008	
4.79856887e+001	3.19487387e-007	3.06848757e-007	-8.89720777e-008	
4.80858676e+001	5.84055632e-007	5.70258155e-007	-1.26200705e-007	
4.81860465e+001	1.13016982e-006	1.11803253e-006	1.65187992e-007	
4.82862254e+001	3.66749521e-007	3.66579061e-007	1.11804939e-008	
4.83864043e+001	1.84388665e-007	1.84022744e-007	1.16107471e-008	
4.84865832e+001	5.03000896e-008	4.93364717e-008	9.79854932e-009	
4.85867621e+001	5.17470651e-008	-5.08949558e-008	9.35212404e-009	
4.86869410e+001	1.36978993e-007	-1.36562864e-007	1.06690513e-008	
4.87871199e+001	2.00649904e-007	-2.00312091e-007	1.16383077e-008	
4.88872987e+001	2.64055871e-007	-2.63789464e-007	1.18584091e-008	
4.89874776e+001	3.27489653e-007	-3.27266837e-007	1.20785105e-008	
4.90876565e+001	3.81563904e-007	-3.81363018e-007	1.23798868e-008	
4.91878354e+001	4.31524431e-007	-4.31337006e-007	1.27169762e-008	
4.92880143e+001	4.81487987e-007	-4.81310994e-007	1.30540655e-008	
4.93881932e+001	5.35020642e-007	-5.34850150e-007	1.35057383e-008	
4.94883721e+001	5.81190592e-007	-5.81027468e-007	1.37690114e-008	
4.95885510e+001	6.21907292e-007	-6.21751200e-007	1.39328427e-008	
4.96887299e+001	6.62624896e-007	-6.62474933e-007	1.40966740e-008	
4.97889088e+001	7.03343249e-007	-7.03198666e-007	1.42605053e-008	
4.98890877e+001	7.45004161e-007	-7.44864328e-007	1.44337089e-008	
4.99892665e+001	7.88042538e-007	-7.87906898e-007	1.46206126e-008	
5.00894454e+001	8.21623353e-007	-8.21491333e-007	1.47283285e-008	
5.01896243e+001	8.52077623e-007	-8.51949081e-007	1.47999426e-008	
5.02898032e+001	8.82532139e-007	-8.82406830e-007	1.48715568e-008	
5.03899821e+001	9.12986876e-007	-9.12864578e-007	1.49431709e-008	
5.04901610e+001	9.43441814e-007	-9.43322327e-007	1.50147851e-008	
5.05903399e+001	9.73896932e-007	-9.73780075e-007	1.50863992e-008	
5.06905188e+001	1.00435221e-006	-1.00423782e-006	1.51580134e-008	
5.07906977e+001	1.03266374e-006	-1.03255187e-006	1.51992851e-008	
5.08908766e+001	1.05759605e-006	-1.05748702e-006	1.51859862e-008	
5.09910555e+001	1.08252849e-006	-1.08242216e-006	1.51726874e-008	
5.10912343e+001	1.10746106e-006	-1.10735730e-006	1.51593885e-008	
5.11914132e+001	1.12755186e-006	-1.12745012e-006	1.51466508e-008	
5.12915921e+001	1.14641382e-006	-1.14631393e-006	1.51335200e-008	
5.13917710e+001	1.16218278e-006	-1.16208491e-006	1.50824123e-008	
5.14919499e+001	1.17795180e-006	-1.17785590e-006	1.50313046e-008	
5.15921288e+001	1.19482314e-006	-1.19472880e-006	1.50139538e-008	
5.16923077e+001	1.21180983e-006	-1.21171699e-006	1.50001347e-008	
5.17924866e+001	1.22879656e-006	-1.22870517e-006	1.49863155e-008	
5.18926655e+001	1.24428211e-006	-1.24419230e-006	1.49498819e-008	
5.19928444e+001	1.25763366e-006	-1.25754524e-006	1.49132647e-008	
5.20930233e+001	1.27046056e-006	-1.27037338e-006	1.48824660e-008	
5.21932021e+001	1.28328748e-006	-1.28320153e-006	1.48516673e-008	
5.22933810e+001	1.29144007e-006	-1.29135527e-006	1.47993225e-008	
5.23935599e+001	1.30046723e-006	-1.30038349e-006	1.47570947e-008	
5.24937388e+001	1.31039354e-006	-1.31031082e-006	1.47237214e-008	
5.25939177e+001	1.32031987e-006	-1.32023814e-006	1.46903480e-008	
5.26940966e+001	1.33022291e-006	-1.33014216e-006	1.46568006e-008	
5.27942755e+001	1.33793206e-006	-1.33785212e-006	1.46255121e-008	
5.28944544e+001	1.34557274e-006	-1.34549358e-006	1.45951439e-008	
5.29946333e+001	1.35321342e-006	-1.35313504e-006	1.45647757e-008	
5.30948122e+001	1.36085412e-006	-1.36077650e-006	1.45344074e-008	
5.31949911e+001	1.36796799e-006	-1.36789112e-006	1.45019290e-008	
5.32951699e+001	1.37388156e-006	-1.37380542e-006	1.44646427e-008	
5.33953488e+001	1.37979514e-006	-1.37971972e-006	1.44273563e-008	
5.34955277e+001	1.38570873e-006	-1.38563401e-006	1.43900700e-008	
5.35957066e+001	1.39239293e-006	-1.39231889e-006	1.43592445e-008	
5.36958855e+001	1.39854480e-006	-1.39847130e-006	1.43375207e-008	
5.37960644e+001	1.40234023e-006	-1.40226715e-006	1.43167580e-008	
5.38962433e+001	1.40623934e-006	-1.40616670e-006	1.42934762e-008	
5.39964222e+001	1.41021163e-006	-1.41013944e-006	1.42684166e-008	
5.40966011e+001	1.41418392e-006	-1.41411219e-006	1.42433570e-008	
5.41967800e+001	1.41764225e-006	-1.41757093e-006	1.42204429e-008	
5.42969589e+001	1.42080246e-006	-1.42073151e-006	1.41987734e-008	
5.43971377e+001	1.42388461e-006	-1.42381400e-006	1.41809443e-008	
5.44973166e+001	1.42692054e-006	-1.42685023e-006	1.41653899e-008	
5.45974955e+001	1.42995647e-006	-1.42988646e-006	1.41498354e-008	
5.46976744e+001	1.43217832e-006	-1.43210858e-006	1.41339036e-008	
5.47978533e+001	1.43413183e-006	-1.43406234e-006	1.41178474e-008	
5.48980322e+001	1.43608534e-006	-1.43601610e-006	1.41017913e-008	
5.49982111e+001	1.43743642e-006	-1.43736736e-006	1.40896178e-008	
5.50983900e+001	1.43838957e-006	-1.43832066e-006	1.40800089e-008	
5.51985689e+001	1.43934272e-006	-1.43927395e-006	1.40704001e-008	
5.52987478e+001	1.44029588e-006	-1.44022724e-006	1.40607913e-008	
5.53989267e+001	1.44124903e-006	-1.44118053e-006	1.40511825e-008	
5.54991055e+001	1.44290314e-006	-1.44283479e-006	1.40439519e-008	
5.55992844e+001	1.44459161e-006	-1.44452342e-006	1.40368357e-008	
5.56994633e+001	1.44610596e-006	-1.44603789e-006	1.40308234e-008	
5.57996422e+001	1.44619588e-006	-1.44612784e-006	1.40287980e-008	
5.58998211e+001	1.44661570e-006	-1.44654769e-006	1.40269298e-008	
5.60000000e+001	1.44646902e-006	-1.44640101e-006	1.40267105e-008	
