% Column 0: Length, cm
% Column 1: |B.t|, Tesla
% Column 2: Re[B.t], Tesla
% Column 3: Im[B.t], Tesla
0.00000000e+000	6.46829448e-006	-6.46768040e-006	8.91270428e-008	
1.00178891e-001	6.46957053e-006	-6.46895666e-006	8.91209860e-008	
2.00357782e-001	6.47001465e-006	-6.46940068e-006	8.91315785e-008	
3.00536673e-001	6.46689046e-006	-6.46627556e-006	8.91774419e-008	
4.00715564e-001	6.46560470e-006	-6.46498911e-006	8.92182258e-008	
5.00894454e-001	6.46470414e-006	-6.46408782e-006	8.92654420e-008	
6.01073345e-001	6.46161271e-006	-6.46099497e-006	8.93465939e-008	
7.01252236e-001	6.45691163e-006	-6.45629201e-006	8.94502827e-008	
8.01431127e-001	6.45187571e-006	-6.45125408e-006	8.95596658e-008	
9.01610018e-001	6.44290634e-006	-6.44228140e-006	8.97359371e-008	
1.00178891e+000	6.43393699e-006	-6.43330872e-006	8.99122084e-008	
1.10196780e+000	6.42549976e-006	-6.42486841e-006	9.00725521e-008	
1.20214669e+000	6.41707728e-006	-6.41644299e-006	9.02228962e-008	
1.30232558e+000	6.40845678e-006	-6.40781910e-006	9.04031531e-008	
1.40250447e+000	6.40202432e-006	-6.40138345e-006	9.05831273e-008	
1.50268336e+000	6.39559187e-006	-6.39494781e-006	9.07631014e-008	
1.60286225e+000	6.38742820e-006	-6.38678055e-006	9.09573864e-008	
1.70304114e+000	6.37531504e-006	-6.37466292e-006	9.11843190e-008	
1.80322004e+000	6.36320191e-006	-6.36254528e-006	9.14112516e-008	
1.90339893e+000	6.35347517e-006	-6.35281436e-006	9.16320515e-008	
2.00357782e+000	6.34143464e-006	-6.34076858e-006	9.19082954e-008	
2.10375671e+000	6.32724748e-006	-6.32657518e-006	9.22342586e-008	
2.20393560e+000	6.31303445e-006	-6.31235592e-006	9.25564467e-008	
2.30411449e+000	6.29856076e-006	-6.29787649e-006	9.28406534e-008	
2.40429338e+000	6.28220820e-006	-6.28151792e-006	9.31266697e-008	
2.50447227e+000	6.25533686e-006	-6.25463898e-006	9.34365342e-008	
2.60465116e+000	6.23370142e-006	-6.23299582e-006	9.37893743e-008	
2.70483005e+000	6.21206605e-006	-6.21135265e-006	9.41422144e-008	
2.80500894e+000	6.19043075e-006	-6.18970949e-006	9.44950544e-008	
2.90518784e+000	6.16994428e-006	-6.16921473e-006	9.48786968e-008	
3.00536673e+000	6.15023918e-006	-6.14950104e-006	9.52832885e-008	
3.10554562e+000	6.13053416e-006	-6.12978735e-006	9.56878803e-008	
3.20572451e+000	6.11082923e-006	-6.11007365e-006	9.60924720e-008	
3.30590340e+000	6.09138204e-006	-6.09061738e-006	9.65144889e-008	
3.40608229e+000	6.05941688e-006	-6.05864017e-006	9.70164962e-008	
3.50626118e+000	6.00963628e-006	-6.00884667e-006	9.74160663e-008	
3.60644007e+000	5.95985593e-006	-5.95905318e-006	9.78156365e-008	
3.70661896e+000	5.91007582e-006	-5.90925968e-006	9.82152066e-008	
3.80679785e+000	5.86904795e-006	-5.86821731e-006	9.87389397e-008	
3.90697674e+000	5.83079280e-006	-5.82994690e-006	9.93166527e-008	
4.00715564e+000	5.77912982e-006	-5.77826854e-006	9.97707554e-008	
4.10733453e+000	5.72746716e-006	-5.72659018e-006	1.00224858e-007	
4.20751342e+000	5.67580482e-006	-5.67491181e-006	1.00678961e-007	
4.30769231e+000	5.62194833e-006	-5.62103815e-006	1.01159164e-007	
4.40787120e+000	5.55942387e-006	-5.55849281e-006	1.01742466e-007	
4.50805009e+000	5.48829589e-006	-5.48734248e-006	1.02294923e-007	
4.60822898e+000	5.40217885e-006	-5.40120078e-006	1.02793642e-007	
4.70840787e+000	5.31609488e-006	-5.31509168e-006	1.03272101e-007	
4.80858676e+000	5.23532862e-006	-5.23430458e-006	1.03543802e-007	
4.90876565e+000	5.15985280e-006	-5.15880693e-006	1.03884196e-007	
5.00894454e+000	5.08744332e-006	-5.08637551e-006	1.04229288e-007	
5.10912343e+000	5.01503451e-006	-5.01394409e-006	1.04574379e-007	
5.20930233e+000	4.93261503e-006	-4.93149410e-006	1.05151849e-007	
5.30948122e+000	4.81261764e-006	-4.81146602e-006	1.05276867e-007	
5.40966011e+000	4.68714970e-006	-4.68596671e-006	1.05301088e-007	
5.50983900e+000	4.56168349e-006	-4.56046739e-006	1.05325308e-007	
5.61001789e+000	4.43621916e-006	-4.43496808e-006	1.05349529e-007	
5.71019678e+000	4.31155670e-006	-4.31026590e-006	1.05494598e-007	
5.81037567e+000	4.12013174e-006	-4.11878993e-006	1.05142971e-007	
5.91055456e+000	3.95006481e-006	-3.94867831e-006	1.04649893e-007	
6.01073345e+000	3.78309622e-006	-3.78166269e-006	1.04136316e-007	
6.11091234e+000	3.59319524e-006	-3.59171893e-006	1.02991138e-007	
6.21109123e+000	3.39177204e-006	-3.39025214e-006	1.01528533e-007	
6.31127013e+000	3.19035502e-006	-3.18878534e-006	1.00065929e-007	
6.41144902e+000	2.98942976e-006	-2.98780270e-006	9.86169704e-008	
6.51162791e+000	2.79448890e-006	-2.79279320e-006	9.73363608e-008	
6.61180680e+000	2.59955898e-006	-2.59778370e-006	9.60557512e-008	
6.71198569e+000	2.37754806e-006	-2.37570882e-006	9.35007391e-008	
6.81216458e+000	2.13658704e-006	-2.13465648e-006	9.08068586e-008	
6.91234347e+000	1.88652518e-006	-1.88445446e-006	8.83667070e-008	
7.01252236e+000	1.63650981e-006	-1.63425243e-006	8.59265555e-008	
7.11270125e+000	1.32318245e-006	-1.32068554e-006	8.12497187e-008	
7.21288014e+000	1.01638146e-006	-1.01339560e-006	7.78500905e-008	
7.31305903e+000	6.40199085e-007	-6.35897606e-007	7.40884839e-008	
7.41323792e+000	2.61859758e-007	-2.52057033e-007	7.09773560e-008	
7.51341682e+000	2.02156847e-007	1.93703775e-007	5.78466812e-008	
7.61359571e+000	7.95845096e-007	7.92822105e-007	6.93002725e-008	
7.71377460e+000	1.79024381e-006	1.78649832e-006	1.15743893e-007	
7.81395349e+000	4.93486926e-006	4.83486867e-006	9.88422756e-007	
7.91413238e+000	3.23225769e-006	3.19000272e-006	-5.20934176e-007	
8.01431127e+000	2.06627243e-006	1.99132637e-006	-5.51453602e-007	
8.11449016e+000	1.56294108e-006	1.51319482e-006	-3.91185685e-007	
8.21466905e+000	1.25023398e-006	1.20933379e-006	-3.17169950e-007	
8.31484794e+000	1.15090973e-006	1.12134444e-006	-2.59190764e-007	
8.41502683e+000	9.11161947e-007	8.79481178e-007	-2.38178401e-007	
8.51520572e+000	8.26157511e-007	7.99637031e-007	-2.07645977e-007	
8.61538462e+000	8.00941526e-007	7.79182632e-007	-1.85423175e-007	
8.71556351e+000	7.46129187e-007	7.24801484e-007	-1.77120220e-007	
8.81574240e+000	7.33854911e-007	7.17529133e-007	-1.53931721e-007	
8.91592129e+000	6.54005798e-007	6.33987125e-007	-1.60573688e-007	
9.01610018e+000	6.19128801e-007	5.99077508e-007	-1.56290152e-007	
9.11627907e+000	6.55482042e-007	6.38489605e-007	-1.48282607e-007	
9.21645796e+000	6.25782847e-007	6.06843558e-007	-1.52790924e-007	
9.31663685e+000	6.82149970e-007	6.65551518e-007	-1.49565230e-007	
9.41681574e+000	7.30871223e-007	7.15790223e-007	-1.47706133e-007	
9.51699463e+000	7.24624010e-007	7.01322448e-007	-1.82282146e-007	
9.61717352e+000	7.98725303e-007	7.73485258e-007	-1.99205083e-007	
9.71735242e+000	8.59514574e-007	8.22408096e-007	-2.49820388e-007	
9.81753131e+000	1.14391031e-006	1.11470026e-006	-2.56854263e-007	
9.91771020e+000	1.65617517e-006	1.65602290e-006	2.24577491e-008	
1.00178891e+001	1.03840239e-006	1.03691998e-006	-5.54659907e-008	
1.01180680e+001	8.98466081e-007	8.95391544e-007	-7.42649482e-008	
1.02182469e+001	9.06265396e-007	9.03336158e-007	-7.28062700e-008	
1.03184258e+001	9.65773003e-007	9.63057905e-007	-7.23668766e-008	
1.04186047e+001	1.05485408e-006	1.05238751e-006	-7.20947813e-008	
1.05187835e+001	1.13054277e-006	1.12825755e-006	-7.18459751e-008	
1.06189624e+001	1.19834071e-006	1.19622611e-006	-7.11585466e-008	
1.07191413e+001	1.26996342e-006	1.26800370e-006	-7.05244307e-008	
1.08193202e+001	1.33517271e-006	1.33320001e-006	-7.25526869e-008	
1.09194991e+001	1.39212353e-006	1.38988335e-006	-7.89441866e-008	
1.10196780e+001	1.49069895e-006	1.48807126e-006	-8.84719703e-008	
1.11198569e+001	1.59580642e-006	1.59274120e-006	-9.88614699e-008	
1.12200358e+001	1.72170455e-006	1.71808025e-006	-1.11654954e-007	
1.13202147e+001	1.94322542e-006	1.93914559e-006	-1.25854781e-007	
1.14203936e+001	2.12943690e-006	2.12514910e-006	-1.35065899e-007	
1.15205725e+001	2.44758745e-006	2.44325106e-006	-1.45631684e-007	
1.16207513e+001	2.81252230e-006	2.80784689e-006	-1.62103495e-007	
1.17209302e+001	3.17286501e-006	3.16790152e-006	-1.77404405e-007	
1.18211091e+001	3.56403377e-006	3.55886824e-006	-1.91816438e-007	
1.19212880e+001	3.93565063e-006	3.93049399e-006	-2.01402213e-007	
1.20214669e+001	4.30134734e-006	4.29624798e-006	-2.09385439e-007	
1.21216458e+001	4.47233487e-006	4.46866542e-006	-1.81131321e-007	
1.22218247e+001	4.55773676e-006	4.55692718e-006	-8.59010991e-008	
1.23220036e+001	4.44376883e-006	4.44376871e-006	1.03694983e-009	
1.24221825e+001	4.15695206e-006	4.15635861e-006	7.02394992e-008	
1.25223614e+001	3.32434517e-006	3.32066592e-006	1.56360822e-007	
1.26225403e+001	2.84878442e-006	2.83993826e-006	2.24328611e-007	
1.27227191e+001	2.44860685e-006	2.43228576e-006	2.82243622e-007	
1.28228980e+001	1.95343884e-006	1.92173640e-006	3.50503213e-007	
1.29230769e+001	2.03338714e-006	1.99202554e-006	4.08041069e-007	
1.30232558e+001	2.12878351e-006	2.07890374e-006	4.58124950e-007	
1.31234347e+001	3.48952963e-006	3.45369616e-006	4.98798457e-007	
1.32236136e+001	5.44130039e-006	5.42046209e-006	4.75752751e-007	
1.33237925e+001	7.92089850e-006	7.90968601e-006	4.21307800e-007	
1.34239714e+001	1.16024822e-005	1.15960384e-005	3.86637541e-007	
1.35241503e+001	1.52078304e-005	1.52077523e-005	4.87482790e-008	
1.36243292e+001	1.77260894e-005	1.77246042e-005	-2.29455591e-007	
1.37245081e+001	1.96144538e-005	1.96070605e-005	-5.38496695e-007	
1.38246869e+001	2.13522951e-005	2.13419298e-005	-6.65235375e-007	
1.39248658e+001	2.32161530e-005	2.32035729e-005	-7.64177223e-007	
1.40250447e+001	2.53777669e-005	2.53650038e-005	-8.04758405e-007	
1.41252236e+001	2.79387115e-005	2.79257459e-005	-8.51068688e-007	
1.42254025e+001	3.07108768e-005	3.06976612e-005	-9.00861500e-007	
1.43255814e+001	3.39663552e-005	3.39530685e-005	-9.49962594e-007	
1.44257603e+001	3.81367319e-005	3.81227635e-005	-1.03209666e-006	
1.45259392e+001	4.22750672e-005	4.22616557e-005	-1.06478182e-006	
1.46261181e+001	4.76657696e-005	4.76522377e-005	-1.13570983e-006	
1.47262970e+001	5.33856477e-005	5.33736683e-005	-1.13088830e-006	
1.48264758e+001	5.94800449e-005	5.94683679e-005	-1.17854171e-006	
1.49266547e+001	6.99900107e-005	6.99803166e-005	-1.16485250e-006	
1.50268336e+001	7.89103332e-005	7.89065882e-005	-7.68776063e-007	
1.51270125e+001	9.25326588e-005	9.25326584e-005	8.37352566e-009	
1.52271914e+001	1.01999466e-004	1.01985208e-004	1.70539796e-006	
1.53273703e+001	1.11572573e-004	1.11437989e-004	5.47847585e-006	
1.54275492e+001	1.08649144e-004	1.08197452e-004	9.89686205e-006	
1.55277281e+001	9.27311057e-005	9.19200206e-005	1.22379646e-005	
1.56279070e+001	6.26445982e-005	6.15295600e-005	1.17668572e-005	
1.57280859e+001	3.51038607e-005	3.35908163e-005	1.01950036e-005	
1.58282648e+001	9.14654777e-006	4.61731072e-006	7.89555431e-006	
1.59284436e+001	1.96692716e-005	-1.85829584e-005	6.44623172e-006	
1.60286225e+001	4.04577107e-005	-4.01690438e-005	4.82434245e-006	
1.61288014e+001	5.19164436e-005	-5.17452142e-005	4.21306579e-006	
1.62289803e+001	6.61244406e-005	-6.60334579e-005	3.46757708e-006	
1.63291592e+001	8.03678138e-005	-8.03217015e-005	2.72208836e-006	
1.64293381e+001	8.99411917e-005	-8.99108424e-005	2.33631581e-006	
1.65295170e+001	9.74709646e-005	-9.74481756e-005	2.10760908e-006	
1.66296959e+001	1.05002321e-004	-1.04985509e-004	1.87890235e-006	
1.67298748e+001	1.12708421e-004	-1.12696342e-004	1.65007453e-006	
1.68300537e+001	1.21134268e-004	-1.21125492e-004	1.45804830e-006	
1.69302326e+001	1.29627159e-004	-1.29620466e-004	1.31717275e-006	
1.70304114e+001	1.38120449e-004	-1.38115440e-004	1.17629720e-006	
1.71305903e+001	1.46614071e-004	-1.46610414e-004	1.03542165e-006	
1.72307692e+001	1.54782235e-004	-1.54779651e-004	8.94371665e-007	
1.73309481e+001	1.62055062e-004	-1.62053168e-004	7.83497991e-007	
1.74311270e+001	1.69549476e-004	-1.69548134e-004	6.74577479e-007	
1.75313059e+001	1.77044003e-004	-1.77043099e-004	5.65656966e-007	
1.76314848e+001	1.84538630e-004	-1.84538065e-004	4.56736454e-007	
1.77316637e+001	1.92033346e-004	-1.92033031e-004	3.47815942e-007	
1.78318426e+001	1.99528139e-004	-1.99527996e-004	2.38895429e-007	
1.79320215e+001	2.07023003e-004	-2.07022962e-004	1.29974917e-007	
1.80322004e+001	2.17068134e-004	-2.17068133e-004	1.12953608e-008	
1.81323792e+001	2.28898054e-004	-2.28898021e-004	-1.22519463e-007	
1.82325581e+001	2.40852518e-004	-2.40852385e-004	-2.53054168e-007	
1.83327370e+001	2.52807040e-004	-2.52806749e-004	-3.83588874e-007	
1.84329159e+001	2.66431033e-004	-2.66430472e-004	-5.46733366e-007	
1.85330948e+001	2.82783041e-004	-2.82782011e-004	-7.63163833e-007	
1.86332737e+001	2.99135154e-004	-2.99133550e-004	-9.79594301e-007	
1.87334526e+001	3.15259973e-004	-3.15257709e-004	-1.19492533e-006	
1.88336315e+001	3.31819479e-004	-3.31816149e-004	-1.48650381e-006	
1.89338104e+001	3.52503807e-004	-3.52499407e-004	-1.76117687e-006	
1.90339893e+001	3.73216077e-004	-3.73210533e-004	-2.03431167e-006	
1.91341682e+001	3.93928417e-004	-3.93921659e-004	-2.30744647e-006	
1.92343470e+001	4.14920108e-004	-4.14911371e-004	-2.69276535e-006	
1.93345259e+001	4.43049022e-004	-4.43037185e-004	-3.23866175e-006	
1.94347048e+001	4.72518589e-004	-4.72506021e-004	-3.44625526e-006	
1.95348837e+001	4.97331472e-004	-4.97319283e-004	-3.48196499e-006	
1.96350626e+001	5.22144394e-004	-5.22132545e-004	-3.51767473e-006	
1.97352415e+001	5.46957349e-004	-5.46945806e-004	-3.55338447e-006	
1.98354204e+001	5.71770333e-004	-5.71759068e-004	-3.58909421e-006	
1.99355993e+001	6.04339123e-004	-6.04329323e-004	-3.44165432e-006	
2.00357782e+001	6.38630344e-004	-6.38625734e-004	-2.42653415e-006	
2.01359571e+001	6.72793917e-004	-6.72792665e-004	-1.29765097e-006	
2.02361360e+001	7.02292538e-004	-7.02292335e-004	-5.33638396e-007	
2.03363148e+001	7.29128933e-004	-7.29128933e-004	2.21842370e-008	
2.04364937e+001	7.55965751e-004	-7.55965530e-004	5.78006870e-007	
2.05366726e+001	7.80819798e-004	-7.80818051e-004	1.65183262e-006	
2.06368515e+001	8.04461569e-004	-8.04455814e-004	3.04280739e-006	
2.07370304e+001	8.26877122e-004	-8.26865882e-004	4.31135293e-006	
2.08372093e+001	8.42697877e-004	-8.42682788e-004	5.04286922e-006	
2.09373882e+001	8.58886191e-004	-8.58865443e-004	5.96992801e-006	
2.10375671e+001	8.75075279e-004	-8.75048099e-004	6.89698680e-006	
2.11377460e+001	8.86667844e-004	-8.86636561e-004	7.44816276e-006	
2.12379249e+001	8.98095397e-004	-8.98059422e-004	8.03843973e-006	
2.13381038e+001	9.09523216e-004	-9.09482284e-004	8.62871670e-006	
2.14382826e+001	9.12421474e-004	-9.12379194e-004	8.78362021e-006	
2.15384615e+001	9.12264586e-004	-9.12222309e-004	8.78258321e-006	
2.16386404e+001	9.11971384e-004	-9.11929046e-004	8.78748709e-006	
2.17388193e+001	9.11469131e-004	-9.11426863e-004	8.77788230e-006	
2.18389982e+001	9.04839217e-004	-9.04800301e-004	8.39192363e-006	
2.19391771e+001	8.95324493e-004	-8.95289715e-004	7.89145106e-006	
2.20393560e+001	8.87657500e-004	-8.87625906e-004	7.48924088e-006	
2.21395349e+001	8.81179292e-004	-8.81150281e-004	7.15025098e-006	
2.22397138e+001	8.75018539e-004	-8.74991918e-004	6.82542727e-006	
2.23398927e+001	8.57470481e-004	-8.57450336e-004	5.87766577e-006	
2.24400716e+001	8.36072627e-004	-8.36059297e-004	4.72117084e-006	
2.25402504e+001	8.14676056e-004	-8.14668258e-004	3.56467591e-006	
2.26404293e+001	7.90757755e-004	-7.90753198e-004	2.68476396e-006	
2.27406082e+001	7.61882442e-004	-7.61880826e-004	1.56922071e-006	
2.28407871e+001	7.31863062e-004	-7.31862988e-004	3.28646599e-007	
2.29409660e+001	7.01845742e-004	-7.01845150e-004	-9.11927513e-007	
2.30411449e+001	6.71924908e-004	-6.71921477e-004	-2.14743643e-006	
2.31413238e+001	6.49925667e-004	-6.49919311e-004	-2.87431551e-006	
2.32415027e+001	6.16052711e-004	-6.16044499e-004	-3.18081856e-006	
2.33416816e+001	5.82180132e-004	-5.82169687e-004	-3.48732161e-006	
2.34418605e+001	5.48308000e-004	-5.48294875e-004	-3.79382466e-006	
2.35420394e+001	5.18288337e-004	-5.18272899e-004	-4.00029531e-006	
2.36422182e+001	4.92533226e-004	-4.92519040e-004	-3.73818869e-006	
2.37423971e+001	4.65768862e-004	-4.65756515e-004	-3.39140357e-006	
2.38425760e+001	4.39004547e-004	-4.38993989e-004	-3.04461844e-006	
2.39427549e+001	4.12240292e-004	-4.12231464e-004	-2.69783331e-006	
2.40429338e+001	3.89847911e-004	-3.89840255e-004	-2.44320406e-006	
2.41431127e+001	3.70644198e-004	-3.70637334e-004	-2.25579015e-006	
2.42432916e+001	3.48058082e-004	-3.48052855e-004	-1.90753755e-006	
2.43434705e+001	3.24623258e-004	-3.24619704e-004	-1.51891912e-006	
2.44436494e+001	3.06572400e-004	-3.06570018e-004	-1.20872593e-006	
2.45438283e+001	2.90822680e-004	-2.90821066e-004	-9.68746444e-007	
2.46440072e+001	2.72992167e-004	-2.72991130e-004	-7.52267846e-007	
2.47441860e+001	2.55161756e-004	-2.55161194e-004	-5.35789247e-007	
2.48443649e+001	2.39005068e-004	-2.39004828e-004	-3.39268162e-007	
2.49445438e+001	2.29396373e-004	-2.29396264e-004	-2.22950546e-007	
2.50447227e+001	2.19787727e-004	-2.19787701e-004	-1.06632930e-007	
2.51449016e+001	2.10179137e-004	-2.10179137e-004	9.68468668e-009	
2.52450805e+001	2.00570613e-004	-2.00570574e-004	1.26002303e-007	
2.53452594e+001	1.92158698e-004	-1.92158583e-004	2.09459908e-007	
2.54454383e+001	1.84084098e-004	-1.84083879e-004	2.83655035e-007	
2.55456172e+001	1.76009539e-004	-1.76009175e-004	3.57850162e-007	
2.56457961e+001	1.67935027e-004	-1.67934471e-004	4.32045289e-007	
2.57459750e+001	1.59885958e-004	-1.59885160e-004	5.05184263e-007	
2.58461538e+001	1.51859913e-004	-1.51858815e-004	5.77367971e-007	
2.59463327e+001	1.43833938e-004	-1.43832471e-004	6.49551679e-007	
2.60465116e+001	1.34625923e-004	-1.34623953e-004	7.28311695e-007	
2.61466905e+001	1.25913818e-004	-1.25911176e-004	8.15741102e-007	
2.62468694e+001	1.17249150e-004	-1.17245657e-004	9.05031739e-007	
2.63470483e+001	1.08584691e-004	-1.08580138e-004	9.94322377e-007	
2.64472272e+001	9.99204952e-005	-9.99146192e-005	1.08361301e-006	
2.65474061e+001	9.12566383e-005	-9.12491004e-005	1.17290365e-006	
2.66475850e+001	8.25932266e-005	-8.25835816e-005	1.26219429e-006	
2.67477639e+001	7.39304167e-005	-7.39180627e-005	1.35148493e-006	
2.68479428e+001	6.56116248e-005	-6.55958480e-005	1.43875995e-006	
2.69481216e+001	5.69861452e-005	-5.69649597e-005	1.55374017e-006	
2.70483005e+001	4.80200058e-005	-4.79902303e-005	1.69078487e-006	
2.71484794e+001	3.90582933e-005	-3.90155009e-005	1.82782956e-006	
2.72486583e+001	3.01049611e-005	-3.00407715e-005	1.96487426e-006	
2.73488372e+001	2.17425576e-005	-2.16423350e-005	2.08522104e-006	
2.74490161e+001	1.41721763e-005	-1.40029491e-005	2.18357457e-006	
2.75491950e+001	6.03741830e-006	-5.57770960e-006	2.31075211e-006	
2.76493739e+001	3.80943173e-006	2.93008489e-006	2.43441423e-006	
2.77495528e+001	8.57132750e-006	8.21022988e-006	2.46166212e-006	
2.78497317e+001	1.36490397e-005	1.34204975e-005	2.48727408e-006	
2.79499106e+001	1.78188666e-005	1.76477061e-005	2.46383428e-006	
2.80500894e+001	1.95944434e-005	1.94540624e-005	2.34129609e-006	
2.81502683e+001	2.03373569e-005	2.02125222e-005	2.24989576e-006	
2.82504472e+001	2.10817739e-005	2.09709820e-005	2.15849544e-006	
2.83506261e+001	2.05385343e-005	2.04385854e-005	2.02376284e-006	
2.84508050e+001	1.60927123e-005	1.59964240e-005	1.75778480e-006	
2.85509839e+001	1.18077060e-005	1.16952839e-005	1.62550186e-006	
2.86511628e+001	7.54395978e-006	7.39461279e-006	1.49366359e-006	
2.87513417e+001	4.00622346e-006	3.76521776e-006	1.36856190e-006	
2.88515206e+001	1.91078355e-006	1.42659512e-006	1.27118847e-006	
2.89516995e+001	1.57980952e-006	-1.00534160e-006	1.21864120e-006	
2.90518784e+001	3.94772406e-006	-3.77271063e-006	1.16240258e-006	
2.91520572e+001	6.63296621e-006	-6.54007966e-006	1.10616397e-006	
2.92522361e+001	9.36647983e-006	-9.30744869e-006	1.04992535e-006	
2.93524150e+001	1.21156360e-005	-1.20748177e-005	9.93686736e-007	
2.94525939e+001	1.30679137e-005	-1.30327379e-005	9.58180329e-007	
2.95527728e+001	1.39510201e-005	-1.39204220e-005	9.23478670e-007	
2.96529517e+001	1.48347541e-005	-1.48081060e-005	8.88777012e-007	
2.97531306e+001	1.57633293e-005	-1.57401555e-005	8.54432028e-007	
2.98533095e+001	1.72030780e-005	-1.71833231e-005	8.24196155e-007	
2.99534884e+001	1.86434045e-005	-1.86264907e-005	7.93960282e-007	
3.00536673e+001	2.00841843e-005	-2.00696583e-005	7.63724410e-007	
3.01538462e+001	2.08211809e-005	-2.08081893e-005	7.35413380e-007	
3.02540250e+001	2.12339810e-005	-2.12221747e-005	7.07988906e-007	
3.03542039e+001	2.16468611e-005	-2.16361602e-005	6.80564432e-007	
3.04543828e+001	2.20377456e-005	-2.20280271e-005	6.54411594e-007	
3.05545617e+001	2.22319981e-005	-2.22227961e-005	6.39590243e-007	
3.06547406e+001	2.24262694e-005	-2.24175650e-005	6.24768892e-007	
3.07549195e+001	2.26205589e-005	-2.26123340e-005	6.09947541e-007	
3.08550984e+001	2.27816648e-005	-2.27739242e-005	5.93824093e-007	
3.09552773e+001	2.28454241e-005	-2.28382149e-005	5.73882128e-007	
3.10554562e+001	2.28904902e-005	-2.28837426e-005	5.55758060e-007	
3.11556351e+001	2.29305484e-005	-2.29242334e-005	5.38122002e-007	
3.12558140e+001	2.28618782e-005	-2.28559071e-005	5.22479707e-007	
3.13559928e+001	2.27451792e-005	-2.27395118e-005	5.07718142e-007	
3.14561717e+001	2.26284866e-005	-2.26231165e-005	4.92956577e-007	
3.15563506e+001	2.25254679e-005	-2.25203880e-005	4.78362710e-007	
3.16565295e+001	2.24250494e-005	-2.24202393e-005	4.64446587e-007	
3.17567084e+001	2.22453839e-005	-2.22407518e-005	4.53944502e-007	
3.18568873e+001	2.20591098e-005	-2.20546351e-005	4.44290577e-007	
3.19570662e+001	2.18728372e-005	-2.18685184e-005	4.34636652e-007	
3.20572451e+001	2.16908606e-005	-2.16867063e-005	4.24504792e-007	
3.21574240e+001	2.15102839e-005	-2.15062953e-005	4.14217373e-007	
3.22576029e+001	2.13183265e-005	-2.13144836e-005	4.04764107e-007	
3.23577818e+001	2.10900152e-005	-2.10863081e-005	3.95413032e-007	
3.24579606e+001	2.08481838e-005	-2.08446369e-005	3.84552692e-007	
3.25581395e+001	2.06063544e-005	-2.06029657e-005	3.73692352e-007	
3.26583184e+001	2.03645271e-005	-2.03612945e-005	3.62832012e-007	
3.27584973e+001	2.01204186e-005	-2.01173023e-005	3.54110630e-007	
3.28586762e+001	1.98762139e-005	-1.98732067e-005	3.45737344e-007	
3.29588551e+001	1.96331621e-005	-1.96302710e-005	3.36919660e-007	
3.30590340e+001	1.93901114e-005	-1.93873353e-005	3.28101976e-007	
3.31592129e+001	1.91389498e-005	-1.91362735e-005	3.20056040e-007	
3.32593918e+001	1.88891849e-005	-1.88865932e-005	3.12891928e-007	
3.33595707e+001	1.86434106e-005	-1.86408958e-005	3.06205063e-007	
3.34597496e+001	1.83976368e-005	-1.83951985e-005	2.99518198e-007	
3.35599284e+001	1.81598565e-005	-1.81574935e-005	2.92945684e-007	
3.36601073e+001	1.79023031e-005	-1.79000125e-005	2.86370060e-007	
3.37602862e+001	1.76436908e-005	-1.76414723e-005	2.79783562e-007	
3.38604651e+001	1.73850789e-005	-1.73829322e-005	2.73197064e-007	
3.39606440e+001	1.71329722e-005	-1.71308900e-005	2.67102944e-007	
3.40608229e+001	1.68909927e-005	-1.68889641e-005	2.61775378e-007	
3.41610018e+001	1.66491722e-005	-1.66471970e-005	2.56450430e-007	
3.42611807e+001	1.64225168e-005	-1.64205929e-005	2.51375516e-007	
3.43613596e+001	1.61958616e-005	-1.61939887e-005	2.46300603e-007	
3.44615385e+001	1.59767026e-005	-1.59748696e-005	2.42002829e-007	
3.45617174e+001	1.57624579e-005	-1.57606577e-005	2.38214548e-007	
3.46618962e+001	1.55274120e-005	-1.55256547e-005	2.33601613e-007	
3.47620751e+001	1.52816211e-005	-1.52799118e-005	2.28562688e-007	
3.48622540e+001	1.50409594e-005	-1.50392934e-005	2.23863313e-007	
3.49624329e+001	1.48132210e-005	-1.48115869e-005	2.20019469e-007	
3.50626118e+001	1.45963323e-005	-1.45947333e-005	2.16050746e-007	
3.51627907e+001	1.43810993e-005	-1.43795330e-005	2.12242612e-007	
3.52629696e+001	1.41659446e-005	-1.41644058e-005	2.08790292e-007	
3.53631485e+001	1.39510451e-005	-1.39495341e-005	2.05326271e-007	
3.54633274e+001	1.37328204e-005	-1.37313368e-005	2.01858358e-007	
3.55635063e+001	1.35100180e-005	-1.35085613e-005	1.98385089e-007	
3.56636852e+001	1.32872155e-005	-1.32857859e-005	1.94911819e-007	
3.57638640e+001	1.30634132e-005	-1.30620111e-005	1.91389553e-007	
3.58640429e+001	1.28467993e-005	-1.28454122e-005	1.88775525e-007	
3.59642218e+001	1.26286098e-005	-1.26272380e-005	1.86128432e-007	
3.60644007e+001	1.24104203e-005	-1.24090639e-005	1.83481339e-007	
3.61645796e+001	1.21922308e-005	-1.21908897e-005	1.80834245e-007	
3.62647585e+001	1.19978885e-005	-1.19965574e-005	1.78718932e-007	
3.63649374e+001	1.18051314e-005	-1.18038097e-005	1.76647410e-007	
3.64651163e+001	1.16123744e-005	-1.16110620e-005	1.74575888e-007	
3.65652952e+001	1.14196174e-005	-1.14183144e-005	1.72504366e-007	
3.66654741e+001	1.12268604e-005	-1.12255667e-005	1.70432844e-007	
3.67656530e+001	1.10341036e-005	-1.10328190e-005	1.68361322e-007	
3.68658318e+001	1.08476174e-005	-1.08463381e-005	1.66588027e-007	
3.69660107e+001	1.06632609e-005	-1.06619855e-005	1.64916013e-007	
3.70661896e+001	1.04789045e-005	-1.04776329e-005	1.63244000e-007	
3.71663685e+001	1.02828844e-005	-1.02816195e-005	1.61285794e-007	
3.72665474e+001	1.00862942e-005	-1.00850359e-005	1.59313592e-007	
3.73667263e+001	9.89149797e-006	-9.89024569e-006	1.57392002e-007	
3.74669052e+001	9.71517062e-006	-9.71391820e-006	1.55991447e-007	
3.75670841e+001	9.52117836e-006	-9.51992062e-006	1.54753609e-007	
3.76672630e+001	9.31512626e-006	-9.31385935e-006	1.53626863e-007	
3.77674419e+001	9.10907470e-006	-9.10779807e-006	1.52500116e-007	
3.78676208e+001	8.90847393e-006	-8.90718947e-006	1.51273215e-007	
3.79677996e+001	8.71713124e-006	-8.71584271e-006	1.49876194e-007	
3.80679785e+001	8.54948271e-006	-8.54818837e-006	1.48762196e-007	
3.81681574e+001	8.35451106e-006	-8.35319559e-006	1.48251534e-007	
3.82683363e+001	8.15954046e-006	-8.15820281e-006	1.47740872e-007	
3.83685152e+001	7.96457097e-006	-7.96321003e-006	1.47230211e-007	
3.84686941e+001	7.76960268e-006	-7.76821725e-006	1.46719549e-007	
3.85688730e+001	7.55594329e-006	-7.55450979e-006	1.47176427e-007	
3.86690519e+001	7.33620368e-006	-7.33471319e-006	1.47874110e-007	
3.87692308e+001	7.11646765e-006	-7.11491660e-006	1.48571793e-007	
3.88694097e+001	6.89673555e-006	-6.89512000e-006	1.49269476e-007	
3.89695886e+001	6.69078550e-006	-6.68907944e-006	1.51085926e-007	
3.90697674e+001	6.48938741e-006	-6.48757711e-006	1.53271470e-007	
3.91699463e+001	6.23267100e-006	-6.23067945e-006	1.57548171e-007	
3.92701252e+001	5.85266463e-006	-5.85029619e-006	1.66486418e-007	
3.93703041e+001	5.47272521e-006	-5.46991293e-006	1.75424665e-007	
3.94704830e+001	5.09286775e-006	-5.08952967e-006	1.84362912e-007	
3.95706619e+001	4.71311206e-006	-4.70914641e-006	1.93301159e-007	
3.96708408e+001	4.39093078e-006	-4.38614189e-006	2.05018157e-007	
3.97710197e+001	3.75420332e-006	-3.74667115e-006	2.37692691e-007	
3.98711986e+001	3.20441203e-006	-3.19389664e-006	2.59385249e-007	
3.99713775e+001	2.68619540e-006	-2.67182219e-006	2.77510149e-007	
4.00715564e+001	1.91566479e-006	-1.88892157e-006	3.18977907e-007	
4.01717352e+001	8.78935097e-007	-7.90011822e-007	3.85237883e-007	
4.02719141e+001	4.71928336e-007	2.41840470e-007	4.05252442e-007	
4.03720930e+001	1.73607672e-006	1.66835093e-006	4.80174485e-007	
4.04722719e+001	3.43964578e-006	3.40177880e-006	5.08983417e-007	
4.05724508e+001	4.10725555e-006	4.09237266e-006	3.49333923e-007	
4.06726297e+001	4.15741368e-006	4.15532391e-006	1.31801885e-007	
4.07728086e+001	3.90783503e-006	3.90783455e-006	-1.92781611e-009	
4.08729875e+001	3.37418059e-006	3.37353792e-006	-6.58526586e-008	
4.09731664e+001	2.96013113e-006	2.95859619e-006	-9.53147387e-008	
4.10733453e+001	2.58246774e-006	2.58035566e-006	-1.04423758e-007	
4.11735242e+001	2.27794157e-006	2.27574436e-006	-1.00026913e-007	
4.12737030e+001	1.99950732e-006	1.99721475e-006	-9.57222931e-008	
4.13738819e+001	1.74971416e-006	1.74758443e-006	-8.63035566e-008	
4.14740608e+001	1.54604956e-006	1.54405216e-006	-7.85631552e-008	
4.15742397e+001	1.37763868e-006	1.37573430e-006	-7.24118719e-008	
4.16744186e+001	1.24094952e-006	1.23914688e-006	-6.68634528e-008	
4.17745975e+001	1.14370325e-006	1.14190693e-006	-6.40756820e-008	
4.18747764e+001	1.05325334e-006	1.05142110e-006	-6.20988767e-008	
4.19749553e+001	9.71468361e-007	9.69655370e-007	-5.93231785e-008	
4.20751342e+001	8.86054120e-007	8.84273340e-007	-5.61476933e-008	
4.21753131e+001	8.06777883e-007	8.05240015e-007	-4.97902716e-008	
4.22754919e+001	7.42130126e-007	7.41054049e-007	-3.99502245e-008	
4.23756708e+001	6.52662425e-007	6.52449997e-007	-1.66506051e-008	
4.24758497e+001	5.30935101e-007	5.30896231e-007	6.42441654e-009	
4.25760286e+001	3.63640799e-007	3.62522395e-007	2.84981378e-008	
4.26762075e+001	2.05295444e-007	2.01200431e-007	4.07995831e-008	
4.27763864e+001	7.35643265e-008	5.53642384e-008	4.84408014e-008	
4.28765653e+001	7.43903060e-008	-5.76599690e-008	4.70026128e-008	
4.29767442e+001	1.22881469e-007	-1.14487579e-007	4.46368636e-008	
4.30769231e+001	1.30976233e-007	-1.24390474e-007	4.10095560e-008	
4.31771020e+001	1.22596942e-007	-1.16992623e-007	3.66433683e-008	
4.32772809e+001	6.30816918e-008	-5.55593885e-008	2.98739718e-008	
4.33774597e+001	2.59051743e-008	1.24150816e-008	2.27363983e-008	
4.34776386e+001	8.88536238e-008	8.76640018e-008	1.44910057e-008	
4.35778175e+001	1.26905014e-007	1.26649272e-007	8.05261352e-009	
4.36779964e+001	1.61191502e-007	1.61191169e-007	3.27863808e-010	
4.37781753e+001	1.82693084e-007	1.82559008e-007	-6.99796631e-009	
4.38783542e+001	1.85353746e-007	1.85014023e-007	-1.12170538e-008	
4.39785331e+001	1.76416798e-007	1.75916052e-007	-1.32826690e-008	
4.40787120e+001	1.65772184e-007	1.65157843e-007	-1.42584683e-008	
4.41788909e+001	1.52969882e-007	1.52333586e-007	-1.39378462e-008	
4.42790698e+001	1.35188294e-007	1.34598590e-007	-1.26132649e-008	
4.43792487e+001	1.23132707e-007	1.22570061e-007	-1.17577073e-008	
4.44794275e+001	1.08649994e-007	1.08110843e-007	-1.08104939e-008	
4.45796064e+001	9.85732862e-008	9.80786364e-008	-9.86275011e-009	
4.46797853e+001	8.87963704e-008	8.83477148e-008	-8.91497026e-009	
4.47799642e+001	7.83750230e-008	7.79874506e-008	-7.78471370e-009	
4.48801431e+001	7.37331341e-008	7.33886837e-008	-7.11871954e-009	
4.49803220e+001	6.88579345e-008	6.85542043e-008	-6.46035765e-009	
4.50805009e+001	6.67050833e-008	6.64467442e-008	-5.86500801e-009	
4.51806798e+001	6.50772485e-008	6.48308777e-008	-5.65734614e-009	
4.52808587e+001	6.38512458e-008	6.36030671e-008	-5.62418417e-009	
4.53810376e+001	6.21891509e-008	6.19331124e-008	-5.63738258e-009	
4.54812165e+001	5.96932402e-008	5.94232097e-008	-5.67142668e-009	
4.55813953e+001	5.77691163e-008	5.74872644e-008	-5.69958181e-009	
4.56815742e+001	5.54245727e-008	5.51288085e-008	-5.71819304e-009	
4.57817531e+001	5.39203263e-008	5.35923954e-008	-5.93773875e-009	
4.58819320e+001	5.60864379e-008	5.57291958e-008	-6.32022577e-009	
4.59821109e+001	6.73880290e-008	6.71133030e-008	-6.07873464e-009	
4.60822898e+001	1.11614204e-007	1.11590039e-007	-2.32241107e-009	
4.61824687e+001	7.82016666e-008	7.54782695e-008	-2.04580422e-008	
4.62826476e+001	6.89808441e-008	6.61597535e-008	-1.95254674e-008	
4.63828265e+001	7.13155935e-008	6.88354240e-008	-1.86439878e-008	
4.64830054e+001	7.25943902e-008	7.00057710e-008	-1.92129519e-008	
4.65831843e+001	7.47787059e-008	7.22577669e-008	-1.92527914e-008	
4.66833631e+001	8.37719416e-008	8.14284185e-008	-1.96761495e-008	
4.67835420e+001	8.18911719e-008	7.89140621e-008	-2.18800102e-008	
4.68837209e+001	9.21980102e-008	8.92700824e-008	-2.30504982e-008	
4.69838998e+001	1.06676735e-007	1.03796824e-007	-2.46200152e-008	
4.70840787e+001	1.18066367e-007	1.14900421e-007	-2.71580604e-008	
4.71842576e+001	1.23328715e-007	1.19035659e-007	-3.22565342e-008	
4.72844365e+001	1.48214114e-007	1.44568601e-007	-3.26702175e-008	
4.73846154e+001	1.50697679e-007	1.45714783e-007	-3.84316627e-008	
4.74847943e+001	1.83575286e-007	1.78131372e-007	-4.43745416e-008	
4.75849732e+001	2.24989641e-007	2.19965714e-007	-4.72802665e-008	
4.76851521e+001	2.68574334e-007	2.62703685e-007	-5.58475297e-008	
4.77853309e+001	3.12146736e-007	3.03585311e-007	-7.26053949e-008	
4.78855098e+001	3.80755138e-007	3.69868604e-007	-9.03974081e-008	
4.79856887e+001	4.54555573e-007	4.34596446e-007	-1.33216733e-007	
4.80858676e+001	8.05088703e-007	7.94956953e-007	-1.27323454e-007	
4.81860465e+001	1.24445908e-006	1.21805516e-006	2.54990254e-007	
4.82862254e+001	4.39837204e-007	4.38921432e-007	2.83679891e-008	
4.83864043e+001	2.17799385e-007	2.16629144e-007	2.25474146e-008	
4.84865832e+001	5.71972529e-008	5.41159079e-008	1.85201040e-008	
4.85867621e+001	6.96436189e-008	-6.73698563e-008	1.76503859e-008	
4.86869410e+001	1.73613334e-007	-1.72497727e-007	1.96500319e-008	
4.87871199e+001	2.51513348e-007	-2.50604292e-007	2.13647608e-008	
4.88872987e+001	3.28583084e-007	-3.27862269e-007	2.17525934e-008	
4.89874776e+001	4.05724800e-007	-4.05120247e-007	2.21404261e-008	
4.90876565e+001	4.71574779e-007	-4.71028955e-007	2.26825021e-008	
4.91878354e+001	5.32460380e-007	-5.31950677e-007	2.32923542e-008	
4.92880143e+001	5.93354023e-007	-5.92872399e-007	2.39022063e-008	
4.93881932e+001	6.58666765e-007	-6.58202903e-007	2.47152769e-008	
4.94883721e+001	7.14907824e-007	-7.14463981e-007	2.51876071e-008	
4.95885510e+001	7.64460053e-007	-7.64035212e-007	2.54826787e-008	
4.96887299e+001	8.14014703e-007	-8.13606443e-007	2.57777503e-008	
4.97889088e+001	8.63571357e-007	-8.63177674e-007	2.60728219e-008	
4.98890877e+001	9.14279981e-007	-9.13899188e-007	2.63847863e-008	
4.99892665e+001	9.66671579e-007	-9.66302181e-007	2.67214447e-008	
5.00894454e+001	1.00752376e-006	-1.00716415e-006	2.69164661e-008	
5.01896243e+001	1.04455511e-006	-1.04420492e-006	2.70456458e-008	
5.02898032e+001	1.08158713e-006	-1.08124569e-006	2.71748255e-008	
5.03899821e+001	1.11861973e-006	-1.11828646e-006	2.73040051e-008	
5.04901610e+001	1.15565288e-006	-1.15532723e-006	2.74331848e-008	
5.05903399e+001	1.19268651e-006	-1.19236799e-006	2.75623645e-008	
5.06905188e+001	1.22972059e-006	-1.22940876e-006	2.76915442e-008	
5.07906977e+001	1.26413105e-006	-1.26382609e-006	2.77657335e-008	
5.08908766e+001	1.29440128e-006	-1.29410398e-006	2.77409540e-008	
5.09910555e+001	1.32467186e-006	-1.32438188e-006	2.77161745e-008	
5.10912343e+001	1.35494277e-006	-1.35465977e-006	2.76913951e-008	
5.11914132e+001	1.37933389e-006	-1.37905637e-006	2.76680494e-008	
5.12915921e+001	1.40223244e-006	-1.40195992e-006	2.76440895e-008	
5.13917710e+001	1.42134949e-006	-1.42108244e-006	2.75510109e-008	
5.14919499e+001	1.44046669e-006	-1.44020496e-006	2.74579324e-008	
5.15921288e+001	1.46094504e-006	-1.46068757e-006	2.74264248e-008	
5.16923077e+001	1.48156589e-006	-1.48131248e-006	2.74013587e-008	
5.17924866e+001	1.50218686e-006	-1.50193738e-006	2.73762926e-008	
5.18926655e+001	1.52096967e-006	-1.52072446e-006	2.73102324e-008	
5.19928444e+001	1.53716069e-006	-1.53691924e-006	2.72438485e-008	
5.20930233e+001	1.55271843e-006	-1.55248038e-006	2.71880160e-008	
5.21932021e+001	1.56827624e-006	-1.56804152e-006	2.71321834e-008	
5.22933810e+001	1.57814287e-006	-1.57791125e-006	2.70371721e-008	
5.23935599e+001	1.58907836e-006	-1.58884964e-006	2.69605535e-008	
5.24937388e+001	1.60111177e-006	-1.60088579e-006	2.69000325e-008	
5.25939177e+001	1.61314523e-006	-1.61292193e-006	2.68395114e-008	
5.26940966e+001	1.62515030e-006	-1.62492966e-006	2.67786744e-008	
5.27942755e+001	1.63449240e-006	-1.63427395e-006	2.67219311e-008	
5.28944544e+001	1.64375196e-006	-1.64353564e-006	2.66668578e-008	
5.29946333e+001	1.65301155e-006	-1.65279733e-006	2.66117845e-008	
5.30948122e+001	1.66227116e-006	-1.66205901e-006	2.65567112e-008	
5.31949911e+001	1.67088956e-006	-1.67067944e-006	2.64977963e-008	
5.32951699e+001	1.67804703e-006	-1.67783887e-006	2.64301287e-008	
5.33953488e+001	1.68520452e-006	-1.68499830e-006	2.63624611e-008	
5.34955277e+001	1.69236202e-006	-1.69215774e-006	2.62947935e-008	
5.35957066e+001	1.70045972e-006	-1.70025727e-006	2.62388750e-008	
5.36958855e+001	1.70791691e-006	-1.70771595e-006	2.61994819e-008	
5.37960644e+001	1.71251283e-006	-1.71231298e-006	2.61617959e-008	
5.38962433e+001	1.71723300e-006	-1.71703434e-006	2.61195342e-008	
5.39964222e+001	1.72204087e-006	-1.72184347e-006	2.60740430e-008	
5.40966011e+001	1.72684876e-006	-1.72665259e-006	2.60285517e-008	
5.41967800e+001	1.73103386e-006	-1.73083879e-006	2.59869470e-008	
5.42969589e+001	1.73485771e-006	-1.73466365e-006	2.59475967e-008	
5.43971377e+001	1.73858929e-006	-1.73839613e-006	2.59152274e-008	
5.44973166e+001	1.74226623e-006	-1.74207390e-006	2.58869927e-008	
5.45974955e+001	1.74594317e-006	-1.74575167e-006	2.58587581e-008	
5.46976744e+001	1.74863116e-006	-1.74844038e-006	2.58298217e-008	
5.47978533e+001	1.75099316e-006	-1.75080306e-006	2.58006541e-008	
5.48980322e+001	1.75335515e-006	-1.75316575e-006	2.57714864e-008	
5.49982111e+001	1.75498806e-006	-1.75479915e-006	2.57493669e-008	
5.50983900e+001	1.75613935e-006	-1.75595082e-006	2.57319030e-008	
5.51985689e+001	1.75729065e-006	-1.75710250e-006	2.57144390e-008	
5.52987478e+001	1.75844195e-006	-1.75825418e-006	2.56969751e-008	
5.53989267e+001	1.75959325e-006	-1.75940585e-006	2.56795112e-008	
5.54991055e+001	1.76159743e-006	-1.76141044e-006	2.56663898e-008	
5.55992844e+001	1.76364343e-006	-1.76345685e-006	2.56534773e-008	
5.56994633e+001	1.76547869e-006	-1.76529246e-006	2.56425392e-008	
5.57996422e+001	1.76558657e-006	-1.76540040e-006	2.56388596e-008	
5.58998211e+001	1.76609522e-006	-1.76590915e-006	2.56354663e-008	
5.60000000e+001	1.76591670e-006	-1.76573062e-006	2.56353860e-008	
