% Column 0: Length, cm
% Column 1: |B.t|, Tesla
% Column 2: Re[B.t], Tesla
% Column 3: Im[B.t], Tesla
0.00000000e+000	3.80791967e-006	-3.80773694e-006	3.73042761e-008	
1.00178891e-001	3.80729261e-006	-3.80710985e-006	3.73046961e-008	
2.00357782e-001	3.80545254e-006	-3.80526968e-006	3.73059193e-008	
3.00536673e-001	3.80241856e-006	-3.80223553e-006	3.73078876e-008	
4.00715564e-001	3.79899622e-006	-3.79881301e-006	3.73100959e-008	
5.00894454e-001	3.79402818e-006	-3.79384470e-006	3.73128668e-008	
6.01073345e-001	3.78776654e-006	-3.78758272e-006	3.73161085e-008	
7.01252236e-001	3.78150489e-006	-3.78132074e-006	3.73193502e-008	
8.01431127e-001	3.77524325e-006	-3.77505876e-006	3.73225918e-008	
9.01610018e-001	3.76807451e-006	-3.76788963e-006	3.73256918e-008	
1.00178891e+000	3.75677511e-006	-3.75658965e-006	3.73281464e-008	
1.10196780e+000	3.74547571e-006	-3.74528967e-006	3.73306011e-008	
1.20214669e+000	3.73417631e-006	-3.73398968e-006	3.73330557e-008	
1.30232558e+000	3.72287692e-006	-3.72268970e-006	3.73355104e-008	
1.40250447e+000	3.71157753e-006	-3.71138972e-006	3.73379650e-008	
1.50268336e+000	3.70027814e-006	-3.70008973e-006	3.73404196e-008	
1.60286225e+000	3.68897876e-006	-3.68878975e-006	3.73428743e-008	
1.70304114e+000	3.67767938e-006	-3.67748977e-006	3.73453289e-008	
1.80322004e+000	3.66257603e-006	-3.66238564e-006	3.73441576e-008	
1.90339893e+000	3.64284942e-006	-3.64265806e-006	3.73385795e-008	
2.00357782e+000	3.62312283e-006	-3.62293048e-006	3.73330013e-008	
2.10375671e+000	3.60339625e-006	-3.60320291e-006	3.73274231e-008	
2.20393560e+000	3.58280322e-006	-3.58260884e-006	3.73202019e-008	
2.30411449e+000	3.55312339e-006	-3.55292764e-006	3.72957492e-008	
2.40429338e+000	3.52344357e-006	-3.52324644e-006	3.72712965e-008	
2.50447227e+000	3.49376378e-006	-3.49356523e-006	3.72468438e-008	
2.60465116e+000	3.46408402e-006	-3.46388403e-006	3.72223911e-008	
2.70483005e+000	3.43952298e-006	-3.43932184e-006	3.71975131e-008	
2.80500894e+000	3.41692589e-006	-3.41672368e-006	3.71724720e-008	
2.90518784e+000	3.39432881e-006	-3.39412553e-006	3.71474310e-008	
3.00536673e+000	3.37173174e-006	-3.37152738e-006	3.71223899e-008	
3.10554562e+000	3.34693912e-006	-3.34673363e-006	3.70880507e-008	
3.20572451e+000	3.31821579e-006	-3.31800908e-006	3.70370650e-008	
3.30590340e+000	3.28949247e-006	-3.28928454e-006	3.69860793e-008	
3.40608229e+000	3.26076918e-006	-3.26055999e-006	3.69350936e-008	
3.50626118e+000	3.23204591e-006	-3.23183544e-006	3.68841079e-008	
3.60644007e+000	3.17678411e-006	-3.17657155e-006	3.67481958e-008	
3.70661896e+000	3.12136350e-006	-3.12114877e-006	3.66117751e-008	
3.80679785e+000	3.06594297e-006	-3.06572599e-006	3.64753545e-008	
3.90697674e+000	3.01052254e-006	-3.01030321e-006	3.63389338e-008	
4.00715564e+000	2.96160066e-006	-2.96137933e-006	3.62069347e-008	
4.10733453e+000	2.91649990e-006	-2.91627674e-006	3.60775353e-008	
4.20751342e+000	2.87139920e-006	-2.87117416e-006	3.59481359e-008	
4.30769231e+000	2.82629857e-006	-2.82607158e-006	3.58187365e-008	
4.40787120e+000	2.78382064e-006	-2.78359189e-006	3.56863171e-008	
4.50805009e+000	2.74860282e-006	-2.74837297e-006	3.55455379e-008	
4.60822898e+000	2.71338504e-006	-2.71315405e-006	3.54047586e-008	
4.70840787e+000	2.67816730e-006	-2.67793513e-006	3.52639793e-008	
4.80858676e+000	2.64294960e-006	-2.64271621e-006	3.51232001e-008	
4.90876565e+000	2.57834945e-006	-2.57811398e-006	3.48449996e-008	
5.00894454e+000	2.51052258e-006	-2.51028480e-006	3.45517068e-008	
5.10912343e+000	2.44269587e-006	-2.44245562e-006	3.42584140e-008	
5.20930233e+000	2.37486933e-006	-2.37462644e-006	3.39651212e-008	
5.30948122e+000	2.30636661e-006	-2.30612126e-006	3.36401281e-008	
5.40966011e+000	2.23728004e-006	-2.23703238e-006	3.32877701e-008	
5.50983900e+000	2.16819367e-006	-2.16794351e-006	3.29354120e-008	
5.61001789e+000	2.09910753e-006	-2.09885463e-006	3.25830540e-008	
5.71019678e+000	2.03408019e-006	-2.03382457e-006	3.22466242e-008	
5.81037567e+000	1.98854035e-006	-1.98828307e-006	3.19866761e-008	
5.91055456e+000	1.94300062e-006	-1.94274157e-006	3.17267279e-008	
6.01073345e+000	1.89746100e-006	-1.89720007e-006	3.14667798e-008	
6.11091234e+000	1.85192152e-006	-1.85165857e-006	3.12068317e-008	
6.21109123e+000	1.80802778e-006	-1.80776318e-006	3.09311292e-008	
6.31127013e+000	1.76452511e-006	-1.76425886e-006	3.06516840e-008	
6.41144902e+000	1.72102256e-006	-1.72075454e-006	3.03722389e-008	
6.51162791e+000	1.67752016e-006	-1.67725022e-006	3.00927937e-008	
6.61180680e+000	1.62502615e-006	-1.62475375e-006	2.97528931e-008	
6.71198569e+000	1.56125909e-006	-1.56098343e-006	2.93371967e-008	
6.81216458e+000	1.49749242e-006	-1.49721311e-006	2.89215004e-008	
6.91234347e+000	1.43372620e-006	-1.43344279e-006	2.85058040e-008	
7.01252236e+000	1.37108922e-006	-1.37080129e-006	2.80973561e-008	
7.11270125e+000	1.32154507e-006	-1.32125321e-006	2.77729847e-008	
7.21288014e+000	1.27200131e-006	-1.27170512e-006	2.74486133e-008	
7.31305903e+000	1.22245799e-006	-1.22215703e-006	2.71242418e-008	
7.41323792e+000	1.17291516e-006	-1.17260895e-006	2.67998704e-008	
7.51341682e+000	1.13748782e-006	-1.13717651e-006	2.66102999e-008	
7.61359571e+000	1.10768622e-006	-1.10736980e-006	2.64744538e-008	
7.71377460e+000	1.07788493e-006	-1.07756308e-006	2.63386077e-008	
7.81395349e+000	1.04808396e-006	-1.04775637e-006	2.62027616e-008	
7.91413238e+000	1.02036554e-006	-1.02003069e-006	2.61386275e-008	
8.01431127e+000	9.96502807e-007	-9.96158131e-007	2.62072682e-008	
8.11449016e+000	9.72640561e-007	-9.72285574e-007	2.62759089e-008	
8.21466905e+000	9.48778838e-007	-9.48413016e-007	2.63445496e-008	
8.31484794e+000	9.24917680e-007	-9.24540458e-007	2.64131903e-008	
8.41502683e+000	9.17835397e-007	-9.17440281e-007	2.69285323e-008	
8.51520572e+000	9.10985714e-007	-9.10572054e-007	2.74500525e-008	
8.61538462e+000	9.04136614e-007	-9.03703827e-007	2.79715728e-008	
8.71556351e+000	8.97288109e-007	-8.96835601e-007	2.84930930e-008	
8.81574240e+000	8.97274953e-007	-8.96806041e-007	2.90045708e-008	
8.91592129e+000	9.01415065e-007	-9.00931897e-007	2.95099426e-008	
9.01610018e+000	9.05555330e-007	-9.05057753e-007	3.00153143e-008	
9.11627907e+000	9.09695744e-007	-9.09183609e-007	3.05206861e-008	
9.21645796e+000	9.20391982e-007	-9.19863880e-007	3.11744034e-008	
9.31663685e+000	9.49972796e-007	-9.49425036e-007	3.22554500e-008	
9.41681574e+000	9.79553617e-007	-9.78986193e-007	3.33364966e-008	
9.51699463e+000	1.00913444e-006	-1.00854735e-006	3.44175432e-008	
9.61717352e+000	1.03871527e-006	-1.03810851e-006	3.54985898e-008	
9.71735242e+000	1.10083241e-006	-1.10019307e-006	3.75126064e-008	
9.81753131e+000	1.16683365e-006	-1.16616019e-006	3.96379977e-008	
9.91771020e+000	1.23283491e-006	-1.23212732e-006	4.17633890e-008	
1.00178891e+001	1.29883617e-006	-1.29809444e-006	4.38887803e-008	
1.01180680e+001	1.39740472e-006	-1.39662343e-006	4.67219545e-008	
1.02182469e+001	1.52496825e-006	-1.52414225e-006	5.01852689e-008	
1.03184258e+001	1.65253214e-006	-1.65166107e-006	5.36485833e-008	
1.04186047e+001	1.78009630e-006	-1.77917989e-006	5.71118978e-008	
1.05187835e+001	1.91985686e-006	-1.91889359e-006	6.08090564e-008	
1.06189624e+001	2.12148411e-006	-2.12046677e-006	6.56924182e-008	
1.07191413e+001	2.32311223e-006	-2.32203994e-006	7.05757800e-008	
1.08193202e+001	2.52474102e-006	-2.52361312e-006	7.54591418e-008	
1.09194991e+001	2.72637034e-006	-2.72518629e-006	8.03425037e-008	
1.10196780e+001	2.89713612e-006	-2.89591007e-006	8.42765654e-008	
1.11198569e+001	3.06020262e-006	-3.05893784e-006	8.79738079e-008	
1.12200358e+001	3.22326944e-006	-3.22196560e-006	9.16710504e-008	
1.13202147e+001	3.38633654e-006	-3.38499336e-006	9.53682928e-008	
1.14203936e+001	3.56523086e-006	-3.56385097e-006	9.91833933e-008	
1.15205725e+001	3.76459820e-006	-3.76318475e-006	1.03150945e-007	
1.16207513e+001	3.96396613e-006	-3.96251853e-006	1.07118497e-007	
1.17209302e+001	4.16333458e-006	-4.16185231e-006	1.11086049e-007	
1.18211091e+001	4.38596225e-006	-4.38444394e-006	1.15396169e-007	
1.19212880e+001	4.90981647e-006	-4.90824676e-006	1.24142789e-007	
1.20214669e+001	5.43367485e-006	-5.43204959e-006	1.32889408e-007	
1.21216458e+001	5.95753631e-006	-5.95585242e-006	1.41636028e-007	
1.22218247e+001	6.48140009e-006	-6.47965525e-006	1.50382647e-007	
1.23220036e+001	7.15445541e-006	-7.15266931e-006	1.59856150e-007	
1.24221825e+001	7.88924555e-006	-7.88742169e-006	1.69630424e-007	
1.25223614e+001	8.62404034e-006	-8.62217407e-006	1.79404698e-007	
1.26225403e+001	9.35883867e-006	-9.35692645e-006	1.89178972e-007	
1.27227191e+001	1.00936398e-005	-1.00916788e-005	1.98953246e-007	
1.28228980e+001	1.08284431e-005	-1.08264312e-005	2.08727520e-007	
1.29230769e+001	1.15632482e-005	-1.15611836e-005	2.18501794e-007	
1.30232558e+001	1.22980548e-005	-1.22959360e-005	2.28276068e-007	
1.31234347e+001	1.30328626e-005	-1.30306883e-005	2.38050343e-007	
1.32236136e+001	1.40494449e-005	-1.40472638e-005	2.47550711e-007	
1.33237925e+001	1.50721709e-005	-1.50699789e-005	2.57045077e-007	
1.34239714e+001	1.60949011e-005	-1.60926939e-005	2.66539443e-007	
1.35241503e+001	1.71176347e-005	-1.71154089e-005	2.76033810e-007	
1.36243292e+001	1.81403712e-005	-1.81381239e-005	2.85528176e-007	
1.37245081e+001	1.91631101e-005	-1.91608390e-005	2.95022543e-007	
1.38246869e+001	2.01858510e-005	-2.01835540e-005	3.04516909e-007	
1.39248658e+001	2.12085937e-005	-2.12062690e-005	3.14011275e-007	
1.40250447e+001	2.24441525e-005	-2.24418127e-005	3.24074140e-007	
1.41252236e+001	2.43181463e-005	-2.43158272e-005	3.35842444e-007	
1.42254025e+001	2.61921484e-005	-2.61898417e-005	3.47610749e-007	
1.43255814e+001	2.80661571e-005	-2.80638561e-005	3.59379053e-007	
1.44257603e+001	2.99401711e-005	-2.99378706e-005	3.71147358e-007	
1.45259392e+001	3.25822418e-005	-3.25799910e-005	3.82975479e-007	
1.46261181e+001	3.53234777e-005	-3.53212712e-005	3.94811327e-007	
1.47262970e+001	3.80647236e-005	-3.80625514e-005	4.06647175e-007	
1.48264758e+001	4.08059775e-005	-4.08038316e-005	4.18483023e-007	
1.49266547e+001	4.36585467e-005	-4.36564449e-005	4.28394414e-007	
1.50268336e+001	4.66133283e-005	-4.66112841e-005	4.36538839e-007	
1.51270125e+001	4.95681180e-005	-4.95661233e-005	4.44683264e-007	
1.52271914e+001	5.25229146e-005	-5.25209625e-005	4.52827689e-007	
1.53273703e+001	5.55460729e-005	-5.55441668e-005	4.60164124e-007	
1.54275492e+001	5.89363078e-005	-5.89344879e-005	4.63161959e-007	
1.55277281e+001	6.23265523e-005	-6.23248090e-005	4.66159794e-007	
1.56279070e+001	6.57168048e-005	-6.57151301e-005	4.69157629e-007	
1.57280859e+001	6.91070642e-005	-6.91054512e-005	4.72155463e-007	
1.58282648e+001	7.39419202e-005	-7.39404150e-005	4.71792715e-007	
1.59284436e+001	7.91546690e-005	-7.91532704e-005	4.70550916e-007	
1.60286225e+001	8.43674311e-005	-8.43661258e-005	4.69309117e-007	
1.61288014e+001	8.95802040e-005	-8.95789811e-005	4.68067318e-007	
1.62289803e+001	9.50018031e-005	-9.50006624e-005	4.65552399e-007	
1.63291592e+001	1.00702138e-004	-1.00701081e-004	4.61338268e-007	
1.64293381e+001	1.06402482e-004	-1.06401500e-004	4.57124136e-007	
1.65295170e+001	1.12102834e-004	-1.12101919e-004	4.52910004e-007	
1.66296959e+001	1.17785602e-004	-1.17784748e-004	4.48666031e-007	
1.67298748e+001	1.23211135e-004	-1.23210335e-004	4.43985649e-007	
1.68300537e+001	1.28636673e-004	-1.28635923e-004	4.39305267e-007	
1.69302326e+001	1.34062215e-004	-1.34061510e-004	4.34624886e-007	
1.70304114e+001	1.39487761e-004	-1.39487098e-004	4.29944504e-007	
1.71305903e+001	1.43623857e-004	-1.43623223e-004	4.26781057e-007	
1.72307692e+001	1.47206389e-004	-1.47205777e-004	4.24268830e-007	
1.73309481e+001	1.50788921e-004	-1.50788331e-004	4.21756602e-007	
1.74311270e+001	1.54371455e-004	-1.54370886e-004	4.19244374e-007	
1.75313059e+001	1.58732559e-004	-1.58732009e-004	4.17656658e-007	
1.76314848e+001	1.64636978e-004	-1.64636448e-004	4.17901549e-007	
1.77316637e+001	1.70541398e-004	-1.70540886e-004	4.18146440e-007	
1.78318426e+001	1.76445820e-004	-1.76445324e-004	4.18391331e-007	
1.79320215e+001	1.82350243e-004	-1.82349762e-004	4.18636222e-007	
1.80322004e+001	1.90329847e-004	-1.90329371e-004	4.25765320e-007	
1.81323792e+001	1.98371482e-004	-1.98371009e-004	4.33100197e-007	
1.82325581e+001	2.06413118e-004	-2.06412648e-004	4.40435074e-007	
1.83327370e+001	2.14454754e-004	-2.14454286e-004	4.47769951e-007	
1.84329159e+001	2.20758515e-004	-2.20758036e-004	4.59620110e-007	
1.85330948e+001	2.25935428e-004	-2.25934930e-004	4.74398080e-007	
1.86332737e+001	2.31112341e-004	-2.31111824e-004	4.89176049e-007	
1.87334526e+001	2.36289255e-004	-2.36288717e-004	5.03954019e-007	
1.88336315e+001	2.41466168e-004	-2.41465611e-004	5.18731989e-007	
1.89338104e+001	2.46643082e-004	-2.46642505e-004	5.33509958e-007	
1.90339893e+001	2.51819995e-004	-2.51819399e-004	5.48287928e-007	
1.91341682e+001	2.56996909e-004	-2.56996292e-004	5.63065898e-007	
1.92343470e+001	2.62173823e-004	-2.62173186e-004	5.77843868e-007	
1.93345259e+001	2.68333687e-004	-2.68333003e-004	6.06100394e-007	
1.94347048e+001	2.74630165e-004	-2.74629428e-004	6.36230205e-007	
1.95348837e+001	2.80926643e-004	-2.80925853e-004	6.66360017e-007	
1.96350626e+001	2.87223123e-004	-2.87222278e-004	6.96489828e-007	
1.97352415e+001	2.92837653e-004	-2.92836750e-004	7.26995369e-007	
1.98354204e+001	2.97806444e-004	-2.97805479e-004	7.57856619e-007	
1.99355993e+001	3.02775236e-004	-3.02774208e-004	7.88717868e-007	
2.00357782e+001	3.07744029e-004	-3.07742937e-004	8.19579118e-007	
2.01359571e+001	3.12543720e-004	-3.12542564e-004	8.50135371e-007	
2.02361360e+001	3.16379906e-004	-3.16378685e-004	8.78953749e-007	
2.03363148e+001	3.20216093e-004	-3.20214806e-004	9.07772127e-007	
2.04364937e+001	3.24052281e-004	-3.24050928e-004	9.36590506e-007	
2.05366726e+001	3.27888470e-004	-3.27887049e-004	9.65408884e-007	
2.06368515e+001	3.30411553e-004	-3.30410083e-004	9.85625361e-007	
2.07370304e+001	3.32574925e-004	-3.32573411e-004	1.00348543e-006	
2.08372093e+001	3.34738297e-004	-3.34736739e-004	1.02134549e-006	
2.09373882e+001	3.36901670e-004	-3.36900068e-004	1.03920555e-006	
2.10375671e+001	3.38587921e-004	-3.38586284e-004	1.05296083e-006	
2.11377460e+001	3.39617002e-004	-3.39615345e-004	1.06106232e-006	
2.12379249e+001	3.40646084e-004	-3.40644406e-004	1.06916382e-006	
2.13381038e+001	3.41675165e-004	-3.41673467e-004	1.07726532e-006	
2.14382826e+001	3.42644116e-004	-3.42642399e-004	1.08474424e-006	
2.15384615e+001	3.42605044e-004	-3.42603336e-004	1.08178645e-006	
2.16386404e+001	3.42565971e-004	-3.42564273e-004	1.07882866e-006	
2.17388193e+001	3.42526899e-004	-3.42525209e-004	1.07587087e-006	
2.18389982e+001	3.42487827e-004	-3.42486146e-004	1.07291308e-006	
2.19391771e+001	3.41354706e-004	-3.41353062e-004	1.05964895e-006	
2.20393560e+001	3.39734559e-004	-3.39732961e-004	1.04179684e-006	
2.21395349e+001	3.38114412e-004	-3.38112861e-004	1.02394473e-006	
2.22397138e+001	3.36494265e-004	-3.36492761e-004	1.00609261e-006	
2.23398927e+001	3.34362291e-004	-3.34360842e-004	9.84300532e-007	
2.24400716e+001	3.31179910e-004	-3.31178534e-004	9.54422616e-007	
2.25402504e+001	3.27997530e-004	-3.27996227e-004	9.24544701e-007	
2.26404293e+001	3.24815152e-004	-3.24813920e-004	8.94666785e-007	
2.27406082e+001	3.21632775e-004	-3.21631612e-004	8.64788869e-007	
2.28407871e+001	3.18102450e-004	-3.18101350e-004	8.36792015e-007	
2.29409660e+001	3.14558874e-004	-3.14557834e-004	8.08866921e-007	
2.30411449e+001	3.11015299e-004	-3.11014318e-004	7.80941826e-007	
2.31413238e+001	3.07471725e-004	-3.07470803e-004	7.53016732e-007	
2.32415027e+001	3.03928152e-004	-3.03927287e-004	7.25091637e-007	
2.33416816e+001	3.00384580e-004	-3.00383771e-004	6.97166543e-007	
2.34418605e+001	2.96841010e-004	-2.96840256e-004	6.69241448e-007	
2.35420394e+001	2.93297441e-004	-2.93296740e-004	6.41316354e-007	
2.36422182e+001	2.89153449e-004	-2.89152802e-004	6.11841342e-007	
2.37423971e+001	2.83050846e-004	-2.83050258e-004	5.77310640e-007	
2.38425760e+001	2.76948245e-004	-2.76947713e-004	5.42779937e-007	
2.39427549e+001	2.70845645e-004	-2.70845169e-004	5.08249234e-007	
2.40429338e+001	2.64743048e-004	-2.64742624e-004	4.73718531e-007	
2.41431127e+001	2.57860402e-004	-2.57860023e-004	4.41917778e-007	
2.42432916e+001	2.50861479e-004	-2.50861143e-004	4.10523845e-007	
2.43434705e+001	2.43862557e-004	-2.43862262e-004	3.79129912e-007	
2.44436494e+001	2.36863637e-004	-2.36863382e-004	3.47735979e-007	
2.45438283e+001	2.30287290e-004	-2.30287063e-004	3.23720970e-007	
2.46440072e+001	2.24123566e-004	-2.24123356e-004	3.06911250e-007	
2.47441860e+001	2.17959841e-004	-2.17959648e-004	2.90101531e-007	
2.48443649e+001	2.11796117e-004	-2.11795941e-004	2.73291811e-007	
2.49445438e+001	2.05650454e-004	-2.05650293e-004	2.57801438e-007	
2.50447227e+001	1.99614292e-004	-1.99614136e-004	2.50308089e-007	
2.51449016e+001	1.93578131e-004	-1.93577978e-004	2.42814740e-007	
2.52450805e+001	1.87541969e-004	-1.87541821e-004	2.35321391e-007	
2.53452594e+001	1.81505807e-004	-1.81505664e-004	2.27828042e-007	
2.54454383e+001	1.75392752e-004	-1.75392608e-004	2.24333787e-007	
2.55456172e+001	1.69257651e-004	-1.69257505e-004	2.21985422e-007	
2.56457961e+001	1.63122550e-004	-1.63122402e-004	2.19637058e-007	
2.57459750e+001	1.56987449e-004	-1.56987299e-004	2.17288693e-007	
2.58461538e+001	1.51629977e-004	-1.51629823e-004	2.16614693e-007	
2.59463327e+001	1.47378021e-004	-1.47377859e-004	2.18320975e-007	
2.60465116e+001	1.43126065e-004	-1.43125896e-004	2.20027256e-007	
2.61466905e+001	1.38874110e-004	-1.38873933e-004	2.21733537e-007	
2.62468694e+001	1.34663812e-004	-1.34663626e-004	2.23546532e-007	
2.63470483e+001	1.31268836e-004	-1.31268639e-004	2.27448191e-007	
2.64472272e+001	1.27873861e-004	-1.27873651e-004	2.31349850e-007	
2.65474061e+001	1.24478886e-004	-1.24478664e-004	2.35251509e-007	
2.66475850e+001	1.21083913e-004	-1.21083677e-004	2.39153168e-007	
2.67477639e+001	1.16755959e-004	-1.16755703e-004	2.44649585e-007	
2.68479428e+001	1.11997543e-004	-1.11997262e-004	2.50881810e-007	
2.69481216e+001	1.07239129e-004	-1.07238820e-004	2.57114036e-007	
2.70483005e+001	1.02480717e-004	-1.02480379e-004	2.63346262e-007	
2.71484794e+001	9.79452317e-005	-9.79448609e-005	2.69495126e-007	
2.72486583e+001	9.38835969e-005	-9.38831928e-005	2.75466763e-007	
2.73488372e+001	8.98219656e-005	-8.98215247e-005	2.81438400e-007	
2.74490161e+001	8.57603382e-005	-8.57598566e-005	2.87410037e-007	
2.75491950e+001	8.16987153e-005	-8.16981885e-005	2.93381674e-007	
2.76493739e+001	7.79116117e-005	-7.79110389e-005	2.98737761e-007	
2.77495528e+001	7.41372640e-005	-7.41366404e-005	3.04065254e-007	
2.78497317e+001	7.03806940e-005	-7.03800154e-005	3.09071941e-007	
2.79499106e+001	6.71204937e-005	-6.71197634e-005	3.13105389e-007	
2.80500894e+001	6.40233093e-005	-6.40225268e-005	3.16539698e-007	
2.81502683e+001	6.16112412e-005	-6.16104160e-005	3.18874438e-007	
2.82504472e+001	5.95257430e-005	-5.95248794e-005	3.20649585e-007	
2.83506261e+001	5.70794773e-005	-5.70785668e-005	3.22403314e-007	
2.84508050e+001	5.45095445e-005	-5.45085827e-005	3.23813723e-007	
2.85509839e+001	5.21771005e-005	-5.21760918e-005	3.24437573e-007	
2.86511628e+001	4.98446608e-005	-4.98436009e-005	3.25061423e-007	
2.87513417e+001	4.75257283e-005	-4.75246182e-005	3.24830268e-007	
2.88515206e+001	4.52089583e-005	-4.52077940e-005	3.24462496e-007	
2.89516995e+001	4.32765157e-005	-4.32753092e-005	3.23156567e-007	
2.90518784e+001	4.15248815e-005	-4.15236376e-005	3.21409268e-007	
2.91520572e+001	3.97732507e-005	-3.97719661e-005	3.19661968e-007	
2.92522361e+001	3.80216237e-005	-3.80202945e-005	3.17914669e-007	
2.93524150e+001	3.64358499e-005	-3.64344801e-005	3.15946013e-007	
2.94525939e+001	3.52095246e-005	-3.52081289e-005	3.13497613e-007	
2.95527728e+001	3.39832013e-005	-3.39817777e-005	3.11049213e-007	
2.96529517e+001	3.27568802e-005	-3.27554266e-005	3.08600814e-007	
2.97531306e+001	3.15305618e-005	-3.15290754e-005	3.06152414e-007	
2.98533095e+001	3.07110394e-005	-3.07095437e-005	3.03095088e-007	
2.99534884e+001	2.99123042e-005	-2.99107997e-005	3.00006655e-007	
3.00536673e+001	2.91135698e-005	-2.91120557e-005	2.96918221e-007	
3.01538462e+001	2.83148363e-005	-2.83133117e-005	2.93829788e-007	
3.02540250e+001	2.75061312e-005	-2.75046044e-005	2.89809928e-007	
3.03542039e+001	2.66904133e-005	-2.66888902e-005	2.85134895e-007	
3.04543828e+001	2.58746960e-005	-2.58731759e-005	2.80459863e-007	
3.05545617e+001	2.50589793e-005	-2.50574617e-005	2.75784830e-007	
3.06547406e+001	2.42970368e-005	-2.42955240e-005	2.71132867e-007	
3.07549195e+001	2.37227638e-005	-2.37212661e-005	2.66561434e-007	
3.08550984e+001	2.31484909e-005	-2.31470083e-005	2.61990001e-007	
3.09552773e+001	2.25742181e-005	-2.25727504e-005	2.57418567e-007	
3.10554562e+001	2.19999456e-005	-2.19984925e-005	2.52847134e-007	
3.11556351e+001	2.14256732e-005	-2.14242347e-005	2.48275701e-007	
3.12558140e+001	2.08514010e-005	-2.08499768e-005	2.43704267e-007	
3.13559928e+001	2.02771291e-005	-2.02757190e-005	2.39132834e-007	
3.14561717e+001	1.97028574e-005	-1.97014611e-005	2.34561401e-007	
3.15563506e+001	1.92289987e-005	-1.92276209e-005	2.30186013e-007	
3.16565295e+001	1.88579705e-005	-1.88566161e-005	2.26011396e-007	
3.17567084e+001	1.84869422e-005	-1.84856112e-005	2.21836779e-007	
3.18568873e+001	1.81159140e-005	-1.81146064e-005	2.17662162e-007	
3.19570662e+001	1.77448858e-005	-1.77436015e-005	2.13487545e-007	
3.20572451e+001	1.73738575e-005	-1.73725966e-005	2.09312928e-007	
3.21574240e+001	1.70028293e-005	-1.70015918e-005	2.05138311e-007	
3.22576029e+001	1.66318011e-005	-1.66305869e-005	2.00963694e-007	
3.23577818e+001	1.62607729e-005	-1.62595820e-005	1.96789076e-007	
3.24579606e+001	1.59499424e-005	-1.59487779e-005	1.92726169e-007	
3.25581395e+001	1.56575646e-005	-1.56564275e-005	1.88697508e-007	
3.26583184e+001	1.53651868e-005	-1.53640771e-005	1.84668846e-007	
3.27584973e+001	1.50728091e-005	-1.50717266e-005	1.80640184e-007	
3.28586762e+001	1.47804314e-005	-1.47793762e-005	1.76611522e-007	
3.29588551e+001	1.44880537e-005	-1.44870258e-005	1.72582860e-007	
3.30590340e+001	1.41956760e-005	-1.41946753e-005	1.68554198e-007	
3.31592129e+001	1.39032984e-005	-1.39023249e-005	1.64525536e-007	
3.32593918e+001	1.36121294e-005	-1.36111831e-005	1.60506541e-007	
3.33595707e+001	1.33526576e-005	-1.33517376e-005	1.56741004e-007	
3.34597496e+001	1.30931858e-005	-1.30922921e-005	1.52975466e-007	
3.35599284e+001	1.28337141e-005	-1.28328467e-005	1.49209929e-007	
3.36601073e+001	1.25742424e-005	-1.25734012e-005	1.45444392e-007	
3.37602862e+001	1.23547723e-005	-1.23539528e-005	1.42301462e-007	
3.38604651e+001	1.21547936e-005	-1.21539935e-005	1.39461909e-007	
3.39606440e+001	1.19548149e-005	-1.19540342e-005	1.36622355e-007	
3.40608229e+001	1.17548363e-005	-1.17540749e-005	1.33782801e-007	
3.41610018e+001	1.15625281e-005	-1.15617851e-005	1.31083449e-007	
3.42611807e+001	1.13874514e-005	-1.13867241e-005	1.28699051e-007	
3.43613596e+001	1.12123746e-005	-1.12116631e-005	1.26314653e-007	
3.44615385e+001	1.10372979e-005	-1.10366021e-005	1.23930254e-007	
3.45617174e+001	1.08622211e-005	-1.08615411e-005	1.21545856e-007	
3.46618962e+001	1.06662027e-005	-1.06655379e-005	1.19084595e-007	
3.47620751e+001	1.04689350e-005	-1.04682854e-005	1.16618751e-007	
3.48622540e+001	1.02716674e-005	-1.02710330e-005	1.14152906e-007	
3.49624329e+001	1.00743997e-005	-1.00737806e-005	1.11687062e-007	
3.50626118e+001	9.91659540e-006	-9.91598821e-006	1.09736371e-007	
3.51627907e+001	9.78744265e-006	-9.78684500e-006	1.08159696e-007	
3.52629696e+001	9.65828990e-006	-9.65770179e-006	1.06583021e-007	
3.53631485e+001	9.52913716e-006	-9.52855858e-006	1.05006346e-007	
3.54633274e+001	9.39856027e-006	-9.39799085e-006	1.03455490e-007	
3.55635063e+001	9.26278458e-006	-9.26222298e-006	1.01998884e-007	
3.56636852e+001	9.12700890e-006	-9.12645510e-006	1.00542278e-007	
3.57638640e+001	8.99123322e-006	-8.99068722e-006	9.90856724e-008	
3.58640429e+001	8.85545753e-006	-8.85491935e-006	9.76290664e-008	
3.59642218e+001	8.68664019e-006	-8.68611027e-006	9.59480039e-008	
3.60644007e+001	8.51202386e-006	-8.51150230e-006	9.42275490e-008	
3.61645796e+001	8.33740754e-006	-8.33689432e-006	9.25070942e-008	
3.62647585e+001	8.16279123e-006	-8.16228635e-006	9.07866393e-008	
3.63649374e+001	7.99012886e-006	-7.98963107e-006	8.91877284e-008	
3.64651163e+001	7.81952978e-006	-7.81903777e-006	8.77171757e-008	
3.65652952e+001	7.64893073e-006	-7.64844447e-006	8.62466229e-008	
3.66654741e+001	7.47833171e-006	-7.47785117e-006	8.47760702e-008	
3.67656530e+001	7.30772231e-006	-7.30724727e-006	8.33230196e-008	
3.68658318e+001	7.13703801e-006	-7.13656698e-006	8.19958961e-008	
3.69660107e+001	6.96635376e-006	-6.96588668e-006	8.06687726e-008	
3.70661896e+001	6.79566957e-006	-6.79520639e-006	7.93416491e-008	
3.71663685e+001	6.62498545e-006	-6.62452609e-006	7.80145256e-008	
3.72665474e+001	6.45750869e-006	-6.45705198e-006	7.67996805e-008	
3.73667263e+001	6.29105757e-006	-6.29060306e-006	7.56207409e-008	
3.74669052e+001	6.12460657e-006	-6.12415415e-006	7.44418014e-008	
3.75670841e+001	5.95815568e-006	-5.95770524e-006	7.32628618e-008	
3.76672630e+001	5.79750639e-006	-5.79705740e-006	7.21515889e-008	
3.77674419e+001	5.64580431e-006	-5.64535603e-006	7.11446727e-008	
3.78676208e+001	5.49410237e-006	-5.49365467e-006	7.01377564e-008	
3.79677996e+001	5.34240060e-006	-5.34195330e-006	6.91308402e-008	
3.80679785e+001	5.19145632e-006	-5.19100926e-006	6.81292902e-008	
3.81681574e+001	5.06585339e-006	-5.06540623e-006	6.73072973e-008	
3.82683363e+001	4.94025060e-006	-4.93980320e-006	6.64853044e-008	
3.83685152e+001	4.81464796e-006	-4.81420018e-006	6.56633116e-008	
3.84686941e+001	4.68904549e-006	-4.68859715e-006	6.48413187e-008	
3.85688730e+001	4.56608526e-006	-4.56563672e-006	6.39993467e-008	
3.86690519e+001	4.44445838e-006	-4.44400975e-006	6.31472973e-008	
3.87692308e+001	4.32283167e-006	-4.32238278e-006	6.22952479e-008	
3.88694097e+001	4.20120514e-006	-4.20075581e-006	6.14431986e-008	
3.89695886e+001	4.07957883e-006	-4.07912884e-006	6.05911492e-008	
3.90697674e+001	3.95795273e-006	-3.95750187e-006	5.97390998e-008	
3.91699463e+001	3.83632689e-006	-3.83587490e-006	5.88870505e-008	
3.92701252e+001	3.71470131e-006	-3.71424794e-006	5.80350011e-008	
3.93703041e+001	3.59307602e-006	-3.59262097e-006	5.71829517e-008	
3.94704830e+001	3.43311459e-006	-3.43266016e-006	5.58573798e-008	
3.95706619e+001	3.27053304e-006	-3.27007893e-006	5.44994382e-008	
3.96708408e+001	3.10795206e-006	-3.10749770e-006	5.31414966e-008	
3.97710197e+001	2.94537172e-006	-2.94491648e-006	5.17835550e-008	
3.98711986e+001	2.79503683e-006	-2.79458244e-006	5.03972811e-008	
3.99713775e+001	2.65387628e-006	-2.65342407e-006	4.89897759e-008	
4.00715564e+001	2.51271627e-006	-2.51226571e-006	4.75822707e-008	
4.01717352e+001	2.37155690e-006	-2.37110734e-006	4.61747655e-008	
4.02719141e+001	2.23454099e-006	-2.23409273e-006	4.47562479e-008	
4.03720930e+001	2.11336236e-006	-2.11291883e-006	4.32956230e-008	
4.04722719e+001	1.99218423e-006	-1.99174493e-006	4.18349980e-008	
4.05724508e+001	1.87100670e-006	-1.87057103e-006	4.03743731e-008	
4.06726297e+001	1.74982987e-006	-1.74939713e-006	3.89137482e-008	
4.07728086e+001	1.67046888e-006	-1.67003920e-006	3.78859156e-008	
4.08729875e+001	1.59889558e-006	-1.59846883e-006	3.69386846e-008	
4.09731664e+001	1.52732259e-006	-1.52689846e-006	3.59914536e-008	
4.10733453e+001	1.45574996e-006	-1.45532809e-006	3.50442227e-008	
4.11735242e+001	1.39293100e-006	-1.39251293e-006	3.41252257e-008	
4.12737030e+001	1.33964557e-006	-1.33923320e-006	3.32369788e-008	
4.13738819e+001	1.28636028e-006	-1.28595348e-006	3.23487320e-008	
4.14740608e+001	1.23307515e-006	-1.23267375e-006	3.14604851e-008	
4.15742397e+001	1.17691857e-006	-1.17652305e-006	3.05092454e-008	
4.16744186e+001	1.09851931e-006	-1.09813461e-006	2.90700710e-008	
4.17745975e+001	1.02012043e-006	-1.01974616e-006	2.76308966e-008	
4.18747764e+001	9.41722009e-007	-9.41357709e-007	2.61917221e-008	
4.19749553e+001	8.63324176e-007	-8.62969261e-007	2.47525477e-008	
4.20751342e+001	7.97593804e-007	-7.97249934e-007	2.34183165e-008	
4.21753131e+001	7.36085658e-007	-7.35753249e-007	2.21190589e-008	
4.22754919e+001	6.74577925e-007	-6.74256563e-007	2.08198014e-008	
4.23756708e+001	6.13070729e-007	-6.12759877e-007	1.95205438e-008	
4.24758497e+001	5.64535421e-007	-5.64233144e-007	1.84716199e-008	
4.25760286e+001	5.36662874e-007	-5.36366885e-007	1.78214667e-008	
4.26762075e+001	5.08790468e-007	-5.08500626e-007	1.71713134e-008	
4.27763864e+001	4.80918229e-007	-4.80634367e-007	1.65211601e-008	
4.28765653e+001	4.53217556e-007	-4.52939488e-007	1.58736725e-008	
4.29767442e+001	4.33380222e-007	-4.33108348e-007	1.53484971e-008	
4.30769231e+001	4.13542961e-007	-4.13277207e-007	1.48233217e-008	
4.31771020e+001	3.93705784e-007	-3.93446066e-007	1.42981463e-008	
4.32772809e+001	3.73868704e-007	-3.73614926e-007	1.37729709e-008	
4.33774597e+001	3.50473995e-007	-3.50228395e-007	1.31183959e-008	
4.34776386e+001	3.25222125e-007	-3.24985789e-007	1.23962670e-008	
4.35778175e+001	2.99970435e-007	-2.99743184e-007	1.16741382e-008	
4.36779964e+001	2.74718973e-007	-2.74500579e-007	1.09520094e-008	
4.37781753e+001	2.51641958e-007	-2.51432154e-007	1.02735881e-008	
4.38783542e+001	2.33819709e-007	-2.33618387e-007	9.70079963e-009	
4.39785331e+001	2.15997580e-007	-2.15804620e-007	9.12801118e-009	
4.40787120e+001	1.98175603e-007	-1.97990853e-007	8.55522274e-009	
4.41788909e+001	1.80353823e-007	-1.80177086e-007	7.98243430e-009	
4.42790698e+001	1.69782809e-007	-1.69612858e-007	7.59477498e-009	
4.43792487e+001	1.59771632e-007	-1.59608350e-007	7.22140904e-009	
4.44794275e+001	1.49760494e-007	-1.49603843e-007	6.84804309e-009	
4.45796064e+001	1.39749404e-007	-1.39599336e-007	6.47467714e-009	
4.46797853e+001	1.32078137e-007	-1.31934073e-007	6.16723124e-009	
4.47799642e+001	1.26215727e-007	-1.26077250e-007	5.91074736e-009	
4.48801431e+001	1.20353320e-007	-1.20220427e-007	5.65426347e-009	
4.49803220e+001	1.14490916e-007	-1.14363604e-007	5.39777959e-009	
4.50805009e+001	1.09170830e-007	-1.09048947e-007	5.15725845e-009	
4.51806798e+001	1.06024743e-007	-1.05907688e-007	4.98072808e-009	
4.52808587e+001	1.02878664e-007	-1.02766430e-007	4.80419771e-009	
4.53810376e+001	9.97325934e-008	-9.96251719e-008	4.62766734e-009	
4.54812165e+001	9.65865322e-008	-9.64839136e-008	4.45113697e-009	
4.55813953e+001	9.60835886e-008	-9.59846912e-008	4.35833077e-009	
4.56815742e+001	9.61018022e-008	-9.60063570e-008	4.28203128e-009	
4.57817531e+001	9.61200777e-008	-9.60280228e-008	4.20573178e-009	
4.58819320e+001	9.61384153e-008	-9.60496886e-008	4.12943228e-009	
4.59821109e+001	9.61568148e-008	-9.60713544e-008	4.05313278e-009	
4.60822898e+001	9.61752761e-008	-9.60930202e-008	3.97683328e-009	
4.61824687e+001	9.61937994e-008	-9.61146860e-008	3.90053379e-009	
4.62826476e+001	9.62123844e-008	-9.61363518e-008	3.82423429e-009	
4.63828265e+001	9.66312946e-008	-9.65582290e-008	3.75706327e-009	
4.64830054e+001	1.00403130e-007	-1.00332463e-007	3.76635548e-009	
4.65831843e+001	1.04175140e-007	-1.04106696e-007	3.77564769e-009	
4.66833631e+001	1.07947306e-007	-1.07880930e-007	3.78493990e-009	
4.67835420e+001	1.11719612e-007	-1.11655164e-007	3.79423210e-009	
4.68837209e+001	1.18490328e-007	-1.18427286e-007	3.86465415e-009	
4.69838998e+001	1.26302094e-007	-1.26240115e-007	3.95629699e-009	
4.70840787e+001	1.34114047e-007	-1.34052944e-007	4.04793984e-009	
4.71842576e+001	1.41926156e-007	-1.41865773e-007	4.13958268e-009	
4.72844365e+001	1.49071250e-007	-1.49011335e-007	4.22608301e-009	
4.73846154e+001	1.55118476e-007	-1.55058750e-007	4.30411971e-009	
4.74847943e+001	1.61165753e-007	-1.61106166e-007	4.38215642e-009	
4.75849732e+001	1.67213077e-007	-1.67153581e-007	4.46019312e-009	
4.76851521e+001	1.73278629e-007	-1.73219183e-007	4.53847606e-009	
4.77853309e+001	1.80659289e-007	-1.80599832e-007	4.63456413e-009	
4.78855098e+001	1.88039997e-007	-1.87980482e-007	4.73065220e-009	
4.79856887e+001	1.95420748e-007	-1.95361131e-007	4.82674027e-009	
4.80858676e+001	2.02801537e-007	-2.02741780e-007	4.92282834e-009	
4.81860465e+001	2.14246288e-007	-2.14186400e-007	5.06533577e-009	
4.82862254e+001	2.27886044e-007	-2.27825955e-007	5.23291400e-009	
4.83864043e+001	2.41525894e-007	-2.41465510e-007	5.40049223e-009	
4.84865832e+001	2.55165823e-007	-2.55105064e-007	5.56807046e-009	
4.85867621e+001	2.69443189e-007	-2.69382091e-007	5.73771611e-009	
4.86869410e+001	2.85319919e-007	-2.85258650e-007	5.91254952e-009	
4.87871199e+001	3.01196731e-007	-3.01135210e-007	6.08738294e-009	
4.88872987e+001	3.17073615e-007	-3.17011770e-007	6.26221636e-009	
4.89874776e+001	3.32950560e-007	-3.32888329e-007	6.43704978e-009	
4.90876565e+001	3.53468826e-007	-3.53406544e-007	6.63520326e-009	
4.91878354e+001	3.74387361e-007	-3.74324957e-007	6.83536766e-009	
4.92880143e+001	3.95305984e-007	-3.95243371e-007	7.03553206e-009	
4.93881932e+001	4.16224682e-007	-4.16161785e-007	7.23569646e-009	
4.94883721e+001	4.33117200e-007	-4.33054102e-007	7.39280903e-009	
4.95885510e+001	4.46798455e-007	-4.46735240e-007	7.51558388e-009	
4.96887299e+001	4.60479735e-007	-4.60416378e-007	7.63835873e-009	
4.97889088e+001	4.74161038e-007	-4.74097516e-007	7.76113358e-009	
4.98890877e+001	4.88044875e-007	-4.87981240e-007	7.88094456e-009	
4.99892665e+001	5.02781172e-007	-5.02717708e-007	7.98827971e-009	
5.00894454e+001	5.17517501e-007	-5.17454176e-007	8.09561486e-009	
5.01896243e+001	5.32253859e-007	-5.32190645e-007	8.20295001e-009	
5.02898032e+001	5.46990244e-007	-5.46927113e-007	8.31028516e-009	
5.03899821e+001	5.65408588e-007	-5.65345677e-007	8.43423889e-009	
5.04901610e+001	5.84593791e-007	-5.84531093e-007	8.56165351e-009	
5.05903399e+001	6.03779035e-007	-6.03716509e-007	8.68906813e-009	
5.06905188e+001	6.22964316e-007	-6.22901925e-007	8.81648275e-009	
5.07906977e+001	6.40025171e-007	-6.39962958e-007	8.92371355e-009	
5.08908766e+001	6.54624976e-007	-6.54563001e-007	9.00756234e-009	
5.09910555e+001	6.69224801e-007	-6.69163044e-007	9.09141113e-009	
5.10912343e+001	6.83824645e-007	-6.83763088e-007	9.17525992e-009	
5.11914132e+001	6.98307846e-007	-6.98246482e-007	9.25735869e-009	
5.12915921e+001	7.11728793e-007	-7.11667722e-007	9.32352288e-009	
5.13917710e+001	7.25149756e-007	-7.25088961e-007	9.38968706e-009	
5.14919499e+001	7.38570735e-007	-7.38510201e-007	9.45585124e-009	
5.15921288e+001	7.51991729e-007	-7.51931441e-007	9.52201543e-009	
5.16923077e+001	7.64144140e-007	-7.64084158e-007	9.57421622e-009	
5.17924866e+001	7.75838275e-007	-7.75778615e-007	9.62137273e-009	
5.18926655e+001	7.87532423e-007	-7.87473071e-007	9.66852924e-009	
5.19928444e+001	7.99226583e-007	-7.99167527e-007	9.71568574e-009	
5.20930233e+001	8.10920754e-007	-8.10861983e-007	9.76284225e-009	
5.21932021e+001	8.22614936e-007	-8.22556440e-007	9.80999875e-009	
5.22933810e+001	8.34309128e-007	-8.34250896e-007	9.85715526e-009	
5.23935599e+001	8.46003330e-007	-8.45945352e-007	9.90431177e-009	
5.24937388e+001	8.57683528e-007	-8.57625795e-007	9.95137161e-009	
5.25939177e+001	8.67021363e-007	-8.66963896e-007	9.98228902e-009	
5.26940966e+001	8.76359204e-007	-8.76301997e-007	1.00132064e-008	
5.27942755e+001	8.85697051e-007	-8.85640097e-007	1.00441238e-008	
5.28944544e+001	8.95034905e-007	-8.94978198e-007	1.00750413e-008	
5.29946333e+001	9.02645982e-007	-9.02589502e-007	1.00974431e-008	
5.30948122e+001	9.09292541e-007	-9.09236278e-007	1.01150884e-008	
5.31949911e+001	9.15939104e-007	-9.15883054e-007	1.01327337e-008	
5.32951699e+001	9.22585670e-007	-9.22529830e-007	1.01503790e-008	
5.33953488e+001	9.29948546e-007	-9.29892943e-007	1.01691993e-008	
5.34955277e+001	9.39178464e-007	-9.39123171e-007	1.01910822e-008	
5.35957066e+001	9.48408390e-007	-9.48353399e-007	1.02129650e-008	
5.36958855e+001	9.57638321e-007	-9.57583627e-007	1.02348479e-008	
5.37960644e+001	9.66868259e-007	-9.66813855e-007	1.02567308e-008	
5.38962433e+001	9.72650293e-007	-9.72596087e-007	1.02686304e-008	
5.39964222e+001	9.78103569e-007	-9.78049550e-007	1.02795781e-008	
5.40966011e+001	9.83556847e-007	-9.83503013e-007	1.02905258e-008	
5.41967800e+001	9.89010127e-007	-9.88956475e-007	1.03014735e-008	
5.42969589e+001	9.92831571e-007	-9.92778052e-007	1.03086572e-008	
5.43971377e+001	9.95310353e-007	-9.95256924e-007	1.03127439e-008	
5.44973166e+001	9.97789135e-007	-9.97735797e-007	1.03168305e-008	
5.45974955e+001	1.00026792e-006	-1.00021467e-006	1.03209172e-008	
5.46976744e+001	1.00289928e-006	-1.00284613e-006	1.03251700e-008	
5.47978533e+001	1.00620598e-006	-1.00615295e-006	1.03301580e-008	
5.48980322e+001	1.00951267e-006	-1.00945977e-006	1.03351460e-008	
5.49982111e+001	1.01281937e-006	-1.01276659e-006	1.03401341e-008	
5.50983900e+001	1.01612607e-006	-1.01607341e-006	1.03451221e-008	
5.51985689e+001	1.01857465e-006	-1.01852208e-006	1.03485294e-008	
5.52987478e+001	1.02083478e-006	-1.02078230e-006	1.03515895e-008	
5.53989267e+001	1.02309492e-006	-1.02304252e-006	1.03546496e-008	
5.54991055e+001	1.02535506e-006	-1.02530274e-006	1.03577098e-008	
5.55992844e+001	1.02709600e-006	-1.02704375e-006	1.03600068e-008	
5.56994633e+001	1.02821658e-006	-1.02816437e-006	1.03613920e-008	
5.57996422e+001	1.02919936e-006	-1.02914719e-006	1.03626067e-008	
5.58998211e+001	1.02976645e-006	-1.02971431e-006	1.03633074e-008	
5.60000000e+001	1.02996108e-006	-1.02990894e-006	1.03635478e-008	
