% Column 0: Length, cm
% Column 1: |B.t|, Tesla
% Column 2: Re[B.t], Tesla
% Column 3: Im[B.t], Tesla
0.00000000e+000	1.38758849e-006	-1.38749431e-006	1.61665640e-008	
1.00178891e-001	1.38736050e-006	-1.38726630e-006	1.61667573e-008	
2.00357782e-001	1.38669147e-006	-1.38659722e-006	1.61673246e-008	
3.00536673e-001	1.38558833e-006	-1.38549400e-006	1.61682399e-008	
4.00715564e-001	1.38434400e-006	-1.38424957e-006	1.61692674e-008	
5.00894454e-001	1.38253762e-006	-1.38244305e-006	1.61705700e-008	
6.01073345e-001	1.38026087e-006	-1.38016613e-006	1.61721026e-008	
7.01252236e-001	1.37798413e-006	-1.37788921e-006	1.61736353e-008	
8.01431127e-001	1.37570738e-006	-1.37561229e-006	1.61751679e-008	
9.01610018e-001	1.37310076e-006	-1.37300547e-006	1.61766567e-008	
1.00178891e+000	1.36899201e-006	-1.36889642e-006	1.61779457e-008	
1.10196780e+000	1.36488326e-006	-1.36478737e-006	1.61792347e-008	
1.20214669e+000	1.36077452e-006	-1.36067832e-006	1.61805238e-008	
1.30232558e+000	1.35666577e-006	-1.35656926e-006	1.61818128e-008	
1.40250447e+000	1.35255703e-006	-1.35246021e-006	1.61831018e-008	
1.50268336e+000	1.34844829e-006	-1.34835116e-006	1.61843908e-008	
1.60286225e+000	1.34433955e-006	-1.34424211e-006	1.61856799e-008	
1.70304114e+000	1.34023081e-006	-1.34013306e-006	1.61869689e-008	
1.80322004e+000	1.33473851e-006	-1.33464035e-006	1.61867559e-008	
1.90339893e+000	1.32756465e-006	-1.32746599e-006	1.61847174e-008	
2.00357782e+000	1.32039081e-006	-1.32029164e-006	1.61826789e-008	
2.10375671e+000	1.31321697e-006	-1.31311728e-006	1.61806404e-008	
2.20393560e+000	1.30572792e-006	-1.30562770e-006	1.61779048e-008	
2.30411449e+000	1.29493320e-006	-1.29483227e-006	1.61678579e-008	
2.40429338e+000	1.28413849e-006	-1.28403683e-006	1.61578110e-008	
2.50447227e+000	1.27334379e-006	-1.27324140e-006	1.61477641e-008	
2.60465116e+000	1.26254911e-006	-1.26244597e-006	1.61377172e-008	
2.70483005e+000	1.25361577e-006	-1.25351203e-006	1.61273856e-008	
2.80500894e+000	1.24539659e-006	-1.24529230e-006	1.61169450e-008	
2.90518784e+000	1.23717742e-006	-1.23707258e-006	1.61065043e-008	
3.00536673e+000	1.22895826e-006	-1.22885285e-006	1.60960636e-008	
3.10554562e+000	1.21993998e-006	-1.21983398e-006	1.60816270e-008	
3.20572451e+000	1.20949104e-006	-1.20938441e-006	1.60600366e-008	
3.30590340e+000	1.19904211e-006	-1.19893484e-006	1.60384461e-008	
3.40608229e+000	1.18859319e-006	-1.18848526e-006	1.60168556e-008	
3.50626118e+000	1.17814428e-006	-1.17803569e-006	1.59952652e-008	
3.60644007e+000	1.15803826e-006	-1.15792859e-006	1.59373274e-008	
3.70661896e+000	1.13787446e-006	-1.13776366e-006	1.58791720e-008	
3.80679785e+000	1.11771071e-006	-1.11759873e-006	1.58210165e-008	
3.90697674e+000	1.09754701e-006	-1.09743381e-006	1.57628611e-008	
4.00715564e+000	1.07974678e-006	-1.07963254e-006	1.57065058e-008	
4.10733453e+000	1.06333627e-006	-1.06322108e-006	1.56512088e-008	
4.20751342e+000	1.04692580e-006	-1.04680963e-006	1.55959118e-008	
4.30769231e+000	1.03051536e-006	-1.03039817e-006	1.55406149e-008	
4.40787120e+000	1.01505839e-006	-1.01494028e-006	1.54839742e-008	
4.50805009e+000	1.00224079e-006	-1.00212210e-006	1.54236138e-008	
4.60822898e+000	9.89423202e-007	-9.89303919e-007	1.53632533e-008	
4.70840787e+000	9.76605637e-007	-9.76485736e-007	1.53028929e-008	
4.80858676e+000	9.63788093e-007	-9.63667553e-007	1.52425325e-008	
4.90876565e+000	9.40275160e-007	-9.40153533e-007	1.51232036e-008	
5.00894454e+000	9.15587703e-007	-9.15464866e-007	1.49973984e-008	
5.10912343e+000	8.90900331e-007	-8.90776198e-007	1.48715932e-008	
5.20930233e+000	8.66213051e-007	-8.66087531e-007	1.47457880e-008	
5.30948122e+000	8.41277304e-007	-8.41150495e-007	1.46063868e-008	
5.40966011e+000	8.16127028e-007	-8.15999003e-007	1.44552490e-008	
5.50983900e+000	7.90976859e-007	-7.90847510e-007	1.43041113e-008	
5.61001789e+000	7.65826807e-007	-7.65696018e-007	1.41529735e-008	
5.71019678e+000	7.42153953e-007	-7.42021730e-007	1.40086739e-008	
5.81037567e+000	7.25573397e-007	-7.25440295e-007	1.38972089e-008	
5.91055456e+000	7.08992899e-007	-7.08858861e-007	1.37857440e-008	
6.01073345e+000	6.92412464e-007	-6.92277426e-007	1.36742790e-008	
6.11091234e+000	6.75832097e-007	-6.75695992e-007	1.35628141e-008	
6.21109123e+000	6.59848633e-007	-6.59711644e-007	1.34448629e-008	
6.31127013e+000	6.44007021e-007	-6.43869146e-007	1.33253709e-008	
6.41144902e+000	6.28165476e-007	-6.28026648e-007	1.32058788e-008	
6.51162791e+000	6.12324004e-007	-6.12184150e-007	1.30863868e-008	
6.61180680e+000	5.93207779e-007	-5.93066599e-007	1.29413473e-008	
6.71198569e+000	5.69985909e-007	-5.69842969e-007	1.27642780e-008	
6.81216458e+000	5.46764246e-007	-5.46619340e-007	1.25872086e-008	
6.91234347e+000	5.23542817e-007	-5.23395711e-007	1.24101393e-008	
7.01252236e+000	5.00732630e-007	-5.00583101e-007	1.22362303e-008	
7.11270125e+000	4.82689629e-007	-4.82537970e-007	1.20989795e-008	
7.21288014e+000	4.64646834e-007	-4.64492839e-007	1.19617288e-008	
7.31305903e+000	4.46604270e-007	-4.46447708e-007	1.18244780e-008	
7.41323792e+000	4.28561966e-007	-4.28402576e-007	1.16872273e-008	
7.51341682e+000	4.15662529e-007	-4.15500390e-007	1.16087894e-008	
7.61359571e+000	4.04812810e-007	-4.04647897e-007	1.15537911e-008	
7.71377460e+000	3.93963251e-007	-3.93795405e-007	1.14987928e-008	
7.81395349e+000	3.83113866e-007	-3.82942912e-007	1.14437946e-008	
7.91413238e+000	3.73026570e-007	-3.72851690e-007	1.14210091e-008	
8.01431127e+000	3.64350197e-007	-3.64169992e-007	1.14578657e-008	
8.11449016e+000	3.55674087e-007	-3.55488295e-007	1.14947224e-008	
8.21466905e+000	3.46998261e-007	-3.46806597e-007	1.15315790e-008	
8.31484794e+000	3.38322740e-007	-3.38124899e-007	1.15684357e-008	
8.41502683e+000	3.35780010e-007	-3.35572479e-007	1.18036503e-008	
8.51520572e+000	3.33322402e-007	-3.33104823e-007	1.20416085e-008	
8.61538462e+000	3.30865114e-007	-3.30637167e-007	1.22795666e-008	
8.71556351e+000	3.28408155e-007	-3.28169511e-007	1.25175248e-008	
8.81574240e+000	3.28437034e-007	-3.28189492e-007	1.27492277e-008	
8.91592129e+000	3.29976326e-007	-3.29721049e-007	1.29771279e-008	
9.01610018e+000	3.31515703e-007	-3.31252606e-007	1.32050282e-008	
9.11627907e+000	3.33055164e-007	-3.32784163e-007	1.34329284e-008	
9.21645796e+000	3.36989214e-007	-3.36709547e-007	1.37263135e-008	
9.31663685e+000	3.47820999e-007	-3.47530675e-007	1.42083365e-008	
9.41681574e+000	3.58652788e-007	-3.58351804e-007	1.46903596e-008	
9.51699463e+000	3.69484581e-007	-3.69172933e-007	1.51723827e-008	
9.61717352e+000	3.80316378e-007	-3.79994062e-007	1.56544058e-008	
9.71735242e+000	4.03045179e-007	-4.02705210e-007	1.65508253e-008	
9.81753131e+000	4.27194217e-007	-4.26835758e-007	1.74967140e-008	
9.91771020e+000	4.51343260e-007	-4.50966305e-007	1.84426027e-008	
1.00178891e+001	4.75492306e-007	-4.75096853e-007	1.93884914e-008	
1.01180680e+001	5.11534084e-007	-5.11117189e-007	2.06479698e-008	
1.02182469e+001	5.58164127e-007	-5.57723001e-007	2.21866375e-008	
1.03184258e+001	6.04794348e-007	-6.04328812e-007	2.37253053e-008	
1.04186047e+001	6.51424711e-007	-6.50934624e-007	2.52639731e-008	
1.05187835e+001	7.02506590e-007	-7.01991134e-007	2.69064553e-008	
1.06189624e+001	7.76168927e-007	-7.75624145e-007	2.90755491e-008	
1.07191413e+001	8.49831716e-007	-8.49257157e-007	3.12446430e-008	
1.08193202e+001	9.23494851e-007	-9.22890168e-007	3.34137368e-008	
1.09194991e+001	9.97158255e-007	-9.96523179e-007	3.55828307e-008	
1.10196780e+001	1.05953169e-006	-1.05887386e-006	3.73304228e-008	
1.11198569e+001	1.11908875e-006	-1.11840992e-006	3.89728640e-008	
1.12200358e+001	1.17864598e-006	-1.17794599e-006	4.06153053e-008	
1.13202147e+001	1.23820336e-006	-1.23748205e-006	4.22577465e-008	
1.14203936e+001	1.30352401e-006	-1.30278277e-006	4.39533462e-008	
1.15205725e+001	1.37629970e-006	-1.37554017e-006	4.57177074e-008	
1.16207513e+001	1.44907570e-006	-1.44829756e-006	4.74820686e-008	
1.17209302e+001	1.52185196e-006	-1.52105496e-006	4.92464298e-008	
1.18211091e+001	1.60310998e-006	-1.60229331e-006	5.11638028e-008	
1.19212880e+001	1.79421332e-006	-1.79336820e-006	5.50627833e-008	
1.20214669e+001	1.98531884e-006	-1.98444310e-006	5.89617639e-008	
1.21216458e+001	2.17642597e-006	-2.17551799e-006	6.28607444e-008	
1.22218247e+001	2.36753431e-006	-2.36659288e-006	6.67597249e-008	
1.23220036e+001	2.61294098e-006	-2.61197630e-006	7.09956260e-008	
1.24221825e+001	2.88081681e-006	-2.87983067e-006	7.53709383e-008	
1.25223614e+001	3.14869506e-006	-3.14768504e-006	7.97462507e-008	
1.26225403e+001	3.41657518e-006	-3.41553942e-006	8.41215630e-008	
1.27227191e+001	3.68445674e-006	-3.68339379e-006	8.84968754e-008	
1.28228980e+001	3.95233947e-006	-3.95124816e-006	9.28721878e-008	
1.29230769e+001	4.22022313e-006	-4.21910253e-006	9.72475001e-008	
1.30232558e+001	4.48810756e-006	-4.48695690e-006	1.01622812e-007	
1.31234347e+001	4.75599262e-006	-4.75481127e-006	1.05998125e-007	
1.32236136e+001	5.12631128e-006	-5.12512472e-006	1.10290188e-007	
1.33237925e+001	5.49886413e-006	-5.49767024e-006	1.14580422e-007	
1.34239714e+001	5.87141918e-006	-5.87021575e-006	1.18870656e-007	
1.35241503e+001	6.24397605e-006	-6.24276127e-006	1.23160890e-007	
1.36243292e+001	6.61653442e-006	-6.61530679e-006	1.27451124e-007	
1.37245081e+001	6.98909405e-006	-6.98785231e-006	1.31741358e-007	
1.38246869e+001	7.36165476e-006	-7.36039782e-006	1.36031592e-007	
1.39248658e+001	7.73421638e-006	-7.73294334e-006	1.40321826e-007	
1.40250447e+001	8.18419940e-006	-8.18291678e-006	1.44888453e-007	
1.41252236e+001	8.86644219e-006	-8.86516845e-006	1.50284235e-007	
1.42254025e+001	9.54868930e-006	-9.54742013e-006	1.55680017e-007	
1.43255814e+001	1.02309399e-005	-1.02296718e-005	1.61075799e-007	
1.44257603e+001	1.09131932e-005	-1.09119235e-005	1.66471581e-007	
1.45259392e+001	1.18747165e-005	-1.18734710e-005	1.71985909e-007	
1.46261181e+001	1.28722987e-005	-1.28710747e-005	1.77515543e-007	
1.47262970e+001	1.38698862e-005	-1.38686783e-005	1.83045177e-007	
1.48264758e+001	1.48674780e-005	-1.48662820e-005	1.88574810e-007	
1.49266547e+001	1.59054041e-005	-1.59042299e-005	1.93267662e-007	
1.50268336e+001	1.69803668e-005	-1.69792218e-005	1.97192212e-007	
1.51270125e+001	1.80553339e-005	-1.80542137e-005	2.01116762e-007	
1.52271914e+001	1.91303045e-005	-1.91292057e-005	2.05041312e-007	
1.53273703e+001	2.02300748e-005	-2.02289992e-005	2.08609512e-007	
1.54275492e+001	2.14630065e-005	-2.14619765e-005	2.10264252e-007	
1.55277281e+001	2.26959432e-005	-2.26949538e-005	2.11918992e-007	
1.56279070e+001	2.39288842e-005	-2.39279311e-005	2.13573732e-007	
1.57280859e+001	2.51618289e-005	-2.51609084e-005	2.15228472e-007	
1.58282648e+001	2.69198176e-005	-2.69189554e-005	2.15450164e-007	
1.59284436e+001	2.88151551e-005	-2.88143508e-005	2.15297002e-007	
1.60286225e+001	3.07104999e-005	-3.07097463e-005	2.15143841e-007	
1.61288014e+001	3.26058505e-005	-3.26051417e-005	2.14990680e-007	
1.62289803e+001	3.45770648e-005	-3.45764013e-005	2.14208115e-007	
1.63291592e+001	3.66495395e-005	-3.66489229e-005	2.12585495e-007	
1.64293381e+001	3.87220193e-005	-3.87214446e-005	2.10962875e-007	
1.65295170e+001	4.07945034e-005	-4.07939663e-005	2.09340255e-007	
1.66296959e+001	4.28605991e-005	-4.28600959e-005	2.07682602e-007	
1.67298748e+001	4.48332173e-005	-4.48327462e-005	2.05512526e-007	
1.68300537e+001	4.68058382e-005	-4.68053965e-005	2.03342451e-007	
1.69302326e+001	4.87784617e-005	-4.87780468e-005	2.01172375e-007	
1.70304114e+001	5.07510873e-005	-5.07506971e-005	1.99002299e-007	
1.71305903e+001	5.22549656e-005	-5.22545928e-005	1.97388021e-007	
1.72307692e+001	5.35576090e-005	-5.35572503e-005	1.96012350e-007	
1.73309481e+001	5.48602531e-005	-5.48599079e-005	1.94636679e-007	
1.74311270e+001	5.61628979e-005	-5.61625654e-005	1.93261009e-007	
1.75313059e+001	5.77488015e-005	-5.77484821e-005	1.92060951e-007	
1.76314848e+001	5.98961926e-005	-5.98958874e-005	1.91209001e-007	
1.77316637e+001	6.20435848e-005	-6.20432928e-005	1.90357051e-007	
1.78318426e+001	6.41909779e-005	-6.41906982e-005	1.89505102e-007	
1.79320215e+001	6.63383718e-005	-6.63381036e-005	1.88653152e-007	
1.80322004e+001	6.92412102e-005	-6.92409501e-005	1.89816045e-007	
1.81323792e+001	7.21666309e-005	-7.21663781e-005	1.91039166e-007	
1.82325581e+001	7.50920522e-005	-7.50918061e-005	1.92262286e-007	
1.83327370e+001	7.80174740e-005	-7.80172341e-005	1.93485406e-007	
1.84329159e+001	8.03113144e-005	-8.03110739e-005	1.96562906e-007	
1.85330948e+001	8.21956341e-005	-8.21953887e-005	2.00842822e-007	
1.86332737e+001	8.40799537e-005	-8.40797035e-005	2.05122738e-007	
1.87334526e+001	8.59642734e-005	-8.59640183e-005	2.09402654e-007	
1.88336315e+001	8.78485930e-005	-8.78483331e-005	2.13682570e-007	
1.89338104e+001	8.97329127e-005	-8.97326479e-005	2.17962486e-007	
1.90339893e+001	9.16172323e-005	-9.16169627e-005	2.22242402e-007	
1.91341682e+001	9.35015519e-005	-9.35012776e-005	2.26522318e-007	
1.92343470e+001	9.53858716e-005	-9.53855924e-005	2.30802234e-007	
1.93345259e+001	9.76290624e-005	-9.76287683e-005	2.39636391e-007	
1.94347048e+001	9.99221298e-005	-9.99218193e-005	2.49103509e-007	
1.95348837e+001	1.02215197e-004	-1.02214870e-004	2.58570626e-007	
1.96350626e+001	1.04508265e-004	-1.04507921e-004	2.68037744e-007	
1.97352415e+001	1.06553351e-004	-1.06552989e-004	2.77752795e-007	
1.98354204e+001	1.08363623e-004	-1.08363241e-004	2.87702591e-007	
1.99355993e+001	1.10173895e-004	-1.10173493e-004	2.97652387e-007	
2.00357782e+001	1.11984167e-004	-1.11983744e-004	3.07602183e-007	
2.01359571e+001	1.13732907e-004	-1.13732464e-004	3.17471279e-007	
2.02361360e+001	1.15131054e-004	-1.15130590e-004	3.26880535e-007	
2.03363148e+001	1.16529201e-004	-1.16528716e-004	3.36289792e-007	
2.04364937e+001	1.17927348e-004	-1.17926842e-004	3.45699048e-007	
2.05366726e+001	1.19325496e-004	-1.19324967e-004	3.55108305e-007	
2.06368515e+001	1.20245197e-004	-1.20244653e-004	3.61728080e-007	
2.07370304e+001	1.21033833e-004	-1.21033275e-004	3.67583701e-007	
2.08372093e+001	1.21822469e-004	-1.21821897e-004	3.73439323e-007	
2.09373882e+001	1.22611106e-004	-1.22610519e-004	3.79294944e-007	
2.10375671e+001	1.23225803e-004	-1.23225205e-004	3.83772634e-007	
2.11377460e+001	1.23600923e-004	-1.23600319e-004	3.86352416e-007	
2.12379249e+001	1.23976043e-004	-1.23975433e-004	3.88932197e-007	
2.13381038e+001	1.24351163e-004	-1.24350547e-004	3.91511979e-007	
2.14382826e+001	1.24704352e-004	-1.24703730e-004	3.93879563e-007	
2.15384615e+001	1.24689885e-004	-1.24689267e-004	3.92689906e-007	
2.16386404e+001	1.24675418e-004	-1.24674803e-004	3.91500249e-007	
2.17388193e+001	1.24660950e-004	-1.24660339e-004	3.90310592e-007	
2.18389982e+001	1.24646483e-004	-1.24645876e-004	3.89120934e-007	
2.19391771e+001	1.24233075e-004	-1.24232480e-004	3.84477780e-007	
2.20393560e+001	1.23642073e-004	-1.23641494e-004	3.78297263e-007	
2.21395349e+001	1.23051071e-004	-1.23050509e-004	3.72116745e-007	
2.22397138e+001	1.22460070e-004	-1.22459523e-004	3.65936227e-007	
2.23398927e+001	1.21682523e-004	-1.21681995e-004	3.58443581e-007	
2.24400716e+001	1.20522137e-004	-1.20521634e-004	3.48258111e-007	
2.25402504e+001	1.19361750e-004	-1.19361272e-004	3.38072640e-007	
2.26404293e+001	1.18201364e-004	-1.18200910e-004	3.27887170e-007	
2.27406082e+001	1.17040979e-004	-1.17040548e-004	3.17701700e-007	
2.28407871e+001	1.15754234e-004	-1.15753824e-004	3.08253513e-007	
2.29409660e+001	1.14462676e-004	-1.14462286e-004	2.98833449e-007	
2.30411449e+001	1.13171119e-004	-1.13170749e-004	2.89413385e-007	
2.31413238e+001	1.11879562e-004	-1.11879212e-004	2.79993322e-007	
2.32415027e+001	1.10588005e-004	-1.10587674e-004	2.70573258e-007	
2.33416816e+001	1.09296449e-004	-1.09296137e-004	2.61153194e-007	
2.34418605e+001	1.08004893e-004	-1.08004600e-004	2.51733130e-007	
2.35420394e+001	1.06713338e-004	-1.06713063e-004	2.42313066e-007	
2.36422182e+001	1.05203263e-004	-1.05203006e-004	2.32421961e-007	
2.37423971e+001	1.02980368e-004	-1.02980131e-004	2.20994371e-007	
2.38425760e+001	1.00757473e-004	-1.00757255e-004	2.09566781e-007	
2.39427549e+001	9.85345784e-005	-9.85343792e-005	1.98139192e-007	
2.40429338e+001	9.63116844e-005	-9.63115034e-005	1.86711602e-007	
2.41431127e+001	9.38053814e-005	-9.38052156e-005	1.76342132e-007	
2.42432916e+001	9.12568321e-005	-9.12566809e-005	1.66130349e-007	
2.43434705e+001	8.87082832e-005	-8.87081462e-005	1.55918565e-007	
2.44436494e+001	8.61597347e-005	-8.61596115e-005	1.45706782e-007	
2.45438283e+001	8.37656191e-005	-8.37655053e-005	1.38040369e-007	
2.46440072e+001	8.15222999e-005	-8.15221917e-005	1.32859431e-007	
2.47441860e+001	7.92789808e-005	-7.92788780e-005	1.27678493e-007	
2.48443649e+001	7.70356617e-005	-7.70355643e-005	1.22497556e-007	
2.49445438e+001	7.47990460e-005	-7.47989533e-005	1.17777238e-007	
2.50447227e+001	7.26030724e-005	-7.26029800e-005	1.15848900e-007	
2.51449016e+001	7.04070987e-005	-7.04070066e-005	1.13920562e-007	
2.52450805e+001	6.82111252e-005	-6.82110332e-005	1.11992224e-007	
2.53452594e+001	6.60151516e-005	-6.60150599e-005	1.10063886e-007	
2.54454383e+001	6.37916279e-005	-6.37915338e-005	1.09531939e-007	
2.55456172e+001	6.15602052e-005	-6.15601080e-005	1.09400112e-007	
2.56457961e+001	5.93287828e-005	-5.93286822e-005	1.09268285e-007	
2.57459750e+001	5.70973607e-005	-5.70972564e-005	1.09136458e-007	
2.58461538e+001	5.51489170e-005	-5.51488083e-005	1.09494230e-007	
2.59463327e+001	5.36027696e-005	-5.36026556e-005	1.10548013e-007	
2.60465116e+001	5.20566225e-005	-5.20565029e-005	1.11601795e-007	
2.61466905e+001	5.05104758e-005	-5.05103502e-005	1.12655577e-007	
2.62468694e+001	4.89794904e-005	-4.89793583e-005	1.13739800e-007	
2.63470483e+001	4.77452440e-005	-4.77451045e-005	1.15419823e-007	
2.64472272e+001	4.65109980e-005	-4.65108506e-005	1.17099846e-007	
2.65474061e+001	4.52767526e-005	-4.52765968e-005	1.18779869e-007	
2.66475850e+001	4.40425077e-005	-4.40423429e-005	1.20459892e-007	
2.67477639e+001	4.24691451e-005	-4.24689677e-005	1.22737482e-007	
2.68479428e+001	4.07393188e-005	-4.07391262e-005	1.25290784e-007	
2.69481216e+001	3.90094941e-005	-3.90092847e-005	1.27844086e-007	
2.70483005e+001	3.72796712e-005	-3.72794431e-005	1.30397388e-007	
2.71484794e+001	3.56309215e-005	-3.56306737e-005	1.32866610e-007	
2.72486583e+001	3.41545004e-005	-3.41542329e-005	1.35157103e-007	
2.73488372e+001	3.26780812e-005	-3.26777921e-005	1.37447596e-007	
2.74490161e+001	3.12016642e-005	-3.12013513e-005	1.39738088e-007	
2.75491950e+001	2.97252498e-005	-2.97249105e-005	1.42028581e-007	
2.76493739e+001	2.83486432e-005	-2.83482777e-005	1.43958634e-007	
2.77495528e+001	2.69766752e-005	-2.69762808e-005	1.45871944e-007	
2.78497317e+001	2.56111588e-005	-2.56107334e-005	1.47612321e-007	
2.79499106e+001	2.44260589e-005	-2.44256047e-005	1.48959852e-007	
2.80500894e+001	2.33001959e-005	-2.32997128e-005	1.50038101e-007	
2.81502683e+001	2.24233611e-005	-2.24228546e-005	1.50712915e-007	
2.82504472e+001	2.16652266e-005	-2.16646991e-005	1.51179785e-007	
2.83506261e+001	2.07759232e-005	-2.07753703e-005	1.51572124e-007	
2.84508050e+001	1.98416354e-005	-1.98410548e-005	1.51782323e-007	
2.85509839e+001	1.89936435e-005	-1.89930379e-005	1.51667996e-007	
2.86511628e+001	1.81456539e-005	-1.81450210e-005	1.51553668e-007	
2.87513417e+001	1.73025188e-005	-1.73018595e-005	1.51049929e-007	
2.88515206e+001	1.64601617e-005	-1.64594738e-005	1.50483968e-007	
2.89516995e+001	1.57574754e-005	-1.57567656e-005	1.49559117e-007	
2.90518784e+001	1.51204978e-005	-1.51197689e-005	1.48465420e-007	
2.91520572e+001	1.44835220e-005	-1.44827722e-005	1.47371723e-007	
2.92522361e+001	1.38465482e-005	-1.38457755e-005	1.46278025e-007	
2.93524150e+001	1.32698605e-005	-1.32690670e-005	1.45113557e-007	
2.94525939e+001	1.28238278e-005	-1.28230215e-005	1.43795710e-007	
2.95527728e+001	1.23777961e-005	-1.23769761e-005	1.42477862e-007	
2.96529517e+001	1.19317656e-005	-1.19309306e-005	1.41160015e-007	
2.97531306e+001	1.14857365e-005	-1.14848851e-005	1.39842167e-007	
2.98533095e+001	1.11875669e-005	-1.11867117e-005	1.38325165e-007	
2.99534884e+001	1.08969530e-005	-1.08960943e-005	1.36797990e-007	
3.00536673e+001	1.06063395e-005	-1.06054768e-005	1.35270815e-007	
3.01538462e+001	1.03157264e-005	-1.03148594e-005	1.33743640e-007	
3.02540250e+001	1.00214237e-005	-1.00205569e-005	1.31799563e-007	
3.03542039e+001	9.72452601e-006	-9.72366287e-006	1.29562236e-007	
3.04543828e+001	9.42762864e-006	-9.42676881e-006	1.27324909e-007	
3.05545617e+001	9.13073161e-006	-9.12987474e-006	1.25087582e-007	
3.06547406e+001	8.85338709e-006	-8.85253442e-006	1.22871217e-007	
3.07549195e+001	8.64427970e-006	-8.64343660e-006	1.20728017e-007	
3.08550984e+001	8.43517238e-006	-8.43433878e-006	1.18584817e-007	
3.09552773e+001	8.22606513e-006	-8.22524096e-006	1.16441618e-007	
3.10554562e+001	8.01695796e-006	-8.01614314e-006	1.14298418e-007	
3.11556351e+001	7.80785088e-006	-7.80704532e-006	1.12155218e-007	
3.12558140e+001	7.59874390e-006	-7.59794750e-006	1.10012019e-007	
3.13559928e+001	7.38963702e-006	-7.38884968e-006	1.07868819e-007	
3.14561717e+001	7.18053025e-006	-7.17975186e-006	1.05725620e-007	
3.15563506e+001	7.00794416e-006	-7.00717700e-006	1.03690903e-007	
3.16565295e+001	6.87275789e-006	-6.87200440e-006	1.01767284e-007	
3.17567084e+001	6.73757163e-006	-6.73683180e-006	9.98436643e-008	
3.18568873e+001	6.60238536e-006	-6.60165919e-006	9.79200448e-008	
3.19570662e+001	6.46719910e-006	-6.46648659e-006	9.59964253e-008	
3.20572451e+001	6.33201284e-006	-6.33131399e-006	9.40728058e-008	
3.21574240e+001	6.19682658e-006	-6.19614139e-006	9.21491863e-008	
3.22576029e+001	6.06164032e-006	-6.06096879e-006	9.02255668e-008	
3.23577818e+001	5.92645406e-006	-5.92579619e-006	8.83019473e-008	
3.24579606e+001	5.81316061e-006	-5.81251785e-006	8.64439594e-008	
3.25581395e+001	5.70657810e-006	-5.70595088e-006	8.46060910e-008	
3.26583184e+001	5.59999561e-006	-5.59938391e-006	8.27682225e-008	
3.27584973e+001	5.49341312e-006	-5.49281694e-006	8.09303541e-008	
3.28586762e+001	5.38683064e-006	-5.38624997e-006	7.90924856e-008	
3.29588551e+001	5.28024818e-006	-5.27968300e-006	7.72546172e-008	
3.30590340e+001	5.17366574e-006	-5.17311603e-006	7.54167487e-008	
3.31592129e+001	5.06708331e-006	-5.06654906e-006	7.35788803e-008	
3.32593918e+001	4.96094094e-006	-4.96042211e-006	7.17457368e-008	
3.33595707e+001	4.86633887e-006	-4.86583486e-006	7.00364867e-008	
3.34597496e+001	4.77173682e-006	-4.77124760e-006	6.83272366e-008	
3.35599284e+001	4.67713480e-006	-4.67666035e-006	6.66179866e-008	
3.36601073e+001	4.58253281e-006	-4.58207309e-006	6.49087365e-008	
3.37602862e+001	4.50251739e-006	-4.50206981e-006	6.34842046e-008	
3.38604651e+001	4.42960949e-006	-4.42917279e-006	6.21984060e-008	
3.39606440e+001	4.35670161e-006	-4.35627577e-006	6.09126074e-008	
3.40608229e+001	4.28379375e-006	-4.28337875e-006	5.96268088e-008	
3.41610018e+001	4.21368441e-006	-4.21327962e-006	5.84048353e-008	
3.42611807e+001	4.14986175e-006	-4.14946578e-006	5.73262406e-008	
3.43613596e+001	4.08603911e-006	-4.08565194e-006	5.62476458e-008	
3.44615385e+001	4.02221647e-006	-4.02183810e-006	5.51690511e-008	
3.45617174e+001	3.95839384e-006	-3.95802426e-006	5.40904563e-008	
3.46618962e+001	3.88695075e-006	-3.88658969e-006	5.29784997e-008	
3.47620751e+001	3.81505310e-006	-3.81470054e-006	5.18645538e-008	
3.48622540e+001	3.74315545e-006	-3.74281139e-006	5.07506078e-008	
3.49624329e+001	3.67125781e-006	-3.67092224e-006	4.96366618e-008	
3.50626118e+001	3.61374472e-006	-3.61341581e-006	4.87555206e-008	
3.51627907e+001	3.56667526e-006	-3.56635167e-006	4.80434023e-008	
3.52629696e+001	3.51960580e-006	-3.51928753e-006	4.73312839e-008	
3.53631485e+001	3.47253634e-006	-3.47222339e-006	4.66191656e-008	
3.54633274e+001	3.42495074e-006	-3.42464291e-006	4.59188263e-008	
3.55635063e+001	3.37548100e-006	-3.37517754e-006	4.52614860e-008	
3.56636852e+001	3.32601127e-006	-3.32571217e-006	4.46041456e-008	
3.57638640e+001	3.27654153e-006	-3.27624680e-006	4.39468053e-008	
3.58640429e+001	3.22707180e-006	-3.22678143e-006	4.32894649e-008	
3.59642218e+001	3.16557208e-006	-3.16528636e-006	4.25309516e-008	
3.60644007e+001	3.10196105e-006	-3.10168001e-006	4.17546823e-008	
3.61645796e+001	3.03835002e-006	-3.03807366e-006	4.09784129e-008	
3.62647585e+001	2.97473898e-006	-2.97446732e-006	4.02021436e-008	
3.63649374e+001	2.91184658e-006	-2.91157892e-006	3.94808102e-008	
3.64651163e+001	2.84971304e-006	-2.84944865e-006	3.88174927e-008	
3.65652952e+001	2.78757950e-006	-2.78731837e-006	3.81541752e-008	
3.66654741e+001	2.72544598e-006	-2.72518810e-006	3.74908576e-008	
3.67656530e+001	2.66330982e-006	-2.66305508e-006	3.68354647e-008	
3.68658318e+001	2.60115465e-006	-2.60090223e-006	3.62370890e-008	
3.69660107e+001	2.53899951e-006	-2.53874938e-006	3.56387133e-008	
3.70661896e+001	2.47684439e-006	-2.47659652e-006	3.50403376e-008	
3.71663685e+001	2.41468931e-006	-2.41444367e-006	3.44419619e-008	
3.72665474e+001	2.35370767e-006	-2.35346361e-006	3.38946033e-008	
3.73667263e+001	2.29310128e-006	-2.29285855e-006	3.33635595e-008	
3.74669052e+001	2.23249494e-006	-2.23225350e-006	3.28325157e-008	
3.75670841e+001	2.17188867e-006	-2.17164845e-006	3.23014720e-008	
3.76672630e+001	2.11339634e-006	-2.11315706e-006	3.18011971e-008	
3.77674419e+001	2.05816413e-006	-2.05792538e-006	3.13483746e-008	
3.78676208e+001	2.00293200e-006	-2.00269370e-006	3.08955520e-008	
3.79677996e+001	1.94769995e-006	-1.94746203e-006	3.04427295e-008	
3.80679785e+001	1.89274371e-006	-1.89250606e-006	2.99923567e-008	
3.81681574e+001	1.84701358e-006	-1.84677600e-006	2.96239512e-008	
3.82683363e+001	1.80128353e-006	-1.80104593e-006	2.92555457e-008	
3.83685152e+001	1.75555355e-006	-1.75531587e-006	2.88871402e-008	
3.84686941e+001	1.70982366e-006	-1.70958581e-006	2.85187347e-008	
3.85688730e+001	1.66505211e-006	-1.66481426e-006	2.81428077e-008	
3.86690519e+001	1.62076419e-006	-1.62052638e-006	2.77630870e-008	
3.87692308e+001	1.57647635e-006	-1.57623851e-006	2.73833663e-008	
3.88694097e+001	1.53218861e-006	-1.53195063e-006	2.70036456e-008	
3.89695886e+001	1.48790097e-006	-1.48766275e-006	2.66239249e-008	
3.90697674e+001	1.44361345e-006	-1.44337488e-006	2.62442042e-008	
3.91699463e+001	1.39932606e-006	-1.39908700e-006	2.58644835e-008	
3.92701252e+001	1.35503880e-006	-1.35479913e-006	2.54847628e-008	
3.93703041e+001	1.31075169e-006	-1.31051125e-006	2.51050421e-008	
3.94704830e+001	1.25248835e-006	-1.25224835e-006	2.45179375e-008	
3.95706619e+001	1.19326985e-006	-1.19303015e-006	2.39166562e-008	
3.96708408e+001	1.13405165e-006	-1.13381195e-006	2.33153749e-008	
3.97710197e+001	1.07483377e-006	-1.07459374e-006	2.27140936e-008	
3.98711986e+001	1.02006581e-006	-1.01982634e-006	2.21017621e-008	
3.99713775e+001	9.68631720e-007	-9.68393499e-007	2.14811498e-008	
4.00715564e+001	9.17197912e-007	-9.16960658e-007	2.08605375e-008	
4.01717352e+001	8.65764435e-007	-8.65527818e-007	2.02399252e-008	
4.02719141e+001	8.15836720e-007	-8.15600889e-007	1.96148692e-008	
4.03720930e+001	7.71664021e-007	-7.71430745e-007	1.89728216e-008	
4.04722719e+001	7.27491580e-007	-7.27260601e-007	1.83307740e-008	
4.05724508e+001	6.83319444e-007	-6.83090457e-007	1.76887264e-008	
4.06726297e+001	6.39147679e-007	-6.38920313e-007	1.70466788e-008	
4.07728086e+001	6.10213293e-007	-6.09987589e-007	1.65953091e-008	
4.08729875e+001	5.84116711e-007	-5.83892591e-007	1.61794506e-008	
4.09731664e+001	5.58020290e-007	-5.57797592e-007	1.57635921e-008	
4.10733453e+001	5.31924055e-007	-5.31702593e-007	1.53477336e-008	
4.11735242e+001	5.09012932e-007	-5.08793496e-007	1.49446786e-008	
4.12737030e+001	4.89570639e-007	-4.89354213e-007	1.45555682e-008	
4.13738819e+001	4.70128420e-007	-4.69914931e-007	1.41664579e-008	
4.14740608e+001	4.50686283e-007	-4.50475649e-007	1.37773475e-008	
4.15742397e+001	4.30195358e-007	-4.29987835e-007	1.33606854e-008	
4.16744186e+001	4.01580220e-007	-4.01378380e-007	1.27306115e-008	
4.17745975e+001	3.72965274e-007	-3.72768926e-007	1.21005375e-008	
4.18747764e+001	3.44350568e-007	-3.44159472e-007	1.14704636e-008	
4.19749553e+001	3.15736168e-007	-3.15550017e-007	1.08403897e-008	
4.20751342e+001	2.91736043e-007	-2.91555694e-007	1.02565394e-008	
4.21753131e+001	2.69273939e-007	-2.69099600e-007	9.68809378e-009	
4.22754919e+001	2.46812049e-007	-2.46643507e-007	9.11964815e-009	
4.23756708e+001	2.24350440e-007	-2.24187414e-007	8.55120251e-009	
4.24758497e+001	2.06624365e-007	-2.06465839e-007	8.09230977e-009	
4.25760286e+001	1.96441343e-007	-1.96286111e-007	7.80793003e-009	
4.26762075e+001	1.86258394e-007	-1.86106382e-007	7.52355029e-009	
4.27763864e+001	1.76075533e-007	-1.75926654e-007	7.23917054e-009	
4.28765653e+001	1.65955287e-007	-1.65809445e-007	6.95595640e-009	
4.29767442e+001	1.58703531e-007	-1.58560930e-007	6.72622561e-009	
4.30769231e+001	1.51451812e-007	-1.51312415e-007	6.49649481e-009	
4.31771020e+001	1.44200138e-007	-1.44063900e-007	6.26676401e-009	
4.32772809e+001	1.36948514e-007	-1.36815385e-007	6.03703321e-009	
4.33774597e+001	1.28393920e-007	-1.28265073e-007	5.75063812e-009	
4.34776386e+001	1.19159161e-007	-1.19035163e-007	5.43466112e-009	
4.35778175e+001	1.09924495e-007	-1.09805254e-007	5.11868411e-009	
4.36779964e+001	1.00689949e-007	-1.00575344e-007	4.80270711e-009	
4.37781753e+001	9.22493467e-008	-9.21392404e-008	4.50581178e-009	
4.38783542e+001	8.57273060e-008	-8.56216427e-008	4.25503326e-009	
4.39785331e+001	7.92053280e-008	-7.91040449e-008	4.00425474e-009	
4.40787120e+001	7.26834293e-008	-7.25864471e-008	3.75347622e-009	
4.41788909e+001	6.61616335e-008	-6.60688494e-008	3.50269770e-009	
4.42790698e+001	6.22898753e-008	-6.22006510e-008	3.33280367e-009	
4.43792487e+001	5.86227320e-008	-5.85370068e-008	3.16915454e-009	
4.44794275e+001	5.49556094e-008	-5.48733627e-008	3.00550541e-009	
4.45796064e+001	5.12885117e-008	-5.12097186e-008	2.84185628e-009	
4.46797853e+001	4.84770232e-008	-4.84013832e-008	2.70700481e-009	
4.47799642e+001	4.63269794e-008	-4.62542758e-008	2.59441649e-009	
4.48801431e+001	4.41769370e-008	-4.41071683e-008	2.48182816e-009	
4.49803220e+001	4.20268961e-008	-4.19600608e-008	2.36923983e-009	
4.50805009e+001	4.00752192e-008	-4.00112384e-008	2.26362331e-009	
4.51806798e+001	3.89187255e-008	-3.88572876e-008	2.18595508e-009	
4.52808587e+001	3.77622361e-008	-3.77033367e-008	2.10828684e-009	
4.53810376e+001	3.66057512e-008	-3.65493859e-008	2.03061860e-009	
4.54812165e+001	3.54492713e-008	-3.53954350e-008	1.95295037e-009	
4.55813953e+001	3.52599985e-008	-3.52081265e-008	1.91189000e-009	
4.56815742e+001	3.52614440e-008	-3.52113955e-008	1.87804710e-009	
4.57817531e+001	3.52629223e-008	-3.52146645e-008	1.84420419e-009	
4.58819320e+001	3.52644332e-008	-3.52179335e-008	1.81036128e-009	
4.59821109e+001	3.52659769e-008	-3.52212025e-008	1.77651837e-009	
4.60822898e+001	3.52675533e-008	-3.52244716e-008	1.74267547e-009	
4.61824687e+001	3.52691624e-008	-3.52277406e-008	1.70883256e-009	
4.62826476e+001	3.52708041e-008	-3.52310096e-008	1.67498965e-009	
4.63828265e+001	3.54187081e-008	-3.53804813e-008	1.64512251e-009	
4.64830054e+001	3.67915681e-008	-3.67546153e-008	1.64855770e-009	
4.65831843e+001	3.81645201e-008	-3.81287492e-008	1.65199288e-009	
4.66833631e+001	3.95375545e-008	-3.95028831e-008	1.65542807e-009	
4.67835420e+001	4.09106631e-008	-4.08770171e-008	1.65886326e-009	
4.68837209e+001	4.33786393e-008	-4.33457470e-008	1.68895298e-009	
4.69838998e+001	4.62267814e-008	-4.61944619e-008	1.72829564e-009	
4.70840787e+001	4.90750215e-008	-4.90431768e-008	1.76763830e-009	
4.71842576e+001	5.19233436e-008	-5.18918917e-008	1.80698096e-009	
4.72844365e+001	5.45286375e-008	-5.44974434e-008	1.84417054e-009	
4.73846154e+001	5.67338982e-008	-5.67028131e-008	1.87781652e-009	
4.74847943e+001	5.89391863e-008	-5.89081827e-008	1.91146251e-009	
4.75849732e+001	6.11444988e-008	-6.11135524e-008	1.94510849e-009	
4.76851521e+001	6.33564633e-008	-6.33255521e-008	1.97886246e-009	
4.77853309e+001	6.60478837e-008	-6.60169738e-008	2.02042437e-009	
4.78855098e+001	6.87393293e-008	-6.87083954e-008	2.06198629e-009	
4.79856887e+001	7.14307973e-008	-7.13998171e-008	2.10354820e-009	
4.80858676e+001	7.41222852e-008	-7.40912388e-008	2.14511011e-009	
4.81860465e+001	7.82951487e-008	-7.82640426e-008	2.20679228e-009	
4.82862254e+001	8.32681374e-008	-8.32369348e-008	2.27934128e-009	
4.83864043e+001	8.82411750e-008	-8.82098270e-008	2.35189027e-009	
4.84865832e+001	9.32142535e-008	-9.31827191e-008	2.42443927e-009	
4.85867621e+001	9.84192527e-008	-9.83875490e-008	2.49790076e-009	
4.86869410e+001	1.04206139e-007	-1.04174352e-007	2.57365202e-009	
4.87871199e+001	1.09993068e-007	-1.09961155e-007	2.64940328e-009	
4.88872987e+001	1.15780034e-007	-1.15747958e-007	2.72515453e-009	
4.89874776e+001	1.21567032e-007	-1.21534762e-007	2.80090579e-009	
4.90876565e+001	1.29043466e-007	-1.29011172e-007	2.88679484e-009	
4.91878354e+001	1.36665612e-007	-1.36633259e-007	2.97355808e-009	
4.92880143e+001	1.44287804e-007	-1.44255346e-007	3.06032133e-009	
4.93881932e+001	1.51910035e-007	-1.51877433e-007	3.14708458e-009	
4.94883721e+001	1.58064870e-007	-1.58032166e-007	3.21519029e-009	
4.95885510e+001	1.63049313e-007	-1.63016551e-007	3.26841495e-009	
4.96887299e+001	1.68033769e-007	-1.68000935e-007	3.32163960e-009	
4.97889088e+001	1.73018237e-007	-1.72985319e-007	3.37486425e-009	
4.98890877e+001	1.78076114e-007	-1.78043139e-007	3.42680481e-009	
4.99892665e+001	1.83442956e-007	-1.83410071e-007	3.47334023e-009	
5.00894454e+001	1.88809815e-007	-1.88777003e-007	3.51987566e-009	
5.01896243e+001	1.94176690e-007	-1.94143935e-007	3.56641108e-009	
5.02898032e+001	1.99543578e-007	-1.99510867e-007	3.61294650e-009	
5.03899821e+001	2.06250604e-007	-2.06218008e-007	3.66668498e-009	
5.04901610e+001	2.13236753e-007	-2.13204268e-007	3.72192353e-009	
5.05903399e+001	2.20222922e-007	-2.20190528e-007	3.77716208e-009	
5.06905188e+001	2.27209111e-007	-2.27176788e-007	3.83240062e-009	
5.07906977e+001	2.33421229e-007	-2.33388998e-007	3.87888628e-009	
5.08908766e+001	2.38736617e-007	-2.38704511e-007	3.91523212e-009	
5.09910555e+001	2.44052017e-007	-2.44020024e-007	3.95157797e-009	
5.10912343e+001	2.49367426e-007	-2.49335536e-007	3.98792381e-009	
5.11914132e+001	2.54640287e-007	-2.54608497e-007	4.02351033e-009	
5.12915921e+001	2.59525636e-007	-2.59493999e-007	4.05218292e-009	
5.13917710e+001	2.64410994e-007	-2.64379501e-007	4.08085551e-009	
5.14919499e+001	2.69296360e-007	-2.69265002e-007	4.10952810e-009	
5.15921288e+001	2.74181735e-007	-2.74150504e-007	4.13820069e-009	
5.16923077e+001	2.78604728e-007	-2.78573657e-007	4.16081472e-009	
5.17924866e+001	2.82860688e-007	-2.82829783e-007	4.18124008e-009	
5.18926655e+001	2.87116654e-007	-2.87085909e-007	4.20166544e-009	
5.19928444e+001	2.91372626e-007	-2.91342035e-007	4.22209080e-009	
5.20930233e+001	2.95628605e-007	-2.95598161e-007	4.24251617e-009	
5.21932021e+001	2.99884588e-007	-2.99854287e-007	4.26294153e-009	
5.22933810e+001	3.04140577e-007	-3.04110413e-007	4.28336689e-009	
5.23935599e+001	3.08396572e-007	-3.08366540e-007	4.30379226e-009	
5.24937388e+001	3.12647467e-007	-3.12617563e-007	4.32417570e-009	
5.25939177e+001	3.16045358e-007	-3.16015592e-007	4.33755865e-009	
5.26940966e+001	3.19443253e-007	-3.19413621e-007	4.35094160e-009	
5.27942755e+001	3.22841151e-007	-3.22811650e-007	4.36432455e-009	
5.28944544e+001	3.26239052e-007	-3.26209679e-007	4.37770749e-009	
5.29946333e+001	3.29008387e-007	-3.28979132e-007	4.38739998e-009	
5.30948122e+001	3.31426628e-007	-3.31397485e-007	4.39503110e-009	
5.31949911e+001	3.33844870e-007	-3.33815838e-007	4.40266223e-009	
5.32951699e+001	3.36263114e-007	-3.36234191e-007	4.41029335e-009	
5.33953488e+001	3.38941920e-007	-3.38913119e-007	4.41843119e-009	
5.34955277e+001	3.42299871e-007	-3.42271231e-007	4.42788980e-009	
5.35957066e+001	3.45657826e-007	-3.45629343e-007	4.43734841e-009	
5.36958855e+001	3.49015784e-007	-3.48987455e-007	4.44680701e-009	
5.37960644e+001	3.52373746e-007	-3.52345567e-007	4.45626562e-009	
5.38962433e+001	3.54477178e-007	-3.54449101e-007	4.46140511e-009	
5.39964222e+001	3.56460991e-007	-3.56433011e-007	4.46613278e-009	
5.40966011e+001	3.58444805e-007	-3.58416921e-007	4.47086045e-009	
5.41967800e+001	3.60428620e-007	-3.60400831e-007	4.47558811e-009	
5.42969589e+001	3.61818761e-007	-3.61791041e-007	4.47868906e-009	
5.43971377e+001	3.62720433e-007	-3.62692760e-007	4.48045156e-009	
5.44973166e+001	3.63622105e-007	-3.63594478e-007	4.48221407e-009	
5.45974955e+001	3.64523777e-007	-3.64496197e-007	4.48397657e-009	
5.46976744e+001	3.65480944e-007	-3.65453415e-007	4.48581046e-009	
5.47978533e+001	3.66683739e-007	-3.66656273e-007	4.48796033e-009	
5.48980322e+001	3.67886534e-007	-3.67859131e-007	4.49011019e-009	
5.49982111e+001	3.69089329e-007	-3.69061990e-007	4.49226005e-009	
5.50983900e+001	3.70292124e-007	-3.70264848e-007	4.49440991e-009	
5.51985689e+001	3.71182760e-007	-3.71155532e-007	4.49587755e-009	
5.52987478e+001	3.72004847e-007	-3.71977663e-007	4.49719537e-009	
5.53989267e+001	3.72826935e-007	-3.72799794e-007	4.49851319e-009	
5.54991055e+001	3.73649022e-007	-3.73621926e-007	4.49983102e-009	
5.55992844e+001	3.74282258e-007	-3.74255195e-007	4.50082002e-009	
5.56994633e+001	3.74689838e-007	-3.74662798e-007	4.50141613e-009	
5.57996422e+001	3.75047301e-007	-3.75020280e-007	4.50193892e-009	
5.58998211e+001	3.75253565e-007	-3.75226555e-007	4.50224051e-009	
5.60000000e+001	3.75324355e-007	-3.75297350e-007	4.50234427e-009	
