% Column 0: Length, cm
% Column 1: |B.t|, Tesla
% Column 2: Re[B.t], Tesla
% Column 3: Im[B.t], Tesla
0.00000000e+000	6.99532988e-006	-6.99413583e-006	1.29244218e-007	
1.00178891e-001	6.99418996e-006	-6.99299568e-006	1.29246393e-007	
2.00357782e-001	6.99084492e-006	-6.98964995e-006	1.29252779e-007	
3.00536673e-001	6.98532941e-006	-6.98413330e-006	1.29263144e-007	
4.00715564e-001	6.97910787e-006	-6.97791048e-006	1.29274796e-007	
5.00894454e-001	6.97007556e-006	-6.96887634e-006	1.29290166e-007	
6.01073345e-001	6.95869093e-006	-6.95748940e-006	1.29308648e-007	
7.01252236e-001	6.94730630e-006	-6.94610246e-006	1.29327130e-007	
8.01431127e-001	6.93592168e-006	-6.93471552e-006	1.29345612e-007	
9.01610018e-001	6.92288669e-006	-6.92167789e-006	1.29364601e-007	
1.00178891e+000	6.90233638e-006	-6.90112359e-006	1.29385895e-007	
1.10196780e+000	6.88178610e-006	-6.88056929e-006	1.29407190e-007	
1.20214669e+000	6.86123585e-006	-6.86001499e-006	1.29428485e-007	
1.30232558e+000	6.84068562e-006	-6.83946068e-006	1.29449779e-007	
1.40250447e+000	6.82013541e-006	-6.81890638e-006	1.29471074e-007	
1.50268336e+000	6.79958523e-006	-6.79835208e-006	1.29492369e-007	
1.60286225e+000	6.77903507e-006	-6.77779778e-006	1.29513663e-007	
1.70304114e+000	6.75848494e-006	-6.75724348e-006	1.29534958e-007	
1.80322004e+000	6.73100830e-006	-6.72976153e-006	1.29547627e-007	
1.90339893e+000	6.69511342e-006	-6.69385991e-006	1.29549813e-007	
2.00357782e+000	6.65921860e-006	-6.65795830e-006	1.29551999e-007	
2.10375671e+000	6.62332386e-006	-6.62205668e-006	1.29554185e-007	
2.20393560e+000	6.58584999e-006	-6.58457565e-006	1.29551518e-007	
2.30411449e+000	6.53181458e-006	-6.53053076e-006	1.29497950e-007	
2.40429338e+000	6.47777934e-006	-6.47648587e-006	1.29444382e-007	
2.50447227e+000	6.42374425e-006	-6.42244099e-006	1.29390815e-007	
2.60465116e+000	6.36970933e-006	-6.36839610e-006	1.29337247e-007	
2.70483005e+000	6.32498504e-006	-6.32366376e-006	1.29276492e-007	
2.80500894e+000	6.28383305e-006	-6.28250443e-006	1.29212980e-007	
2.90518784e+000	6.24268117e-006	-6.24134509e-006	1.29149468e-007	
3.00536673e+000	6.20152938e-006	-6.20018576e-006	1.29085957e-007	
3.10554562e+000	6.15636657e-006	-6.15501506e-006	1.28992039e-007	
3.20572451e+000	6.10402278e-006	-6.10266281e-006	1.28843684e-007	
3.30590340e+000	6.05167914e-006	-6.05031056e-006	1.28695330e-007	
3.40608229e+000	5.99933565e-006	-5.99795832e-006	1.28546976e-007	
3.50626118e+000	5.94699233e-006	-5.94560607e-006	1.28398622e-007	
3.60644007e+000	5.84621697e-006	-5.84481598e-006	1.27980537e-007	
3.70661896e+000	5.74515221e-006	-5.74373591e-006	1.27560837e-007	
3.80679785e+000	5.64408803e-006	-5.64265583e-006	1.27141137e-007	
3.90697674e+000	5.54302445e-006	-5.54157575e-006	1.26721438e-007	
4.00715564e+000	5.45379034e-006	-5.45232746e-006	1.26310349e-007	
4.10733453e+000	5.37151195e-006	-5.37003619e-006	1.25904323e-007	
4.20751342e+000	5.28923399e-006	-5.28774492e-006	1.25498297e-007	
4.30769231e+000	5.20695648e-006	-5.20545366e-006	1.25092271e-007	
4.40787120e+000	5.12944422e-006	-5.12792887e-006	1.24673331e-007	
4.50805009e+000	5.06512227e-006	-5.06359885e-006	1.24218640e-007	
4.60822898e+000	5.00080057e-006	-4.99926883e-006	1.23763949e-007	
4.70840787e+000	4.93647913e-006	-4.93493881e-006	1.23309258e-007	
4.80858676e+000	4.87215796e-006	-4.87060879e-006	1.22854568e-007	
4.90876565e+000	4.75413616e-006	-4.75257176e-006	1.21952237e-007	
5.00894454e+000	4.63021778e-006	-4.62863647e-006	1.21000745e-007	
5.10912343e+000	4.50630054e-006	-4.50470118e-006	1.20049252e-007	
5.20930233e+000	4.38238452e-006	-4.38076589e-006	1.19097760e-007	
5.30948122e+000	4.25717982e-006	-4.25554301e-006	1.18040822e-007	
5.40966011e+000	4.13086258e-006	-4.12920836e-006	1.16892860e-007	
5.50983900e+000	4.00454677e-006	-4.00287371e-006	1.15744897e-007	
5.61001789e+000	3.87823253e-006	-3.87653906e-006	1.14596935e-007	
5.71019678e+000	3.75933135e-006	-3.75761757e-006	1.13500720e-007	
5.81037567e+000	3.67601719e-006	-3.67429063e-006	1.12652974e-007	
5.91055456e+000	3.59270381e-006	-3.59096370e-006	1.11805228e-007	
6.01073345e+000	3.50939129e-006	-3.50763676e-006	1.10957482e-007	
6.11091234e+000	3.42607968e-006	-3.42430983e-006	1.10109737e-007	
6.21109123e+000	3.34573091e-006	-3.34394774e-006	1.09219103e-007	
6.31127013e+000	3.26608667e-006	-3.26429001e-006	1.08318281e-007	
6.41144902e+000	3.18644335e-006	-3.18463228e-006	1.07417459e-007	
6.51162791e+000	3.10680104e-006	-3.10497454e-006	1.06516636e-007	
6.61180680e+000	3.01069231e-006	-3.00884566e-006	1.05432402e-007	
6.71198569e+000	2.89393975e-006	-2.89206616e-006	1.04118216e-007	
6.81216458e+000	2.77719008e-006	-2.77528667e-006	1.02804030e-007	
6.91234347e+000	2.66044368e-006	-2.65850717e-006	1.01489843e-007	
7.01252236e+000	2.54576705e-006	-2.54379432e-006	1.00201360e-007	
7.11270125e+000	2.45505820e-006	-2.45305278e-006	9.92110152e-008	
7.21288014e+000	2.36435227e-006	-2.36231123e-006	9.82206700e-008	
7.31305903e+000	2.27364961e-006	-2.27156968e-006	9.72303248e-008	
7.41323792e+000	2.18295064e-006	-2.18082814e-006	9.62399797e-008	
7.51341682e+000	2.11817308e-006	-2.11600865e-006	9.57319262e-008	
7.61359571e+000	2.06372721e-006	-2.06152025e-006	9.54160883e-008	
7.71377460e+000	2.00928369e-006	-2.00703186e-006	9.51002503e-008	
7.81395349e+000	1.95484273e-006	-1.95254347e-006	9.47844123e-008	
7.91413238e+000	1.90432522e-006	-1.90196597e-006	9.47627895e-008	
8.01431127e+000	1.86107055e-006	-1.85862965e-006	9.52859050e-008	
8.11449016e+000	1.81781992e-006	-1.81529333e-006	9.58090206e-008	
8.21466905e+000	1.77457362e-006	-1.77195701e-006	9.63321362e-008	
8.31484794e+000	1.73133198e-006	-1.72862069e-006	9.68552517e-008	
8.41502683e+000	1.71944677e-006	-1.71658740e-006	9.91205570e-008	
8.51520572e+000	1.70800020e-006	-1.70498701e-006	1.01409959e-007	
8.61538462e+000	1.69655880e-006	-1.69338661e-006	1.03699360e-007	
8.71556351e+000	1.68512270e-006	-1.68178622e-006	1.05988762e-007	
8.81574240e+000	1.68609038e-006	-1.68261720e-006	1.08167093e-007	
8.91592129e+000	1.69459396e-006	-1.69100191e-006	1.10277917e-007	
9.01610018e+000	1.70309898e-006	-1.69938663e-006	1.12388742e-007	
9.11627907e+000	1.71160542e-006	-1.70777134e-006	1.14499566e-007	
9.21645796e+000	1.73231257e-006	-1.72834525e-006	1.17173092e-007	
9.31663685e+000	1.78816214e-006	-1.78403180e-006	1.21467558e-007	
9.41681574e+000	1.84401185e-006	-1.83971836e-006	1.25762024e-007	
9.51699463e+000	1.89986169e-006	-1.89540491e-006	1.30056490e-007	
9.61717352e+000	1.95571165e-006	-1.95109146e-006	1.34350955e-007	
9.71735242e+000	2.07249428e-006	-2.06760432e-006	1.42284622e-007	
9.81753131e+000	2.19655089e-006	-2.19137847e-006	1.50652723e-007	
9.91771020e+000	2.32060752e-006	-2.31515261e-006	1.59020825e-007	
1.00178891e+001	2.44466414e-006	-2.43892676e-006	1.67388926e-007	
1.01180680e+001	2.62927537e-006	-2.62321076e-006	1.78477703e-007	
1.02182469e+001	2.86780036e-006	-2.86136667e-006	1.91988703e-007	
1.03184258e+001	3.10632748e-006	-3.09952259e-006	2.05499703e-007	
1.04186047e+001	3.34485627e-006	-3.33767850e-006	2.19010703e-007	
1.05187835e+001	3.60600494e-006	-3.59844191e-006	2.33425543e-007	
1.06189624e+001	3.98189264e-006	-3.97388355e-006	2.52425225e-007	
1.07191413e+001	4.35778626e-006	-4.34932519e-006	2.71424906e-007	
1.08193202e+001	4.73368441e-006	-4.72476684e-006	2.90424588e-007	
1.09194991e+001	5.10958608e-006	-5.10020848e-006	3.09424270e-007	
1.10196780e+001	5.42756472e-006	-5.41784219e-006	3.24722768e-007	
1.11198569e+001	5.73109519e-006	-5.72105451e-006	3.39097942e-007	
1.12200358e+001	6.03462792e-006	-6.02426683e-006	3.53473116e-007	
1.13202147e+001	6.33816258e-006	-6.32747916e-006	3.67848291e-007	
1.14203936e+001	6.67069766e-006	-6.65971123e-006	3.82692547e-007	
1.15205725e+001	7.04074709e-006	-7.02948087e-006	3.98143569e-007	
1.16207513e+001	7.41080081e-006	-7.39925051e-006	4.13594591e-007	
1.17209302e+001	7.78085819e-006	-7.76902015e-006	4.29045613e-007	
1.18211091e+001	8.19385752e-006	-8.18171889e-006	4.45844228e-007	
1.19212880e+001	9.16297620e-006	-9.15039024e-006	4.80095095e-007	
1.20214669e+001	1.01321251e-005	-1.01190616e-005	5.14345962e-007	
1.21216458e+001	1.11012963e-005	-1.10877329e-005	5.48596829e-007	
1.22218247e+001	1.20704845e-005	-1.20564043e-005	5.82847697e-007	
1.23220036e+001	1.33122806e-005	-1.32978243e-005	6.20227887e-007	
1.24221825e+001	1.46669060e-005	-1.46520981e-005	6.58902927e-007	
1.25223614e+001	1.60215654e-005	-1.60063719e-005	6.97577967e-007	
1.26225403e+001	1.73762507e-005	-1.73606457e-005	7.36253007e-007	
1.27227191e+001	1.87309563e-005	-1.87149195e-005	7.74928047e-007	
1.28228980e+001	2.00856782e-005	-2.00691933e-005	8.13603087e-007	
1.29230769e+001	2.14404132e-005	-2.14234671e-005	8.52278127e-007	
1.30232558e+001	2.27951591e-005	-2.27777409e-005	8.90953166e-007	
1.31234347e+001	2.41499139e-005	-2.41320147e-005	9.29628206e-007	
1.32236136e+001	2.60163764e-005	-2.59983559e-005	9.68157558e-007	
1.33237925e+001	2.78940238e-005	-2.78758525e-005	1.00668361e-006	
1.34239714e+001	2.97717021e-005	-2.97533491e-005	1.04520966e-006	
1.35241503e+001	3.16494057e-005	-3.16308457e-005	1.08373570e-006	
1.36243292e+001	3.35271304e-005	-3.35083423e-005	1.12226175e-006	
1.37245081e+001	3.54048729e-005	-3.53858389e-005	1.16078780e-006	
1.38246869e+001	3.72826303e-005	-3.72633355e-005	1.19931385e-006	
1.39248658e+001	3.91604007e-005	-3.91408321e-005	1.23783990e-006	
1.40250447e+001	4.14261743e-005	-4.14064201e-005	1.27917528e-006	
1.41252236e+001	4.48559453e-005	-4.48362549e-005	1.32893838e-006	
1.42254025e+001	4.82857766e-005	-4.82660896e-005	1.37870148e-006	
1.43255814e+001	5.17156563e-005	-5.16959243e-005	1.42846458e-006	
1.44257603e+001	5.51455752e-005	-5.51257590e-005	1.47822769e-006	
1.45259392e+001	5.99719901e-005	-5.99524525e-005	1.53069933e-006	
1.46261181e+001	6.49787734e-005	-6.49594755e-005	1.58352066e-006	
1.47262970e+001	6.99856309e-005	-6.99664985e-005	1.63634198e-006	
1.48264758e+001	7.49925477e-005	-7.49735216e-005	1.68916330e-006	
1.49266547e+001	8.01981345e-005	-8.01793625e-005	1.73510923e-006	
1.50268336e+001	8.55861607e-005	-8.55677579e-005	1.77474242e-006	
1.51270125e+001	9.09742480e-005	-9.09561534e-005	1.81437561e-006	
1.52271914e+001	9.63623860e-005	-9.63445488e-005	1.85400881e-006	
1.53273703e+001	1.01873252e-004	-1.01855707e-004	1.89063401e-006	
1.54275492e+001	1.08042997e-004	-1.08026094e-004	1.91110749e-006	
1.55277281e+001	1.14212816e-004	-1.14196481e-004	1.93158097e-006	
1.56279070e+001	1.20382696e-004	-1.20366868e-004	1.95205444e-006	
1.57280859e+001	1.26552629e-004	-1.26537256e-004	1.97252792e-006	
1.58282648e+001	1.35342340e-004	-1.35327828e-004	1.98190443e-006	
1.59284436e+001	1.44817443e-004	-1.44803791e-004	1.98837823e-006	
1.60286225e+001	1.54292651e-004	-1.54279755e-004	1.99485203e-006	
1.61288014e+001	1.63767948e-004	-1.63755719e-004	2.00132583e-006	
1.62289803e+001	1.73620243e-004	-1.73608710e-004	2.00116214e-006	
1.63291592e+001	1.83975736e-004	-1.83964950e-004	1.99213946e-006	
1.64293381e+001	1.94331310e-004	-1.94321191e-004	1.98311678e-006	
1.65295170e+001	2.04686951e-004	-2.04677431e-004	1.97409410e-006	
1.66296959e+001	2.15010543e-004	-2.15001570e-004	1.96434029e-006	
1.67298748e+001	2.24864633e-004	-2.24856230e-004	1.94389126e-006	
1.68300537e+001	2.34718772e-004	-2.34710891e-004	1.92344223e-006	
1.69302326e+001	2.44572955e-004	-2.44565551e-004	1.90299320e-006	
1.70304114e+001	2.54427177e-004	-2.54420212e-004	1.88254417e-006	
1.71305903e+001	2.61939766e-004	-2.61933130e-004	1.86451132e-006	
1.72307692e+001	2.68447088e-004	-2.68440731e-004	1.84751584e-006	
1.73309481e+001	2.74954424e-004	-2.74948331e-004	1.83052035e-006	
1.74311270e+001	2.81461774e-004	-2.81455931e-004	1.81352486e-006	
1.75313059e+001	2.89385619e-004	-2.89380063e-004	1.79328884e-006	
1.76314848e+001	3.00117305e-004	-3.00112105e-004	1.76662929e-006	
1.77316637e+001	3.10849017e-004	-3.10844147e-004	1.73996974e-006	
1.78318426e+001	3.21580753e-004	-3.21576189e-004	1.71331019e-006	
1.79320215e+001	3.32312512e-004	-3.32308232e-004	1.68665064e-006	
1.80322004e+001	3.46827062e-004	-3.46823107e-004	1.65611281e-006	
1.81323792e+001	3.61454714e-004	-3.61451059e-004	1.62545906e-006	
1.82325581e+001	3.76082392e-004	-3.76079011e-004	1.59480531e-006	
1.83327370e+001	3.90710093e-004	-3.90706962e-004	1.56415155e-006	
1.84329159e+001	4.02186603e-004	-4.02183630e-004	1.54623948e-006	
1.85330948e+001	4.11619859e-004	-4.11616990e-004	1.53658927e-006	
1.86332737e+001	4.21053119e-004	-4.21050351e-004	1.52693906e-006	
1.87334526e+001	4.30486385e-004	-4.30483711e-004	1.51728885e-006	
1.88336315e+001	4.39919655e-004	-4.39917071e-004	1.50763864e-006	
1.89338104e+001	4.49352928e-004	-4.49350431e-004	1.49798843e-006	
1.90339893e+001	4.58786206e-004	-4.58783792e-004	1.48833822e-006	
1.91341682e+001	4.68219487e-004	-4.68217152e-004	1.47868801e-006	
1.92343470e+001	4.77652771e-004	-4.77650512e-004	1.46903780e-006	
1.93345259e+001	4.88894772e-004	-4.88892564e-004	1.46926282e-006	
1.94347048e+001	5.00388153e-004	-5.00385991e-004	1.47086033e-006	
1.95348837e+001	5.11881536e-004	-5.11879418e-004	1.47245785e-006	
1.96350626e+001	5.23374921e-004	-5.23372845e-004	1.47405536e-006	
1.97352415e+001	5.33629498e-004	-5.33627448e-004	1.47941706e-006	
1.98354204e+001	5.42711045e-004	-5.42709005e-004	1.48834300e-006	
1.99355993e+001	5.51792593e-004	-5.51790561e-004	1.49726894e-006	
2.00357782e+001	5.60874141e-004	-5.60872118e-004	1.50619489e-006	
2.01359571e+001	5.69647839e-004	-5.69645823e-004	1.51554563e-006	
2.02361360e+001	5.76667486e-004	-5.76665463e-004	1.52731671e-006	
2.03363148e+001	5.83687132e-004	-5.83685103e-004	1.53908778e-006	
2.04364937e+001	5.90706779e-004	-5.90704743e-004	1.55085885e-006	
2.05366726e+001	5.97726425e-004	-5.97724383e-004	1.56262993e-006	
2.06368515e+001	6.02345342e-004	-6.02343292e-004	1.57144976e-006	
2.07370304e+001	6.06306605e-004	-6.06304548e-004	1.57946111e-006	
2.08372093e+001	6.10267869e-004	-6.10265804e-004	1.58747246e-006	
2.09373882e+001	6.14229133e-004	-6.14227061e-004	1.59548381e-006	
2.10375671e+001	6.17316422e-004	-6.17314347e-004	1.60075093e-006	
2.11377460e+001	6.19199934e-004	-6.19197861e-004	1.60223827e-006	
2.12379249e+001	6.21083446e-004	-6.21081375e-004	1.60372560e-006	
2.13381038e+001	6.22966958e-004	-6.22964890e-004	1.60521293e-006	
2.14382826e+001	6.24740148e-004	-6.24738083e-004	1.60619143e-006	
2.15384615e+001	6.24663917e-004	-6.24661872e-004	1.59864005e-006	
2.16386404e+001	6.24587687e-004	-6.24585660e-004	1.59108867e-006	
2.17388193e+001	6.24511456e-004	-6.24509448e-004	1.58353728e-006	
2.18389982e+001	6.24435226e-004	-6.24433237e-004	1.57598590e-006	
2.19391771e+001	6.22353535e-004	-6.22351576e-004	1.56168978e-006	
2.20393560e+001	6.19379091e-004	-6.19377165e-004	1.54439115e-006	
2.21395349e+001	6.16404647e-004	-6.16402755e-004	1.52709251e-006	
2.22397138e+001	6.13430203e-004	-6.13428345e-004	1.50979388e-006	
2.23398927e+001	6.09518986e-004	-6.09517165e-004	1.49015977e-006	
2.24400716e+001	6.03685262e-004	-6.03683482e-004	1.46573267e-006	
2.25402504e+001	5.97851537e-004	-5.97849800e-004	1.44130557e-006	
2.26404293e+001	5.92017813e-004	-5.92016118e-004	1.41687846e-006	
2.27406082e+001	5.86184089e-004	-5.86182435e-004	1.39245136e-006	
2.28407871e+001	5.79721119e-004	-5.79719495e-004	1.37233963e-006	
2.29409660e+001	5.73234182e-004	-5.73232586e-004	1.35239241e-006	
2.30411449e+001	5.66747245e-004	-5.66745678e-004	1.33244520e-006	
2.31413238e+001	5.60260307e-004	-5.60258770e-004	1.31249798e-006	
2.32415027e+001	5.53773370e-004	-5.53771862e-004	1.29255077e-006	
2.33416816e+001	5.47286433e-004	-5.47284954e-004	1.27260355e-006	
2.34418605e+001	5.40799496e-004	-5.40798045e-004	1.25265633e-006	
2.35420394e+001	5.34312559e-004	-5.34311137e-004	1.23270912e-006	
2.36422182e+001	5.26731748e-004	-5.26730351e-004	1.21315354e-006	
2.37423971e+001	5.15582663e-004	-5.15581279e-004	1.19487575e-006	
2.38425760e+001	5.04433579e-004	-5.04432207e-004	1.17659796e-006	
2.39427549e+001	4.93284495e-004	-4.93283135e-004	1.15832016e-006	
2.40429338e+001	4.82135411e-004	-4.82134063e-004	1.14004237e-006	
2.41431127e+001	4.69573053e-004	-4.69571699e-004	1.12766524e-006	
2.42432916e+001	4.56800026e-004	-4.56798663e-004	1.11616756e-006	
2.43434705e+001	4.44027000e-004	-4.44025626e-004	1.10466988e-006	
2.44436494e+001	4.31253975e-004	-4.31252589e-004	1.09317219e-006	
2.45438283e+001	4.19261211e-004	-4.19259798e-004	1.08854594e-006	
2.46440072e+001	4.08030339e-004	-4.08028881e-004	1.09062943e-006	
2.47441860e+001	3.96799469e-004	-3.96797965e-004	1.09271293e-006	
2.48443649e+001	3.85568602e-004	-3.85567048e-004	1.09479643e-006	
2.49445438e+001	3.74372741e-004	-3.74371130e-004	1.09826545e-006	
2.50447227e+001	3.63389101e-004	-3.63387405e-004	1.11013250e-006	
2.51449016e+001	3.52405466e-004	-3.52403680e-004	1.12199956e-006	
2.52450805e+001	3.41421838e-004	-3.41419955e-004	1.13386661e-006	
2.53452594e+001	3.30438217e-004	-3.30436231e-004	1.14573367e-006	
2.54454383e+001	3.19321376e-004	-3.19319262e-004	1.16181110e-006	
2.55456172e+001	3.08166345e-004	-3.08164089e-004	1.17909500e-006	
2.56457961e+001	2.97011326e-004	-2.97008917e-004	1.19637891e-006	
2.57459750e+001	2.85856321e-004	-2.85853744e-004	1.21366281e-006	
2.58461538e+001	2.76117464e-004	-2.76114724e-004	1.22998268e-006	
2.59463327e+001	2.68391865e-004	-2.68388978e-004	1.24493196e-006	
2.60465116e+001	2.60666276e-004	-2.60663231e-004	1.25988124e-006	
2.61466905e+001	2.52940697e-004	-2.52937484e-004	1.27483052e-006	
2.62468694e+001	2.45291011e-004	-2.45287621e-004	1.28969694e-006	
2.63470483e+001	2.39126535e-004	-2.39122985e-004	1.30294163e-006	
2.64472272e+001	2.32962068e-004	-2.32958350e-004	1.31618632e-006	
2.65474061e+001	2.26797610e-004	-2.26793714e-004	1.32943101e-006	
2.66475850e+001	2.20633164e-004	-2.20629078e-004	1.34267570e-006	
2.67477639e+001	2.12775373e-004	-2.12771035e-004	1.35877755e-006	
2.68479428e+001	2.04136313e-004	-2.04131674e-004	1.37619765e-006	
2.69481216e+001	1.95497281e-004	-1.95492314e-004	1.39361775e-006	
2.70483005e+001	1.86858281e-004	-1.86852954e-004	1.41103784e-006	
2.71484794e+001	1.78624259e-004	-1.78618560e-004	1.42679037e-006	
2.72486583e+001	1.71251019e-004	-1.71244973e-004	1.43899828e-006	
2.73488372e+001	1.63877811e-004	-1.63871386e-004	1.45120620e-006	
2.74490161e+001	1.56504641e-004	-1.56497799e-004	1.46341412e-006	
2.75491950e+001	1.49131512e-004	-1.49124211e-004	1.47562203e-006	
2.76493739e+001	1.42255996e-004	-1.42248266e-004	1.48298184e-006	
2.77495528e+001	1.35403636e-004	-1.35395436e-004	1.49011643e-006	
2.78497317e+001	1.28582916e-004	-1.28574223e-004	1.49514683e-006	
2.79499106e+001	1.22662801e-004	-1.22653658e-004	1.49761448e-006	
2.80500894e+001	1.17037887e-004	-1.17028303e-004	1.49770425e-006	
2.81502683e+001	1.12656562e-004	-1.12646627e-004	1.49606711e-006	
2.82504472e+001	1.08867945e-004	-1.08857700e-004	1.49347342e-006	
2.83506261e+001	1.04423298e-004	-1.04412682e-004	1.48889783e-006	
2.84508050e+001	9.97531181e-005	-9.97421067e-005	1.48213805e-006	
2.85509839e+001	9.55132245e-005	-9.55018643e-005	1.47308477e-006	
2.86511628e+001	9.12733643e-005	-9.12616219e-005	1.46403148e-006	
2.87513417e+001	8.70563956e-005	-8.70442959e-005	1.45140464e-006	
2.88515206e+001	8.28431167e-005	-8.28306317e-005	1.43820679e-006	
2.89516995e+001	7.93268286e-005	-7.93140629e-005	1.42308062e-006	
2.90518784e+001	7.61384464e-005	-7.61254441e-005	1.40704721e-006	
2.91520572e+001	7.29500884e-005	-7.29368252e-005	1.39101380e-006	
2.92522361e+001	6.97617579e-005	-6.97482064e-005	1.37498039e-006	
2.93524150e+001	6.68745716e-005	-6.68607638e-005	1.35889669e-006	
2.94525939e+001	6.46400096e-005	-6.46260628e-005	1.34270400e-006	
2.95527728e+001	6.24054618e-005	-6.23913618e-005	1.32651132e-006	
2.96529517e+001	6.01709297e-005	-6.01566608e-005	1.31031863e-006	
2.97531306e+001	5.79364151e-005	-5.79219598e-005	1.29412595e-006	
2.98533095e+001	5.64403326e-005	-5.64258695e-005	1.27765224e-006	
2.99534884e+001	5.49819867e-005	-5.49675206e-005	1.26116421e-006	
3.00536673e+001	5.35236460e-005	-5.35091718e-005	1.24467618e-006	
3.01538462e+001	5.20653110e-005	-5.20508229e-005	1.22818814e-006	
3.02540250e+001	5.05870020e-005	-5.05725768e-005	1.20799511e-006	
3.03542039e+001	4.90946449e-005	-4.90803369e-005	1.18519596e-006	
3.04543828e+001	4.76022914e-005	-4.75880971e-005	1.16239681e-006	
3.05545617e+001	4.61099418e-005	-4.60958572e-005	1.13959766e-006	
3.06547406e+001	4.47154055e-005	-4.47014469e-005	1.11719919e-006	
3.07549195e+001	4.36622244e-005	-4.36484615e-005	1.09619916e-006	
3.08550984e+001	4.26090440e-005	-4.25954760e-005	1.07519914e-006	
3.09552773e+001	4.15558643e-005	-4.15424905e-005	1.05419911e-006	
3.10554562e+001	4.05026853e-005	-4.04895050e-005	1.03319908e-006	
3.11556351e+001	3.94495072e-005	-3.94365196e-005	1.01219905e-006	
3.12558140e+001	3.83963301e-005	-3.83835341e-005	9.91199026e-007	
3.13559928e+001	3.73431539e-005	-3.73305486e-005	9.70198999e-007	
3.14561717e+001	3.62899789e-005	-3.62775631e-005	9.49198971e-007	
3.15563506e+001	3.54197420e-005	-3.54075415e-005	9.29584840e-007	
3.16565295e+001	3.47368467e-005	-3.47248886e-005	9.11389987e-007	
3.17567084e+001	3.40539514e-005	-3.40422357e-005	8.93195133e-007	
3.18568873e+001	3.33710562e-005	-3.33595828e-005	8.75000279e-007	
3.19570662e+001	3.26881609e-005	-3.26769299e-005	8.56805425e-007	
3.20572451e+001	3.20052657e-005	-3.19942770e-005	8.38610572e-007	
3.21574240e+001	3.13223704e-005	-3.13116242e-005	8.20415718e-007	
3.22576029e+001	3.06394752e-005	-3.06289713e-005	8.02220864e-007	
3.23577818e+001	2.99565799e-005	-2.99463184e-005	7.84026011e-007	
3.24579606e+001	2.93833313e-005	-2.93733257e-005	7.66742008e-007	
3.25581395e+001	2.88436935e-005	-2.88339478e-005	7.49737222e-007	
3.26583184e+001	2.83040560e-005	-2.82945700e-005	7.32732436e-007	
3.27584973e+001	2.77644188e-005	-2.77551921e-005	7.15727651e-007	
3.28586762e+001	2.72247820e-005	-2.72158142e-005	6.98722865e-007	
3.29588551e+001	2.66851455e-005	-2.66764363e-005	6.81718079e-007	
3.30590340e+001	2.61455095e-005	-2.61370584e-005	6.64713294e-007	
3.31592129e+001	2.56058738e-005	-2.55976805e-005	6.47708508e-007	
3.32593918e+001	2.50684546e-005	-2.50605181e-005	6.30754241e-007	
3.33595707e+001	2.45891516e-005	-2.45814564e-005	6.15124732e-007	
3.34597496e+001	2.41098491e-005	-2.41023947e-005	5.99495223e-007	
3.35599284e+001	2.36305471e-005	-2.36233329e-005	5.83865714e-007	
3.36601073e+001	2.31512458e-005	-2.31442712e-005	5.68236205e-007	
3.37602862e+001	2.27459142e-005	-2.27391360e-005	5.55256406e-007	
3.38604651e+001	2.23766255e-005	-2.23700224e-005	5.43567720e-007	
3.39606440e+001	2.20073371e-005	-2.20009089e-005	5.31879034e-007	
3.40608229e+001	2.16380491e-005	-2.16317954e-005	5.20190347e-007	
3.41610018e+001	2.12829874e-005	-2.12768978e-005	5.09089128e-007	
3.42611807e+001	2.09598838e-005	-2.09539357e-005	4.99307609e-007	
3.43613596e+001	2.06367803e-005	-2.06309735e-005	4.89526091e-007	
3.44615385e+001	2.03136771e-005	-2.03080113e-005	4.79744572e-007	
3.45617174e+001	1.99905741e-005	-1.99850491e-005	4.69963054e-007	
3.46618962e+001	1.96292344e-005	-1.96238458e-005	4.59908087e-007	
3.47620751e+001	1.92656138e-005	-1.92603614e-005	4.49836815e-007	
3.48622540e+001	1.89019934e-005	-1.88968770e-005	4.39765543e-007	
3.49624329e+001	1.85383731e-005	-1.85333926e-005	4.29694271e-007	
3.50626118e+001	1.82475384e-005	-1.82426643e-005	4.21729415e-007	
3.51627907e+001	1.80095480e-005	-1.80047591e-005	4.15293878e-007	
3.52629696e+001	1.77715577e-005	-1.77668539e-005	4.08858341e-007	
3.53631485e+001	1.75335674e-005	-1.75289487e-005	4.02422804e-007	
3.54633274e+001	1.72930385e-005	-1.72885016e-005	3.96095911e-007	
3.55635063e+001	1.70432420e-005	-1.70387754e-005	3.90165618e-007	
3.56636852e+001	1.67934454e-005	-1.67890492e-005	3.84235326e-007	
3.57638640e+001	1.65436489e-005	-1.65393229e-005	3.78305034e-007	
3.58640429e+001	1.62938524e-005	-1.62895967e-005	3.72374742e-007	
3.59642218e+001	1.59835236e-005	-1.59793432e-005	3.65534880e-007	
3.60644007e+001	1.56625711e-005	-1.56584669e-005	3.58535388e-007	
3.61645796e+001	1.53416186e-005	-1.53375906e-005	3.51535896e-007	
3.62647585e+001	1.50206661e-005	-1.50167142e-005	3.44536404e-007	
3.63649374e+001	1.47035070e-005	-1.46996208e-005	3.38035664e-007	
3.64651163e+001	1.43903536e-005	-1.43865219e-005	3.32061638e-007	
3.65652952e+001	1.40772003e-005	-1.40734230e-005	3.26087612e-007	
3.66654741e+001	1.37640472e-005	-1.37603242e-005	3.20113586e-007	
3.67656530e+001	1.34509097e-005	-1.34472392e-005	3.14212374e-007	
3.68658318e+001	1.31378841e-005	-1.31342537e-005	3.08835059e-007	
3.69660107e+001	1.28248588e-005	-1.28212681e-005	3.03457743e-007	
3.70661896e+001	1.25118338e-005	-1.25082826e-005	2.98080428e-007	
3.71663685e+001	1.21988092e-005	-1.21952971e-005	2.92703112e-007	
3.72665474e+001	1.18918393e-005	-1.18883562e-005	2.87800395e-007	
3.73667263e+001	1.15868058e-005	-1.15833481e-005	2.83049449e-007	
3.74669052e+001	1.12817730e-005	-1.12783400e-005	2.78298504e-007	
3.75670841e+001	1.09767409e-005	-1.09733319e-005	2.73547559e-007	
3.76672630e+001	1.06823939e-005	-1.06790043e-005	2.69082402e-007	
3.77674419e+001	1.04045252e-005	-1.04011484e-005	2.65057994e-007	
3.78676208e+001	1.01266574e-005	-1.01232925e-005	2.61033587e-007	
3.79677996e+001	9.84879053e-006	-9.84543657e-006	2.57009179e-007	
3.80679785e+001	9.57231268e-006	-9.56896845e-006	2.53007673e-007	
3.81681574e+001	9.34227782e-006	-9.33893830e-006	2.49772477e-007	
3.82683363e+001	9.11224388e-006	-9.10890816e-006	2.46537281e-007	
3.83685152e+001	8.88221091e-006	-8.87887801e-006	2.43302086e-007	
3.84686941e+001	8.65217901e-006	-8.64884787e-006	2.40066890e-007	
3.85688730e+001	8.42691847e-006	-8.42359057e-006	2.36805250e-007	
3.86690519e+001	8.20406609e-006	-8.20074168e-006	2.33530277e-007	
3.87692308e+001	7.98121486e-006	-7.97789278e-006	2.30255303e-007	
3.88694097e+001	7.75836488e-006	-7.75504388e-006	2.26980330e-007	
3.89695886e+001	7.53551626e-006	-7.53219498e-006	2.23705357e-007	
3.90697674e+001	7.31266912e-006	-7.30934608e-006	2.20430383e-007	
3.91699463e+001	7.08982361e-006	-7.08649718e-006	2.17155410e-007	
3.92701252e+001	6.86697988e-006	-6.86364828e-006	2.13880436e-007	
3.93703041e+001	6.64413810e-006	-6.64079939e-006	2.10605463e-007	
3.94704830e+001	6.35067050e-006	-6.34734055e-006	2.05629932e-007	
3.95706619e+001	6.05237818e-006	-6.04905498e-006	2.00538152e-007	
3.96708408e+001	5.75408968e-006	-5.75076940e-006	1.95446371e-007	
3.97710197e+001	5.45580560e-006	-5.45248383e-006	1.90354591e-007	
3.98711986e+001	5.17974132e-006	-5.17642934e-006	1.85200976e-007	
3.99713775e+001	4.92032411e-006	-4.91703050e-006	1.80001019e-007	
4.00715564e+001	4.66091066e-006	-4.65763167e-006	1.74801062e-007	
4.01717352e+001	4.40150163e-006	-4.39823283e-006	1.69601105e-007	
4.02719141e+001	4.14960961e-006	-4.14635287e-006	1.64370873e-007	
4.03720930e+001	3.92643765e-006	-3.92321599e-006	1.59024874e-007	
4.04722719e+001	3.70326917e-006	-3.70007910e-006	1.53678875e-007	
4.05724508e+001	3.48010486e-006	-3.47694222e-006	1.48332877e-007	
4.06726297e+001	3.25694557e-006	-3.25380534e-006	1.42986878e-007	
4.07728086e+001	3.11065789e-006	-3.10754021e-006	1.39234930e-007	
4.08729875e+001	2.97868749e-006	-2.97559121e-006	1.35779852e-007	
4.09731664e+001	2.84671931e-006	-2.84364220e-006	1.32324774e-007	
4.10733453e+001	2.71475366e-006	-2.71169320e-006	1.28869695e-007	
4.11735242e+001	2.59875735e-006	-2.59572413e-006	1.25523023e-007	
4.12737030e+001	2.50015185e-006	-2.49715905e-006	1.22294416e-007	
4.13738819e+001	2.40154736e-006	-2.39859398e-006	1.19065809e-007	
4.14740608e+001	2.30294403e-006	-2.30002890e-006	1.15837203e-007	
4.15742397e+001	2.19899813e-006	-2.19612470e-006	1.12379261e-007	
4.16744186e+001	2.05366199e-006	-2.05086507e-006	1.07144920e-007	
4.17745975e+001	1.90832856e-006	-1.90560545e-006	1.01910578e-007	
4.18747764e+001	1.76299850e-006	-1.76034582e-006	9.66762361e-008	
4.19749553e+001	1.61767272e-006	-1.61508620e-006	9.14418943e-008	
4.20751342e+001	1.49557601e-006	-1.49306767e-006	8.65825225e-008	
4.21753131e+001	1.38122264e-006	-1.37879544e-006	8.18481138e-008	
4.22754919e+001	1.26687232e-006	-1.26452322e-006	7.71137052e-008	
4.23756708e+001	1.15252596e-006	-1.15025099e-006	7.23792965e-008	
4.24758497e+001	1.06225018e-006	-1.06003570e-006	6.85548354e-008	
4.25760286e+001	1.01031177e-006	-1.00814190e-006	6.61798816e-008	
4.26762075e+001	9.58374411e-007	-9.56248107e-007	6.38049278e-008	
4.27763864e+001	9.06438283e-007	-9.04354311e-007	6.14299739e-008	
4.28765653e+001	8.54820238e-007	-8.52777238e-007	5.90645535e-008	
4.29767442e+001	8.17731502e-007	-8.15732935e-007	5.71365701e-008	
4.30769231e+001	7.80643308e-007	-7.78688632e-007	5.52085867e-008	
4.31771020e+001	7.43555737e-007	-7.41644330e-007	5.32806033e-008	
4.32772809e+001	7.06468888e-007	-7.04600027e-007	5.13526198e-008	
4.33774597e+001	6.62660956e-007	-6.60851066e-007	4.89429284e-008	
4.34776386e+001	6.15344925e-007	-6.13601968e-007	4.62817582e-008	
4.35778175e+001	5.68030219e-007	-5.66352870e-007	4.36205880e-008	
4.36779964e+001	5.20717198e-007	-5.19103773e-007	4.09594179e-008	
4.37781753e+001	4.77442602e-007	-4.75891378e-007	3.84556248e-008	
4.38783542e+001	4.43924331e-007	-4.42435062e-007	3.63321821e-008	
4.39785331e+001	4.10406935e-007	-4.08978746e-007	3.42087394e-008	
4.40787120e+001	3.76890649e-007	-3.75522430e-007	3.20852966e-008	
4.41788909e+001	3.43375799e-007	-3.42066114e-007	2.99618539e-008	
4.42790698e+001	3.23400321e-007	-3.22140845e-007	2.85139142e-008	
4.43792487e+001	3.04470343e-007	-3.03260279e-007	2.71181283e-008	
4.44794275e+001	2.85540645e-007	-2.84379712e-007	2.57223425e-008	
4.45796064e+001	2.66611286e-007	-2.65499146e-007	2.43265567e-008	
4.46797853e+001	2.52063114e-007	-2.50995763e-007	2.31719774e-008	
4.47799642e+001	2.40901769e-007	-2.39876323e-007	2.22038721e-008	
4.48801431e+001	2.29740438e-007	-2.28756882e-007	2.12357668e-008	
4.49803220e+001	2.18579126e-007	-2.17637442e-007	2.02676615e-008	
4.50805009e+001	2.08434465e-007	-2.07533602e-007	1.93579516e-008	
4.51806798e+001	2.02365249e-007	-2.01501029e-007	1.86823343e-008	
4.52808587e+001	1.96296100e-007	-1.95468455e-007	1.80067170e-008	
4.53810376e+001	1.90227023e-007	-1.89435882e-007	1.73310997e-008	
4.54812165e+001	1.84158027e-007	-1.83403309e-007	1.66554824e-008	
4.55813953e+001	1.83055443e-007	-1.82329345e-007	1.62881960e-008	
4.56815742e+001	1.82932441e-007	-1.82232991e-007	1.59816988e-008	
4.57817531e+001	1.82809920e-007	-1.82136638e-007	1.56752017e-008	
4.58819320e+001	1.82687882e-007	-1.82040284e-007	1.53687045e-008	
4.59821109e+001	1.82566328e-007	-1.81943931e-007	1.50622074e-008	
4.60822898e+001	1.82445258e-007	-1.81847577e-007	1.47557102e-008	
4.61824687e+001	1.82324674e-007	-1.81751223e-007	1.44492131e-008	
4.62826476e+001	1.82204578e-007	-1.81654870e-007	1.41427160e-008	
4.63828265e+001	1.82829959e-007	-1.82303170e-007	1.38689629e-008	
4.64830054e+001	1.89696740e-007	-1.89189034e-007	1.38694849e-008	
4.65831843e+001	1.96564857e-007	-1.96074898e-007	1.38700070e-008	
4.66833631e+001	2.03434173e-007	-2.02960763e-007	1.38705291e-008	
4.67835420e+001	2.10304572e-007	-2.09846627e-007	1.38710511e-008	
4.68837209e+001	2.22743204e-007	-2.22296977e-007	1.40921475e-008	
4.69838998e+001	2.37116057e-007	-2.36679019e-007	1.43898147e-008	
4.70840787e+001	2.51490314e-007	-2.51061060e-007	1.46874819e-008	
4.71842576e+001	2.65865746e-007	-2.65443102e-007	1.49851490e-008	
4.72844365e+001	2.79019608e-007	-2.78601506e-007	1.52690029e-008	
4.73846154e+001	2.90162029e-007	-2.89746127e-007	1.55301221e-008	
4.74847943e+001	3.01304839e-007	-3.00890749e-007	1.57912412e-008	
4.75849732e+001	3.12447997e-007	-3.12035371e-007	1.60523604e-008	
4.76851521e+001	3.23624999e-007	-3.23213521e-007	1.63143969e-008	
4.77853309e+001	3.37227078e-007	-3.36816152e-007	1.66427683e-008	
4.78855098e+001	3.50829507e-007	-3.50418783e-007	1.69711396e-008	
4.79856887e+001	3.64432246e-007	-3.64021413e-007	1.72995110e-008	
4.80858676e+001	3.78035264e-007	-3.77624044e-007	1.76278823e-008	
4.81860465e+001	3.99116112e-007	-3.98704715e-007	1.81168606e-008	
4.82862254e+001	4.24236260e-007	-4.23824246e-007	1.86925817e-008	
4.83864043e+001	4.49357077e-007	-4.48943777e-007	1.92683028e-008	
4.84865832e+001	4.74478456e-007	-4.74063307e-007	1.98440238e-008	
4.85867621e+001	5.00763175e-007	-5.00346352e-007	2.04275703e-008	
4.86869410e+001	5.29966309e-007	-5.29548861e-007	2.10307528e-008	
4.87871199e+001	5.59170029e-007	-5.58751371e-007	2.16339354e-008	
4.88872987e+001	5.88374247e-007	-5.87953880e-007	2.22371180e-008	
4.89874776e+001	6.17578893e-007	-6.17156390e-007	2.28403005e-008	
4.90876565e+001	6.55268532e-007	-6.54846116e-007	2.35247409e-008	
4.91878354e+001	6.93690415e-007	-6.93267602e-007	2.42161883e-008	
4.92880143e+001	7.32112909e-007	-7.31689088e-007	2.49076357e-008	
4.93881932e+001	7.70535923e-007	-7.70110574e-007	2.55990830e-008	
4.94883721e+001	8.01555414e-007	-8.01129007e-007	2.61418294e-008	
4.95885510e+001	8.26669804e-007	-8.26242830e-007	2.65659734e-008	
4.96887299e+001	8.51784372e-007	-8.51356652e-007	2.69901175e-008	
4.97889088e+001	8.76899102e-007	-8.76470475e-007	2.74142615e-008	
4.98890877e+001	9.02376717e-007	-9.01947526e-007	2.78280229e-008	
4.99892665e+001	9.29381390e-007	-9.28953517e-007	2.81980812e-008	
5.00894454e+001	9.56386282e-007	-9.55959508e-007	2.85681394e-008	
5.01896243e+001	9.83391373e-007	-9.82965499e-007	2.89381977e-008	
5.02898032e+001	1.01039665e-006	-1.00997149e-006	2.93082560e-008	
5.03899821e+001	1.04413033e-006	-1.04370685e-006	2.97350607e-008	
5.04901610e+001	1.07926556e-006	-1.07884369e-006	3.01736831e-008	
5.05903399e+001	1.11440107e-006	-1.11398054e-006	3.06123054e-008	
5.06905188e+001	1.14953683e-006	-1.14911738e-006	3.10509278e-008	
5.07906977e+001	1.18077069e-006	-1.18035258e-006	3.14196585e-008	
5.08908766e+001	1.20748430e-006	-1.20706793e-006	3.17074228e-008	
5.09910555e+001	1.23419807e-006	-1.23378328e-006	3.19951872e-008	
5.10912343e+001	1.26091196e-006	-1.26049862e-006	3.22829515e-008	
5.11914132e+001	1.28741050e-006	-1.28699858e-006	3.25646174e-008	
5.12915921e+001	1.31194707e-006	-1.31153723e-006	3.27907536e-008	
5.13917710e+001	1.33648377e-006	-1.33607587e-006	3.30168899e-008	
5.14919499e+001	1.36102057e-006	-1.36061452e-006	3.32430261e-008	
5.15921288e+001	1.38555747e-006	-1.38515317e-006	3.34691624e-008	
5.16923077e+001	1.40776076e-006	-1.40735860e-006	3.36467599e-008	
5.17924866e+001	1.42912106e-006	-1.42872115e-006	3.38068228e-008	
5.18926655e+001	1.45048146e-006	-1.45008369e-006	3.39668857e-008	
5.19928444e+001	1.47184193e-006	-1.47144623e-006	3.41269486e-008	
5.20930233e+001	1.49320248e-006	-1.49280877e-006	3.42870115e-008	
5.21932021e+001	1.51456310e-006	-1.51417132e-006	3.44470744e-008	
5.22933810e+001	1.53592379e-006	-1.53553386e-006	3.46071373e-008	
5.23935599e+001	1.55728455e-006	-1.55689640e-006	3.47672002e-008	
5.24937388e+001	1.57861970e-006	-1.57823327e-006	3.49269296e-008	
5.25939177e+001	1.59566381e-006	-1.59527923e-006	3.50309779e-008	
5.26940966e+001	1.61270797e-006	-1.61232519e-006	3.51350261e-008	
5.27942755e+001	1.62975217e-006	-1.62937115e-006	3.52390744e-008	
5.28944544e+001	1.64679642e-006	-1.64641712e-006	3.53431226e-008	
5.29946333e+001	1.66068362e-006	-1.66030589e-006	3.54180568e-008	
5.30948122e+001	1.67280740e-006	-1.67243117e-006	3.54767288e-008	
5.31949911e+001	1.68493121e-006	-1.68455645e-006	3.55354009e-008	
5.32951699e+001	1.69705504e-006	-1.69668172e-006	3.55940729e-008	
5.33953488e+001	1.71048414e-006	-1.71011246e-006	3.56565038e-008	
5.34955277e+001	1.72731537e-006	-1.72694582e-006	3.57287322e-008	
5.35957066e+001	1.74414665e-006	-1.74377918e-006	3.58009606e-008	
5.36958855e+001	1.76097797e-006	-1.76061254e-006	3.58731890e-008	
5.37960644e+001	1.77780933e-006	-1.77744590e-006	3.59454173e-008	
5.38962433e+001	1.78834988e-006	-1.78798781e-006	3.59842817e-008	
5.39964222e+001	1.79829060e-006	-1.79792982e-006	3.60199647e-008	
5.40966011e+001	1.80823134e-006	-1.80787184e-006	3.60556477e-008	
5.41967800e+001	1.81817210e-006	-1.81781385e-006	3.60913308e-008	
5.42969589e+001	1.82513729e-006	-1.82477995e-006	3.61146140e-008	
5.43971377e+001	1.82965420e-006	-1.82929748e-006	3.61276948e-008	
5.44973166e+001	1.83417111e-006	-1.83381502e-006	3.61407756e-008	
5.45974955e+001	1.83868803e-006	-1.83833255e-006	3.61538564e-008	
5.46976744e+001	1.84348283e-006	-1.84312801e-006	3.61674408e-008	
5.47978533e+001	1.84950754e-006	-1.84915357e-006	3.61832542e-008	
5.48980322e+001	1.85553226e-006	-1.85517912e-006	3.61990675e-008	
5.49982111e+001	1.86155698e-006	-1.86120468e-006	3.62148809e-008	
5.50983900e+001	1.86758171e-006	-1.86723024e-006	3.62306942e-008	
5.51985689e+001	1.87204243e-006	-1.87169159e-006	3.62413928e-008	
5.52987478e+001	1.87615970e-006	-1.87580945e-006	3.62509682e-008	
5.53989267e+001	1.88027697e-006	-1.87992730e-006	3.62605436e-008	
5.54991055e+001	1.88439425e-006	-1.88404516e-006	3.62701190e-008	
5.55992844e+001	1.88756561e-006	-1.88721697e-006	3.62772819e-008	
5.56994633e+001	1.88960671e-006	-1.88925836e-006	3.62815623e-008	
5.57996422e+001	1.89139682e-006	-1.89104874e-006	3.62853158e-008	
5.58998211e+001	1.89242976e-006	-1.89208182e-006	3.62874800e-008	
5.60000000e+001	1.89278427e-006	-1.89243638e-006	3.62882195e-008	
