% Column 0: Length, cm
% Column 1: |B.t|, Tesla
% Column 2: Re[B.t], Tesla
% Column 3: Im[B.t], Tesla
0.00000000e+000	6.94661694e-007	-6.94612284e-007	8.28512899e-009	
1.00178891e-001	6.94713375e-007	-6.94663948e-007	8.28694626e-009	
2.00357782e-001	6.94863055e-007	-6.94813575e-007	8.29220974e-009	
3.00536673e-001	6.95078746e-007	-6.95029191e-007	8.29981169e-009	
4.00715564e-001	6.95318095e-007	-6.95268456e-007	8.30825374e-009	
5.00894454e-001	6.95609861e-007	-6.95560119e-007	8.31857723e-009	
6.01073345e-001	6.95955264e-007	-6.95905401e-007	8.33082595e-009	
7.01252236e-001	6.96300668e-007	-6.96250682e-007	8.34307468e-009	
8.01431127e-001	6.96646071e-007	-6.96595964e-007	8.35532340e-009	
9.01610018e-001	6.97063627e-007	-6.97013371e-007	8.37020698e-009	
1.00178891e+000	6.97957602e-007	-6.97907022e-007	8.40248845e-009	
1.10196780e+000	6.98851577e-007	-6.98800674e-007	8.43476993e-009	
1.20214669e+000	6.99745553e-007	-6.99694325e-007	8.46705141e-009	
1.30232558e+000	7.00639530e-007	-7.00587976e-007	8.49933288e-009	
1.40250447e+000	7.01870670e-007	-7.01818652e-007	8.54500700e-009	
1.50268336e+000	7.03203206e-007	-7.03150681e-007	8.59470867e-009	
1.60286225e+000	7.04535743e-007	-7.04482709e-007	8.64441035e-009	
1.70304114e+000	7.05868282e-007	-7.05814738e-007	8.69411202e-009	
1.80322004e+000	7.07355972e-007	-7.07301842e-007	8.75072255e-009	
1.90339893e+000	7.09070577e-007	-7.09015752e-007	8.81743762e-009	
2.00357782e+000	7.10785185e-007	-7.10729662e-007	8.88415270e-009	
2.10375671e+000	7.12499797e-007	-7.12443571e-007	8.95086777e-009	
2.20393560e+000	7.14193638e-007	-7.14136716e-007	9.01683341e-009	
2.30411449e+000	7.15429190e-007	-7.15371741e-007	9.06626455e-009	
2.40429338e+000	7.16664744e-007	-7.16606767e-007	9.11569570e-009	
2.50447227e+000	7.17900299e-007	-7.17841793e-007	9.16512685e-009	
2.60465116e+000	7.19135856e-007	-7.19076819e-007	9.21455799e-009	
2.70483005e+000	7.20506593e-007	-7.20446911e-007	9.27357734e-009	
2.80500894e+000	7.21940757e-007	-7.21880374e-007	9.33709524e-009	
2.90518784e+000	7.23374922e-007	-7.23313837e-007	9.40061314e-009	
3.00536673e+000	7.24809091e-007	-7.24747300e-007	9.46413104e-009	
3.10554562e+000	7.26656355e-007	-7.26593624e-007	9.54801209e-009	
3.20572451e+000	7.29389826e-007	-7.29325649e-007	9.67557780e-009	
3.30590340e+000	7.32123308e-007	-7.32057673e-007	9.80314350e-009	
3.40608229e+000	7.34856802e-007	-7.34789698e-007	9.93070920e-009	
3.50626118e+000	7.37590306e-007	-7.37521722e-007	1.00582749e-008	
3.60644007e+000	7.39849765e-007	-7.39779813e-007	1.01736138e-008	
3.70661896e+000	7.42087014e-007	-7.42015691e-007	1.02883798e-008	
3.80679785e+000	7.44324273e-007	-7.44251569e-007	1.04031458e-008	
3.90697674e+000	7.46561540e-007	-7.46487446e-007	1.05179118e-008	
4.00715564e+000	7.48633028e-007	-7.48557517e-007	1.06327271e-008	
4.10733453e+000	7.50590497e-007	-7.50513547e-007	1.07475760e-008	
4.20751342e+000	7.52547976e-007	-7.52469577e-007	1.08624248e-008	
4.30769231e+000	7.54505466e-007	-7.54425607e-007	1.09772737e-008	
4.40787120e+000	7.56540590e-007	-7.56459139e-007	1.11011118e-008	
4.50805009e+000	7.58835900e-007	-7.58752428e-007	1.12550796e-008	
4.60822898e+000	7.61131230e-007	-7.61045716e-007	1.14090473e-008	
4.70840787e+000	7.63426578e-007	-7.63339005e-007	1.15630151e-008	
4.80858676e+000	7.65721945e-007	-7.65632293e-007	1.17169828e-008	
4.90876565e+000	7.68131626e-007	-7.68039352e-007	1.19057736e-008	
5.00894454e+000	7.70558858e-007	-7.70463852e-007	1.20999031e-008	
5.10912343e+000	7.72986123e-007	-7.72888351e-007	1.22940326e-008	
5.20930233e+000	7.75413419e-007	-7.75312850e-007	1.24881621e-008	
5.30948122e+000	7.77652114e-007	-7.77548592e-007	1.26884441e-008	
5.40966011e+000	7.79705481e-007	-7.79598847e-007	1.28947737e-008	
5.50983900e+000	7.81758886e-007	-7.81649101e-007	1.31011034e-008	
5.61001789e+000	7.83812330e-007	-7.83699356e-007	1.33074330e-008	
5.71019678e+000	7.85786798e-007	-7.85670539e-007	1.35165189e-008	
5.81037567e+000	7.87282446e-007	-7.87162498e-007	1.37423096e-008	
5.91055456e+000	7.88778144e-007	-7.88654457e-007	1.39681002e-008	
6.01073345e+000	7.90273893e-007	-7.90146416e-007	1.41938909e-008	
6.11091234e+000	7.91769692e-007	-7.91638375e-007	1.44196815e-008	
6.21109123e+000	7.92554451e-007	-7.92419010e-007	1.46516071e-008	
6.31127013e+000	7.93137431e-007	-7.92997739e-007	1.48852737e-008	
6.41144902e+000	7.93720475e-007	-7.93576467e-007	1.51189402e-008	
6.51162791e+000	7.94303581e-007	-7.94155196e-007	1.53526068e-008	
6.61180680e+000	7.94886749e-007	-7.94733925e-007	1.55862734e-008	
6.71198569e+000	7.95469979e-007	-7.95312654e-007	1.58199400e-008	
6.81216458e+000	7.96053271e-007	-7.95891382e-007	1.60536066e-008	
6.91234347e+000	7.96636626e-007	-7.96470111e-007	1.62872731e-008	
7.01252236e+000	7.97160118e-007	-7.96988767e-007	1.65275029e-008	
7.11270125e+000	7.96623180e-007	-7.96444238e-007	1.68838830e-008	
7.21288014e+000	7.96086411e-007	-7.95899709e-007	1.72402632e-008	
7.31305903e+000	7.95549813e-007	-7.95355180e-007	1.75966433e-008	
7.41323792e+000	7.95013385e-007	-7.94810651e-007	1.79530235e-008	
7.51341682e+000	7.93521780e-007	-7.93309651e-007	1.83470397e-008	
7.61359571e+000	7.91602733e-007	-7.91380458e-007	1.87579057e-008	
7.71377460e+000	7.89683950e-007	-7.89451265e-007	1.91687718e-008	
7.81395349e+000	7.87765432e-007	-7.87522072e-007	1.95796378e-008	
7.91413238e+000	7.85785964e-007	-7.85532712e-007	1.99484494e-008	
8.01431127e+000	7.83681309e-007	-7.83420127e-007	2.02311167e-008	
8.11449016e+000	7.81576799e-007	-7.81307543e-007	2.05137841e-008	
8.21466905e+000	7.79472435e-007	-7.79194959e-007	2.07964514e-008	
8.31484794e+000	7.77368218e-007	-7.77082375e-007	2.10791187e-008	
8.41502683e+000	7.73769943e-007	-7.73473234e-007	2.14261639e-008	
8.51520572e+000	7.70118259e-007	-7.69810340e-007	2.17755214e-008	
8.61538462e+000	7.66466841e-007	-7.66147446e-007	2.21248789e-008	
8.71556351e+000	7.62815694e-007	-7.62484551e-007	2.24742364e-008	
8.81574240e+000	7.58400465e-007	-7.58055229e-007	2.28808638e-008	
8.91592129e+000	7.53481605e-007	-7.53120482e-007	2.33252581e-008	
9.01610018e+000	7.48563218e-007	-7.48185735e-007	2.37696524e-008	
9.11627907e+000	7.43645313e-007	-7.43250988e-007	2.42140468e-008	
9.21645796e+000	7.38909344e-007	-7.38498504e-007	2.46369207e-008	
9.31663685e+000	7.34748695e-007	-7.34323542e-007	2.49916063e-008	
9.41681574e+000	7.30588381e-007	-7.30148579e-007	2.53462920e-008	
9.51699463e+000	7.26428409e-007	-7.25973617e-007	2.57009776e-008	
9.61717352e+000	7.22268783e-007	-7.21798654e-007	2.60556633e-008	
9.71735242e+000	7.18851310e-007	-7.18364520e-007	2.64503775e-008	
9.81753131e+000	7.15538097e-007	-7.15034131e-007	2.68506962e-008	
9.91771020e+000	7.12225269e-007	-7.11703742e-007	2.72510149e-008	
1.00178891e+001	7.08912832e-007	-7.08373353e-007	2.76513335e-008	
1.01180680e+001	7.06703352e-007	-7.06143138e-007	2.81335594e-008	
1.02182469e+001	7.05534955e-007	-7.04951260e-007	2.86930902e-008	
1.03184258e+001	7.04367081e-007	-7.03759382e-007	2.92526211e-008	
1.04186047e+001	7.03199732e-007	-7.02567505e-007	2.98121520e-008	
1.05187835e+001	7.02729987e-007	-7.02073565e-007	3.03668309e-008	
1.06189624e+001	7.06157519e-007	-7.05481380e-007	3.08943897e-008	
1.07191413e+001	7.09585253e-007	-7.08889196e-007	3.14219484e-008	
1.08193202e+001	7.13013186e-007	-7.12297011e-007	3.19495072e-008	
1.09194991e+001	7.16441316e-007	-7.15704827e-007	3.24770660e-008	
1.10196780e+001	7.25470431e-007	-7.24719163e-007	3.30072810e-008	
1.11198569e+001	7.35997171e-007	-7.35232633e-007	3.35382055e-008	
1.12200358e+001	7.46523915e-007	-7.45746103e-007	3.40691301e-008	
1.13202147e+001	7.57050662e-007	-7.56259573e-007	3.46000547e-008	
1.14203936e+001	7.77703915e-007	-7.76900419e-007	3.53428715e-008	
1.15205725e+001	8.11985175e-007	-8.11170196e-007	3.63708430e-008	
1.16207513e+001	8.46266753e-007	-8.45439972e-007	3.73988145e-008	
1.17209302e+001	8.80548613e-007	-8.79709748e-007	3.84267860e-008	
1.18211091e+001	9.14587238e-007	-9.13736346e-007	3.94424388e-008	
1.19212880e+001	9.45040379e-007	-9.44181713e-007	4.02766832e-008	
1.20214669e+001	9.75493747e-007	-9.74627079e-007	4.11109276e-008	
1.21216458e+001	1.00594732e-006	-1.00507245e-006	4.19451720e-008	
1.22218247e+001	1.03640109e-006	-1.03551781e-006	4.27794164e-008	
1.23220036e+001	1.08097271e-006	-1.08008782e-006	4.37297876e-008	
1.24221825e+001	1.13157062e-006	-1.13068622e-006	4.47297216e-008	
1.25223614e+001	1.18216942e-006	-1.18128462e-006	4.57296556e-008	
1.26225403e+001	1.23276900e-006	-1.23188301e-006	4.67295896e-008	
1.27227191e+001	1.30675224e-006	-1.30586780e-006	4.80696855e-008	
1.28228980e+001	1.42650464e-006	-1.42562545e-006	5.00755566e-008	
1.29230769e+001	1.54626045e-006	-1.54538309e-006	5.20814276e-008	
1.30232558e+001	1.66601894e-006	-1.66514073e-006	5.40872987e-008	
1.31234347e+001	1.78577956e-006	-1.78489838e-006	5.60931697e-008	
1.32236136e+001	1.87748603e-006	-1.87660504e-006	5.75092094e-008	
1.33237925e+001	1.96848706e-006	-1.96760537e-006	5.89103964e-008	
1.34239714e+001	2.05948899e-006	-2.05860570e-006	6.03115833e-008	
1.35241503e+001	2.15049169e-006	-2.14960602e-006	6.17127703e-008	
1.36243292e+001	2.29504870e-006	-2.29417488e-006	6.33256599e-008	
1.37245081e+001	2.47345911e-006	-2.47260299e-006	6.50723612e-008	
1.38246869e+001	2.65187305e-006	-2.65103110e-006	6.68190625e-008	
1.39248658e+001	2.83028986e-006	-2.82945921e-006	6.85657639e-008	
1.40250447e+001	3.01662074e-006	-3.01580131e-006	7.03072398e-008	
1.41252236e+001	3.22668961e-006	-3.22588547e-006	7.20330399e-008	
1.42254025e+001	3.43676121e-006	-3.43596963e-006	7.37588399e-008	
1.43255814e+001	3.64683508e-006	-3.64605378e-006	7.54846400e-008	
1.44257603e+001	3.85691084e-006	-3.85613794e-006	7.72104401e-008	
1.45259392e+001	4.03837872e-006	-4.03762468e-006	7.80357311e-008	
1.46261181e+001	4.21621386e-006	-4.21547842e-006	7.87466216e-008	
1.47262970e+001	4.39405063e-006	-4.39333215e-006	7.94575120e-008	
1.48264758e+001	4.57188882e-006	-4.57118589e-006	8.01684025e-008	
1.49266547e+001	4.86712617e-006	-4.86645302e-006	8.09457790e-008	
1.50268336e+001	5.26877195e-006	-5.26813718e-006	8.17834113e-008	
1.51270125e+001	5.67042329e-006	-5.66982134e-006	8.26210436e-008	
1.52271914e+001	6.07207909e-006	-6.07150551e-006	8.34586760e-008	
1.53273703e+001	6.47252164e-006	-6.47197466e-006	8.41448794e-008	
1.54275492e+001	6.86667178e-006	-6.86615740e-006	8.40468873e-008	
1.55277281e+001	7.26082546e-006	-7.26034014e-006	8.39488953e-008	
1.56279070e+001	7.65498213e-006	-7.65452287e-006	8.38509032e-008	
1.57280859e+001	8.04914136e-006	-8.04870561e-006	8.37529111e-008	
1.58282648e+001	8.39748819e-006	-8.39707707e-006	8.30945382e-008	
1.59284436e+001	8.73432035e-006	-8.73393264e-006	8.22953065e-008	
1.60286225e+001	9.07115431e-006	-9.07078822e-006	8.14960747e-008	
1.61288014e+001	9.40798989e-006	-9.40764379e-006	8.06968429e-008	
1.62289803e+001	9.74482691e-006	-9.74449937e-006	7.98976111e-008	
1.63291592e+001	1.00816652e-005	-1.00813549e-005	7.90983793e-008	
1.64293381e+001	1.04185047e-005	-1.04182105e-005	7.82991475e-008	
1.65295170e+001	1.07553453e-005	-1.07550661e-005	7.74999158e-008	
1.66296959e+001	1.11067605e-005	-1.11064960e-005	7.66496171e-008	
1.67298748e+001	1.16413550e-005	-1.16411124e-005	7.51574691e-008	
1.68300537e+001	1.21759517e-005	-1.21757288e-005	7.36653211e-008	
1.69302326e+001	1.27105501e-005	-1.27103452e-005	7.21731731e-008	
1.70304114e+001	1.32451502e-005	-1.32449616e-005	7.06810251e-008	
1.71305903e+001	1.37927750e-005	-1.37926014e-005	6.91994905e-008	
1.72307692e+001	1.43456967e-005	-1.43455369e-005	6.77222680e-008	
1.73309481e+001	1.48986196e-005	-1.48984723e-005	6.62450455e-008	
1.74311270e+001	1.54515435e-005	-1.54514077e-005	6.47678229e-008	
1.75313059e+001	1.59746754e-005	-1.59745492e-005	6.35175779e-008	
1.76314848e+001	1.64420503e-005	-1.64419308e-005	6.26921165e-008	
1.77316637e+001	1.69094257e-005	-1.69093125e-005	6.18666551e-008	
1.78318426e+001	1.73768014e-005	-1.73766942e-005	6.10411937e-008	
1.79320215e+001	1.78441774e-005	-1.78440758e-005	6.02157323e-008	
1.80322004e+001	1.83115538e-005	-1.83114575e-005	5.93902709e-008	
1.81323792e+001	1.87789305e-005	-1.87788392e-005	5.85648095e-008	
1.82325581e+001	1.92463075e-005	-1.92462208e-005	5.77393481e-008	
1.83327370e+001	1.97136847e-005	-1.97136025e-005	5.69138867e-008	
1.84329159e+001	2.02510676e-005	-2.02509885e-005	5.65976697e-008	
1.85330948e+001	2.08308451e-005	-2.08307682e-005	5.65898519e-008	
1.86332737e+001	2.14106227e-005	-2.14105480e-005	5.65820341e-008	
1.87334526e+001	2.19904005e-005	-2.19903277e-005	5.65742163e-008	
1.88336315e+001	2.25701783e-005	-2.25701074e-005	5.65663985e-008	
1.89338104e+001	2.31499562e-005	-2.31498871e-005	5.65585807e-008	
1.90339893e+001	2.37297343e-005	-2.37296669e-005	5.65507629e-008	
1.91341682e+001	2.43095124e-005	-2.43094466e-005	5.65429451e-008	
1.92343470e+001	2.48892905e-005	-2.48892263e-005	5.65351273e-008	
1.93345259e+001	2.53487286e-005	-2.53486643e-005	5.70826475e-008	
1.94347048e+001	2.57944066e-005	-2.57943421e-005	5.76936608e-008	
1.95348837e+001	2.62400846e-005	-2.62400198e-005	5.83046741e-008	
1.96350626e+001	2.66857626e-005	-2.66856975e-005	5.89156874e-008	
1.97352415e+001	2.70821271e-005	-2.70820614e-005	5.96695590e-008	
1.98354204e+001	2.74355740e-005	-2.74355072e-005	6.05477605e-008	
1.99355993e+001	2.77890210e-005	-2.77889531e-005	6.14259619e-008	
2.00357782e+001	2.81424679e-005	-2.81423989e-005	6.23041634e-008	
2.01359571e+001	2.85113892e-005	-2.85113190e-005	6.32869560e-008	
2.02361360e+001	2.89548218e-005	-2.89547493e-005	6.47733871e-008	
2.03363148e+001	2.93982544e-005	-2.93981797e-005	6.62598182e-008	
2.04364937e+001	2.98416869e-005	-2.98416100e-005	6.77462492e-008	
2.05366726e+001	3.02851195e-005	-3.02850404e-005	6.92326803e-008	
2.06368515e+001	3.05708382e-005	-3.05707573e-005	7.03036032e-008	
2.07370304e+001	3.08193803e-005	-3.08192979e-005	7.12765821e-008	
2.08372093e+001	3.10679224e-005	-3.10678384e-005	7.22495610e-008	
2.09373882e+001	3.13164645e-005	-3.13163789e-005	7.32225399e-008	
2.10375671e+001	3.14531457e-005	-3.14530592e-005	7.37491480e-008	
2.11377460e+001	3.14511676e-005	-3.14510812e-005	7.37224480e-008	
2.12379249e+001	3.14491895e-005	-3.14491032e-005	7.36957480e-008	
2.13381038e+001	3.14472114e-005	-3.14471251e-005	7.36690480e-008	
2.14382826e+001	3.14452333e-005	-3.14451471e-005	7.36423480e-008	
2.15384615e+001	3.14432552e-005	-3.14431691e-005	7.36156479e-008	
2.16386404e+001	3.14412771e-005	-3.14411910e-005	7.35889479e-008	
2.17388193e+001	3.14392990e-005	-3.14392130e-005	7.35622479e-008	
2.18389982e+001	3.14373209e-005	-3.14372349e-005	7.35355479e-008	
2.19391771e+001	3.13093924e-005	-3.13093074e-005	7.29572399e-008	
2.20393560e+001	3.11327467e-005	-3.11326631e-005	7.21655723e-008	
2.21395349e+001	3.09561010e-005	-3.09560187e-005	7.13739047e-008	
2.22397138e+001	3.07794553e-005	-3.07793744e-005	7.05822371e-008	
2.23398927e+001	3.05583627e-005	-3.05582833e-005	6.96319051e-008	
2.24400716e+001	3.02576899e-005	-3.02576126e-005	6.83974933e-008	
2.25402504e+001	2.99570171e-005	-2.99569418e-005	6.71630816e-008	
2.26404293e+001	2.96563443e-005	-2.96562710e-005	6.59286698e-008	
2.27406082e+001	2.93556715e-005	-2.93556002e-005	6.46942581e-008	
2.28407871e+001	2.89969342e-005	-2.89968646e-005	6.35216554e-008	
2.29409660e+001	2.86379435e-005	-2.86378756e-005	6.23493254e-008	
2.30411449e+001	2.82789528e-005	-2.82788866e-005	6.11769954e-008	
2.31413238e+001	2.79199621e-005	-2.79198976e-005	6.00046654e-008	
2.32415027e+001	2.75226001e-005	-2.75225372e-005	5.88604883e-008	
2.33416816e+001	2.71029857e-005	-2.71029242e-005	5.77326409e-008	
2.34418605e+001	2.66833713e-005	-2.66833113e-005	5.66047934e-008	
2.35420394e+001	2.62637569e-005	-2.62636983e-005	5.54769460e-008	
2.36422182e+001	2.58350234e-005	-2.58349660e-005	5.44492010e-008	
2.37423971e+001	2.53816627e-005	-2.53816060e-005	5.36918148e-008	
2.38425760e+001	2.49283021e-005	-2.49282459e-005	5.29344286e-008	
2.39427549e+001	2.44749415e-005	-2.44748859e-005	5.21770423e-008	
2.40429338e+001	2.40215809e-005	-2.40215259e-005	5.14196561e-008	
2.41431127e+001	2.33953442e-005	-2.33952887e-005	5.09654577e-008	
2.42432916e+001	2.27514859e-005	-2.27514298e-005	5.05421632e-008	
2.43434705e+001	2.21076277e-005	-2.21075709e-005	5.01188687e-008	
2.44436494e+001	2.14637695e-005	-2.14637120e-005	4.96955742e-008	
2.45438283e+001	2.09619250e-005	-2.09618666e-005	4.94526562e-008	
2.46440072e+001	2.05787487e-005	-2.05786895e-005	4.93604592e-008	
2.47441860e+001	2.01955725e-005	-2.01955124e-005	4.92682621e-008	
2.48443649e+001	1.98123963e-005	-1.98123353e-005	4.91760651e-008	
2.49445438e+001	1.94149395e-005	-1.94148772e-005	4.91707929e-008	
2.50447227e+001	1.89533260e-005	-1.89532612e-005	4.95560341e-008	
2.51449016e+001	1.84917127e-005	-1.84916453e-005	4.99412753e-008	
2.52450805e+001	1.80300996e-005	-1.80300293e-005	5.03265166e-008	
2.53452594e+001	1.75684866e-005	-1.75684134e-005	5.07117578e-008	
2.54454383e+001	1.70593125e-005	-1.70592353e-005	5.13039295e-008	
2.55456172e+001	1.65396529e-005	-1.65395713e-005	5.19417262e-008	
2.56457961e+001	1.60199936e-005	-1.60199073e-005	5.25795228e-008	
2.57459750e+001	1.55003346e-005	-1.55002433e-005	5.32173195e-008	
2.58461538e+001	1.49919928e-005	-1.49918955e-005	5.40016381e-008	
2.59463327e+001	1.44971182e-005	-1.44970140e-005	5.49603091e-008	
2.60465116e+001	1.40022442e-005	-1.40021325e-005	5.59189801e-008	
2.61466905e+001	1.35073707e-005	-1.35072510e-005	5.68776511e-008	
2.62468694e+001	1.30116009e-005	-1.30114723e-005	5.78468966e-008	
2.63470483e+001	1.25071705e-005	-1.25070318e-005	5.89181705e-008	
2.64472272e+001	1.20027411e-005	-1.20025912e-005	5.99894443e-008	
2.65474061e+001	1.14983128e-005	-1.14981506e-005	6.10607182e-008	
2.66475850e+001	1.09938856e-005	-1.09937101e-005	6.21319920e-008	
2.67477639e+001	1.05458280e-005	-1.05456393e-005	6.30795176e-008	
2.68479428e+001	1.01184933e-005	-1.01182910e-005	6.39815506e-008	
2.69481216e+001	9.69115993e-006	-9.69094272e-006	6.48835836e-008	
2.70483005e+001	9.26382802e-006	-9.26359443e-006	6.57856167e-008	
2.71484794e+001	8.84566364e-006	-8.84541269e-006	6.66297781e-008	
2.72486583e+001	8.44320844e-006	-8.44293962e-006	6.73747580e-008	
2.73488372e+001	8.04962218e-006	-8.04933425e-006	6.80837587e-008	
2.74490161e+001	7.69455904e-006	-7.69425291e-006	6.86364553e-008	
2.75491950e+001	7.33993518e-006	-7.33960908e-006	6.91879105e-008	
2.76493739e+001	7.06084150e-006	-7.06049920e-006	6.95250256e-008	
2.77495528e+001	6.78174918e-006	-6.78138933e-006	6.98621407e-008	
2.78497317e+001	6.51724222e-006	-6.51686517e-006	7.01034126e-008	
2.79499106e+001	6.23324006e-006	-6.23284370e-006	7.02929327e-008	
2.80500894e+001	5.96366786e-006	-5.96325244e-006	7.03892638e-008	
2.81502683e+001	5.68553744e-006	-5.68510166e-006	7.03931191e-008	
2.82504472e+001	5.42038940e-006	-5.41993331e-006	7.03152268e-008	
2.83506261e+001	5.22544028e-006	-5.22496910e-006	7.01710907e-008	
2.84508050e+001	5.03049232e-006	-5.03000489e-006	7.00269546e-008	
2.85509839e+001	4.81567922e-006	-4.81517525e-006	6.96679077e-008	
2.86511628e+001	4.60075292e-006	-4.60023086e-006	6.93076166e-008	
2.87513417e+001	4.36643396e-006	-4.36589387e-006	6.86749831e-008	
2.88515206e+001	4.12765233e-006	-4.12709251e-006	6.79796581e-008	
2.89516995e+001	3.95432680e-006	-3.95375347e-006	6.73346129e-008	
2.90518784e+001	3.81919240e-006	-3.81860958e-006	6.67189039e-008	
2.91520572e+001	3.68405879e-006	-3.68346570e-006	6.61031950e-008	
2.92522361e+001	3.54892607e-006	-3.54832181e-006	6.54874861e-008	
2.93524150e+001	3.42161538e-006	-3.42100106e-006	6.48347977e-008	
2.94525939e+001	3.31558027e-006	-3.31496095e-006	6.40815225e-008	
2.95527728e+001	3.20954566e-006	-3.20892083e-006	6.33282473e-008	
2.96529517e+001	3.10351162e-006	-3.10288072e-006	6.25749721e-008	
2.97531306e+001	2.99747819e-006	-2.99684060e-006	6.18216968e-008	
2.98533095e+001	2.90028697e-006	-2.89964726e-006	6.09124709e-008	
2.99534884e+001	2.80401262e-006	-2.80337089e-006	5.99870831e-008	
3.00536673e+001	2.70773873e-006	-2.70709452e-006	5.90616953e-008	
3.01538462e+001	2.61146535e-006	-2.61081816e-006	5.81363074e-008	
3.02540250e+001	2.52937681e-006	-2.52872967e-006	5.72131305e-008	
3.03542039e+001	2.45920833e-006	-2.45856398e-006	5.62918107e-008	
3.04543828e+001	2.38904004e-006	-2.38839830e-006	5.53704909e-008	
3.05545617e+001	2.31887196e-006	-2.31823261e-006	5.44491711e-008	
3.06547406e+001	2.25119170e-006	-2.25055565e-006	5.35100079e-008	
3.07549195e+001	2.19479378e-006	-2.19416602e-006	5.24899194e-008	
3.08550984e+001	2.13839590e-006	-2.13777639e-006	5.14698308e-008	
3.09552773e+001	2.08199809e-006	-2.08138676e-006	5.04497422e-008	
3.10554562e+001	2.02560033e-006	-2.02499713e-006	4.94296536e-008	
3.11556351e+001	1.97532604e-006	-1.97473375e-006	4.83693619e-008	
3.12558140e+001	1.92641473e-006	-1.92583395e-006	4.73001212e-008	
3.13559928e+001	1.87750343e-006	-1.87693416e-006	4.62308805e-008	
3.14561717e+001	1.82859214e-006	-1.82803436e-006	4.51616398e-008	
3.15563506e+001	1.78684157e-006	-1.78629527e-006	4.41812893e-008	
3.16565295e+001	1.75366057e-006	-1.75312574e-006	4.33073183e-008	
3.17567084e+001	1.72047957e-006	-1.71995621e-006	4.24333474e-008	
3.18568873e+001	1.68729858e-006	-1.68678668e-006	4.15593764e-008	
3.19570662e+001	1.65411759e-006	-1.65361715e-006	4.06854054e-008	
3.20572451e+001	1.62093660e-006	-1.62044762e-006	3.98114345e-008	
3.21574240e+001	1.58775561e-006	-1.58727809e-006	3.89374635e-008	
3.22576029e+001	1.55457462e-006	-1.55410856e-006	3.80634925e-008	
3.23577818e+001	1.52139364e-006	-1.52093903e-006	3.71895216e-008	
3.24579606e+001	1.49301142e-006	-1.49256872e-006	3.63551965e-008	
3.25581395e+001	1.46640597e-006	-1.46597534e-006	3.55355500e-008	
3.26583184e+001	1.43980054e-006	-1.43938195e-006	3.47159036e-008	
3.27584973e+001	1.41319514e-006	-1.41278857e-006	3.38962571e-008	
3.28586762e+001	1.38658976e-006	-1.38619519e-006	3.30766107e-008	
3.29588551e+001	1.35998440e-006	-1.35960180e-006	3.22569642e-008	
3.30590340e+001	1.33337907e-006	-1.33300842e-006	3.14373178e-008	
3.31592129e+001	1.30677377e-006	-1.30641504e-006	3.06176713e-008	
3.32593918e+001	1.28020142e-006	-1.27985456e-006	2.97989549e-008	
3.33595707e+001	1.26116502e-006	-1.26082710e-006	2.91932084e-008	
3.34597496e+001	1.24212865e-006	-1.24179963e-006	2.85874619e-008	
3.35599284e+001	1.22309229e-006	-1.22277217e-006	2.79817155e-008	
3.36601073e+001	1.20405596e-006	-1.20374471e-006	2.73759690e-008	
3.37602862e+001	1.18902560e-006	-1.18872120e-006	2.69030535e-008	
3.38604651e+001	1.17623267e-006	-1.17593401e-006	2.65043274e-008	
3.39606440e+001	1.16343975e-006	-1.16314683e-006	2.61056012e-008	
3.40608229e+001	1.15064683e-006	-1.15035964e-006	2.57068751e-008	
3.41610018e+001	1.13563376e-006	-1.13535310e-006	2.52459352e-008	
3.42611807e+001	1.11488095e-006	-1.11460898e-006	2.46241567e-008	
3.43613596e+001	1.09412816e-006	-1.09386486e-006	2.40023783e-008	
3.44615385e+001	1.07337541e-006	-1.07312073e-006	2.33805999e-008	
3.45617174e+001	1.05262267e-006	-1.05237661e-006	2.27588215e-008	
3.46618962e+001	1.03282787e-006	-1.03258921e-006	2.22021439e-008	
3.47620751e+001	1.01312063e-006	-1.01288925e-006	2.16514190e-008	
3.48622540e+001	9.93413408e-007	-9.93189287e-007	2.11006941e-008	
3.49624329e+001	9.73706202e-007	-9.73489325e-007	2.05499692e-008	
3.50626118e+001	9.57609131e-007	-9.57397575e-007	2.01278497e-008	
3.51627907e+001	9.44424563e-007	-9.44216786e-007	1.98094836e-008	
3.52629696e+001	9.31239997e-007	-9.31035998e-007	1.94911175e-008	
3.53631485e+001	9.18055434e-007	-9.17855209e-007	1.91727514e-008	
3.54633274e+001	9.04870872e-007	-9.04674421e-007	1.88543853e-008	
3.55635063e+001	8.91686312e-007	-8.91493632e-007	1.85360192e-008	
3.56636852e+001	8.78501755e-007	-8.78312843e-007	1.82176531e-008	
3.57638640e+001	8.65317200e-007	-8.65132055e-007	1.78992870e-008	
3.58640429e+001	8.52132647e-007	-8.51951266e-007	1.75809209e-008	
3.59642218e+001	8.39622634e-007	-8.39443982e-007	1.73195795e-008	
3.60644007e+001	8.27252717e-007	-8.27076581e-007	1.70700804e-008	
3.61645796e+001	8.14882800e-007	-8.14709179e-007	1.68205813e-008	
3.62647585e+001	8.02512884e-007	-8.02341777e-007	1.65710823e-008	
3.63649374e+001	7.90142967e-007	-7.89974376e-007	1.63215832e-008	
3.64651163e+001	7.77773050e-007	-7.77606974e-007	1.60720841e-008	
3.65652952e+001	7.65403134e-007	-7.65239572e-007	1.58225850e-008	
3.66654741e+001	7.53033217e-007	-7.52872170e-007	1.55730860e-008	
3.67656530e+001	7.40412660e-007	-7.40254091e-007	1.53227635e-008	
3.68658318e+001	7.25600029e-007	-7.25443616e-007	1.50652377e-008	
3.69660107e+001	7.10787401e-007	-7.10633141e-007	1.48077118e-008	
3.70661896e+001	6.95974778e-007	-6.95822667e-007	1.45501860e-008	
3.71663685e+001	6.81162158e-007	-6.81012192e-007	1.42926602e-008	
3.72665474e+001	6.67485188e-007	-6.67336668e-007	1.40800705e-008	
3.73667263e+001	6.54207451e-007	-6.54060122e-007	1.38832777e-008	
3.74669052e+001	6.40929725e-007	-6.40783577e-007	1.36864850e-008	
3.75670841e+001	6.27652010e-007	-6.27507031e-007	1.34896922e-008	
3.76672630e+001	6.13803709e-007	-6.13659684e-007	1.32960312e-008	
3.77674419e+001	5.99013206e-007	-5.98869780e-007	1.31075414e-008	
3.78676208e+001	5.84222734e-007	-5.84079876e-007	1.29190516e-008	
3.79677996e+001	5.69432295e-007	-5.69289972e-007	1.27305619e-008	
3.80679785e+001	5.54646822e-007	-5.54504993e-007	1.25423172e-008	
3.81681574e+001	5.40196065e-007	-5.40054398e-007	1.23707600e-008	
3.82683363e+001	5.25745354e-007	-5.25603802e-007	1.21992028e-008	
3.83685152e+001	5.11294695e-007	-5.11153207e-007	1.20276456e-008	
3.84686941e+001	4.96844091e-007	-4.96702611e-007	1.18560884e-008	
3.85688730e+001	4.84439509e-007	-4.84297880e-007	1.17132576e-008	
3.86690519e+001	4.73128237e-007	-4.72986362e-007	1.15857768e-008	
3.87692308e+001	4.61817014e-007	-4.61674844e-007	1.14582959e-008	
3.88694097e+001	4.50505841e-007	-4.50363326e-007	1.13308150e-008	
3.89695886e+001	4.39194723e-007	-4.39051807e-007	1.12033342e-008	
3.90697674e+001	4.27883664e-007	-4.27740289e-007	1.10758533e-008	
3.91699463e+001	4.16572668e-007	-4.16428771e-007	1.09483724e-008	
3.92701252e+001	4.05261743e-007	-4.05117253e-007	1.08208916e-008	
3.93703041e+001	3.93950892e-007	-3.93805734e-007	1.06934107e-008	
3.94704830e+001	3.80787722e-007	-3.80641977e-007	1.05344712e-008	
3.95706619e+001	3.67477314e-007	-3.67330881e-007	1.03730291e-008	
3.96708408e+001	3.54167030e-007	-3.54019786e-007	1.02115871e-008	
3.97710197e+001	3.40856887e-007	-3.40708690e-007	1.00501450e-008	
3.98711986e+001	3.27062175e-007	-3.26913287e-007	9.86759541e-009	
3.99713775e+001	3.12892269e-007	-3.12742846e-007	9.66870092e-009	
4.00715564e+001	2.98722545e-007	-2.98572406e-007	9.46980643e-009	
4.01717352e+001	2.84553032e-007	-2.84401966e-007	9.27091194e-009	
4.02719141e+001	2.70731069e-007	-2.70579066e-007	9.07087283e-009	
4.03720930e+001	2.58290847e-007	-2.58138627e-007	8.86627703e-009	
4.04722719e+001	2.45850818e-007	-2.45698189e-007	8.66168124e-009	
4.05724508e+001	2.33411012e-007	-2.33257750e-007	8.45708544e-009	
4.06726297e+001	2.20971466e-007	-2.20817312e-007	8.25248965e-009	
4.07728086e+001	2.14087790e-007	-2.13933468e-007	8.12732374e-009	
4.08729875e+001	2.08277018e-007	-2.08122646e-007	8.01749664e-009	
4.09731664e+001	2.02466308e-007	-2.02311825e-007	7.90766953e-009	
4.10733453e+001	1.96655666e-007	-1.96501004e-007	7.79784243e-009	
4.11735242e+001	1.90049667e-007	-1.89895365e-007	7.65678899e-009	
4.12737030e+001	1.82566127e-007	-1.82412777e-007	7.48128247e-009	
4.13738819e+001	1.75082681e-007	-1.74930188e-007	7.30577596e-009	
4.14740608e+001	1.67599342e-007	-1.67447600e-007	7.13026945e-009	
4.15742397e+001	1.59942033e-007	-1.59790989e-007	6.94938569e-009	
4.16744186e+001	1.50914538e-007	-1.50764572e-007	6.72617465e-009	
4.17745975e+001	1.41887256e-007	-1.41738156e-007	6.50296361e-009	
4.18747764e+001	1.32860231e-007	-1.32711739e-007	6.27975257e-009	
4.19749553e+001	1.23833520e-007	-1.23685323e-007	6.05654153e-009	
4.20751342e+001	1.18242715e-007	-1.18095327e-007	5.90197881e-009	
4.21753131e+001	1.13797179e-007	-1.13650788e-007	5.77029844e-009	
4.22754919e+001	1.09351721e-007	-1.09206249e-007	5.63861808e-009	
4.23756708e+001	1.04906350e-007	-1.04761710e-007	5.50693771e-009	
4.24758497e+001	1.00903973e-007	-1.00760320e-007	5.38235850e-009	
4.25760286e+001	9.76023796e-008	-9.74600533e-008	5.26901471e-009	
4.26762075e+001	9.43008293e-008	-9.41597869e-008	5.15567091e-009	
4.27763864e+001	9.09993270e-008	-9.08595205e-008	5.04232712e-009	
4.28765653e+001	8.77209006e-008	-8.75822943e-008	4.92931221e-009	
4.29767442e+001	8.53566447e-008	-8.52199161e-008	4.82935717e-009	
4.30769231e+001	8.29924023e-008	-8.28575379e-008	4.72940213e-009	
4.31771020e+001	8.06281745e-008	-8.04951597e-008	4.62944708e-009	
4.32772809e+001	7.82639626e-008	-7.81327815e-008	4.52949204e-009	
4.33774597e+001	7.67538072e-008	-7.66240841e-008	4.46056615e-009	
4.34776386e+001	7.56799953e-008	-7.55515433e-008	4.40749355e-009	
4.35778175e+001	7.46061847e-008	-7.44790025e-008	4.35442096e-009	
4.36779964e+001	7.35323753e-008	-7.34064617e-008	4.30134837e-009	
4.37781753e+001	7.28806241e-008	-7.27561779e-008	4.25722286e-009	
4.38783542e+001	7.32177712e-008	-7.30952444e-008	4.23406040e-009	
4.39785331e+001	7.35549433e-008	-7.34343109e-008	4.21089795e-009	
4.40787120e+001	7.38921400e-008	-7.37733774e-008	4.18773549e-009	
4.41788909e+001	7.42293609e-008	-7.41124440e-008	4.16457304e-009	
4.42790698e+001	7.55442177e-008	-7.54304591e-008	4.14423219e-009	
4.43792487e+001	7.69255800e-008	-7.68149516e-008	4.12408298e-009	
4.44794275e+001	7.83070580e-008	-7.81994442e-008	4.10393376e-009	
4.45796064e+001	7.96886458e-008	-7.95839367e-008	4.08378454e-009	
4.46797853e+001	8.13712553e-008	-8.12692803e-008	4.07250140e-009	
4.47799642e+001	8.32775913e-008	-8.31781833e-008	4.06780631e-009	
4.48801431e+001	8.51840426e-008	-8.50870862e-008	4.06311122e-009	
4.49803220e+001	8.70906015e-008	-8.69959892e-008	4.05841614e-009	
4.50805009e+001	8.89972612e-008	-8.89048921e-008	4.05372105e-009	
4.51806798e+001	9.09040152e-008	-9.08137951e-008	4.04902596e-009	
4.52808587e+001	9.28108579e-008	-9.27226980e-008	4.04433088e-009	
4.53810376e+001	9.47177837e-008	-9.46316010e-008	4.03963579e-009	
4.54812165e+001	9.66247879e-008	-9.65405039e-008	4.03494071e-009	
4.55813953e+001	9.87688442e-008	-9.86867925e-008	4.02511874e-009	
4.56815742e+001	1.00955386e-007	-1.00875541e-007	4.01437961e-009	
4.57817531e+001	1.03142023e-007	-1.03064289e-007	4.00364048e-009	
4.58819320e+001	1.05328748e-007	-1.05253037e-007	3.99290134e-009	
4.59821109e+001	1.07515557e-007	-1.07441786e-007	3.98216221e-009	
4.60822898e+001	1.09702444e-007	-1.09630534e-007	3.97142308e-009	
4.61824687e+001	1.11889405e-007	-1.11819282e-007	3.96068395e-009	
4.62826476e+001	1.14076435e-007	-1.14008031e-007	3.94994482e-009	
4.63828265e+001	1.16250973e-007	-1.16184266e-007	3.93763657e-009	
4.64830054e+001	1.18335850e-007	-1.18271100e-007	3.91412268e-009	
4.65831843e+001	1.20420799e-007	-1.20357933e-007	3.89060879e-009	
4.66833631e+001	1.22505817e-007	-1.22444767e-007	3.86709490e-009	
4.67835420e+001	1.24590901e-007	-1.24531600e-007	3.84358101e-009	
4.68837209e+001	1.26676046e-007	-1.26618434e-007	3.82006712e-009	
4.69838998e+001	1.28761250e-007	-1.28705267e-007	3.79655323e-009	
4.70840787e+001	1.30846511e-007	-1.30792100e-007	3.77303934e-009	
4.71842576e+001	1.32931825e-007	-1.32878934e-007	3.74952545e-009	
4.72844365e+001	1.34872552e-007	-1.34821147e-007	3.72336706e-009	
4.73846154e+001	1.36593997e-007	-1.36544060e-007	3.69319863e-009	
4.74847943e+001	1.38315486e-007	-1.38266973e-007	3.66303020e-009	
4.75849732e+001	1.40037016e-007	-1.39989886e-007	3.63286177e-009	
4.76851521e+001	1.41749537e-007	-1.41703752e-007	3.60248490e-009	
4.77853309e+001	1.43210249e-007	-1.43165837e-007	3.56630316e-009	
4.78855098e+001	1.44670997e-007	-1.44627922e-007	3.53012141e-009	
4.79856887e+001	1.46131782e-007	-1.46090006e-007	3.49393967e-009	
4.80858676e+001	1.47592601e-007	-1.47552091e-007	3.45775793e-009	
4.81860465e+001	1.48914702e-007	-1.48875427e-007	3.41986597e-009	
4.82862254e+001	1.50169097e-007	-1.50131028e-007	3.38113908e-009	
4.83864043e+001	1.51423522e-007	-1.51386628e-007	3.34241219e-009	
4.84865832e+001	1.52677976e-007	-1.52642229e-007	3.30368530e-009	
4.85867621e+001	1.53807953e-007	-1.53773278e-007	3.26579091e-009	
4.86869410e+001	1.54659837e-007	-1.54626110e-007	3.22975619e-009	
4.87871199e+001	1.55511739e-007	-1.55478941e-007	3.19372146e-009	
4.88872987e+001	1.56363660e-007	-1.56331773e-007	3.15768674e-009	
4.89874776e+001	1.57215599e-007	-1.57184604e-007	3.12165201e-009	
4.90876565e+001	1.57726154e-007	-1.57695757e-007	3.09639283e-009	
4.91878354e+001	1.58217427e-007	-1.58187605e-007	3.07174251e-009	
4.92880143e+001	1.58708707e-007	-1.58679453e-007	3.04709219e-009	
4.93881932e+001	1.59199994e-007	-1.59171301e-007	3.02244187e-009	
4.94883721e+001	1.59592481e-007	-1.59564324e-007	2.99775579e-009	
4.95885510e+001	1.59914533e-007	-1.59886894e-007	2.97304421e-009	
4.96887299e+001	1.60236591e-007	-1.60209464e-007	2.94833263e-009	
4.97889088e+001	1.60558655e-007	-1.60532034e-007	2.92362105e-009	
4.98890877e+001	1.60889757e-007	-1.60863675e-007	2.89693673e-009	
4.99892665e+001	1.61252693e-007	-1.61227270e-007	2.86330221e-009	
5.00894454e+001	1.61615639e-007	-1.61590865e-007	2.82966768e-009	
5.01896243e+001	1.61978594e-007	-1.61954460e-007	2.79603316e-009	
5.02898032e+001	1.62341560e-007	-1.62318055e-007	2.76239863e-009	
5.03899821e+001	1.62518241e-007	-1.62495210e-007	2.73595636e-009	
5.04901610e+001	1.62664190e-007	-1.62641602e-007	2.71070079e-009	
5.05903399e+001	1.62810143e-007	-1.62787994e-007	2.68544521e-009	
5.06905188e+001	1.62956101e-007	-1.62934386e-007	2.66018964e-009	
5.07906977e+001	1.63036742e-007	-1.63015382e-007	2.63902673e-009	
5.08908766e+001	1.63050918e-007	-1.63029834e-007	2.62202839e-009	
5.09910555e+001	1.63065095e-007	-1.63044286e-007	2.60503005e-009	
5.10912343e+001	1.63079275e-007	-1.63058738e-007	2.58803170e-009	
5.11914132e+001	1.63093456e-007	-1.63073189e-007	2.57103336e-009	
5.12915921e+001	1.63107639e-007	-1.63087641e-007	2.55403502e-009	
5.13917710e+001	1.63121824e-007	-1.63102093e-007	2.53703668e-009	
5.14919499e+001	1.63136010e-007	-1.63116545e-007	2.52003833e-009	
5.15921288e+001	1.63150199e-007	-1.63130997e-007	2.50303999e-009	
5.16923077e+001	1.63104746e-007	-1.63085846e-007	2.48290911e-009	
5.17924866e+001	1.63041502e-007	-1.63022914e-007	2.46184363e-009	
5.18926655e+001	1.62978260e-007	-1.62959983e-007	2.44077815e-009	
5.19928444e+001	1.62915021e-007	-1.62897051e-007	2.41971267e-009	
5.20930233e+001	1.62833497e-007	-1.62815812e-007	2.39981978e-009	
5.21932021e+001	1.62725385e-007	-1.62707956e-007	2.38163172e-009	
5.22933810e+001	1.62617275e-007	-1.62600099e-007	2.36344365e-009	
5.23935599e+001	1.62509166e-007	-1.62492243e-007	2.34525559e-009	
5.24937388e+001	1.62402364e-007	-1.62385685e-007	2.32745905e-009	
5.25939177e+001	1.62323396e-007	-1.62306845e-007	2.31801535e-009	
5.26940966e+001	1.62244429e-007	-1.62228004e-007	2.30857165e-009	
5.27942755e+001	1.62165463e-007	-1.62149164e-007	2.29912795e-009	
5.28944544e+001	1.62086497e-007	-1.62070323e-007	2.28968425e-009	
5.29946333e+001	1.62003858e-007	-1.61987797e-007	2.28113785e-009	
5.30948122e+001	1.61919507e-007	-1.61903552e-007	2.27300972e-009	
5.31949911e+001	1.61835156e-007	-1.61819307e-007	2.26488159e-009	
5.32951699e+001	1.61750806e-007	-1.61735062e-007	2.25675346e-009	
5.33953488e+001	1.61651937e-007	-1.61636311e-007	2.24761990e-009	
5.34955277e+001	1.61522124e-007	-1.61506642e-007	2.23634341e-009	
5.35957066e+001	1.61392311e-007	-1.61376972e-007	2.22506693e-009	
5.36958855e+001	1.61262499e-007	-1.61247303e-007	2.21379045e-009	
5.37960644e+001	1.61132687e-007	-1.61117633e-007	2.20251396e-009	
5.38962433e+001	1.61019386e-007	-1.61004439e-007	2.19387453e-009	
5.39964222e+001	1.60906833e-007	-1.60891993e-007	2.18535464e-009	
5.40966011e+001	1.60794281e-007	-1.60779546e-007	2.17683474e-009	
5.41967800e+001	1.60681730e-007	-1.60667099e-007	2.16831485e-009	
5.42969589e+001	1.60597995e-007	-1.60583439e-007	2.16218937e-009	
5.43971377e+001	1.60533964e-007	-1.60519463e-007	2.15770110e-009	
5.44973166e+001	1.60469933e-007	-1.60455486e-007	2.15321284e-009	
5.45974955e+001	1.60405902e-007	-1.60391510e-007	2.14872457e-009	
5.46976744e+001	1.60345805e-007	-1.60331464e-007	2.14455073e-009	
5.47978533e+001	1.60298792e-007	-1.60284488e-007	2.14142247e-009	
5.48980322e+001	1.60251779e-007	-1.60237512e-007	2.13829421e-009	
5.49982111e+001	1.60204766e-007	-1.60190537e-007	2.13516596e-009	
5.50983900e+001	1.60157753e-007	-1.60143561e-007	2.13203770e-009	
5.51985689e+001	1.60107056e-007	-1.60092904e-007	2.12871164e-009	
5.52987478e+001	1.60055802e-007	-1.60041690e-007	2.12535562e-009	
5.53989267e+001	1.60015650e-007	-1.60001570e-007	2.12275483e-009	
5.54991055e+001	1.59980555e-007	-1.59966501e-007	2.12049793e-009	
5.55992844e+001	1.59953046e-007	-1.59939013e-007	2.11873587e-009	
5.56994633e+001	1.59932952e-007	-1.59918934e-007	2.11745738e-009	
5.57996422e+001	1.59915641e-007	-1.59901636e-007	2.11635697e-009	
5.58998211e+001	1.59905229e-007	-1.59891232e-007	2.11569727e-009	
5.60000000e+001	1.59901502e-007	-1.59887508e-007	2.11546102e-009	
