% Column 0: Length, cm
% Column 1: |B.t|, Tesla
% Column 2: Re[B.t], Tesla
% Column 3: Im[B.t], Tesla
0.00000000e+000	6.59053022e-007	-6.59013659e-007	7.20301633e-009	
1.00178891e-001	6.59092486e-007	-6.59053117e-007	7.20379954e-009	
2.00357782e-001	6.59225533e-007	-6.59186143e-007	7.20638812e-009	
3.00536673e-001	6.59490235e-007	-6.59450799e-007	7.21205914e-009	
4.00715564e-001	6.59917180e-007	-6.59877673e-007	7.22081273e-009	
5.00894454e-001	6.60359246e-007	-6.60319667e-007	7.22985791e-009	
6.01073345e-001	6.60782304e-007	-6.60742657e-007	7.23842137e-009	
7.01252236e-001	6.61245361e-007	-6.61205640e-007	7.24761808e-009	
8.01431127e-001	6.61705327e-007	-6.61665534e-007	7.25682318e-009	
9.01610018e-001	6.62207180e-007	-6.62167307e-007	7.26682974e-009	
1.00178891e+000	6.63340196e-007	-6.63300148e-007	7.28891325e-009	
1.10196780e+000	6.64473212e-007	-6.64432990e-007	7.31099675e-009	
1.20214669e+000	6.65555575e-007	-6.65515164e-007	7.33410257e-009	
1.30232558e+000	6.66615126e-007	-6.66574521e-007	7.35766880e-009	
1.40250447e+000	6.67674678e-007	-6.67633877e-007	7.38123504e-009	
1.50268336e+000	6.69073305e-007	-6.69032266e-007	7.41043704e-009	
1.60286225e+000	6.70636039e-007	-6.70594742e-007	7.44236669e-009	
1.70304114e+000	6.72198774e-007	-6.72157219e-007	7.47429633e-009	
1.80322004e+000	6.73706300e-007	-6.73664502e-007	7.50442283e-009	
1.90339893e+000	6.75347171e-007	-6.75305118e-007	7.53646273e-009	
2.00357782e+000	6.77412113e-007	-6.77369686e-007	7.58151402e-009	
2.10375671e+000	6.79561354e-007	-6.79518513e-007	7.63054289e-009	
2.20393560e+000	6.81710596e-007	-6.81667339e-007	7.67957175e-009	
2.30411449e+000	6.83859839e-007	-6.83816166e-007	7.72860062e-009	
2.40429338e+000	6.86028551e-007	-6.85984487e-007	7.77536308e-009	
2.50447227e+000	6.88222492e-007	-6.88178072e-007	7.81918833e-009	
2.60465116e+000	6.90426349e-007	-6.90381538e-007	7.86614498e-009	
2.70483005e+000	6.92636586e-007	-6.92591360e-007	7.91511637e-009	
2.80500894e+000	6.94846824e-007	-6.94801182e-007	7.96408775e-009	
2.90518784e+000	6.97057063e-007	-6.97011004e-007	8.01305913e-009	
3.00536673e+000	6.99267302e-007	-6.99220826e-007	8.06203051e-009	
3.10554562e+000	7.02069837e-007	-7.02022854e-007	8.12211254e-009	
3.20572451e+000	7.05290438e-007	-7.05242884e-007	8.19003687e-009	
3.30590340e+000	7.08349555e-007	-7.08301411e-007	8.25848646e-009	
3.40608229e+000	7.11256806e-007	-7.11208056e-007	8.32743000e-009	
3.50626118e+000	7.14164060e-007	-7.14114700e-007	8.39637355e-009	
3.60644007e+000	7.17525516e-007	-7.17475490e-007	8.47272963e-009	
3.70661896e+000	7.20950337e-007	-7.20899635e-007	8.55011980e-009	
3.80679785e+000	7.24375160e-007	-7.24323780e-007	8.62750997e-009	
3.90697674e+000	7.27877318e-007	-7.27825302e-007	8.70176168e-009	
4.00715564e+000	7.31504091e-007	-7.31451433e-007	8.77697355e-009	
4.10733453e+000	7.36837015e-007	-7.36783026e-007	8.91962878e-009	
4.20751342e+000	7.41685917e-007	-7.41630701e-007	9.05003598e-009	
4.30769231e+000	7.45702103e-007	-7.45645849e-007	9.15937184e-009	
4.40787120e+000	7.49698648e-007	-7.49641283e-007	9.27417516e-009	
4.50805009e+000	7.53639036e-007	-7.53580446e-007	9.39718520e-009	
4.60822898e+000	7.57504927e-007	-7.57445365e-007	9.49914306e-009	
4.70840787e+000	7.61370822e-007	-7.61310283e-007	9.60110091e-009	
4.80858676e+000	7.65236720e-007	-7.65175201e-007	9.70305877e-009	
4.90876565e+000	7.69105788e-007	-7.69043293e-007	9.80436886e-009	
5.00894454e+000	7.73060525e-007	-7.72997283e-007	9.88814763e-009	
5.10912343e+000	7.78116477e-007	-7.78051972e-007	1.00190010e-008	
5.20930233e+000	7.83345129e-007	-7.83279275e-007	1.01572367e-008	
5.30948122e+000	7.88573789e-007	-7.88506578e-007	1.02954723e-008	
5.40966011e+000	7.93783210e-007	-7.93714631e-007	1.04340380e-008	
5.50983900e+000	7.98544806e-007	-7.98474741e-007	1.05780299e-008	
5.61001789e+000	8.03593564e-007	-8.03522271e-007	1.07040303e-008	
5.71019678e+000	8.08642327e-007	-8.08569801e-007	1.08300307e-008	
5.81037567e+000	8.13691094e-007	-8.13617331e-007	1.09560311e-008	
5.91055456e+000	8.18739865e-007	-8.18664861e-007	1.10820315e-008	
6.01073345e+000	8.23651002e-007	-8.23574584e-007	1.12194886e-008	
6.11091234e+000	8.28204376e-007	-8.28126096e-007	1.13867257e-008	
6.21109123e+000	8.32859619e-007	-8.32779360e-007	1.15621204e-008	
6.31127013e+000	8.37762385e-007	-8.37679879e-007	1.17573379e-008	
6.41144902e+000	8.42689850e-007	-8.42605081e-007	1.19524109e-008	
6.51162791e+000	8.50378768e-007	-8.50292233e-007	1.21313117e-008	
6.61180680e+000	8.58067693e-007	-8.57979384e-007	1.23102125e-008	
6.71198569e+000	8.64375899e-007	-8.64285194e-007	1.25219136e-008	
6.81216458e+000	8.69958006e-007	-8.69864557e-007	1.27508642e-008	
6.91234347e+000	8.75540138e-007	-8.75443921e-007	1.29798149e-008	
7.01252236e+000	8.81122295e-007	-8.81023284e-007	1.32087655e-008	
7.11270125e+000	8.87374815e-007	-8.87273198e-007	1.34288478e-008	
7.21288014e+000	8.94457517e-007	-8.94353104e-007	1.36665410e-008	
7.31305903e+000	9.01502222e-007	-9.01395008e-007	1.39030467e-008	
7.41323792e+000	9.08546945e-007	-9.08436912e-007	1.41395524e-008	
7.51341682e+000	9.15591686e-007	-9.15478817e-007	1.43760582e-008	
7.61359571e+000	9.20894383e-007	-9.20777151e-007	1.46936051e-008	
7.71377460e+000	9.25808138e-007	-9.25686140e-007	1.50292489e-008	
7.81395349e+000	9.31764249e-007	-9.31638037e-007	1.53357212e-008	
7.91413238e+000	9.37986699e-007	-9.37856387e-007	1.56347405e-008	
8.01431127e+000	9.45422541e-007	-9.45287820e-007	1.59598892e-008	
8.11449016e+000	9.53561571e-007	-9.53422243e-007	1.63001802e-008	
8.21466905e+000	9.60979093e-007	-9.60834835e-007	1.66504252e-008	
8.31484794e+000	9.67266822e-007	-9.67117134e-007	1.70162570e-008	
8.41502683e+000	9.73526528e-007	-9.73371277e-007	1.73855531e-008	
8.51520572e+000	9.78566516e-007	-9.78402691e-007	1.79052885e-008	
8.61538462e+000	9.83606691e-007	-9.83434106e-007	1.84250239e-008	
8.71556351e+000	9.88647050e-007	-9.88465521e-007	1.89447593e-008	
8.81574240e+000	9.93687590e-007	-9.93496936e-007	1.94644947e-008	
8.91592129e+000	9.99665289e-007	-9.99466247e-007	1.99477194e-008	
9.01610018e+000	1.00754486e-006	-1.00733826e-006	2.04028705e-008	
9.11627907e+000	1.01318014e-006	-1.01295992e-006	2.11230357e-008	
9.21645796e+000	1.01540879e-006	-1.01517008e-006	2.20166609e-008	
9.31663685e+000	1.01613065e-006	-1.01587386e-006	2.28427406e-008	
9.41681574e+000	1.01607908e-006	-1.01580418e-006	2.36341378e-008	
9.51699463e+000	1.01602813e-006	-1.01573449e-006	2.44255351e-008	
9.61717352e+000	1.01597780e-006	-1.01566481e-006	2.52169323e-008	
9.71735242e+000	1.01400701e-006	-1.01367264e-006	2.60380224e-008	
9.81753131e+000	1.01009560e-006	-1.00973763e-006	2.68891201e-008	
9.91771020e+000	1.01040541e-006	-1.01001389e-006	2.81250350e-008	
1.00178891e+001	1.01129313e-006	-1.01086529e-006	2.94135048e-008	
1.01180680e+001	1.01109224e-006	-1.01062544e-006	3.07204052e-008	
1.02182469e+001	9.84393720e-007	-9.83857890e-007	3.24753452e-008	
1.03184258e+001	9.57702267e-007	-9.57090341e-007	3.42302852e-008	
1.04186047e+001	9.31657157e-007	-9.30934442e-007	3.66895493e-008	
1.05187835e+001	9.06470024e-007	-9.05583692e-007	4.00759536e-008	
1.06189624e+001	8.81305287e-007	-8.80232942e-007	4.34623579e-008	
1.07191413e+001	8.21874108e-007	-8.20531457e-007	4.69593150e-008	
1.08193202e+001	7.51350318e-007	-7.49614411e-007	5.10444550e-008	
1.09194991e+001	6.62074435e-007	-6.59508453e-007	5.82336528e-008	
1.10196780e+001	5.31474311e-007	-5.27477465e-007	6.50574151e-008	
1.11198569e+001	3.70404556e-007	-3.62730628e-007	7.50068423e-008	
1.12200358e+001	1.79727113e-007	-1.57879663e-007	8.58827520e-008	
1.13202147e+001	1.64399253e-007	1.33393376e-007	9.60901744e-008	
1.14203936e+001	4.10049449e-007	3.98403833e-007	9.70305969e-008	
1.15205725e+001	6.07763373e-007	6.02437888e-007	8.02801825e-008	
1.16207513e+001	7.75706275e-007	7.74561812e-007	4.21215435e-008	
1.17209302e+001	7.61866814e-007	7.61866627e-007	5.33926729e-010	
1.18211091e+001	7.61860667e-007	7.61550990e-007	-2.17201750e-008	
1.19212880e+001	7.18499714e-007	7.17895643e-007	-2.94564952e-008	
1.20214669e+001	6.93170339e-007	6.92375754e-007	-3.31803332e-008	
1.21216458e+001	6.72295743e-007	6.71468652e-007	-3.33379016e-008	
1.22218247e+001	6.59712747e-007	6.58911459e-007	-3.25053570e-008	
1.23220036e+001	6.61033467e-007	6.60243542e-007	-3.23065011e-008	
1.24221825e+001	6.71481886e-007	6.70730657e-007	-3.17538815e-008	
1.25223614e+001	6.89001891e-007	6.88275298e-007	-3.16341449e-008	
1.26225403e+001	7.17903359e-007	7.17210747e-007	-3.15273948e-008	
1.27227191e+001	7.56883082e-007	7.56182523e-007	-3.25574997e-008	
1.28228980e+001	7.95536684e-007	7.94831212e-007	-3.34956637e-008	
1.29230769e+001	8.50921615e-007	8.50226593e-007	-3.43851035e-008	
1.30232558e+001	9.09627709e-007	9.08920955e-007	-3.58506262e-008	
1.31234347e+001	9.80310207e-007	9.79588714e-007	-3.76039079e-008	
1.32236136e+001	1.06399928e-006	1.06326436e-006	-3.95393314e-008	
1.33237925e+001	1.16734485e-006	1.16659398e-006	-4.18626182e-008	
1.34239714e+001	1.28242243e-006	1.28164621e-006	-4.46123572e-008	
1.35241503e+001	1.41950906e-006	1.41870085e-006	-4.78943603e-008	
1.36243292e+001	1.56497826e-006	1.56416577e-006	-5.04223261e-008	
1.37245081e+001	1.71213388e-006	1.71128482e-006	-5.39136779e-008	
1.38246869e+001	1.91492490e-006	1.91402813e-006	-5.85978964e-008	
1.39248658e+001	2.15576941e-006	2.15481902e-006	-6.40058090e-008	
1.40250447e+001	2.42886714e-006	2.42795785e-006	-6.64547358e-008	
1.41252236e+001	2.71360850e-006	2.71281879e-006	-6.54620028e-008	
1.42254025e+001	3.06847763e-006	3.06771422e-006	-6.84428285e-008	
1.43255814e+001	3.52046219e-006	3.51975255e-006	-7.06824969e-008	
1.44257603e+001	3.99321675e-006	3.99302392e-006	-3.92426421e-008	
1.45259392e+001	4.61220295e-006	4.61220291e-006	-5.41206903e-010	
1.46261181e+001	5.15748794e-006	5.15652690e-006	9.95602650e-008	
1.47262970e+001	5.37713652e-006	5.36933175e-006	2.89609542e-007	
1.48264758e+001	5.28075426e-006	5.24901677e-006	5.78090413e-007	
1.49266547e+001	4.46874677e-006	4.41042115e-006	7.19640842e-007	
1.50268336e+001	2.95441066e-006	2.87244264e-006	6.91097423e-007	
1.51270125e+001	1.29434841e-006	1.16408381e-006	5.65903418e-007	
1.52271914e+001	5.13072393e-007	-2.62749304e-007	4.40688193e-007	
1.53273703e+001	1.31743688e-006	-1.26742838e-006	3.59534764e-007	
1.54275492e+001	1.96925686e-006	-1.94423370e-006	3.12934336e-007	
1.55277281e+001	2.63922833e-006	-2.62582184e-006	2.65679960e-007	
1.56279070e+001	3.25240582e-006	-3.24448264e-006	2.26883228e-007	
1.57280859e+001	3.85077707e-006	-3.84588189e-006	1.94104295e-007	
1.58282648e+001	4.45020622e-006	-4.44728114e-006	1.61325361e-007	
1.59284436e+001	4.95047906e-006	-4.94862817e-006	1.35359414e-007	
1.60286225e+001	5.26928347e-006	-5.26787573e-006	1.21793403e-007	
1.61288014e+001	5.59045956e-006	-5.58940351e-006	1.08657647e-007	
1.62289803e+001	5.94659527e-006	-5.94571895e-006	1.02085956e-007	
1.63291592e+001	6.30275815e-006	-6.30203438e-006	9.55142642e-008	
1.64293381e+001	6.65894384e-006	-6.65834982e-006	8.89425728e-008	
1.65295170e+001	7.01514886e-006	-7.01466525e-006	8.23708814e-008	
1.66296959e+001	7.43673995e-006	-7.43638675e-006	7.24783164e-008	
1.67298748e+001	7.85293209e-006	-7.85266538e-006	6.47209697e-008	
1.68300537e+001	8.21856964e-006	-8.21835170e-006	5.98515941e-008	
1.69302326e+001	8.56175093e-006	-8.56157085e-006	5.55290079e-008	
1.70304114e+001	8.90493723e-006	-8.90479000e-006	5.12064218e-008	
1.71305903e+001	9.24812799e-006	-9.24800915e-006	4.68838357e-008	
1.72307692e+001	9.68710187e-006	-9.68700965e-006	4.22694158e-008	
1.73309481e+001	1.02153831e-005	-1.02153147e-005	3.73828961e-008	
1.74311270e+001	1.07436690e-005	-1.07436198e-005	3.24963764e-008	
1.75313059e+001	1.12175553e-005	-1.12175196e-005	2.82745195e-008	
1.76314848e+001	1.16044068e-005	-1.16043796e-005	2.51160174e-008	
1.77316637e+001	1.20853429e-005	-1.20853256e-005	2.04813568e-008	
1.78318426e+001	1.26226280e-005	-1.26226192e-005	1.49626306e-008	
1.79320215e+001	1.31667782e-005	-1.31667746e-005	9.68150735e-009	
1.80322004e+001	1.37185433e-005	-1.37185425e-005	4.66397435e-009	
1.81323792e+001	1.42703104e-005	-1.42703104e-005	-3.53558646e-010	
1.82325581e+001	1.48576513e-005	-1.48576501e-005	-5.96768679e-009	
1.83327370e+001	1.57555487e-005	-1.57555398e-005	-1.67902365e-008	
1.84329159e+001	1.66534524e-005	-1.66534295e-005	-2.76127863e-008	
1.85330948e+001	1.75513612e-005	-1.75513192e-005	-3.84353360e-008	
1.86332737e+001	1.84492746e-005	-1.84492089e-005	-4.92578858e-008	
1.87334526e+001	1.93471918e-005	-1.93470986e-005	-6.00804355e-008	
1.88336315e+001	2.03387060e-005	-2.03385796e-005	-7.17083556e-008	
1.89338104e+001	2.13475490e-005	-2.13473890e-005	-8.26595211e-008	
1.90339893e+001	2.23563944e-005	-2.23561984e-005	-9.36106867e-008	
1.91341682e+001	2.33652417e-005	-2.33650078e-005	-1.04561852e-007	
1.92343470e+001	2.43740909e-005	-2.43738172e-005	-1.15513018e-007	
1.93345259e+001	2.53829416e-005	-2.53826266e-005	-1.26464183e-007	
1.94347048e+001	2.65893078e-005	-2.65889430e-005	-1.39274461e-007	
1.95348837e+001	2.85862310e-005	-2.85857859e-005	-1.59525875e-007	
1.96350626e+001	3.05831571e-005	-3.05826288e-005	-1.79777290e-007	
1.97352415e+001	3.22554181e-005	-3.22548200e-005	-1.96419972e-007	
1.98354204e+001	3.39187653e-005	-3.39181759e-005	-1.99946874e-007	
1.99355993e+001	3.57312551e-005	-3.57308903e-005	-1.61441944e-007	
2.00357782e+001	3.75438060e-005	-3.75436048e-005	-1.22937014e-007	
2.01359571e+001	3.93564097e-005	-3.93563192e-005	-8.44320837e-008	
2.02361360e+001	4.13448320e-005	-4.13448069e-005	-4.55054537e-008	
2.03363148e+001	4.31060180e-005	-4.31060171e-005	8.79632368e-009	
2.04364937e+001	4.46768257e-005	-4.46767938e-005	5.34299685e-008	
2.05366726e+001	4.62476744e-005	-4.62475705e-005	9.80636133e-008	
2.06368515e+001	4.78185601e-005	-4.78183471e-005	1.42697258e-007	
2.07370304e+001	4.91122708e-005	-4.91119110e-005	1.88000890e-007	
2.08372093e+001	5.00167911e-005	-5.00162426e-005	2.34245246e-007	
2.09373882e+001	5.09213467e-005	-5.09205742e-005	2.80489603e-007	
2.10375671e+001	5.18148087e-005	-5.18137983e-005	3.23576925e-007	
2.11377460e+001	5.23069194e-005	-5.23058067e-005	3.41181281e-007	
2.12379249e+001	5.28991220e-005	-5.28978661e-005	3.64521945e-007	
2.13381038e+001	5.34913316e-005	-5.34899254e-005	3.87862610e-007	
2.14382826e+001	5.40215314e-005	-5.40199852e-005	4.08719144e-007	
2.15384615e+001	5.40610823e-005	-5.40595282e-005	4.09922201e-007	
2.16386404e+001	5.41044042e-005	-5.41028407e-005	4.11321400e-007	
2.17388193e+001	5.40147044e-005	-5.40131647e-005	4.07839370e-007	
2.18389982e+001	5.38025657e-005	-5.38010776e-005	4.00156159e-007	
2.19391771e+001	5.35904277e-005	-5.35889905e-005	3.92472948e-007	
2.20393560e+001	5.27953218e-005	-5.27940939e-005	3.60061232e-007	
2.21395349e+001	5.19696287e-005	-5.19686040e-005	3.26351445e-007	
2.22397138e+001	5.11439513e-005	-5.11431141e-005	2.92641657e-007	
2.23398927e+001	5.02645588e-005	-5.02638661e-005	2.63887575e-007	
2.24400716e+001	4.90662416e-005	-4.90657767e-005	2.13599219e-007	
2.25402504e+001	4.77899549e-005	-4.77896951e-005	1.57589278e-007	
2.26404293e+001	4.65137245e-005	-4.65136135e-005	1.01579337e-007	
2.27406082e+001	4.48365936e-005	-4.48365712e-005	4.48066990e-008	
2.28407871e+001	4.29097281e-005	-4.29097263e-005	-1.24411064e-008	
2.29409660e+001	4.09829406e-005	-4.09828814e-005	-6.96889118e-008	
2.30411449e+001	3.91736695e-005	-3.91734818e-005	-1.21277153e-007	
2.31413238e+001	3.77650226e-005	-3.77647865e-005	-1.33536437e-007	
2.32415027e+001	3.60159049e-005	-3.60156231e-005	-1.42464195e-007	
2.33416816e+001	3.41726434e-005	-3.41723024e-005	-1.52653073e-007	
2.34418605e+001	3.23293919e-005	-3.23289818e-005	-1.62841951e-007	
2.35420394e+001	3.05830511e-005	-3.05825949e-005	-1.67045704e-007	
2.36422182e+001	2.90734969e-005	-2.90730750e-005	-1.56624227e-007	
2.37423971e+001	2.75639428e-005	-2.75635551e-005	-1.46202749e-007	
2.38425760e+001	2.60543890e-005	-2.60540352e-005	-1.35781272e-007	
2.39427549e+001	2.45385209e-005	-2.45382265e-005	-1.20198496e-007	
2.40429338e+001	2.32570380e-005	-2.32567989e-005	-1.05455127e-007	
2.41431127e+001	2.19646198e-005	-2.19644331e-005	-9.05595818e-008	
2.42432916e+001	2.06558310e-005	-2.06556932e-005	-7.54362335e-008	
2.43434705e+001	1.93470473e-005	-1.93469533e-005	-6.03128853e-008	
2.44436494e+001	1.81792781e-005	-1.81792143e-005	-4.81688850e-008	
2.45438283e+001	1.73416569e-005	-1.73416148e-005	-3.82200029e-008	
2.46440072e+001	1.65040396e-005	-1.65040153e-005	-2.82711207e-008	
2.47441860e+001	1.56664266e-005	-1.56664159e-005	-1.83222386e-008	
2.48443649e+001	1.48288187e-005	-1.48288164e-005	-8.37335644e-009	
2.49445438e+001	1.40306727e-005	-1.40306727e-005	-5.88213120e-011	
2.50447227e+001	1.34170325e-005	-1.34170312e-005	5.75413893e-009	
2.51449016e+001	1.28158873e-005	-1.28158821e-005	1.15457883e-008	
2.52450805e+001	1.22147452e-005	-1.22147329e-005	1.73374377e-008	
2.53452594e+001	1.16136067e-005	-1.16135837e-005	2.31290870e-008	
2.54454383e+001	1.10124725e-005	-1.10124345e-005	2.89207364e-008	
2.55456172e+001	1.04360451e-005	-1.04359894e-005	3.41109802e-008	
2.56457961e+001	9.89828764e-006	-9.89821092e-006	3.89708318e-008	
2.57459750e+001	9.40954728e-006	-9.40944521e-006	4.38271542e-008	
2.58461538e+001	8.92081234e-006	-8.92067950e-006	4.86834766e-008	
2.59463327e+001	8.42387130e-006	-8.42370071e-006	5.36097997e-008	
2.60465116e+001	7.89158143e-006	-7.89136209e-006	5.88374976e-008	
2.61466905e+001	7.35930232e-006	-7.35902346e-006	6.40651954e-008	
2.62468694e+001	6.83451105e-006	-6.83416066e-006	6.92055304e-008	
2.63470483e+001	6.38361077e-006	-6.38318575e-006	7.36626734e-008	
2.64472272e+001	5.87817812e-006	-5.87763547e-006	7.98700093e-008	
2.65474061e+001	5.35335894e-006	-5.35266058e-006	8.64677092e-008	
2.66475850e+001	4.82996184e-006	-4.82906581e-006	9.30311330e-008	
2.67477639e+001	4.33381084e-006	-4.33268179e-006	9.89187584e-008	
2.68479428e+001	3.85058021e-006	-3.84914710e-006	1.05045633e-007	
2.69481216e+001	3.33316082e-006	-3.33122426e-006	1.13604434e-007	
2.70483005e+001	2.81595255e-006	-2.81330142e-006	1.22163235e-007	
2.71484794e+001	2.29909789e-006	-2.29537858e-006	1.30722037e-007	
2.72486583e+001	1.78290439e-006	-1.77745574e-006	1.39280838e-007	
2.73488372e+001	1.35686177e-006	-1.34915903e-006	1.44373687e-007	
2.74490161e+001	9.67435248e-007	-9.55971840e-007	1.48488385e-007	
2.75491950e+001	5.81567260e-007	-5.60956629e-007	1.53454029e-007	
2.76493739e+001	2.29419587e-007	-1.65941418e-007	1.58419673e-007	
2.77495528e+001	2.81370867e-007	2.29073794e-007	1.63385316e-007	
2.78497317e+001	6.46397039e-007	6.24089005e-007	1.68350960e-007	
2.79499106e+001	8.85254112e-007	8.69611117e-007	1.65684485e-007	
2.80500894e+001	1.10074072e-006	1.08880618e-006	1.61651627e-007	
2.81502683e+001	1.31746382e-006	1.30800124e-006	1.57618769e-007	
2.82504472e+001	1.46771168e-006	1.45980087e-006	1.52180735e-007	
2.83506261e+001	1.18487743e-006	1.17685140e-006	1.37678304e-007	
2.84508050e+001	9.02348569e-007	8.93901921e-007	1.23175873e-007	
2.85509839e+001	6.58486374e-007	6.49187869e-007	1.10269741e-007	
2.86511628e+001	5.59003450e-007	5.49069565e-007	1.04916489e-007	
2.87513417e+001	3.93908620e-007	3.81278329e-007	9.89486590e-008	
2.88515206e+001	2.18896426e-007	1.98384541e-007	9.25160480e-008	
2.89516995e+001	1.00546973e-007	-5.54097165e-008	8.39014724e-008	
2.90518784e+001	2.46496428e-007	-2.33048121e-007	8.03060550e-008	
2.91520572e+001	3.75229531e-007	-3.67372554e-007	7.63846032e-008	
2.92522361e+001	4.98793453e-007	-4.93521402e-007	7.23293489e-008	
2.93524150e+001	6.23420059e-007	-6.19670249e-007	6.82740946e-008	
2.94525939e+001	7.59568624e-007	-7.56814164e-007	6.46282928e-008	
2.95527728e+001	9.30856334e-007	-9.28770614e-007	6.22788982e-008	
2.96529517e+001	1.02998322e-006	-1.02821893e-006	6.02599099e-008	
2.97531306e+001	1.08485130e-006	-1.08327593e-006	5.84432047e-008	
2.98533095e+001	1.14133886e-006	-1.13994582e-006	5.63730581e-008	
2.99534884e+001	1.19830784e-006	-1.19708011e-006	5.42299393e-008	
3.00536673e+001	1.25035494e-006	-1.24926624e-006	5.21665489e-008	
3.01538462e+001	1.26869654e-006	-1.26768521e-006	5.06472399e-008	
3.02540250e+001	1.28704215e-006	-1.28610417e-006	4.91279309e-008	
3.03542039e+001	1.30852931e-006	-1.30766379e-006	4.75853693e-008	
3.04543828e+001	1.33749280e-006	-1.33670172e-006	4.59944915e-008	
3.05545617e+001	1.34889911e-006	-1.34816031e-006	4.46384945e-008	
3.06547406e+001	1.36030765e-006	-1.35961889e-006	4.32824976e-008	
3.07549195e+001	1.37277057e-006	-1.37213131e-006	4.18892969e-008	
3.08550984e+001	1.38229751e-006	-1.38170285e-006	4.05418669e-008	
3.09552773e+001	1.38206269e-006	-1.38149904e-006	3.94676305e-008	
3.10554562e+001	1.38182870e-006	-1.38129523e-006	3.83933942e-008	
3.11556351e+001	1.38215330e-006	-1.38164950e-006	3.73150554e-008	
3.12558140e+001	1.38312942e-006	-1.38265478e-006	3.62319309e-008	
3.13559928e+001	1.38074021e-006	-1.38029123e-006	3.52086727e-008	
3.14561717e+001	1.37334010e-006	-1.37291073e-006	3.43388339e-008	
3.15563506e+001	1.36594033e-006	-1.36553023e-006	3.34689952e-008	
3.16565295e+001	1.35854091e-006	-1.35814973e-006	3.25991565e-008	
3.17567084e+001	1.35114184e-006	-1.35076923e-006	3.17293178e-008	
3.18568873e+001	1.34188150e-006	-1.34152521e-006	3.09206845e-008	
3.19570662e+001	1.33024320e-006	-1.32990401e-006	3.00384055e-008	
3.20572451e+001	1.31799507e-006	-1.31767363e-006	2.91067361e-008	
3.21574240e+001	1.30574726e-006	-1.30544325e-006	2.81750666e-008	
3.22576029e+001	1.29313057e-006	-1.29283998e-006	2.74127754e-008	
3.23577818e+001	1.27961067e-006	-1.27933103e-006	2.67506055e-008	
3.24579606e+001	1.26381437e-006	-1.26354379e-006	2.61502559e-008	
3.25581395e+001	1.25024779e-006	-1.24998693e-006	2.55386104e-008	
3.26583184e+001	1.23749058e-006	-1.23723959e-006	2.49228650e-008	
3.27584973e+001	1.22418094e-006	-1.22393956e-006	2.43091526e-008	
3.28586762e+001	1.20989819e-006	-1.20966607e-006	2.36990208e-008	
3.29588551e+001	1.19593270e-006	-1.19570914e-006	2.31227578e-008	
3.30590340e+001	1.18312151e-006	-1.18290431e-006	2.26697551e-008	
3.31592129e+001	1.17024016e-006	-1.17002930e-006	2.22142761e-008	
3.32593918e+001	1.15635765e-006	-1.15615359e-006	2.17234796e-008	
3.33595707e+001	1.14250106e-006	-1.14230370e-006	2.12352216e-008	
3.34597496e+001	1.12864636e-006	-1.12845549e-006	2.07563508e-008	
3.35599284e+001	1.11412769e-006	-1.11394293e-006	2.02896972e-008	
3.36601073e+001	1.09960906e-006	-1.09943036e-006	1.98230436e-008	
3.37602862e+001	1.08510968e-006	-1.08493578e-006	1.94259423e-008	
3.38604651e+001	1.07061156e-006	-1.07044236e-006	1.90333466e-008	
3.39606440e+001	1.05603030e-006	-1.05586584e-006	1.86365616e-008	
3.40608229e+001	1.04186362e-006	-1.04170394e-006	1.82403347e-008	
3.41610018e+001	1.02714538e-006	-1.02699116e-006	1.77984690e-008	
3.42611807e+001	1.01242716e-006	-1.01227837e-006	1.73566032e-008	
3.43613596e+001	9.98219258e-007	-9.98074812e-007	1.69810671e-008	
3.44615385e+001	9.84566839e-007	-9.84425576e-007	1.66777354e-008	
3.45617174e+001	9.70914426e-007	-9.70776340e-007	1.63744037e-008	
3.46618962e+001	9.57262431e-007	-9.57127584e-007	1.60670608e-008	
3.47620751e+001	9.43611950e-007	-9.43480580e-007	1.57451016e-008	
3.48622540e+001	9.30198134e-007	-9.30070073e-007	1.54346226e-008	
3.49624329e+001	9.17860098e-007	-9.17734623e-007	1.51763290e-008	
3.50626118e+001	9.05522065e-007	-9.05399172e-007	1.49180354e-008	
3.51627907e+001	8.93407145e-007	-8.93286852e-007	1.46603700e-008	
3.52629696e+001	8.81592930e-007	-8.81475259e-007	1.44035511e-008	
3.53631485e+001	8.69675355e-007	-8.69560286e-007	1.41468182e-008	
3.54633274e+001	8.56364891e-007	-8.56252217e-007	1.38912444e-008	
3.55635063e+001	8.43306539e-007	-8.43195891e-007	1.36604389e-008	
3.56636852e+001	8.30637346e-007	-8.30528156e-007	1.34678660e-008	
3.57638640e+001	8.17894969e-007	-8.17787335e-007	1.32686283e-008	
3.58640429e+001	8.04701700e-007	-8.04596227e-007	1.30283286e-008	
3.59642218e+001	7.91958133e-007	-7.91854527e-007	1.28098890e-008	
3.60644007e+001	7.79626606e-007	-7.79524680e-007	1.26063207e-008	
3.61645796e+001	7.68430692e-007	-7.68330075e-007	1.24348232e-008	
3.62647585e+001	7.57234778e-007	-7.57135470e-007	1.22633257e-008	
3.63649374e+001	7.45788534e-007	-7.45690316e-007	1.21032555e-008	
3.64651163e+001	7.34211835e-007	-7.34114594e-007	1.19491405e-008	
3.65652952e+001	7.22635139e-007	-7.22538872e-007	1.17950255e-008	
3.66654741e+001	7.11058444e-007	-7.10963150e-007	1.16409105e-008	
3.67656530e+001	6.99616948e-007	-6.99522654e-007	1.14861054e-008	
3.68658318e+001	6.88294151e-007	-6.88200894e-007	1.13299587e-008	
3.69660107e+001	6.77042643e-007	-6.76950404e-007	1.11754815e-008	
3.70661896e+001	6.65833172e-007	-6.65741939e-007	1.10219887e-008	
3.71663685e+001	6.54623704e-007	-6.54533474e-007	1.08684959e-008	
3.72665474e+001	6.43728786e-007	-6.43639268e-007	1.07351256e-008	
3.73667263e+001	6.33874526e-007	-6.33785470e-007	1.06251028e-008	
3.74669052e+001	6.24020271e-007	-6.23931673e-007	1.05150801e-008	
3.75670841e+001	6.14166021e-007	-6.14077875e-007	1.04050573e-008	
3.76672630e+001	6.04311776e-007	-6.04224077e-007	1.02950345e-008	
3.77674419e+001	5.94457537e-007	-5.94370279e-007	1.01850118e-008	
3.78676208e+001	5.84991905e-007	-5.84904705e-007	1.01002585e-008	
3.79677996e+001	5.75821805e-007	-5.75734362e-007	1.00347218e-008	
3.80679785e+001	5.66651720e-007	-5.66564019e-007	9.96918505e-009	
3.81681574e+001	5.57150861e-007	-5.57062732e-007	9.90932329e-009	
3.82683363e+001	5.46495330e-007	-5.46406207e-007	9.86927129e-009	
3.83685152e+001	5.35839841e-007	-5.35749682e-007	9.82921929e-009	
3.84686941e+001	5.25679388e-007	-5.25588185e-007	9.79181204e-009	
3.85688730e+001	5.15950924e-007	-5.15858666e-007	9.75671269e-009	
3.86690519e+001	5.05933599e-007	-5.05839987e-007	9.73213121e-009	
3.87692308e+001	4.94863882e-007	-4.94767905e-007	9.74586602e-009	
3.88694097e+001	4.83794274e-007	-4.83695823e-007	9.75960083e-009	
3.89695886e+001	4.72724782e-007	-4.72623742e-007	9.77333563e-009	
3.90697674e+001	4.61000526e-007	-4.60896139e-007	9.80989968e-009	
3.91699463e+001	4.49918221e-007	-4.49810030e-007	9.86623888e-009	
3.92701252e+001	4.38836115e-007	-4.38723921e-007	9.92257808e-009	
3.93703041e+001	4.27754225e-007	-4.27637812e-007	9.97891729e-009	
3.94704830e+001	4.16672566e-007	-4.16551702e-007	1.00352565e-008	
3.95706619e+001	4.03398879e-007	-4.03269928e-007	1.01990534e-008	
3.96708408e+001	3.84400798e-007	-3.84253418e-007	1.06435133e-008	
3.97710197e+001	3.65405175e-007	-3.65236907e-007	1.10879731e-008	
3.98711986e+001	3.47639948e-007	-3.47447512e-007	1.15654409e-008	
3.99713775e+001	3.31652360e-007	-3.31428939e-007	1.21715490e-008	
4.00715564e+001	3.14978940e-007	-3.14719026e-007	1.27932581e-008	
4.01717352e+001	2.98310900e-007	-2.98009114e-007	1.34149673e-008	
4.02719141e+001	2.81649195e-007	-2.81299201e-007	1.40366764e-008	
4.03720930e+001	2.55511533e-007	-2.55032982e-007	1.56307952e-008	
4.04722719e+001	2.22622537e-007	-2.21936317e-007	1.74661198e-008	
4.05724508e+001	1.83080819e-007	-1.82041150e-007	1.94834810e-008	
4.06726297e+001	1.38156529e-007	-1.36336101e-007	2.23538356e-008	
4.07728086e+001	7.07824065e-008	-6.54989081e-008	2.68336005e-008	
4.08729875e+001	3.01626896e-008	-1.05923797e-009	3.01440849e-008	
4.09731664e+001	1.01609266e-007	9.51200190e-008	3.57298887e-008	
4.10733453e+001	1.79556169e-007	1.76509789e-007	3.29349679e-008	
4.11735242e+001	2.27937550e-007	2.26582541e-007	2.48168980e-008	
4.12737030e+001	2.45551300e-007	2.45337178e-007	1.02523260e-008	
4.13738819e+001	2.30915235e-007	2.30914502e-007	-5.81984200e-010	
4.14740608e+001	2.08358537e-007	2.08301403e-007	-4.87912296e-009	
4.15742397e+001	1.78815369e-007	1.78703534e-007	-6.32321647e-009	
4.16744186e+001	1.60388327e-007	1.60226588e-007	-7.20109435e-009	
4.17745975e+001	1.38642464e-007	1.38477886e-007	-6.75336793e-009	
4.18747764e+001	1.23124118e-007	1.22965784e-007	-6.24215946e-009	
4.19749553e+001	1.10624670e-007	1.10472552e-007	-5.79939332e-009	
4.20751342e+001	1.00533131e-007	1.00373378e-007	-5.66527006e-009	
4.21753131e+001	9.04664104e-008	9.03185814e-008	-5.16964854e-009	
4.22754919e+001	8.17093592e-008	8.15694549e-008	-4.77947772e-009	
4.23756708e+001	7.33128083e-008	7.31834791e-008	-4.35272730e-009	
4.24758497e+001	6.71542053e-008	6.70320272e-008	-4.04902581e-009	
4.25760286e+001	6.23984240e-008	6.22802167e-008	-3.83899994e-009	
4.26762075e+001	5.86041066e-008	5.84886911e-008	-3.67618261e-009	
4.27763864e+001	5.54089313e-008	5.52968159e-008	-3.52304130e-009	
4.28765653e+001	5.28282793e-008	5.27226670e-008	-3.33878403e-009	
4.29767442e+001	5.09354510e-008	5.08334607e-008	-3.22171478e-009	
4.30769231e+001	5.00788616e-008	4.99752103e-008	-3.22036302e-009	
4.31771020e+001	4.95673490e-008	4.94635348e-008	-3.20636972e-009	
4.32772809e+001	4.99556210e-008	4.98510237e-008	-3.23102150e-009	
4.33774597e+001	5.05554685e-008	5.04496177e-008	-3.26978006e-009	
4.34776386e+001	5.22216112e-008	5.21103864e-008	-3.40650843e-009	
4.35778175e+001	5.50928965e-008	5.49733450e-008	-3.62747666e-009	
4.36779964e+001	5.90963895e-008	5.89670652e-008	-3.90748915e-009	
4.37781753e+001	6.35526553e-008	6.34252087e-008	-4.02279746e-009	
4.38783542e+001	6.74240852e-008	6.73057211e-008	-3.99339093e-009	
4.39785331e+001	7.38482726e-008	7.37509238e-008	-3.79059476e-009	
4.40787120e+001	8.30593087e-008	8.29876017e-008	-3.45061081e-009	
4.41788909e+001	9.20678952e-008	9.20396791e-008	-2.27921045e-009	
4.42790698e+001	9.90195365e-008	9.90179767e-008	5.55788282e-010	
4.43792487e+001	1.00249008e-007	9.99900725e-008	7.20062142e-009	
4.44794275e+001	8.16478745e-008	8.05919442e-008	1.30886953e-008	
4.45796064e+001	5.06387089e-008	4.80321841e-008	1.60370861e-008	
4.46797853e+001	1.50505685e-008	2.64940435e-009	1.48155415e-008	
4.47799642e+001	3.62957500e-008	-3.37292903e-008	1.34058362e-008	
4.48801431e+001	6.87668044e-008	-6.77971438e-008	1.15074183e-008	
4.49803220e+001	8.45147057e-008	-8.38550185e-008	1.05390393e-008	
4.50805009e+001	1.00370233e-007	-9.99128932e-008	9.57066020e-009	
4.51806798e+001	1.15023409e-007	-1.14704276e-007	8.56233770e-009	
4.52808587e+001	1.26953870e-007	-1.26706885e-007	7.91519593e-009	
4.53810376e+001	1.38899778e-007	-1.38709494e-007	7.26805415e-009	
4.54812165e+001	1.50857464e-007	-1.50712103e-007	6.62091237e-009	
4.55813953e+001	1.55731087e-007	-1.55609134e-007	6.16189636e-009	
4.56815742e+001	1.59669025e-007	-1.59566257e-007	5.72776514e-009	
4.57817531e+001	1.63314152e-007	-1.63223668e-007	5.43567066e-009	
4.58819320e+001	1.66801107e-007	-1.66719401e-007	5.22019642e-009	
4.59821109e+001	1.70288694e-007	-1.70215135e-007	5.00472217e-009	
4.60822898e+001	1.73380075e-007	-1.73313594e-007	4.80089438e-009	
4.61824687e+001	1.73901897e-007	-1.73839114e-007	4.67249462e-009	
4.62826476e+001	1.74423836e-007	-1.74364634e-007	4.54409485e-009	
4.63828265e+001	1.74945890e-007	-1.74890154e-007	4.41569509e-009	
4.64830054e+001	1.76605663e-007	-1.76553731e-007	4.28255864e-009	
4.65831843e+001	1.78634682e-007	-1.78586519e-007	4.14788550e-009	
4.66833631e+001	1.79642793e-007	-1.79597638e-007	4.02759580e-009	
4.67835420e+001	1.79181861e-007	-1.79138802e-007	3.92800067e-009	
4.68837209e+001	1.79340705e-007	-1.79299434e-007	3.84728965e-009	
4.69838998e+001	1.79842431e-007	-1.79802765e-007	3.77702561e-009	
4.70840787e+001	1.80344194e-007	-1.80306096e-007	3.70676156e-009	
4.71842576e+001	1.80845992e-007	-1.80809427e-007	3.63649751e-009	
4.72844365e+001	1.80703668e-007	-1.80668308e-007	3.57462594e-009	
4.73846154e+001	1.80428539e-007	-1.80394085e-007	3.52588017e-009	
4.74847943e+001	1.80321488e-007	-1.80288062e-007	3.47181363e-009	
4.75849732e+001	1.80214452e-007	-1.80182040e-007	3.41774709e-009	
4.76851521e+001	1.80107431e-007	-1.80076018e-007	3.36368055e-009	
4.77853309e+001	1.80002241e-007	-1.79971812e-007	3.30963612e-009	
4.78855098e+001	1.80162470e-007	-1.80132995e-007	3.25882372e-009	
4.79856887e+001	1.80158847e-007	-1.80130255e-007	3.20960233e-009	
4.80858676e+001	1.80030281e-007	-1.80002518e-007	3.16159414e-009	
4.81860465e+001	1.79901727e-007	-1.79874781e-007	3.11358595e-009	
4.82862254e+001	1.79773184e-007	-1.79747045e-007	3.06557776e-009	
4.83864043e+001	1.79644653e-007	-1.79619308e-007	3.01756957e-009	
4.84865832e+001	1.79425843e-007	-1.79401169e-007	2.97551938e-009	
4.85867621e+001	1.78998616e-007	-1.78974380e-007	2.94550006e-009	
4.86869410e+001	1.78571392e-007	-1.78547590e-007	2.91548074e-009	
4.87871199e+001	1.78144170e-007	-1.78120801e-007	2.88546142e-009	
4.88872987e+001	1.77716952e-007	-1.77694011e-007	2.85544210e-009	
4.89874776e+001	1.77289737e-007	-1.77267221e-007	2.82542278e-009	
4.90876565e+001	1.76922279e-007	-1.76900182e-007	2.79613131e-009	
4.91878354e+001	1.76561196e-007	-1.76539506e-007	2.76749896e-009	
4.92880143e+001	1.76099661e-007	-1.76078350e-007	2.73957127e-009	
4.93881932e+001	1.75649091e-007	-1.75628163e-007	2.71137188e-009	
4.94883721e+001	1.75331145e-007	-1.75310663e-007	2.67988555e-009	
4.95885510e+001	1.74924719e-007	-1.74904626e-007	2.65127242e-009	
4.96887299e+001	1.74400649e-007	-1.74380871e-007	2.62647942e-009	
4.97889088e+001	1.73928548e-007	-1.73909070e-007	2.60290830e-009	
4.98890877e+001	1.73500896e-007	-1.73481707e-007	2.58038230e-009	
4.99892665e+001	1.73072014e-007	-1.73053111e-007	2.55786739e-009	
5.00894454e+001	1.72534063e-007	-1.72515420e-007	2.53633420e-009	
5.01896243e+001	1.72016237e-007	-1.71997859e-007	2.51445802e-009	
5.02898032e+001	1.71610503e-007	-1.71592428e-007	2.49067138e-009	
5.03899821e+001	1.71204771e-007	-1.71186998e-007	2.46688474e-009	
5.04901610e+001	1.70736118e-007	-1.70718577e-007	2.44735695e-009	
5.05903399e+001	1.70257804e-007	-1.70240483e-007	2.42848320e-009	
5.06905188e+001	1.69779490e-007	-1.69762390e-007	2.40960945e-009	
5.07906977e+001	1.69309077e-007	-1.69292198e-007	2.39070391e-009	
5.08908766e+001	1.68913167e-007	-1.68896484e-007	2.37392163e-009	
5.09910555e+001	1.68511434e-007	-1.68494933e-007	2.35811383e-009	
5.10912343e+001	1.68109743e-007	-1.68093424e-007	2.34229628e-009	
5.11914132e+001	1.67709011e-007	-1.67692876e-007	2.32625319e-009	
5.12915921e+001	1.67301848e-007	-1.67285896e-007	2.31027657e-009	
5.13917710e+001	1.66898950e-007	-1.66883149e-007	2.29654286e-009	
5.14919499e+001	1.66497048e-007	-1.66481410e-007	2.28187345e-009	
5.15921288e+001	1.66095145e-007	-1.66079671e-007	2.26720405e-009	
5.16923077e+001	1.65693244e-007	-1.65677932e-007	2.25253464e-009	
5.17924866e+001	1.65291342e-007	-1.65276193e-007	2.23786524e-009	
5.18926655e+001	1.64902189e-007	-1.64887203e-007	2.22313839e-009	
5.19928444e+001	1.64578640e-007	-1.64563827e-007	2.20811588e-009	
5.20930233e+001	1.64259539e-007	-1.64244874e-007	2.19492970e-009	
5.21932021e+001	1.63947331e-007	-1.63932775e-007	2.18458977e-009	
5.22933810e+001	1.63635123e-007	-1.63620677e-007	2.17424985e-009	
5.23935599e+001	1.63322915e-007	-1.63308579e-007	2.16390992e-009	
5.24937388e+001	1.62951261e-007	-1.62937052e-007	2.15186759e-009	
5.25939177e+001	1.62614322e-007	-1.62600222e-007	2.14134305e-009	
5.26940966e+001	1.62271009e-007	-1.62257027e-007	2.13017605e-009	
5.27942755e+001	1.61923032e-007	-1.61909173e-007	2.11853888e-009	
5.28944544e+001	1.61575056e-007	-1.61561318e-007	2.10690170e-009	
5.29946333e+001	1.61301486e-007	-1.61287841e-007	2.09802071e-009	
5.30948122e+001	1.61007728e-007	-1.60994180e-007	2.08871559e-009	
5.31949911e+001	1.60713900e-007	-1.60700447e-007	2.07940828e-009	
5.32951699e+001	1.60411379e-007	-1.60398022e-007	2.07005809e-009	
5.33953488e+001	1.60106385e-007	-1.60093123e-007	2.06069569e-009	
5.34955277e+001	1.59818576e-007	-1.59805396e-007	2.05246020e-009	
5.35957066e+001	1.59630776e-007	-1.59617647e-007	2.04725924e-009	
5.36958855e+001	1.59468042e-007	-1.59454960e-007	2.04257077e-009	
5.37960644e+001	1.59305308e-007	-1.59292273e-007	2.03788230e-009	
5.38962433e+001	1.59118564e-007	-1.59105585e-007	2.03232151e-009	
5.39964222e+001	1.58928489e-007	-1.58915566e-007	2.02663970e-009	
5.40966011e+001	1.58732644e-007	-1.58719788e-007	2.02019912e-009	
5.41967800e+001	1.58527155e-007	-1.58514363e-007	2.01386790e-009	
5.42969589e+001	1.58320484e-007	-1.58307753e-007	2.00773763e-009	
5.43971377e+001	1.58113813e-007	-1.58101143e-007	2.00160737e-009	
5.44973166e+001	1.57931579e-007	-1.57918964e-007	1.99612113e-009	
5.45974955e+001	1.57785014e-007	-1.57772444e-007	1.99157496e-009	
5.46976744e+001	1.57633019e-007	-1.57620497e-007	1.98688224e-009	
5.47978533e+001	1.57452585e-007	-1.57440117e-007	1.98142178e-009	
5.48980322e+001	1.57300637e-007	-1.57288215e-007	1.97685326e-009	
5.49982111e+001	1.57206716e-007	-1.57194321e-007	1.97410165e-009	
5.50983900e+001	1.57112795e-007	-1.57100427e-007	1.97135003e-009	
5.51985689e+001	1.57029201e-007	-1.57016856e-007	1.96891795e-009	
5.52987478e+001	1.56949930e-007	-1.56937608e-007	1.96661965e-009	
5.53989267e+001	1.56870659e-007	-1.56858360e-007	1.96432136e-009	
5.54991055e+001	1.56794568e-007	-1.56782290e-007	1.96216613e-009	
5.55992844e+001	1.56761059e-007	-1.56748789e-007	1.96130866e-009	
5.56994633e+001	1.56729851e-007	-1.56717588e-007	1.96055854e-009	
5.57996422e+001	1.56718510e-007	-1.56706249e-007	1.96035211e-009	
5.58998211e+001	1.56715605e-007	-1.56703343e-007	1.96038091e-009	
5.60000000e+001	1.56709569e-007	-1.56697309e-007	1.96015994e-009	
