% Column 0: Length, cm
% Column 1: |B.t|, Tesla
% Column 2: Re[B.t], Tesla
% Column 3: Im[B.t], Tesla
0.00000000e+000	3.74974928e-006	-3.74939343e-006	5.16578990e-008	
1.00178891e-001	3.74989747e-006	-3.74954160e-006	5.16606255e-008	
2.00357782e-001	3.75017336e-006	-3.74981746e-006	5.16651179e-008	
3.00536673e-001	3.75034948e-006	-3.74999358e-006	5.16655349e-008	
4.00715564e-001	3.75238877e-006	-3.75203252e-006	5.17057694e-008	
5.00894454e-001	3.75623457e-006	-3.75587758e-006	5.17853482e-008	
6.01073345e-001	3.76012248e-006	-3.75976475e-006	5.18659568e-008	
7.01252236e-001	3.76536291e-006	-3.76500419e-006	5.19738928e-008	
8.01431127e-001	3.77066767e-006	-3.77030795e-006	5.20831285e-008	
9.01610018e-001	3.77597243e-006	-3.77561170e-006	5.21923642e-008	
1.00178891e+000	3.78081582e-006	-3.78045418e-006	5.22917441e-008	
1.10196780e+000	3.78857833e-006	-3.78821522e-006	5.24515933e-008	
1.20214669e+000	3.79585824e-006	-3.79549375e-006	5.26017666e-008	
1.30232558e+000	3.80313815e-006	-3.80277228e-006	5.27519400e-008	
1.40250447e+000	3.81065392e-006	-3.81028665e-006	5.29049214e-008	
1.50268336e+000	3.81945615e-006	-3.81908739e-006	5.30732195e-008	
1.60286225e+000	3.83007487e-006	-3.82970416e-006	5.32876122e-008	
1.70304114e+000	3.84085849e-006	-3.84048578e-006	5.35061891e-008	
1.80322004e+000	3.85164211e-006	-3.85126740e-006	5.37247660e-008	
1.90339893e+000	3.86220726e-006	-3.86183058e-006	5.39391552e-008	
2.00357782e+000	3.87135552e-006	-3.87097713e-006	5.41263860e-008	
2.10375671e+000	3.88211215e-006	-3.88173168e-006	5.43493180e-008	
2.20393560e+000	3.89399264e-006	-3.89360992e-006	5.45934287e-008	
2.30411449e+000	3.90479745e-006	-3.90441277e-006	5.48096851e-008	
2.40429338e+000	3.91560227e-006	-3.91521561e-006	5.50259414e-008	
2.50447227e+000	3.92640708e-006	-3.92601845e-006	5.52421978e-008	
2.60465116e+000	3.93830065e-006	-3.93790979e-006	5.54842695e-008	
2.70483005e+000	3.95342806e-006	-3.95303421e-006	5.58030186e-008	
2.80500894e+000	3.96855548e-006	-3.96815863e-006	5.61217677e-008	
2.90518784e+000	3.98368290e-006	-3.98328305e-006	5.64405168e-008	
3.00536673e+000	3.99881032e-006	-3.99840748e-006	5.67592660e-008	
3.10554562e+000	4.01783246e-006	-4.01742603e-006	5.71471254e-008	
3.20572451e+000	4.03710740e-006	-4.03669733e-006	5.75394705e-008	
3.30590340e+000	4.05825030e-006	-4.05783614e-006	5.79771977e-008	
3.40608229e+000	4.08140658e-006	-4.08098783e-006	5.84638396e-008	
3.50626118e+000	4.10456286e-006	-4.10413951e-006	5.89504815e-008	
3.60644007e+000	4.12771915e-006	-4.12729119e-006	5.94371234e-008	
3.70661896e+000	4.15172803e-006	-4.15129510e-006	5.99555725e-008	
3.80679785e+000	4.17623072e-006	-4.17579284e-006	6.04745837e-008	
3.90697674e+000	4.19888201e-006	-4.19843961e-006	6.09501927e-008	
4.00715564e+000	4.22100492e-006	-4.22055813e-006	6.14134153e-008	
4.10733453e+000	4.24312784e-006	-4.24267665e-006	6.18766378e-008	
4.20751342e+000	4.26632931e-006	-4.26587342e-006	6.23677521e-008	
4.30769231e+000	4.29288817e-006	-4.29242666e-006	6.29456910e-008	
4.40787120e+000	4.31944704e-006	-4.31897991e-006	6.35236299e-008	
4.50805009e+000	4.34600591e-006	-4.34553315e-006	6.41015688e-008	
4.60822898e+000	4.37286161e-006	-4.37238320e-006	6.46818753e-008	
4.70840787e+000	4.40398403e-006	-4.40349913e-006	6.53509499e-008	
4.80858676e+000	4.43545403e-006	-4.43496211e-006	6.60573027e-008	
4.90876565e+000	4.46692405e-006	-4.46642509e-006	6.67636555e-008	
5.00894454e+000	4.49834199e-006	-4.49783599e-006	6.74689096e-008	
5.10912343e+000	4.52910868e-006	-4.52859576e-006	6.81604272e-008	
5.20930233e+000	4.56345101e-006	-4.56293032e-006	6.89346597e-008	
5.30948122e+000	4.59866430e-006	-4.59813588e-006	6.97122295e-008	
5.40966011e+000	4.63387760e-006	-4.63334143e-006	7.04897993e-008	
5.50983900e+000	4.66973605e-006	-4.66919236e-006	7.12565071e-008	
5.61001789e+000	4.70621608e-006	-4.70566509e-006	7.20127497e-008	
5.71019678e+000	4.74325677e-006	-4.74269756e-006	7.28330437e-008	
5.81037567e+000	4.78055248e-006	-4.77998461e-006	7.36824708e-008	
5.91055456e+000	4.81784820e-006	-4.81727167e-006	7.45318979e-008	
6.01073345e+000	4.85529171e-006	-4.85470638e-006	7.53897668e-008	
6.11091234e+000	4.89084408e-006	-4.89024993e-006	7.62326717e-008	
6.21109123e+000	4.92914256e-006	-4.92853912e-006	7.71262851e-008	
6.31127013e+000	4.96744105e-006	-4.96682831e-006	7.80198985e-008	
6.41144902e+000	5.00673465e-006	-5.00611217e-006	7.89483629e-008	
6.51162791e+000	5.05299004e-006	-5.05235480e-006	8.01206476e-008	
6.61180680e+000	5.09854770e-006	-5.09790117e-006	8.11932264e-008	
6.71198569e+000	5.14402477e-006	-5.14336709e-006	8.22542847e-008	
6.81216458e+000	5.18950186e-006	-5.18883302e-006	8.33153430e-008	
6.91234347e+000	5.23743299e-006	-5.23675174e-006	8.44719079e-008	
7.01252236e+000	5.29176391e-006	-5.29106703e-006	8.58775407e-008	
7.11270125e+000	5.34456506e-006	-5.34385408e-006	8.71737540e-008	
7.21288014e+000	5.39725617e-006	-5.39653117e-006	8.84620944e-008	
7.31305903e+000	5.44994732e-006	-5.44920826e-006	8.97504347e-008	
7.41323792e+000	5.50263850e-006	-5.50188535e-006	9.10387751e-008	
7.51341682e+000	5.55532971e-006	-5.55456244e-006	9.23271155e-008	
7.61359571e+000	5.60829991e-006	-5.60751831e-006	9.36283653e-008	
7.71377460e+000	5.66404453e-006	-5.66324755e-006	9.50136049e-008	
7.81395349e+000	5.71978919e-006	-5.71897680e-006	9.63988445e-008	
7.91413238e+000	5.77553388e-006	-5.77470604e-006	9.77840841e-008	
8.01431127e+000	5.83127861e-006	-5.83043529e-006	9.91693237e-008	
8.11449016e+000	5.88702337e-006	-5.88616453e-006	1.00554563e-007	
8.21466905e+000	5.94276816e-006	-5.94189378e-006	1.01939803e-007	
8.31484794e+000	5.99851298e-006	-5.99762302e-006	1.03325042e-007	
8.41502683e+000	6.05989944e-006	-6.05899060e-006	1.04948383e-007	
8.51520572e+000	6.13141351e-006	-6.13048060e-006	1.06954393e-007	
8.61538462e+000	6.20292767e-006	-6.20197060e-006	1.08960403e-007	
8.71556351e+000	6.27444193e-006	-6.27346061e-006	1.10966413e-007	
8.81574240e+000	6.34595627e-006	-6.34495061e-006	1.12972423e-007	
8.91592129e+000	6.41747070e-006	-6.41644061e-006	1.14978433e-007	
9.01610018e+000	6.48898520e-006	-6.48793061e-006	1.16984443e-007	
9.11627907e+000	6.56306003e-006	-6.56197627e-006	1.19265730e-007	
9.21645796e+000	6.63741149e-006	-6.63629916e-006	1.21510274e-007	
9.31663685e+000	6.71176307e-006	-6.71062204e-006	1.23754818e-007	
9.41681574e+000	6.78611476e-006	-6.78494493e-006	1.25999362e-007	
9.51699463e+000	6.86046656e-006	-6.85926781e-006	1.28243906e-007	
9.61717352e+000	6.94062397e-006	-6.93939337e-006	1.30693024e-007	
9.71735242e+000	7.02466343e-006	-7.02339896e-006	1.33278931e-007	
9.81753131e+000	7.10870303e-006	-7.10740455e-006	1.35864839e-007	
9.91771020e+000	7.19274276e-006	-7.19141014e-006	1.38450746e-007	
1.00178891e+001	7.27826538e-006	-7.27689757e-006	1.41097916e-007	
1.01180680e+001	7.36634613e-006	-7.36494051e-006	1.43898054e-007	
1.02182469e+001	7.45442705e-006	-7.45298345e-006	1.46698192e-007	
1.03184258e+001	7.54250812e-006	-7.54102638e-006	1.49498330e-007	
1.04186047e+001	7.63058933e-006	-7.62906932e-006	1.52298468e-007	
1.05187835e+001	7.71465929e-006	-7.71309083e-006	1.55556607e-007	
1.06189624e+001	7.80104040e-006	-7.79942187e-006	1.58901761e-007	
1.07191413e+001	7.88783131e-006	-7.88616276e-006	1.62233758e-007	
1.08193202e+001	7.97462253e-006	-7.97290364e-006	1.65565755e-007	
1.09194991e+001	8.06141404e-006	-8.05964453e-006	1.68897752e-007	
1.10196780e+001	8.14820584e-006	-8.14638541e-006	1.72229750e-007	
1.11198569e+001	8.23353375e-006	-8.23164592e-006	1.76304864e-007	
1.12200358e+001	8.33576341e-006	-8.33381459e-006	1.80238669e-007	
1.13202147e+001	8.44011271e-006	-8.43810422e-006	1.84118604e-007	
1.14203936e+001	8.54446232e-006	-8.54239386e-006	1.87998540e-007	
1.15205725e+001	8.64641553e-006	-8.64428302e-006	1.92022717e-007	
1.16207513e+001	8.73351768e-006	-8.73129501e-006	1.97024277e-007	
1.17209302e+001	8.83819474e-006	-8.83589777e-006	2.01486446e-007	
1.18211091e+001	8.94287228e-006	-8.94050054e-006	2.05948616e-007	
1.19212880e+001	9.04755030e-006	-9.04510330e-006	2.10410785e-007	
1.20214669e+001	9.12749241e-006	-9.12495004e-006	2.15417053e-007	
1.21216458e+001	9.19436284e-006	-9.19171337e-006	2.20710875e-007	
1.22218247e+001	9.25637897e-006	-9.25357248e-006	2.27920770e-007	
1.23220036e+001	9.31630414e-006	-9.31331525e-006	2.35970243e-007	
1.24221825e+001	9.45296561e-006	-9.44985484e-006	2.42491959e-007	
1.25223614e+001	9.58962804e-006	-9.58639443e-006	2.49013675e-007	
1.26225403e+001	9.67973789e-006	-9.67634679e-006	2.56200126e-007	
1.27227191e+001	9.70383666e-006	-9.70023587e-006	2.64329208e-007	
1.28228980e+001	9.72794119e-006	-9.72412496e-006	2.72458291e-007	
1.29230769e+001	9.77148976e-006	-9.76744497e-006	2.81124443e-007	
1.30232558e+001	9.87934041e-006	-9.87503699e-006	2.91567071e-007	
1.31234347e+001	9.98719640e-006	-9.98262902e-006	3.02009698e-007	
1.32236136e+001	9.93226427e-006	-9.92727446e-006	3.14794175e-007	
1.33237925e+001	9.84755347e-006	-9.84208923e-006	3.28007375e-007	
1.34239714e+001	9.79724593e-006	-9.79130250e-006	3.41208500e-007	
1.35241503e+001	9.93828289e-006	-9.93196396e-006	3.54342424e-007	
1.36243292e+001	1.00793265e-005	-1.00726254e-005	3.67476348e-007	
1.37245081e+001	9.93650883e-006	-9.92879833e-006	3.91371196e-007	
1.38246869e+001	9.65063334e-006	-9.64145943e-006	4.20694452e-007	
1.39248658e+001	9.36493923e-006	-9.35412053e-006	4.50017707e-007	
1.40250447e+001	9.07944365e-006	-9.06678163e-006	4.79340962e-007	
1.41252236e+001	8.79416590e-006	-8.77944273e-006	5.08664218e-007	
1.42254025e+001	7.93468569e-006	-7.91534670e-006	5.53645725e-007	
1.43255814e+001	6.95403250e-006	-6.92723961e-006	6.09851972e-007	
1.44257603e+001	5.97636416e-006	-5.93913251e-006	6.66058220e-007	
1.45259392e+001	4.52219442e-006	-4.45672282e-006	7.66722948e-007	
1.46261181e+001	2.27272387e-006	-2.10419298e-006	8.58863024e-007	
1.47262970e+001	9.82892716e-007	2.48336860e-007	9.51003100e-007	
1.48264758e+001	3.19437561e-006	3.05341493e-006	9.38452343e-007	
1.49266547e+001	5.86205725e-006	5.79061615e-006	9.12403289e-007	
1.50268336e+001	8.63494116e-006	8.60775113e-006	6.84711229e-007	
1.51270125e+001	1.04103475e-005	1.04062244e-005	2.92967685e-007	
1.52271914e+001	1.08517861e-005	1.08491851e-005	-2.37582947e-007	
1.53273703e+001	1.09989523e-005	1.09913794e-005	-4.08081618e-007	
1.54275492e+001	1.07311740e-005	1.07200967e-005	-4.87464043e-007	
1.55277281e+001	1.06207522e-005	1.06087650e-005	-5.04462698e-007	
1.56279070e+001	1.07637646e-005	1.07513512e-005	-5.16792048e-007	
1.57280859e+001	1.11676584e-005	1.11551091e-005	-5.29278936e-007	
1.58282648e+001	1.15847758e-005	1.15725164e-005	-5.32819521e-007	
1.59284436e+001	1.22850593e-005	1.22726926e-005	-5.51087366e-007	
1.60286225e+001	1.31631780e-005	1.31507264e-005	-5.72408637e-007	
1.61288014e+001	1.39845161e-005	1.39723904e-005	-5.82234114e-007	
1.62289803e+001	1.50703947e-005	1.50583706e-005	-6.01890276e-007	
1.63291592e+001	1.63796527e-005	1.63675591e-005	-6.29310899e-007	
1.64293381e+001	1.76432759e-005	1.76315200e-005	-6.43962544e-007	
1.65295170e+001	1.93479225e-005	1.93358957e-005	-6.82087335e-007	
1.66296959e+001	2.14004089e-005	2.13877840e-005	-7.34979889e-007	
1.67298748e+001	2.35162468e-005	2.35032218e-005	-7.82577847e-007	
1.68300537e+001	2.62939509e-005	2.62798061e-005	-8.62349053e-007	
1.69302326e+001	2.95439131e-005	2.95288193e-005	-9.44264195e-007	
1.70304114e+001	3.32805532e-005	3.32655306e-005	-9.99847041e-007	
1.71305903e+001	3.68879950e-005	3.68746606e-005	-9.91756186e-007	
1.72307692e+001	4.18334428e-005	4.18207106e-005	-1.03204006e-006	
1.73309481e+001	4.78232334e-005	4.78124151e-005	-1.01716150e-006	
1.74311270e+001	5.43119432e-005	5.43044779e-005	-9.00473234e-007	
1.75313059e+001	6.27057010e-005	6.27031024e-005	-5.70862690e-007	
1.76314848e+001	7.04776155e-005	7.04764326e-005	4.08338038e-007	
1.77316637e+001	7.83358327e-005	7.83062974e-005	2.15092361e-006	
1.78318426e+001	8.29999923e-005	8.28190662e-005	5.47731631e-006	
1.79320215e+001	8.23329034e-005	8.18275249e-005	9.10841052e-006	
1.80322004e+001	6.49539392e-005	6.40173228e-005	1.09907504e-005	
1.81323792e+001	4.42071985e-005	4.27696235e-005	1.11819366e-005	
1.82325581e+001	1.81271744e-005	1.57461471e-005	8.98071842e-006	
1.83327370e+001	8.62510675e-006	-4.95184651e-006	7.06198857e-006	
1.84329159e+001	2.25230423e-005	-2.17767890e-005	5.74968640e-006	
1.85330948e+001	3.88559397e-005	-3.86017315e-005	4.43738423e-006	
1.86332737e+001	5.16049248e-005	-5.14775729e-005	3.62322472e-006	
1.87334526e+001	6.42859640e-005	-6.42224806e-005	2.85624826e-006	
1.88336315e+001	7.49944976e-005	-7.49578541e-005	2.34409608e-006	
1.89338104e+001	8.57640406e-005	-8.57413881e-005	1.97104956e-006	
1.90339893e+001	9.65381489e-005	-9.65249220e-005	1.59800303e-006	
1.91341682e+001	1.07879879e-004	-1.07874140e-004	1.11279954e-006	
1.92343470e+001	1.18941689e-004	-1.18939921e-004	6.48585547e-007	
1.93345259e+001	1.28858780e-004	-1.28858119e-004	4.12698471e-007	
1.94347048e+001	1.40622341e-004	-1.40622064e-004	2.79163988e-007	
1.95348837e+001	1.52386080e-004	-1.52386010e-004	1.45629504e-007	
1.96350626e+001	1.64149956e-004	-1.64149956e-004	1.20950209e-008	
1.97352415e+001	1.75340541e-004	-1.75340493e-004	-1.29751037e-007	
1.98354204e+001	1.86242185e-004	-1.86241971e-004	-2.82687127e-007	
1.99355993e+001	1.97143930e-004	-1.97143449e-004	-4.35623218e-007	
2.00357782e+001	2.08557416e-004	-2.08556713e-004	-5.41497119e-007	
2.01359571e+001	2.24802574e-004	-2.24802482e-004	-2.02989497e-007	
2.02361360e+001	2.41048289e-004	-2.41048251e-004	1.35518125e-007	
2.03363148e+001	2.49962567e-004	-2.49962274e-004	3.82523662e-007	
2.04364937e+001	2.57941768e-004	-2.57941028e-004	6.17856802e-007	
2.05366726e+001	2.65921151e-004	-2.65919782e-004	8.53189943e-007	
2.06368515e+001	2.73900699e-004	-2.73898536e-004	1.08852308e-006	
2.07370304e+001	2.83064523e-004	-2.83060905e-004	1.43120381e-006	
2.08372093e+001	2.93316248e-004	-2.93309797e-004	1.94530379e-006	
2.09373882e+001	2.98998487e-004	-2.98990439e-004	2.19379122e-006	
2.10375671e+001	3.03953627e-004	-3.03944401e-004	2.36822521e-006	
2.11377460e+001	3.08908828e-004	-3.08898363e-004	2.54265919e-006	
2.12379249e+001	3.13927412e-004	-3.13915623e-004	2.72064059e-006	
2.13381038e+001	3.16425226e-004	-3.16412771e-004	2.80741290e-006	
2.14382826e+001	3.17798267e-004	-3.17785415e-004	2.85807818e-006	
2.15384615e+001	3.19171314e-004	-3.19158059e-004	2.90874346e-006	
2.16386404e+001	3.19941825e-004	-3.19928462e-004	2.92414948e-006	
2.17388193e+001	3.20175933e-004	-3.20162693e-004	2.91172081e-006	
2.18389982e+001	3.18176717e-004	-3.18164379e-004	2.80191201e-006	
2.19391771e+001	3.16177527e-004	-3.16166066e-004	2.69210321e-006	
2.20393560e+001	3.13944647e-004	-3.13934058e-004	2.57851275e-006	
2.21395349e+001	3.06996852e-004	-3.06988666e-004	2.24190171e-006	
2.22397138e+001	3.02151184e-004	-3.02144337e-004	2.03422431e-006	
2.23398927e+001	2.97305618e-004	-2.97300007e-004	1.82654690e-006	
2.24400716e+001	2.92460159e-004	-2.92455678e-004	1.61886950e-006	
2.25402504e+001	2.85617130e-004	-2.85613974e-004	1.34274587e-006	
2.26404293e+001	2.76677086e-004	-2.76675297e-004	9.94762991e-007	
2.27406082e+001	2.67737402e-004	-2.67736620e-004	6.46780111e-007	
2.28407871e+001	2.58798116e-004	-2.58797944e-004	2.98797230e-007	
2.29409660e+001	2.50173512e-004	-2.50173512e-004	-5.82842241e-009	
2.30411449e+001	2.37827659e-004	-2.37827536e-004	-2.42044769e-007	
2.31413238e+001	2.23336828e-004	-2.23336265e-004	-5.01457428e-007	
2.32415027e+001	2.08846380e-004	-2.08844994e-004	-7.60870087e-007	
2.33416816e+001	2.01342538e-004	-2.01340576e-004	-8.88760373e-007	
2.34418605e+001	1.93441391e-004	-1.93439196e-004	-9.21473538e-007	
2.35420394e+001	1.84704959e-004	-1.84703022e-004	-8.45880222e-007	
2.36422182e+001	1.74816702e-004	-1.74815043e-004	-7.61432129e-007	
2.37423971e+001	1.63662663e-004	-1.63661303e-004	-6.67253200e-007	
2.38425760e+001	1.55276144e-004	-1.55275120e-004	-5.63948515e-007	
2.39427549e+001	1.47527023e-004	-1.47526311e-004	-4.58542149e-007	
2.40429338e+001	1.39839352e-004	-1.39838806e-004	-3.90880353e-007	
2.41431127e+001	1.32186449e-004	-1.32186000e-004	-3.44582018e-007	
2.42432916e+001	1.24533550e-004	-1.24533193e-004	-2.98283684e-007	
2.43434705e+001	1.18701374e-004	-1.18701085e-004	-2.61931268e-007	
2.44436494e+001	1.13370034e-004	-1.13369804e-004	-2.28314718e-007	
2.45438283e+001	1.08460904e-004	-1.08460750e-004	-1.82996146e-007	
2.46440072e+001	1.03893748e-004	-1.03893669e-004	-1.28199746e-007	
2.47441860e+001	9.93424437e-005	-9.93424163e-005	-7.38302513e-008	
2.48443649e+001	9.60793411e-005	-9.60793258e-005	-5.42028373e-008	
2.49445438e+001	9.28162417e-005	-9.28162353e-005	-3.45754233e-008	
2.50447227e+001	8.95531460e-005	-8.95531448e-005	-1.49480092e-008	
2.51449016e+001	8.62900544e-005	-8.62900543e-005	4.67940480e-009	
2.52450805e+001	8.31838596e-005	-8.31838566e-005	2.24995608e-008	
2.53452594e+001	8.01819577e-005	-8.01819487e-005	3.79395019e-008	
2.54454383e+001	7.71800593e-005	-7.71800408e-005	5.33794430e-008	
2.55456172e+001	7.41781649e-005	-7.41781330e-005	6.88193841e-008	
2.56457961e+001	7.14958330e-005	-7.14957915e-005	7.69843091e-008	
2.57459750e+001	6.88209373e-005	-6.88208848e-005	8.49799809e-008	
2.58461538e+001	6.61460434e-005	-6.61459780e-005	9.29756528e-008	
2.59463327e+001	6.34625032e-005	-6.34624228e-005	1.00994148e-007	
2.60465116e+001	6.17276163e-005	-6.17275289e-005	1.03870600e-007	
2.61466905e+001	6.00448069e-005	-6.00447120e-005	1.06766895e-007	
2.62468694e+001	5.83619981e-005	-5.83618951e-005	1.09663190e-007	
2.63470483e+001	5.66791899e-005	-5.66790782e-005	1.12559486e-007	
2.64472272e+001	5.49963825e-005	-5.49962613e-005	1.15455781e-007	
2.65474061e+001	5.33135758e-005	-5.33134444e-005	1.18352076e-007	
2.66475850e+001	5.15876997e-005	-5.15875588e-005	1.20570019e-007	
2.67477639e+001	4.98267375e-005	-4.98265876e-005	1.22235348e-007	
2.68479428e+001	4.83041696e-005	-4.83040130e-005	1.23005079e-007	
2.69481216e+001	4.69717397e-005	-4.69715785e-005	1.23060499e-007	
2.70483005e+001	4.56393101e-005	-4.56391440e-005	1.23115920e-007	
2.71484794e+001	4.43242942e-005	-4.43241232e-005	1.23132311e-007	
2.72486583e+001	4.30919135e-005	-4.30917380e-005	1.22963484e-007	
2.73488372e+001	4.18845301e-005	-4.18843504e-005	1.22684470e-007	
2.74490161e+001	4.08279450e-005	-4.08277635e-005	1.21740736e-007	
2.75491950e+001	3.97713599e-005	-3.97711765e-005	1.20797002e-007	
2.76493739e+001	3.87149996e-005	-3.87148141e-005	1.19866472e-007	
2.77495528e+001	3.76627624e-005	-3.76625738e-005	1.19178330e-007	
2.78497317e+001	3.67082335e-005	-3.67080428e-005	1.18318695e-007	
2.79499106e+001	3.59335344e-005	-3.59333435e-005	1.17143433e-007	
2.80500894e+001	3.51588354e-005	-3.51586442e-005	1.15968170e-007	
2.81502683e+001	3.43841365e-005	-3.43839448e-005	1.14792907e-007	
2.82504472e+001	3.36094376e-005	-3.36092455e-005	1.13617644e-007	
2.83506261e+001	3.26528464e-005	-3.26526525e-005	1.12526674e-007	
2.84508050e+001	3.17960367e-005	-3.17958416e-005	1.11388032e-007	
2.85509839e+001	3.09543658e-005	-3.09541701e-005	1.10074111e-007	
2.86511628e+001	3.00977713e-005	-3.00975751e-005	1.08661353e-007	
2.87513417e+001	2.92411769e-005	-2.92409802e-005	1.07248596e-007	
2.88515206e+001	2.83845825e-005	-2.83843852e-005	1.05835839e-007	
2.89516995e+001	2.78706395e-005	-2.78704429e-005	1.04684314e-007	
2.90518784e+001	2.73777252e-005	-2.73775294e-005	1.03548821e-007	
2.91520572e+001	2.68848108e-005	-2.68846158e-005	1.02413329e-007	
2.92522361e+001	2.63918965e-005	-2.63917022e-005	1.01277836e-007	
2.93524150e+001	2.58989822e-005	-2.58987886e-005	1.00142343e-007	
2.94525939e+001	2.53590016e-005	-2.53588085e-005	9.89724319e-008	
2.95527728e+001	2.47489609e-005	-2.47487674e-005	9.78528058e-008	
2.96529517e+001	2.41635282e-005	-2.41633349e-005	9.66563774e-008	
2.97531306e+001	2.35780955e-005	-2.35779023e-005	9.54599490e-008	
2.98533095e+001	2.29926629e-005	-2.29924697e-005	9.42635205e-008	
2.99534884e+001	2.24072304e-005	-2.24070371e-005	9.30670921e-008	
3.00536673e+001	2.18366939e-005	-2.18365006e-005	9.18698638e-008	
3.01538462e+001	2.12665261e-005	-2.12663328e-005	9.06726157e-008	
3.02540250e+001	2.07242951e-005	-2.07241023e-005	8.94115170e-008	
3.03542039e+001	2.03400378e-005	-2.03398453e-005	8.84766321e-008	
3.04543828e+001	1.99718140e-005	-1.99716220e-005	8.75822962e-008	
3.05545617e+001	1.95989258e-005	-1.95987341e-005	8.66808227e-008	
3.06547406e+001	1.92180572e-005	-1.92178658e-005	8.57671376e-008	
3.07549195e+001	1.88034960e-005	-1.88033045e-005	8.48589104e-008	
3.08550984e+001	1.83960464e-005	-1.83958547e-005	8.39711232e-008	
3.09552773e+001	1.79885968e-005	-1.79884049e-005	8.30833360e-008	
3.10554562e+001	1.75811473e-005	-1.75809551e-005	8.21955488e-008	
3.11556351e+001	1.71736978e-005	-1.71735053e-005	8.13077616e-008	
3.12558140e+001	1.67794837e-005	-1.67792908e-005	8.04698908e-008	
3.13559928e+001	1.64100334e-005	-1.64098399e-005	7.96853279e-008	
3.14561717e+001	1.60442353e-005	-1.60440413e-005	7.89057344e-008	
3.15563506e+001	1.56784373e-005	-1.56782427e-005	7.81261409e-008	
3.16565295e+001	1.53398253e-005	-1.53396301e-005	7.74038252e-008	
3.17567084e+001	1.50279115e-005	-1.50277155e-005	7.67498621e-008	
3.18568873e+001	1.47159978e-005	-1.47158010e-005	7.60958990e-008	
3.19570662e+001	1.44049479e-005	-1.44047504e-005	7.54436106e-008	
3.20572451e+001	1.41341390e-005	-1.41339407e-005	7.48693362e-008	
3.21574240e+001	1.38633302e-005	-1.38631311e-005	7.42950618e-008	
3.22576029e+001	1.36028026e-005	-1.36026030e-005	7.36810554e-008	
3.23577818e+001	1.33443300e-005	-1.33441300e-005	7.30591075e-008	
3.24579606e+001	1.30858574e-005	-1.30856569e-005	7.24371595e-008	
3.25581395e+001	1.28449185e-005	-1.28447181e-005	7.17406891e-008	
3.26583184e+001	1.25775546e-005	-1.25773538e-005	7.10674222e-008	
3.27584973e+001	1.22990414e-005	-1.22988398e-005	7.04127151e-008	
3.28586762e+001	1.20344751e-005	-1.20342736e-005	6.96490658e-008	
3.29588551e+001	1.17989635e-005	-1.17987638e-005	6.86584642e-008	
3.30590340e+001	1.15603945e-005	-1.15601962e-005	6.77201545e-008	
3.31592129e+001	1.12983976e-005	-1.12981979e-005	6.71825368e-008	
3.32593918e+001	1.10529087e-005	-1.10527079e-005	6.66332539e-008	
3.33595707e+001	1.08346527e-005	-1.08344513e-005	6.60647268e-008	
3.34597496e+001	1.06163968e-005	-1.06161948e-005	6.54961996e-008	
3.35599284e+001	1.04005969e-005	-1.04003953e-005	6.47571100e-008	
3.36601073e+001	1.01989879e-005	-1.01987867e-005	6.40720256e-008	
3.37602862e+001	1.00092646e-005	-1.00090613e-005	6.37959730e-008	
3.38604651e+001	9.80608485e-006	-9.80587926e-006	6.34985377e-008	
3.39606440e+001	9.59397185e-006	-9.59376383e-006	6.31784614e-008	
3.40608229e+001	9.38651848e-006	-9.38630783e-006	6.28839256e-008	
3.41610018e+001	9.18702891e-006	-9.18681540e-006	6.26330418e-008	
3.42611807e+001	8.98658646e-006	-8.98637000e-006	6.23732984e-008	
3.43613596e+001	8.79440867e-006	-8.79418876e-006	6.21919596e-008	
3.44615385e+001	8.61503398e-006	-8.61480739e-006	6.24823502e-008	
3.45617174e+001	8.43565958e-006	-8.43542602e-006	6.27727409e-008	
3.46618962e+001	8.25628549e-006	-8.25604464e-006	6.30631316e-008	
3.47620751e+001	8.07691174e-006	-8.07666327e-006	6.33535223e-008	
3.48622540e+001	7.90287144e-006	-7.90261618e-006	6.35173327e-008	
3.49624329e+001	7.74833938e-006	-7.74807776e-006	6.36730512e-008	
3.50626118e+001	7.57942874e-006	-7.57915655e-006	6.42338324e-008	
3.51627907e+001	7.39638118e-006	-7.39609726e-006	6.48072796e-008	
3.52629696e+001	7.21333427e-006	-7.21303796e-006	6.53807268e-008	
3.53631485e+001	7.03475129e-006	-7.03444056e-006	6.61183797e-008	
3.54633274e+001	6.87121623e-006	-6.87088557e-006	6.74096188e-008	
3.55635063e+001	6.70768240e-006	-6.70733057e-006	6.87008580e-008	
3.56636852e+001	6.54499422e-006	-6.54462050e-006	6.99419876e-008	
3.57638640e+001	6.39786097e-006	-6.39747516e-006	7.02600365e-008	
3.58640429e+001	6.24283733e-006	-6.24241957e-006	7.22202208e-008	
3.59642218e+001	6.08719070e-006	-6.08673710e-006	7.43105431e-008	
3.60644007e+001	5.91199924e-006	-5.91150328e-006	7.65765970e-008	
3.61645796e+001	5.73656242e-006	-5.73602056e-006	7.88448880e-008	
3.62647585e+001	5.55156823e-006	-5.55096777e-006	8.16497303e-008	
3.63649374e+001	5.33329814e-006	-5.33259951e-006	8.63224223e-008	
3.64651163e+001	5.13454375e-006	-5.13374779e-006	9.04056273e-008	
3.65652952e+001	4.98795549e-006	-4.98709006e-006	9.29123398e-008	
3.66654741e+001	4.84137274e-006	-4.84043233e-006	9.54190523e-008	
3.67656530e+001	4.61054864e-006	-4.60936798e-006	1.04334022e-007	
3.68658318e+001	4.34493162e-006	-4.34338555e-006	1.15900015e-007	
3.69660107e+001	4.07939502e-006	-4.07740312e-006	1.27466008e-007	
3.70661896e+001	3.81395563e-006	-3.81142068e-006	1.39032002e-007	
3.71663685e+001	3.53070353e-006	-3.52746823e-006	1.51113457e-007	
3.72665474e+001	3.04056273e-006	-3.03527985e-006	1.79158941e-007	
3.73667263e+001	2.58199019e-006	-2.57377262e-006	2.05834440e-007	
3.74669052e+001	2.10890539e-006	-2.09581321e-006	2.34625145e-007	
3.75670841e+001	1.34118094e-006	-1.30845096e-006	2.94486672e-007	
3.76672630e+001	5.42816582e-007	-4.09014828e-007	3.56870721e-007	
3.77674419e+001	6.73835875e-007	5.33519940e-007	4.11595991e-007	
3.78676208e+001	1.53135000e-006	1.46662575e-006	4.40501692e-007	
3.79677996e+001	2.53096143e-006	2.48579985e-006	4.75988317e-007	
3.80679785e+001	3.34258062e-006	3.32136201e-006	3.76031348e-007	
3.81681574e+001	3.39271552e-006	3.38778739e-006	1.82798281e-007	
3.82683363e+001	3.28228911e-006	3.28209119e-006	3.60443122e-008	
3.83685152e+001	2.86998454e-006	2.86951130e-006	-5.21170215e-008	
3.84686941e+001	2.48048680e-006	2.47988419e-006	-5.46735213e-008	
3.85688730e+001	2.17935549e-006	2.17835077e-006	-6.61685295e-008	
3.86690519e+001	1.92176758e-006	1.92050680e-006	-6.96006649e-008	
3.87692308e+001	1.70316330e-006	1.70180123e-006	-6.81014042e-008	
3.88694097e+001	1.52989648e-006	1.52857099e-006	-6.36708869e-008	
3.89695886e+001	1.38127669e-006	1.37988974e-006	-6.18838853e-008	
3.90697674e+001	1.25229247e-006	1.25097837e-006	-5.73544971e-008	
3.91699463e+001	1.12891690e-006	1.12768176e-006	-5.27941264e-008	
3.92701252e+001	1.04293991e-006	1.04172696e-006	-5.02851742e-008	
3.93703041e+001	9.66265287e-007	9.65089963e-007	-4.76441891e-008	
3.94704830e+001	9.06715303e-007	9.05568810e-007	-4.55825744e-008	
3.95706619e+001	8.52886663e-007	8.51765746e-007	-4.37124067e-008	
3.96708408e+001	8.11149148e-007	8.10022048e-007	-4.27460293e-008	
3.97710197e+001	7.79268976e-007	7.78138418e-007	-4.19611718e-008	
3.98711986e+001	7.59740274e-007	7.58580267e-007	-4.19673867e-008	
3.99713775e+001	7.52786752e-007	7.51604444e-007	-4.21740895e-008	
4.00715564e+001	7.51302422e-007	7.50114221e-007	-4.22372403e-008	
4.01717352e+001	7.56716518e-007	7.55525725e-007	-4.24354457e-008	
4.02719141e+001	7.81326600e-007	7.80090708e-007	-4.39288466e-008	
4.03720930e+001	8.15064919e-007	8.13853098e-007	-4.44292448e-008	
4.04722719e+001	8.81847008e-007	8.80676142e-007	-4.54277421e-008	
4.05724508e+001	9.43125157e-007	9.42508365e-007	-3.41034387e-008	
4.06726297e+001	1.01920997e-006	1.01896548e-006	-2.23227244e-008	
4.07728086e+001	1.05529455e-006	1.05524354e-006	1.03762020e-008	
4.08729875e+001	1.08025826e-006	1.07805430e-006	6.89696805e-008	
4.09731664e+001	8.75821374e-007	8.66996904e-007	1.24013898e-007	
4.10733453e+001	5.97738375e-007	5.73786735e-007	1.67511038e-007	
4.11735242e+001	2.36112521e-007	1.77946163e-007	1.55191127e-007	
4.12737030e+001	3.13733925e-007	-2.82296690e-007	1.36885186e-007	
4.13738819e+001	5.65819488e-007	-5.51646616e-007	1.25847942e-007	
4.14740608e+001	8.28985414e-007	-8.20996541e-007	1.14810697e-007	
4.15742397e+001	1.08066807e-006	-1.07632845e-006	9.67499685e-008	
4.16744186e+001	1.18555480e-006	-1.18259292e-006	8.37506108e-008	
4.17745975e+001	1.26873595e-006	-1.26638781e-006	7.71545676e-008	
4.18747764e+001	1.37086239e-006	-1.36901480e-006	7.11490318e-008	
4.19749553e+001	1.47308289e-006	-1.47164178e-006	6.51434960e-008	
4.20751342e+001	1.57537914e-006	-1.57426876e-006	5.91379602e-008	
4.21753131e+001	1.64733642e-006	-1.64646522e-006	5.35682945e-008	
4.22754919e+001	1.64438503e-006	-1.64362174e-006	5.00968342e-008	
4.23756708e+001	1.64331562e-006	-1.64259265e-006	4.87401787e-008	
4.24758497e+001	1.66610539e-006	-1.66544678e-006	4.68421812e-008	
4.25760286e+001	1.68889903e-006	-1.68830090e-006	4.49441836e-008	
4.26762075e+001	1.71169639e-006	-1.71115503e-006	4.30461860e-008	
4.27763864e+001	1.73449731e-006	-1.73400916e-006	4.11481885e-008	
4.28765653e+001	1.73935874e-006	-1.73890097e-006	3.99031218e-008	
4.29767442e+001	1.73953434e-006	-1.73910129e-006	3.88130163e-008	
4.30769231e+001	1.73971064e-006	-1.73930161e-006	3.77229108e-008	
4.31771020e+001	1.73988761e-006	-1.73950193e-006	3.66328053e-008	
4.32772809e+001	1.74006528e-006	-1.73970225e-006	3.55426998e-008	
4.33774597e+001	1.74360805e-006	-1.74326711e-006	3.44790345e-008	
4.34776386e+001	1.75277543e-006	-1.75245604e-006	3.34595656e-008	
4.35778175e+001	1.75854965e-006	-1.75824992e-006	3.24666046e-008	
4.36779964e+001	1.75546994e-006	-1.75518653e-006	3.15427996e-008	
4.37781753e+001	1.75239065e-006	-1.75212313e-006	3.06189947e-008	
4.38783542e+001	1.74792133e-006	-1.74766690e-006	2.98225231e-008	
4.39785331e+001	1.74246113e-006	-1.74221665e-006	2.91874661e-008	
4.40787120e+001	1.73746001e-006	-1.73722550e-006	2.85450810e-008	
4.41788909e+001	1.73297029e-006	-1.73274577e-006	2.78945323e-008	
4.42790698e+001	1.72922385e-006	-1.72900799e-006	2.73223639e-008	
4.43792487e+001	1.72270644e-006	-1.72249744e-006	2.68336440e-008	
4.44794275e+001	1.71616004e-006	-1.71595782e-006	2.63446125e-008	
4.45796064e+001	1.70961372e-006	-1.70941819e-006	2.58555811e-008	
4.46797853e+001	1.70306749e-006	-1.70287856e-006	2.53665497e-008	
4.47799642e+001	1.69652135e-006	-1.69633894e-006	2.48775183e-008	
4.48801431e+001	1.68960541e-006	-1.68942870e-006	2.44358083e-008	
4.49803220e+001	1.68116994e-006	-1.68099759e-006	2.40725686e-008	
4.50805009e+001	1.67273451e-006	-1.67256648e-006	2.37093289e-008	
4.51806798e+001	1.66429912e-006	-1.66413536e-006	2.33460891e-008	
4.52808587e+001	1.65586376e-006	-1.65570425e-006	2.29828494e-008	
4.53810376e+001	1.64748626e-006	-1.64733097e-006	2.26196703e-008	
4.54812165e+001	1.64163122e-006	-1.64148030e-006	2.22591394e-008	
4.55813953e+001	1.63577622e-006	-1.63562964e-006	2.18986085e-008	
4.56815742e+001	1.62660110e-006	-1.62645816e-006	2.15632953e-008	
4.57817531e+001	1.61541055e-006	-1.61527087e-006	2.12432899e-008	
4.58819320e+001	1.60622459e-006	-1.60608822e-006	2.09296379e-008	
4.59821109e+001	1.59882525e-006	-1.59869225e-006	2.06216484e-008	
4.60822898e+001	1.59060256e-006	-1.59047263e-006	2.03301540e-008	
4.61824687e+001	1.58232724e-006	-1.58220034e-006	2.00397144e-008	
4.62826476e+001	1.57372943e-006	-1.57360522e-006	1.97725598e-008	
4.63828265e+001	1.56467656e-006	-1.56455457e-006	1.95382615e-008	
4.64830054e+001	1.55562370e-006	-1.55550393e-006	1.93039632e-008	
4.65831843e+001	1.54657085e-006	-1.54645328e-006	1.90696648e-008	
4.66833631e+001	1.53751801e-006	-1.53740264e-006	1.88353665e-008	
4.67835420e+001	1.52898140e-006	-1.52886794e-006	1.86265337e-008	
4.68837209e+001	1.52081176e-006	-1.52070055e-006	1.83912820e-008	
4.69838998e+001	1.51264214e-006	-1.51253317e-006	1.81560304e-008	
4.70840787e+001	1.50447252e-006	-1.50436578e-006	1.79207787e-008	
4.71842576e+001	1.49630292e-006	-1.49619840e-006	1.76855271e-008	
4.72844365e+001	1.48775718e-006	-1.48765470e-006	1.74618147e-008	
4.73846154e+001	1.47858539e-006	-1.47848468e-006	1.72573084e-008	
4.74847943e+001	1.47007304e-006	-1.46997412e-006	1.70533889e-008	
4.75849732e+001	1.46255936e-006	-1.46246229e-006	1.68503581e-008	
4.76851521e+001	1.45504569e-006	-1.45495045e-006	1.66473273e-008	
4.77853309e+001	1.44751293e-006	-1.44741937e-006	1.64575067e-008	
4.78855098e+001	1.43994622e-006	-1.43985406e-006	1.62911777e-008	
4.79856887e+001	1.43205986e-006	-1.43196915e-006	1.61183935e-008	
4.80858676e+001	1.42338691e-006	-1.42329777e-006	1.59297247e-008	
4.81860465e+001	1.41471396e-006	-1.41462639e-006	1.57410559e-008	
4.82862254e+001	1.40604102e-006	-1.40595500e-006	1.55523872e-008	
4.83864043e+001	1.39747526e-006	-1.39739082e-006	1.53628154e-008	
4.84865832e+001	1.39007941e-006	-1.38999657e-006	1.51763220e-008	
4.85867621e+001	1.38348059e-006	-1.38339879e-006	1.50438762e-008	
4.86869410e+001	1.37688177e-006	-1.37680102e-006	1.49114304e-008	
4.87871199e+001	1.37041857e-006	-1.37033881e-006	1.47852660e-008	
4.88872987e+001	1.36399819e-006	-1.36391939e-006	1.46610846e-008	
4.89874776e+001	1.35757781e-006	-1.35749998e-006	1.45369033e-008	
4.90876565e+001	1.35109431e-006	-1.35101745e-006	1.44112464e-008	
4.91878354e+001	1.34442162e-006	-1.34434576e-006	1.42811673e-008	
4.92880143e+001	1.33774730e-006	-1.33767250e-006	1.41463596e-008	
4.93881932e+001	1.33107215e-006	-1.33099842e-006	1.40090854e-008	
4.94883721e+001	1.32443627e-006	-1.32436360e-006	1.38737882e-008	
4.95885510e+001	1.31822392e-006	-1.31815211e-006	1.37598120e-008	
4.96887299e+001	1.31201158e-006	-1.31194062e-006	1.36458359e-008	
4.97889088e+001	1.30579924e-006	-1.30572912e-006	1.35318597e-008	
4.98890877e+001	1.29978380e-006	-1.29971451e-006	1.34201397e-008	
4.99892665e+001	1.29383846e-006	-1.29376995e-006	1.33147759e-008	
5.00894454e+001	1.28789313e-006	-1.28782538e-006	1.32094122e-008	
5.01896243e+001	1.28194779e-006	-1.28188082e-006	1.31040485e-008	
5.02898032e+001	1.27620322e-006	-1.27613698e-006	1.30029058e-008	
5.03899821e+001	1.27049924e-006	-1.27043372e-006	1.29026165e-008	
5.04901610e+001	1.26491070e-006	-1.26484590e-006	1.28032353e-008	
5.05903399e+001	1.25953663e-006	-1.25947255e-006	1.27055417e-008	
5.06905188e+001	1.25423357e-006	-1.25417016e-006	1.26120882e-008	
5.07906977e+001	1.24898853e-006	-1.24892575e-006	1.25221002e-008	
5.08908766e+001	1.24374349e-006	-1.24368135e-006	1.24321121e-008	
5.09910555e+001	1.23855613e-006	-1.23849461e-006	1.23446993e-008	
5.10912343e+001	1.23341452e-006	-1.23335359e-006	1.22593290e-008	
5.11914132e+001	1.22784904e-006	-1.22778875e-006	1.21676247e-008	
5.12915921e+001	1.22333665e-006	-1.22327687e-006	1.20933357e-008	
5.13917710e+001	1.21882425e-006	-1.21876499e-006	1.20190467e-008	
5.14919499e+001	1.21431186e-006	-1.21425311e-006	1.19447576e-008	
5.15921288e+001	1.20979947e-006	-1.20974123e-006	1.18704686e-008	
5.16923077e+001	1.20528708e-006	-1.20522935e-006	1.17961795e-008	
5.17924866e+001	1.20094816e-006	-1.20089089e-006	1.17279228e-008	
5.18926655e+001	1.19729613e-006	-1.19723925e-006	1.16700931e-008	
5.19928444e+001	1.19364476e-006	-1.19358828e-006	1.16115422e-008	
5.20930233e+001	1.18985028e-006	-1.18979422e-006	1.15496213e-008	
5.21932021e+001	1.18605580e-006	-1.18600017e-006	1.14877003e-008	
5.22933810e+001	1.18226132e-006	-1.18220611e-006	1.14257794e-008	
5.23935599e+001	1.17855886e-006	-1.17850406e-006	1.13656819e-008	
5.24937388e+001	1.17540375e-006	-1.17534927e-006	1.13164308e-008	
5.25939177e+001	1.17221716e-006	-1.17216301e-006	1.12677259e-008	
5.26940966e+001	1.16901297e-006	-1.16895913e-006	1.12193269e-008	
5.27942755e+001	1.16573064e-006	-1.16567714e-006	1.11686070e-008	
5.28944544e+001	1.16236614e-006	-1.16231299e-006	1.11154464e-008	
5.29946333e+001	1.15900164e-006	-1.15894885e-006	1.10622857e-008	
5.30948122e+001	1.15558178e-006	-1.15552933e-006	1.10094527e-008	
5.31949911e+001	1.15265514e-006	-1.15260296e-006	1.09673668e-008	
5.32951699e+001	1.15036250e-006	-1.15031054e-006	1.09335529e-008	
5.33953488e+001	1.14806986e-006	-1.14801812e-006	1.08997389e-008	
5.34955277e+001	1.14577722e-006	-1.14572570e-006	1.08659250e-008	
5.35957066e+001	1.14348459e-006	-1.14343328e-006	1.08321111e-008	
5.36958855e+001	1.14134603e-006	-1.14129492e-006	1.08005863e-008	
5.37960644e+001	1.13955879e-006	-1.13950785e-006	1.07742811e-008	
5.38962433e+001	1.13739018e-006	-1.13733946e-006	1.07415606e-008	
5.39964222e+001	1.13507147e-006	-1.13502098e-006	1.07063152e-008	
5.40966011e+001	1.13275276e-006	-1.13270250e-006	1.06710697e-008	
5.41967800e+001	1.13068633e-006	-1.13063627e-006	1.06390580e-008	
5.42969589e+001	1.12867124e-006	-1.12862139e-006	1.06077044e-008	
5.43971377e+001	1.12665615e-006	-1.12660650e-006	1.05763507e-008	
5.44973166e+001	1.12514911e-006	-1.12509961e-006	1.05541253e-008	
5.45974955e+001	1.12397824e-006	-1.12392884e-006	1.05376028e-008	
5.46976744e+001	1.12280736e-006	-1.12275806e-006	1.05210804e-008	
5.47978533e+001	1.12163648e-006	-1.12158729e-006	1.05045579e-008	
5.48980322e+001	1.12064281e-006	-1.12059371e-006	1.04899243e-008	
5.49982111e+001	1.11969345e-006	-1.11964444e-006	1.04757630e-008	
5.50983900e+001	1.11878042e-006	-1.11873150e-006	1.04622534e-008	
5.51985689e+001	1.11773117e-006	-1.11768235e-006	1.04461224e-008	
5.52987478e+001	1.11655818e-006	-1.11650949e-006	1.04279935e-008	
5.53989267e+001	1.11545200e-006	-1.11540341e-006	1.04109348e-008	
5.54991055e+001	1.11490548e-006	-1.11485695e-006	1.04028429e-008	
5.55992844e+001	1.11436640e-006	-1.11431791e-006	1.03948902e-008	
5.56994633e+001	1.11410279e-006	-1.11405433e-006	1.03913580e-008	
5.57996422e+001	1.11411796e-006	-1.11406949e-006	1.03921765e-008	
5.58998211e+001	1.11409573e-006	-1.11404726e-006	1.03920660e-008	
5.60000000e+001	1.11408120e-006	-1.11403274e-006	1.03919331e-008	
