% Column 0: Length, cm
% Column 1: |B.t|, Tesla
% Column 2: Re[B.t], Tesla
% Column 3: Im[B.t], Tesla
0.00000000e+000	5.67134910e-006	-5.67115435e-006	4.69996975e-008	
1.00178891e-001	5.67247722e-006	-5.67228253e-006	4.69966160e-008	
2.00357782e-001	5.67286489e-006	-5.67267017e-006	4.70021599e-008	
3.00536673e-001	5.67009142e-006	-5.66989641e-006	4.70255591e-008	
4.00715564e-001	5.66894154e-006	-5.66874632e-006	4.70465380e-008	
5.00894454e-001	5.66812893e-006	-5.66793348e-006	4.70708894e-008	
6.01073345e-001	5.66537070e-006	-5.66517481e-006	4.71125628e-008	
7.01252236e-001	5.66118394e-006	-5.66098746e-006	4.71657246e-008	
8.01431127e-001	5.65669961e-006	-5.65650250e-006	4.72217972e-008	
9.01610018e-001	5.64871982e-006	-5.64852168e-006	4.73120628e-008	
1.00178891e+000	5.64074004e-006	-5.64054086e-006	4.74023284e-008	
1.10196780e+000	5.63323577e-006	-5.63303563e-006	4.74844097e-008	
1.20214669e+000	5.62574835e-006	-5.62554730e-006	4.75613301e-008	
1.30232558e+000	5.61807468e-006	-5.61787257e-006	4.76537410e-008	
1.40250447e+000	5.61233114e-006	-5.61212804e-006	4.77462407e-008	
1.50268336e+000	5.60658761e-006	-5.60638351e-006	4.78387404e-008	
1.60286225e+000	5.59931143e-006	-5.59910622e-006	4.79384745e-008	
1.70304114e+000	5.58853881e-006	-5.58833220e-006	4.80547125e-008	
1.80322004e+000	5.57776620e-006	-5.57755819e-006	4.81709505e-008	
1.90339893e+000	5.56910097e-006	-5.56889166e-006	4.82842472e-008	
2.00357782e+000	5.55837326e-006	-5.55816230e-006	4.84260762e-008	
2.10375671e+000	5.54573270e-006	-5.54551980e-006	4.85934845e-008	
2.20393560e+000	5.53307077e-006	-5.53285593e-006	4.87589313e-008	
2.30411449e+000	5.52019362e-006	-5.51997699e-006	4.89046446e-008	
2.40429338e+000	5.50565841e-006	-5.50543990e-006	4.90510995e-008	
2.50447227e+000	5.48183536e-006	-5.48161449e-006	4.92088340e-008	
2.60465116e+000	5.46261410e-006	-5.46239082e-006	4.93894521e-008	
2.70483005e+000	5.44339285e-006	-5.44316714e-006	4.95700702e-008	
2.80500894e+000	5.42417163e-006	-5.42394347e-006	4.97506883e-008	
2.90518784e+000	5.40595169e-006	-5.40572094e-006	4.99475199e-008	
3.00536673e+000	5.38841275e-006	-5.38817932e-006	5.01553786e-008	
3.10554562e+000	5.37087384e-006	-5.37063770e-006	5.03632373e-008	
3.20572451e+000	5.35333495e-006	-5.35309608e-006	5.05710960e-008	
3.30590340e+000	5.33601662e-006	-5.33577491e-006	5.07879947e-008	
3.40608229e+000	5.30762494e-006	-5.30737948e-006	5.10451677e-008	
3.50626118e+000	5.26355808e-006	-5.26330859e-006	5.12472475e-008	
3.60644007e+000	5.21949129e-006	-5.21923771e-006	5.14493273e-008	
3.70661896e+000	5.17542458e-006	-5.17516683e-006	5.16514071e-008	
3.80679785e+000	5.13902960e-006	-5.13876733e-006	5.19190732e-008	
3.90697674e+000	5.10505921e-006	-5.10479217e-006	5.22151892e-008	
4.00715564e+000	5.05930980e-006	-5.05903796e-006	5.24457204e-008	
4.10733453e+000	5.01356048e-006	-5.01328375e-006	5.26762516e-008	
4.20751342e+000	4.96781127e-006	-4.96752953e-006	5.29067827e-008	
4.30769231e+000	4.92011617e-006	-4.91982907e-006	5.31506685e-008	
4.40787120e+000	4.86473434e-006	-4.86444073e-006	5.34473065e-008	
4.50805009e+000	4.80177516e-006	-4.80147458e-006	5.37270485e-008	
4.60822898e+000	4.72561481e-006	-4.72530653e-006	5.39773548e-008	
4.70840787e+000	4.64949105e-006	-4.64917493e-006	5.42171309e-008	
4.80858676e+000	4.57813859e-006	-4.57781597e-006	5.43499872e-008	
4.90876565e+000	4.51142595e-006	-4.51109651e-006	5.45191303e-008	
5.00894454e+000	4.44741582e-006	-4.44707953e-006	5.46910442e-008	
5.10912343e+000	4.38340590e-006	-4.38306255e-006	5.48629581e-008	
5.20930233e+000	4.31047403e-006	-4.31012115e-006	5.51544930e-008	
5.30948122e+000	4.20457073e-006	-4.20420828e-006	5.52069137e-008	
5.40966011e+000	4.09388039e-006	-4.09350814e-006	5.52063794e-008	
5.50983900e+000	3.98319059e-006	-3.98280800e-006	5.52058451e-008	
5.61001789e+000	3.87250138e-006	-3.87210787e-006	5.52053108e-008	
5.71019678e+000	3.76247479e-006	-3.76206887e-006	5.52658379e-008	
5.81037567e+000	3.59375261e-006	-3.59333082e-006	5.50585200e-008	
5.91055456e+000	3.44391690e-006	-3.44348113e-006	5.47837401e-008	
6.01073345e+000	3.29681913e-006	-3.29636864e-006	5.44991841e-008	
6.11091234e+000	3.12973983e-006	-3.12927595e-006	5.38840772e-008	
6.21109123e+000	2.95261932e-006	-2.95214175e-006	5.31028448e-008	
6.31127013e+000	2.77550077e-006	-2.77500756e-006	5.23216123e-008	
6.41144902e+000	2.59880720e-006	-2.59829593e-006	5.15470766e-008	
6.51162791e+000	2.42733033e-006	-2.42679753e-006	5.08551617e-008	
6.61180680e+000	2.25585694e-006	-2.25529914e-006	5.01632468e-008	
6.71198569e+000	2.06102531e-006	-2.06044772e-006	4.87904381e-008	
6.81216458e+000	1.84951365e-006	-1.84890755e-006	4.73456556e-008	
6.91234347e+000	1.62983794e-006	-1.62918758e-006	4.60384513e-008	
7.01252236e+000	1.41017724e-006	-1.40946762e-006	4.47312470e-008	
7.11270125e+000	1.13558654e-006	-1.13480190e-006	4.22071929e-008	
7.21288014e+000	8.66143222e-007	-8.65203801e-007	4.03294398e-008	
7.31305903e+000	5.35352720e-007	-5.33993178e-007	3.81289895e-008	
7.41323792e+000	2.00246292e-007	-1.96935872e-007	3.62607243e-008	
7.51341682e+000	1.90756935e-007	1.88743630e-007	2.76414618e-008	
7.61359571e+000	7.20750253e-007	7.20044440e-007	3.18893582e-008	
7.71377460e+000	1.60590942e-006	1.60534486e-006	4.25787429e-008	
7.81395349e+000	4.90149083e-006	4.86266257e-006	6.15731369e-007	
7.91413238e+000	2.39786151e-006	2.33348403e-006	-5.51898629e-007	
8.01431127e+000	1.50792344e-006	1.44983260e-006	-4.14510016e-007	
8.11449016e+000	1.14596879e-006	1.10448668e-006	-3.05538297e-007	
8.21466905e+000	9.12583078e-007	8.81272071e-007	-2.36996650e-007	
8.31484794e+000	8.59981983e-007	8.32122834e-007	-2.17118859e-007	
8.41502683e+000	6.60524462e-007	6.36010449e-007	-1.78278639e-007	
8.51520572e+000	6.04354704e-007	5.83452015e-007	-1.57570157e-007	
8.61538462e+000	5.95353257e-007	5.75865867e-007	-1.51076150e-007	
8.71556351e+000	5.51434209e-007	5.32176642e-007	-1.44456595e-007	
8.81574240e+000	5.56671513e-007	5.42305688e-007	-1.25649171e-007	
8.91592129e+000	4.78845271e-007	4.63267136e-007	-1.21146003e-007	
9.01610018e+000	4.51771693e-007	4.37871917e-007	-1.11201830e-007	
9.11627907e+000	4.90305767e-007	4.76842832e-007	-1.14108104e-007	
9.21645796e+000	4.61937662e-007	4.48667522e-007	-1.09926605e-007	
9.31663685e+000	5.14304428e-007	5.01566809e-007	-1.13753159e-007	
9.41681574e+000	5.59243491e-007	5.48660239e-007	-1.08283075e-007	
9.51699463e+000	5.32042673e-007	5.14372225e-007	-1.35980220e-007	
9.61717352e+000	5.88005051e-007	5.68075860e-007	-1.51788530e-007	
9.71735242e+000	6.12057220e-007	5.83960990e-007	-1.83312852e-007	
9.81753131e+000	8.37741810e-007	8.12561971e-007	-2.03848925e-007	
9.91771020e+000	1.46061954e-006	1.45838225e-006	-8.08125094e-008	
1.00178891e+001	8.93822472e-007	8.93252512e-007	-3.19149192e-008	
1.01180680e+001	7.62506332e-007	7.61503314e-007	-3.90974453e-008	
1.02182469e+001	7.71420852e-007	7.70535382e-007	-3.69507160e-008	
1.03184258e+001	8.24911178e-007	8.24122700e-007	-3.60586648e-008	
1.04186047e+001	9.04071932e-007	9.03368215e-007	-3.56640827e-008	
1.05187835e+001	9.71309003e-007	9.70666461e-007	-3.53242231e-008	
1.06189624e+001	1.03185742e-006	1.03127347e-006	-3.47097682e-008	
1.07191413e+001	1.09579438e-006	1.09526375e-006	-3.40974583e-008	
1.08193202e+001	1.15292549e-006	1.15239796e-006	-3.48730764e-008	
1.09194991e+001	1.20086812e-006	1.20026749e-006	-3.79763083e-008	
1.10196780e+001	1.28420274e-006	1.28349046e-006	-4.27657297e-008	
1.11198569e+001	1.37288528e-006	1.37204390e-006	-4.80573057e-008	
1.12200358e+001	1.47895083e-006	1.47794274e-006	-5.45968916e-008	
1.13202147e+001	1.66919592e-006	1.66805731e-006	-6.16429943e-008	
1.14203936e+001	1.83004844e-006	1.82884842e-006	-6.62628563e-008	
1.15205725e+001	2.10698621e-006	2.10577335e-006	-7.14807503e-008	
1.16207513e+001	2.42303900e-006	2.42173049e-006	-7.96207027e-008	
1.17209302e+001	2.73505592e-006	2.73366040e-006	-8.73594068e-008	
1.18211091e+001	3.07396860e-006	3.07250591e-006	-9.48176242e-008	
1.19212880e+001	3.39695877e-006	3.39549301e-006	-9.97799874e-008	
1.20214669e+001	3.71511977e-006	3.71366633e-006	-1.03909990e-007	
1.21216458e+001	3.87607082e-006	3.87502989e-006	-8.98241754e-008	
1.22218247e+001	3.98627386e-006	3.98604637e-006	-4.25866001e-008	
1.23220036e+001	3.91743934e-006	3.91743917e-006	1.14991392e-009	
1.24221825e+001	3.69005069e-006	3.68986760e-006	3.67580636e-008	
1.25223614e+001	2.98663992e-006	2.98553460e-006	8.12476754e-008	
1.26225403e+001	2.58925500e-006	2.58665666e-006	1.15968773e-007	
1.27227191e+001	2.25156661e-006	2.24691086e-006	1.44719774e-007	
1.28228980e+001	1.82880307e-006	1.82005599e-006	1.78652885e-007	
1.29230769e+001	1.91258987e-006	1.90133541e-006	2.07180292e-007	
1.30232558e+001	2.00826346e-006	1.99481200e-006	2.32050006e-007	
1.31234347e+001	3.22706232e-006	3.21729800e-006	2.50848151e-007	
1.32236136e+001	4.94732750e-006	4.94156640e-006	2.38685837e-007	
1.33237925e+001	7.12071500e-006	7.11755235e-006	2.12204391e-007	
1.34239714e+001	1.03684039e-005	1.03664289e-005	2.02363736e-007	
1.35241503e+001	1.34066169e-005	1.34066114e-005	1.22292247e-008	
1.36243292e+001	1.55165565e-005	1.55159891e-005	-1.32696305e-007	
1.37245081e+001	1.70708129e-005	1.70684661e-005	-2.83046486e-007	
1.38246869e+001	1.85659474e-005	1.85628070e-005	-3.41467466e-007	
1.39248658e+001	2.01841729e-005	2.01804954e-005	-3.85280218e-007	
1.40250447e+001	2.20848360e-005	2.20812011e-005	-4.00672504e-007	
1.41252236e+001	2.43330594e-005	2.43294454e-005	-4.19367007e-007	
1.42254025e+001	2.67662673e-005	2.67626568e-005	-4.39623228e-007	
1.43255814e+001	2.96270428e-005	2.96234499e-005	-4.61391299e-007	
1.44257603e+001	3.32731748e-005	3.32693070e-005	-5.07321859e-007	
1.45259392e+001	3.69042381e-005	3.69004279e-005	-5.30288483e-007	
1.46261181e+001	4.16215833e-005	4.16177338e-005	-5.66064229e-007	
1.47262970e+001	4.66554338e-005	4.66520502e-005	-5.61884729e-007	
1.48264758e+001	5.20001048e-005	5.19968675e-005	-5.80228000e-007	
1.49266547e+001	6.12349351e-005	6.12320822e-005	-5.91087169e-007	
1.50268336e+001	6.92095797e-005	6.92083767e-005	-4.08068489e-007	
1.51270125e+001	8.13849801e-005	8.13849480e-005	-7.23494184e-008	
1.52271914e+001	9.02571660e-005	9.02540973e-005	7.44261389e-007	
1.53273703e+001	1.00045165e-004	1.00009808e-004	2.65957914e-006	
1.54275492e+001	9.93664743e-005	9.92327113e-005	5.15414555e-006	
1.55277281e+001	8.64136575e-005	8.61588849e-005	6.63074352e-006	
1.56279070e+001	5.96343495e-005	5.92814947e-005	6.47765669e-006	
1.57280859e+001	3.44030073e-005	3.39461269e-005	5.58814605e-006	
1.58282648e+001	8.45746907e-006	7.31778108e-006	4.24014895e-006	
1.59284436e+001	1.42156207e-005	-1.38015585e-005	3.40600273e-006	
1.60286225e+001	3.36252018e-005	-3.35309611e-005	2.51571896e-006	
1.61288014e+001	4.40647013e-005	-4.40112362e-005	2.17002089e-006	
1.62289803e+001	5.69676643e-005	-5.69407792e-005	1.74998271e-006	
1.63291592e+001	6.98829785e-005	-6.98703223e-005	1.32994452e-006	
1.64293381e+001	7.85122084e-005	-7.85044309e-005	1.10507239e-006	
1.65295170e+001	8.52684542e-005	-8.52629888e-005	9.65417214e-007	
1.66296959e+001	9.20252516e-005	-9.20215466e-005	8.25762041e-007	
1.67298748e+001	9.89354363e-005	-9.89330577e-005	6.86041230e-007	
1.68300537e+001	1.06466907e-004	-1.06465418e-004	5.63081002e-007	
1.69302326e+001	1.14039729e-004	-1.14038788e-004	4.63472035e-007	
1.70304114e+001	1.21612701e-004	-1.21612157e-004	3.63863068e-007	
1.71305903e+001	1.29185796e-004	-1.29185526e-004	2.64254101e-007	
1.72307692e+001	1.36470537e-004	-1.36470436e-004	1.65836111e-007	
1.73309481e+001	1.42957950e-004	-1.42957929e-004	7.74215483e-008	
1.74311270e+001	1.49643469e-004	-1.49643468e-004	-1.38695462e-008	
1.75313059e+001	1.56329043e-004	-1.56329007e-004	-1.05160641e-007	
1.76314848e+001	1.63014665e-004	-1.63014547e-004	-1.96451735e-007	
1.77316637e+001	1.69700330e-004	-1.69700086e-004	-2.87742830e-007	
1.78318426e+001	1.76386033e-004	-1.76385626e-004	-3.79033924e-007	
1.79320215e+001	1.83071769e-004	-1.83071165e-004	-4.70325019e-007	
1.80322004e+001	1.92036097e-004	-1.92035177e-004	-5.94432806e-007	
1.81323792e+001	2.02581535e-004	-2.02580232e-004	-7.26564367e-007	
1.82325581e+001	2.13233076e-004	-2.13231365e-004	-8.54128403e-007	
1.83327370e+001	2.23884650e-004	-2.23882498e-004	-9.81692439e-007	
1.84329159e+001	2.36037382e-004	-2.36034613e-004	-1.14345466e-006	
1.85330948e+001	2.50643100e-004	-2.50639404e-004	-1.36109836e-006	
1.86332737e+001	2.65248894e-004	-2.65244196e-004	-1.57874206e-006	
1.87334526e+001	2.79653957e-004	-2.79648189e-004	-1.79613649e-006	
1.88336315e+001	2.94514728e-004	-2.94507237e-004	-2.10049926e-006	
1.89338104e+001	3.12991083e-004	-3.12982053e-004	-2.37757904e-006	
1.90339893e+001	3.31490608e-004	-3.31479993e-004	-2.65290349e-006	
1.91341682e+001	3.49990183e-004	-3.49977933e-004	-2.92822795e-006	
1.92343470e+001	3.68836559e-004	-3.68821586e-004	-3.32338241e-006	
1.93345259e+001	3.94114800e-004	-3.94095612e-004	-3.88895439e-006	
1.94347048e+001	4.20270313e-004	-4.20250420e-004	-4.08908853e-006	
1.95348837e+001	4.42169112e-004	-4.42150070e-004	-4.10350054e-006	
1.96350626e+001	4.64067991e-004	-4.64049721e-004	-4.11791255e-006	
1.97352415e+001	4.85966940e-004	-4.85949371e-004	-4.13232456e-006	
1.98354204e+001	5.07865951e-004	-5.07849021e-004	-4.14673657e-006	
1.99355993e+001	5.36444157e-004	-5.36429335e-004	-3.98777732e-006	
2.00357782e+001	5.65764940e-004	-5.65757656e-004	-2.87079506e-006	
2.01359571e+001	5.94872341e-004	-5.94870116e-004	-1.62681638e-006	
2.02361360e+001	6.20191058e-004	-6.20190576e-004	-7.72899847e-007	
2.03363148e+001	6.43347391e-004	-6.43347375e-004	-1.41547183e-007	
2.04364937e+001	6.66504354e-004	-6.66504174e-004	4.89805481e-007	
2.05366726e+001	6.87438025e-004	-6.87435788e-004	1.75377719e-006	
2.06368515e+001	7.07013224e-004	-7.07005024e-004	3.40507188e-006	
2.07370304e+001	7.25620148e-004	-7.25603524e-004	4.91176469e-006	
2.08372093e+001	7.38898679e-004	-7.38875891e-004	5.80303553e-006	
2.09373882e+001	7.52320434e-004	-7.52288329e-004	6.95017611e-006	
2.10375671e+001	7.65743581e-004	-7.65700767e-004	8.09731670e-006	
2.11377460e+001	7.75459109e-004	-7.75409407e-004	8.77953928e-006	
2.12379249e+001	7.84991970e-004	-7.84934163e-004	9.52640288e-006	
2.13381038e+001	7.94525339e-004	-7.94458919e-004	1.02732665e-005	
2.14382826e+001	7.96938678e-004	-7.96869929e-004	1.04676620e-005	
2.15384615e+001	7.96801678e-004	-7.96732963e-004	1.04641765e-005	
2.16386404e+001	7.96539185e-004	-7.96470380e-004	1.04693510e-005	
2.17388193e+001	7.96106163e-004	-7.96037524e-004	1.04538968e-005	
2.18389982e+001	7.90616383e-004	-7.90553707e-004	9.95493034e-006	
2.19391771e+001	7.82687011e-004	-7.82631495e-004	9.32198524e-006	
2.20393560e+001	7.76296826e-004	-7.76246810e-004	8.81212066e-006	
2.21395349e+001	7.70896905e-004	-7.70851341e-004	8.38144388e-006	
2.22397138e+001	7.65762754e-004	-7.65721222e-004	7.97531157e-006	
2.23398927e+001	7.51154696e-004	-7.51123652e-004	6.82916796e-006	
2.24400716e+001	7.33343691e-004	-7.33323585e-004	5.43041390e-006	
2.25402504e+001	7.15534876e-004	-7.15523518e-004	4.03165985e-006	
2.26404293e+001	6.95247778e-004	-6.95241345e-004	2.99077688e-006	
2.27406082e+001	6.70796015e-004	-6.70793811e-004	1.71976112e-006	
2.28407871e+001	6.45448189e-004	-6.45448114e-004	3.11014510e-007	
2.29409660e+001	6.20103388e-004	-6.20102416e-004	-1.09773210e-006	
2.30411449e+001	5.94840456e-004	-5.94835198e-004	-2.50088036e-006	
2.31413238e+001	5.76105643e-004	-5.76095960e-004	-3.34008172e-006	
2.32415027e+001	5.46524504e-004	-5.46512035e-004	-3.69181372e-006	
2.33416816e+001	5.16943923e-004	-5.16928109e-004	-4.04354572e-006	
2.34418605e+001	4.87364003e-004	-4.87344183e-004	-4.39527772e-006	
2.35420394e+001	4.61090938e-004	-4.61067585e-004	-4.64054973e-006	
2.36422182e+001	4.38158320e-004	-4.38136427e-004	-4.38004642e-006	
2.37423971e+001	4.14260331e-004	-4.14240755e-004	-4.02722661e-006	
2.38425760e+001	3.90362378e-004	-3.90345084e-004	-3.67440679e-006	
2.39427549e+001	3.66464467e-004	-3.66449413e-004	-3.32158697e-006	
2.40429338e+001	3.46500798e-004	-3.46487230e-004	-3.06635070e-006	
2.41431127e+001	3.29406609e-004	-3.29393999e-004	-2.88228854e-006	
2.42432916e+001	3.09187467e-004	-3.09177139e-004	-2.52702733e-006	
2.43434705e+001	2.88184203e-004	-2.88176340e-004	-2.12880015e-006	
2.44436494e+001	2.71992455e-004	-2.71986463e-004	-1.80544024e-006	
2.45438283e+001	2.57890878e-004	-2.57886192e-004	-1.55457395e-006	
2.46440072e+001	2.41979146e-004	-2.41975468e-004	-1.33415726e-006	
2.47441860e+001	2.26067488e-004	-2.26064744e-004	-1.11374056e-006	
2.48443649e+001	2.11649281e-004	-2.11647309e-004	-9.13714412e-007	
2.49445438e+001	2.03076845e-004	-2.03075281e-004	-7.97048899e-007	
2.50447227e+001	1.94504443e-004	-1.94503253e-004	-6.80383385e-007	
2.51449016e+001	1.85932079e-004	-1.85931225e-004	-5.63717871e-007	
2.52450805e+001	1.77359760e-004	-1.77359197e-004	-4.47052357e-007	
2.53452594e+001	1.69875856e-004	-1.69875453e-004	-3.69974419e-007	
2.54454383e+001	1.62698756e-004	-1.62698472e-004	-3.04055305e-007	
2.55456172e+001	1.55521674e-004	-1.55521491e-004	-2.38136191e-007	
2.56457961e+001	1.48344610e-004	-1.48344510e-004	-1.72217076e-007	
2.57459750e+001	1.41190215e-004	-1.41190175e-004	-1.06720417e-007	
2.58461538e+001	1.34056328e-004	-1.34056321e-004	-4.16058577e-008	
2.59463327e+001	1.26922470e-004	-1.26922468e-004	2.35087014e-008	
2.60465116e+001	1.18743490e-004	-1.18743455e-004	9.15548956e-008	
2.61466905e+001	1.11005279e-004	-1.11005168e-004	1.56839019e-007	
2.62468694e+001	1.03307095e-004	-1.03306852e-004	2.24119606e-007	
2.63470483e+001	9.56089793e-005	-9.56085352e-005	2.91400193e-007	
2.64472272e+001	8.79109506e-005	-8.79102188e-005	3.58680780e-007	
2.65474061e+001	8.02130335e-005	-8.02119025e-005	4.25961367e-007	
2.66475850e+001	7.25152636e-005	-7.25135861e-005	4.93241954e-007	
2.67477639e+001	6.48176934e-005	-6.48152698e-005	5.60522541e-007	
2.68479428e+001	5.74282320e-005	-5.74248616e-005	6.22178211e-007	
2.69481216e+001	4.97579977e-005	-4.97531257e-005	6.96290629e-007	
2.70483005e+001	4.17768470e-005	-4.17695318e-005	7.81765088e-007	
2.71484794e+001	3.37970666e-005	-3.37859380e-005	8.67239547e-007	
2.72486583e+001	2.58199270e-005	-2.58023442e-005	9.52714006e-007	
2.73488372e+001	1.83643654e-005	-1.83355659e-005	1.02807679e-006	
2.74490161e+001	1.16008314e-005	-1.15494989e-005	1.09012123e-006	
2.75491950e+001	4.22275429e-006	-4.05790621e-006	1.16835396e-006	
2.76493739e+001	3.71676855e-006	3.50259944e-006	1.24344908e-006	
2.77495528e+001	8.27078862e-006	8.17374776e-006	1.26324654e-006	
2.78497317e+001	1.28467373e-005	1.27825983e-005	1.28212326e-006	
2.79499106e+001	1.65483472e-005	1.64994252e-005	1.27151977e-006	
2.80500894e+001	1.80789384e-005	1.80387533e-005	1.20473757e-006	
2.81502683e+001	1.87056169e-005	1.86698512e-005	1.15618461e-006	
2.82504472e+001	1.93327049e-005	1.93009490e-005	1.10763165e-006	
2.83506261e+001	1.88030137e-005	1.87745492e-005	1.03422744e-006	
2.84508050e+001	1.47688768e-005	1.47423037e-005	8.85553410e-007	
2.85509839e+001	1.09257075e-005	1.08953678e-005	8.13661934e-007	
2.86511628e+001	7.08799572e-006	7.04904823e-006	7.42025837e-007	
2.87513417e+001	3.85692124e-006	3.79752701e-006	6.74262586e-007	
2.88515206e+001	1.80665504e-006	1.69612469e-006	6.22224600e-007	
2.89516995e+001	7.57326598e-007	-4.68188270e-007	5.95267436e-007	
2.90518784e+001	2.98416235e-006	-2.92996489e-006	5.66154253e-007	
2.91520572e+001	5.41842133e-006	-5.39174151e-006	5.37041070e-007	
2.92522361e+001	7.86992617e-006	-7.85351814e-006	5.07927888e-007	
2.93524150e+001	1.03264016e-005	-1.03152948e-005	4.78814705e-007	
2.94525939e+001	1.11823414e-005	-1.11728293e-005	4.61133428e-007	
2.95527728e+001	1.19763222e-005	-1.19680930e-005	4.43895895e-007	
2.96529517e+001	1.27704859e-005	-1.27633567e-005	4.26658363e-007	
2.97531306e+001	1.36037290e-005	-1.35975597e-005	4.09651537e-007	
2.98533095e+001	1.48856175e-005	-1.48803678e-005	3.95302601e-007	
2.99534884e+001	1.61676646e-005	-1.61631759e-005	3.80953664e-007	
3.00536673e+001	1.74498354e-005	-1.74459839e-005	3.66604727e-007	
3.01538462e+001	1.81102222e-005	-1.81067794e-005	3.53110520e-007	
3.02540250e+001	1.84842124e-005	-1.84810850e-005	3.40009990e-007	
3.03542039e+001	1.88582242e-005	-1.88553905e-005	3.26909459e-007	
3.04543828e+001	1.92123379e-005	-1.92097650e-005	3.14414414e-007	
3.05545617e+001	1.93889713e-005	-1.93865357e-005	3.07314821e-007	
3.06547406e+001	1.95656097e-005	-1.95633063e-005	3.00215229e-007	
3.07549195e+001	1.97422530e-005	-1.97400769e-005	2.93115637e-007	
3.08550984e+001	1.98900474e-005	-1.98879995e-005	2.85410934e-007	
3.09552773e+001	1.99532311e-005	-1.99513231e-005	2.75931691e-007	
3.10554562e+001	1.99992587e-005	-1.99974719e-005	2.67331445e-007	
3.11556351e+001	2.00406834e-005	-2.00390102e-005	2.58967164e-007	
3.12558140e+001	1.99854946e-005	-1.99839115e-005	2.51544982e-007	
3.13559928e+001	1.98876277e-005	-1.98861243e-005	2.44538965e-007	
3.14561717e+001	1.97897626e-005	-1.97883370e-005	2.37532948e-007	
3.15563506e+001	1.97039036e-005	-1.97025542e-005	2.30604134e-007	
3.16565295e+001	1.96200885e-005	-1.96188096e-005	2.24018759e-007	
3.17567084e+001	1.94652204e-005	-1.94639880e-005	2.19036580e-007	
3.18568873e+001	1.93042562e-005	-1.93030651e-005	2.14433507e-007	
3.19570662e+001	1.91432924e-005	-1.91421423e-005	2.09830434e-007	
3.20572451e+001	1.89862683e-005	-1.89851615e-005	2.05005084e-007	
3.21574240e+001	1.88305269e-005	-1.88294636e-005	2.00107387e-007	
3.22576029e+001	1.86644737e-005	-1.86634487e-005	1.95599020e-007	
3.23577818e+001	1.84663217e-005	-1.84653323e-005	1.91154790e-007	
3.24579606e+001	1.82567371e-005	-1.82557894e-005	1.86022174e-007	
3.25581395e+001	1.80471530e-005	-1.80462464e-005	1.80889558e-007	
3.26583184e+001	1.78375694e-005	-1.78367035e-005	1.75756941e-007	
3.27584973e+001	1.76253964e-005	-1.76245612e-005	1.71584975e-007	
3.28586762e+001	1.74130217e-005	-1.74122153e-005	1.67579848e-007	
3.29588551e+001	1.72017272e-005	-1.72009511e-005	1.63401068e-007	
3.30590340e+001	1.69904330e-005	-1.69896869e-005	1.59222289e-007	
3.31592129e+001	1.67718357e-005	-1.67711161e-005	1.55365282e-007	
3.32593918e+001	1.65541391e-005	-1.65534419e-005	1.51928389e-007	
3.33595707e+001	1.63397343e-005	-1.63390573e-005	1.48734770e-007	
3.34597496e+001	1.61253295e-005	-1.61246727e-005	1.45541152e-007	
3.35599284e+001	1.59179118e-005	-1.59172748e-005	1.42410570e-007	
3.36601073e+001	1.56930459e-005	-1.56924279e-005	1.39275277e-007	
3.37602862e+001	1.54672524e-005	-1.54666533e-005	1.36133439e-007	
3.38604651e+001	1.52414589e-005	-1.52408787e-005	1.32991602e-007	
3.39606440e+001	1.50212042e-005	-1.50206409e-005	1.30091961e-007	
3.40608229e+001	1.48095723e-005	-1.48090229e-005	1.27569380e-007	
3.41610018e+001	1.45980799e-005	-1.45975443e-005	1.25047913e-007	
3.42611807e+001	1.43999008e-005	-1.43993786e-005	1.22632811e-007	
3.43613596e+001	1.42017219e-005	-1.42012130e-005	1.20217709e-007	
3.44615385e+001	1.40098745e-005	-1.40093762e-005	1.18170579e-007	
3.45617174e+001	1.38221783e-005	-1.38216884e-005	1.16364692e-007	
3.46618962e+001	1.36164050e-005	-1.36159263e-005	1.14179032e-007	
3.47620751e+001	1.34012938e-005	-1.34008275e-005	1.11797195e-007	
3.48622540e+001	1.31905921e-005	-1.31901370e-005	1.09572604e-007	
3.49624329e+001	1.29910006e-005	-1.29905538e-005	1.07744210e-007	
3.50626118e+001	1.28009918e-005	-1.28005539e-005	1.05874349e-007	
3.51627907e+001	1.26123821e-005	-1.26119527e-005	1.04080531e-007	
3.52629696e+001	1.24237163e-005	-1.24232938e-005	1.02450301e-007	
3.53631485e+001	1.22352745e-005	-1.22348591e-005	1.00819915e-007	
3.54633274e+001	1.20438841e-005	-1.20434756e-005	9.91904696e-008	
3.55635063e+001	1.18484345e-005	-1.18480328e-005	9.75623212e-008	
3.56636852e+001	1.16529849e-005	-1.16525900e-005	9.59341727e-008	
3.57638640e+001	1.14566783e-005	-1.14562904e-005	9.42804814e-008	
3.58640429e+001	1.12663372e-005	-1.12659528e-005	9.30733446e-008	
3.59642218e+001	1.10746215e-005	-1.10742406e-005	9.18512265e-008	
3.60644007e+001	1.08829059e-005	-1.08825285e-005	9.06291085e-008	
3.61645796e+001	1.06911902e-005	-1.06908164e-005	8.94069904e-008	
3.62647585e+001	1.05203557e-005	-1.05199840e-005	8.84358107e-008	
3.63649374e+001	1.03509109e-005	-1.03505412e-005	8.74851988e-008	
3.64651163e+001	1.01814662e-005	-1.01810984e-005	8.65345870e-008	
3.65652952e+001	1.00120214e-005	-1.00116556e-005	8.55839751e-008	
3.66654741e+001	9.84257670e-006	-9.84221283e-006	8.46333633e-008	
3.67656530e+001	9.67313201e-006	-9.67277003e-006	8.36827514e-008	
3.68658318e+001	9.50916065e-006	-9.50879955e-006	8.28691272e-008	
3.69660107e+001	9.34704814e-006	-9.34668755e-006	8.21020257e-008	
3.70661896e+001	9.18493567e-006	-9.18457554e-006	8.13349243e-008	
3.71663685e+001	9.01261141e-006	-9.01225244e-006	8.04386692e-008	
3.72665474e+001	8.83978781e-006	-8.83942999e-006	7.95360981e-008	
3.73667263e+001	8.66852950e-006	-8.66817262e-006	7.86585821e-008	
3.74669052e+001	8.51338517e-006	-8.51302748e-006	7.80390033e-008	
3.75670841e+001	8.34259719e-006	-8.34223716e-006	7.75047338e-008	
3.76672630e+001	8.16112909e-006	-8.16076557e-006	7.70287064e-008	
3.77674419e+001	7.97966119e-006	-7.97929398e-006	7.65526791e-008	
3.78676208e+001	7.80304415e-006	-7.80267381e-006	7.60219422e-008	
3.79677996e+001	7.63466654e-006	-7.63429423e-006	7.53982765e-008	
3.80679785e+001	7.48709426e-006	-7.48671948e-006	7.49126129e-008	
3.81681574e+001	7.31515058e-006	-7.31476852e-006	7.47621072e-008	
3.82683363e+001	7.14320724e-006	-7.14281757e-006	7.46116015e-008	
3.83685152e+001	6.97126429e-006	-6.97086661e-006	7.44610958e-008	
3.84686941e+001	6.79932174e-006	-6.79891566e-006	7.43105901e-008	
3.85688730e+001	6.61051020e-006	-6.61008855e-006	7.46623483e-008	
3.86690519e+001	6.41623723e-006	-6.41579723e-006	7.51402216e-008	
3.87692308e+001	6.22196545e-006	-6.22150592e-006	7.56180950e-008	
3.88694097e+001	6.02769496e-006	-6.02721461e-006	7.60959683e-008	
3.89695886e+001	5.84508196e-006	-5.84457225e-006	7.71901536e-008	
3.90697674e+001	5.66631662e-006	-5.66577300e-006	7.84876663e-008	
3.91699463e+001	5.43789219e-006	-5.43729052e-006	8.08908175e-008	
3.92701252e+001	5.09877698e-006	-5.09805572e-006	8.57586242e-008	
3.93703041e+001	4.75968378e-006	-4.75882092e-006	9.06264309e-008	
3.94704830e+001	4.42061768e-006	-4.41958612e-006	9.54942376e-008	
3.95706619e+001	4.08158541e-006	-4.08035133e-006	1.00362044e-007	
3.96708408e+001	3.79194279e-006	-3.79043829e-006	1.06806622e-007	
3.97710197e+001	3.21578299e-006	-3.21338473e-006	1.24172692e-007	
3.98711986e+001	2.72051238e-006	-2.71712353e-006	1.35747380e-007	
3.99713775e+001	2.25403833e-006	-2.24934105e-006	1.45442981e-007	
4.00715564e+001	1.55107201e-006	-1.54196917e-006	1.67795941e-007	
4.01717352e+001	5.82480599e-007	-5.45745887e-007	2.03580635e-007	
4.02719141e+001	4.29596412e-007	3.72411173e-007	2.14156475e-007	
4.03720930e+001	1.68427813e-006	1.66449313e-006	2.57401317e-007	
4.04722719e+001	3.21546990e-006	3.20410832e-006	2.70067605e-007	
4.05724508e+001	3.73227564e-006	3.72843267e-006	1.69325810e-007	
4.06726297e+001	3.68875115e-006	3.68838759e-006	5.17878353e-008	
4.07728086e+001	3.42210051e-006	3.42207053e-006	-1.43223678e-008	
4.08729875e+001	2.93671711e-006	2.93641625e-006	-4.20351175e-008	
4.09731664e+001	2.56536396e-006	2.56479090e-006	-5.42210289e-008	
4.10733453e+001	2.23240510e-006	2.23168418e-006	-5.67294476e-008	
4.11735242e+001	1.96755144e-006	1.96683241e-006	-5.31876841e-008	
4.12737030e+001	1.72503417e-006	1.72430708e-006	-5.00797494e-008	
4.13738819e+001	1.50898133e-006	1.50830936e-006	-4.50283783e-008	
4.14740608e+001	1.33284739e-006	1.33222298e-006	-4.07933175e-008	
4.15742397e+001	1.18710978e-006	1.18652289e-006	-3.73236546e-008	
4.16744186e+001	1.06880864e-006	1.06825451e-006	-3.44122958e-008	
4.17745975e+001	9.84013556e-007	9.83460460e-007	-3.29878921e-008	
4.18747764e+001	9.04823645e-007	9.04260233e-007	-3.19258419e-008	
4.19749553e+001	8.33430895e-007	8.32871052e-007	-3.05428771e-008	
4.20751342e+001	7.58886634e-007	7.58331862e-007	-2.90122307e-008	
4.21753131e+001	6.90876740e-007	6.90385101e-007	-2.60591950e-008	
4.22754919e+001	6.36534711e-007	6.36159445e-007	-2.18540296e-008	
4.23756708e+001	5.65973439e-007	5.65870336e-007	-1.08026151e-008	
4.24758497e+001	4.67597970e-007	4.67596394e-007	1.21411522e-009	
4.25760286e+001	3.28115097e-007	3.27853794e-007	1.30922432e-008	
4.26762075e+001	1.91495218e-007	1.90468498e-007	1.98032719e-008	
4.27763864e+001	6.92924297e-008	6.50075212e-008	2.39888098e-008	
4.28765653e+001	4.19581732e-008	-3.47769376e-008	2.34745163e-008	
4.29767442e+001	8.83093816e-008	-8.54029373e-008	2.24696504e-008	
4.30769231e+001	9.74948107e-008	-9.52677713e-008	2.07193117e-008	
4.31771020e+001	9.20853345e-008	-9.01956142e-008	1.85596339e-008	
4.32772809e+001	4.13357962e-008	-3.84835714e-008	1.50884982e-008	
4.33774597e+001	2.20457596e-008	1.88552359e-008	1.14234670e-008	
4.34776386e+001	8.23931381e-008	8.20842962e-008	7.12723779e-009	
4.35778175e+001	1.14137893e-007	1.14074299e-007	3.80957812e-009	
4.36779964e+001	1.41640055e-007	1.41639939e-007	-1.81435868e-010	
4.37781753e+001	1.57945365e-007	1.57897879e-007	-3.87275455e-009	
4.38783542e+001	1.58831974e-007	1.58721603e-007	-5.92020747e-009	
4.39785331e+001	1.50360963e-007	1.50205215e-007	-6.84196016e-009	
4.40787120e+001	1.40723981e-007	1.40537281e-007	-7.24647529e-009	
4.41788909e+001	1.29629205e-007	1.29438519e-007	-7.02855199e-009	
4.42790698e+001	1.14505029e-007	1.14330663e-007	-6.31672794e-009	
4.43792487e+001	1.04217059e-007	1.04051803e-007	-5.86665561e-009	
4.44794275e+001	9.18144936e-008	9.16573354e-008	-5.36974022e-009	
4.45796064e+001	8.32865494e-008	8.31427200e-008	-4.89258741e-009	
4.46797853e+001	7.50222794e-008	7.48921522e-008	-4.41677957e-009	
4.47799642e+001	6.62563693e-008	6.61442227e-008	-3.85334573e-009	
4.48801431e+001	6.24235389e-008	6.23243432e-008	-3.51773259e-009	
4.49803220e+001	5.83799734e-008	5.82929387e-008	-3.18662658e-009	
4.50805009e+001	5.67268113e-008	5.66535996e-008	-2.88110606e-009	
4.51806798e+001	5.53784092e-008	5.53089513e-008	-2.77274435e-009	
4.52808587e+001	5.42772164e-008	5.42060881e-008	-2.77781072e-009	
4.53810376e+001	5.27751535e-008	5.27006255e-008	-2.80372911e-009	
4.54812165e+001	5.05418535e-008	5.04625578e-008	-2.83005445e-009	
4.55813953e+001	4.88161684e-008	4.87327436e-008	-2.85271707e-009	
4.56815742e+001	4.67193981e-008	4.66311369e-008	-2.87040653e-009	
4.57817531e+001	4.52514989e-008	4.51508872e-008	-3.01588089e-009	
4.58819320e+001	4.69139262e-008	4.67982484e-008	-3.29247853e-009	
4.59821109e+001	5.68779361e-008	5.67751302e-008	-3.41821620e-009	
4.60822898e+001	9.67047484e-008	9.64317494e-008	-7.26127146e-009	
4.61824687e+001	5.63190060e-008	5.45231072e-008	-1.41089057e-008	
4.62826476e+001	4.98279261e-008	4.79901439e-008	-1.34077704e-008	
4.63828265e+001	5.20764426e-008	5.02592806e-008	-1.36367365e-008	
4.64830054e+001	5.26577259e-008	5.06697594e-008	-1.43321867e-008	
4.65831843e+001	5.45416436e-008	5.27278854e-008	-1.39485123e-008	
4.66833631e+001	6.22422379e-008	6.02865528e-008	-1.54799134e-008	
4.67835420e+001	5.90844103e-008	5.69490376e-008	-1.57408593e-008	
4.68837209e+001	6.75214473e-008	6.51575091e-008	-1.77100213e-008	
4.69838998e+001	7.94119602e-008	7.67528218e-008	-2.03780218e-008	
4.70840787e+001	8.79495484e-008	8.48995080e-008	-2.29607621e-008	
4.71842576e+001	8.92933426e-008	8.54532848e-008	-2.59043849e-008	
4.72844365e+001	1.11233401e-007	1.07919196e-007	-2.69502627e-008	
4.73846154e+001	1.09782450e-007	1.06113565e-007	-2.81442260e-008	
4.74847943e+001	1.35048879e-007	1.30519594e-007	-3.46819195e-008	
4.75849732e+001	1.70377275e-007	1.66052425e-007	-3.81445675e-008	
4.76851521e+001	2.03609275e-007	1.98371316e-007	-4.58863586e-008	
4.77853309e+001	2.32069955e-007	2.24856150e-007	-5.74123306e-008	
4.78855098e+001	2.82395188e-007	2.74031545e-007	-6.82184344e-008	
4.79856887e+001	3.26737211e-007	3.13980841e-007	-9.04059534e-008	
4.80858676e+001	5.99090206e-007	5.83628386e-007	-1.35229370e-007	
4.81860465e+001	1.23842687e-006	1.22829323e-006	1.58103881e-007	
4.82862254e+001	3.93558630e-007	3.93445483e-007	9.43650043e-009	
4.83864043e+001	1.98804644e-007	1.98504942e-007	1.09121386e-008	
4.84865832e+001	5.48272064e-008	5.40365814e-008	9.27741488e-009	
4.85867621e+001	5.41310909e-008	-5.34022695e-008	8.85283095e-009	
4.86869410e+001	1.45317684e-007	-1.44963513e-007	1.01394879e-008	
4.87871199e+001	2.13418264e-007	-2.13131330e-007	1.10630780e-008	
4.88872987e+001	2.81337056e-007	-2.81111154e-007	1.12720204e-008	
4.89874776e+001	3.49279721e-007	-3.49090978e-007	1.14809628e-008	
4.90876565e+001	4.07180550e-007	-4.07010460e-007	1.17679902e-008	
4.91878354e+001	4.60667982e-007	-4.60509325e-007	1.20893288e-008	
4.92880143e+001	5.14157994e-007	-5.14008189e-007	1.24106675e-008	
4.93881932e+001	5.71455418e-007	-5.71311120e-007	1.28412893e-008	
4.94883721e+001	6.20889871e-007	-6.20751791e-007	1.30937344e-008	
4.95885510e+001	6.64494830e-007	-6.64362696e-007	1.32509247e-008	
4.96887299e+001	7.08100556e-007	-7.07973601e-007	1.34081149e-008	
4.97889088e+001	7.51706916e-007	-7.51584506e-007	1.35653052e-008	
4.98890877e+001	7.96321771e-007	-7.96203372e-007	1.37314306e-008	
4.99892665e+001	8.42410530e-007	-8.42295670e-007	1.39106174e-008	
5.00894454e+001	8.78376736e-007	-8.78264934e-007	1.40141161e-008	
5.01896243e+001	9.10997766e-007	-9.10888901e-007	1.40833155e-008	
5.02898032e+001	9.43619005e-007	-9.43512868e-007	1.41525149e-008	
5.03899821e+001	9.76240430e-007	-9.76136835e-007	1.42217143e-008	
5.04901610e+001	1.00886203e-006	-1.00876080e-006	1.42909137e-008	
5.05903399e+001	1.04148377e-006	-1.04138477e-006	1.43601131e-008	
5.06905188e+001	1.07410566e-006	-1.07400874e-006	1.44293125e-008	
5.07906977e+001	1.10443466e-006	-1.10433987e-006	1.44695859e-008	
5.08908766e+001	1.13115030e-006	-1.13105790e-006	1.44578631e-008	
5.09910555e+001	1.15786605e-006	-1.15777593e-006	1.44461403e-008	
5.10912343e+001	1.18458191e-006	-1.18449396e-006	1.44344175e-008	
5.11914132e+001	1.20610997e-006	-1.20602373e-006	1.44229943e-008	
5.12915921e+001	1.22632145e-006	-1.22623677e-006	1.44111391e-008	
5.13917710e+001	1.24322397e-006	-1.24314100e-006	1.43631066e-008	
5.14919499e+001	1.26012655e-006	-1.26004524e-006	1.43150741e-008	
5.15921288e+001	1.27820570e-006	-1.27812571e-006	1.42991180e-008	
5.16923077e+001	1.29640796e-006	-1.29632924e-006	1.42865176e-008	
5.17924866e+001	1.31461027e-006	-1.31453277e-006	1.42739172e-008	
5.18926655e+001	1.33120715e-006	-1.33113098e-006	1.42397478e-008	
5.19928444e+001	1.34551757e-006	-1.34544258e-006	1.42053303e-008	
5.20930233e+001	1.35926506e-006	-1.35919113e-006	1.41764311e-008	
5.21932021e+001	1.37301258e-006	-1.37293969e-006	1.41475318e-008	
5.22933810e+001	1.38175467e-006	-1.38168274e-006	1.40979994e-008	
5.23935599e+001	1.39143244e-006	-1.39136142e-006	1.40581120e-008	
5.24937388e+001	1.40207243e-006	-1.40200226e-006	1.40266702e-008	
5.25939177e+001	1.41271243e-006	-1.41264311e-006	1.39952283e-008	
5.26940966e+001	1.42332751e-006	-1.42325901e-006	1.39636201e-008	
5.27942755e+001	1.43159164e-006	-1.43152383e-006	1.39340889e-008	
5.28944544e+001	1.43978228e-006	-1.43971513e-006	1.39054310e-008	
5.29946333e+001	1.44797293e-006	-1.44790644e-006	1.38767732e-008	
5.30948122e+001	1.45616359e-006	-1.45609774e-006	1.38481154e-008	
5.31949911e+001	1.46379006e-006	-1.46372484e-006	1.38174338e-008	
5.32951699e+001	1.47013111e-006	-1.47006651e-006	1.37821413e-008	
5.33953488e+001	1.47647217e-006	-1.47640817e-006	1.37468488e-008	
5.34955277e+001	1.48281323e-006	-1.48274983e-006	1.37115563e-008	
5.35957066e+001	1.48997910e-006	-1.48991628e-006	1.36824310e-008	
5.36958855e+001	1.49657339e-006	-1.49651103e-006	1.36619468e-008	
5.37960644e+001	1.50064276e-006	-1.50058075e-006	1.36423078e-008	
5.38962433e+001	1.50482355e-006	-1.50476191e-006	1.36202760e-008	
5.39964222e+001	1.50908297e-006	-1.50902172e-006	1.35965554e-008	
5.40966011e+001	1.51334240e-006	-1.51328153e-006	1.35728348e-008	
5.41967800e+001	1.51705087e-006	-1.51699035e-006	1.35511401e-008	
5.42969589e+001	1.52043974e-006	-1.52037954e-006	1.35306205e-008	
5.43971377e+001	1.52374448e-006	-1.52368455e-006	1.35137508e-008	
5.44973166e+001	1.52699938e-006	-1.52693971e-006	1.34990428e-008	
5.45974955e+001	1.53025428e-006	-1.53019487e-006	1.34843348e-008	
5.46976744e+001	1.53263700e-006	-1.53257781e-006	1.34692460e-008	
5.47978533e+001	1.53473221e-006	-1.53467323e-006	1.34540317e-008	
5.48980322e+001	1.53682742e-006	-1.53676866e-006	1.34388173e-008	
5.49982111e+001	1.53827665e-006	-1.53821804e-006	1.34272774e-008	
5.50983900e+001	1.53929918e-006	-1.53924069e-006	1.34181647e-008	
5.51985689e+001	1.54032170e-006	-1.54026334e-006	1.34090520e-008	
5.52987478e+001	1.54134423e-006	-1.54128598e-006	1.33999393e-008	
5.53989267e+001	1.54236676e-006	-1.54230863e-006	1.33908266e-008	
5.54991055e+001	1.54414001e-006	-1.54408200e-006	1.33839982e-008	
5.55992844e+001	1.54595006e-006	-1.54589218e-006	1.33772796e-008	
5.56994633e+001	1.54757340e-006	-1.54751563e-006	1.33715903e-008	
5.57996422e+001	1.54767002e-006	-1.54761228e-006	1.33696684e-008	
5.58998211e+001	1.54812008e-006	-1.54806237e-006	1.33679023e-008	
5.60000000e+001	1.54796289e-006	-1.54790517e-006	1.33678540e-008	
