% Column 0: Length, cm
% Column 1: |B.t|, Tesla
% Column 2: Re[B.t], Tesla
% Column 3: Im[B.t], Tesla
0.00000000e+000	4.50026871e-006	-4.50005276e-006	4.40868751e-008	
1.00178891e-001	4.49952764e-006	-4.49931164e-006	4.40873718e-008	
2.00357782e-001	4.49735301e-006	-4.49713690e-006	4.40888176e-008	
3.00536673e-001	4.49376740e-006	-4.49355109e-006	4.40911439e-008	
4.00715564e-001	4.48972281e-006	-4.48950628e-006	4.40937538e-008	
5.00894454e-001	4.48385149e-006	-4.48363465e-006	4.40970285e-008	
6.01073345e-001	4.47645137e-006	-4.47623413e-006	4.41008597e-008	
7.01252236e-001	4.46905124e-006	-4.46883361e-006	4.41046908e-008	
8.01431127e-001	4.46165112e-006	-4.46143309e-006	4.41085219e-008	
9.01610018e-001	4.45317897e-006	-4.45296048e-006	4.41121856e-008	
1.00178891e+000	4.43982513e-006	-4.43960596e-006	4.41150866e-008	
1.10196780e+000	4.42647129e-006	-4.42625143e-006	4.41179876e-008	
1.20214669e+000	4.41311746e-006	-4.41289690e-006	4.41208886e-008	
1.30232558e+000	4.39976363e-006	-4.39954238e-006	4.41237896e-008	
1.40250447e+000	4.38640981e-006	-4.38618785e-006	4.41266906e-008	
1.50268336e+000	4.37305599e-006	-4.37283332e-006	4.41295916e-008	
1.60286225e+000	4.35970218e-006	-4.35947880e-006	4.41324926e-008	
1.70304114e+000	4.34634837e-006	-4.34612427e-006	4.41353937e-008	
1.80322004e+000	4.32849894e-006	-4.32827394e-006	4.41340095e-008	
1.90339893e+000	4.30518569e-006	-4.30495953e-006	4.41274172e-008	
2.00357782e+000	4.28187244e-006	-4.28164512e-006	4.41208249e-008	
2.10375671e+000	4.25855921e-006	-4.25833071e-006	4.41142325e-008	
2.20393560e+000	4.23422199e-006	-4.23399227e-006	4.41056985e-008	
2.30411449e+000	4.19914582e-006	-4.19891449e-006	4.40767999e-008	
2.40429338e+000	4.16406968e-006	-4.16383670e-006	4.40479014e-008	
2.50447227e+000	4.12899357e-006	-4.12875892e-006	4.40190028e-008	
2.60465116e+000	4.09391748e-006	-4.09368113e-006	4.39901043e-008	
2.70483005e+000	4.06489080e-006	-4.06465308e-006	4.39607030e-008	
2.80500894e+000	4.03818515e-006	-4.03794618e-006	4.39311091e-008	
2.90518784e+000	4.01147951e-006	-4.01123927e-006	4.39015152e-008	
3.00536673e+000	3.98477388e-006	-3.98453236e-006	4.38719213e-008	
3.10554562e+000	3.95547351e-006	-3.95523065e-006	4.38313387e-008	
3.20572451e+000	3.92152775e-006	-3.92128346e-006	4.37710830e-008	
3.30590340e+000	3.88758202e-006	-3.88733627e-006	4.37108272e-008	
3.40608229e+000	3.85363631e-006	-3.85338908e-006	4.36505715e-008	
3.50626118e+000	3.81969063e-006	-3.81944189e-006	4.35903158e-008	
3.60644007e+000	3.75438122e-006	-3.75413002e-006	4.34296924e-008	
3.70661896e+000	3.68888414e-006	-3.68863037e-006	4.32684681e-008	
3.80679785e+000	3.62338715e-006	-3.62313072e-006	4.31072437e-008	
3.90697674e+000	3.55789028e-006	-3.55763107e-006	4.29460194e-008	
4.00715564e+000	3.50007351e-006	-3.49981193e-006	4.27900205e-008	
4.10733453e+000	3.44677261e-006	-3.44650888e-006	4.26370939e-008	
4.20751342e+000	3.39347178e-006	-3.39320583e-006	4.24841674e-008	
4.30769231e+000	3.34017104e-006	-3.33990278e-006	4.23312408e-008	
4.40787120e+000	3.28996985e-006	-3.28969951e-006	4.21747452e-008	
4.50805009e+000	3.24834879e-006	-3.24807715e-006	4.20083697e-008	
4.60822898e+000	3.20672778e-006	-3.20645479e-006	4.18419941e-008	
4.70840787e+000	3.16510681e-006	-3.16483243e-006	4.16756186e-008	
4.80858676e+000	3.12348589e-006	-3.12321006e-006	4.15092430e-008	
4.90876565e+000	3.04714026e-006	-3.04686198e-006	4.11804607e-008	
5.00894454e+000	2.96698123e-006	-2.96670022e-006	4.08338419e-008	
5.10912343e+000	2.88682239e-006	-2.88653846e-006	4.04872232e-008	
5.20930233e+000	2.80666376e-006	-2.80637670e-006	4.01406045e-008	
5.30948122e+000	2.72570599e-006	-2.72541604e-006	3.97565218e-008	
5.40966011e+000	2.64405823e-006	-2.64376555e-006	3.93400987e-008	
5.50983900e+000	2.56241070e-006	-2.56211506e-006	3.89236757e-008	
5.61001789e+000	2.48076345e-006	-2.48046457e-006	3.85072526e-008	
5.71019678e+000	2.40391296e-006	-2.40361086e-006	3.81096539e-008	
5.81037567e+000	2.35009314e-006	-2.34978909e-006	3.78024425e-008	
5.91055456e+000	2.29627346e-006	-2.29596731e-006	3.74952311e-008	
6.01073345e+000	2.24245392e-006	-2.24214554e-006	3.71880197e-008	
6.11091234e+000	2.18863453e-006	-2.18832377e-006	3.68808083e-008	
6.21109123e+000	2.13676011e-006	-2.13644740e-006	3.65549781e-008	
6.31127013e+000	2.08534786e-006	-2.08503320e-006	3.62247248e-008	
6.41144902e+000	2.03393576e-006	-2.03361900e-006	3.58944714e-008	
6.51162791e+000	1.98252382e-006	-1.98220480e-006	3.55642181e-008	
6.61180680e+000	1.92048545e-006	-1.92016352e-006	3.51625174e-008	
6.71198569e+000	1.84512438e-006	-1.84479860e-006	3.46712399e-008	
6.81216458e+000	1.76976377e-006	-1.76943367e-006	3.41799624e-008	
6.91234347e+000	1.69440369e-006	-1.69406875e-006	3.36886850e-008	
7.01252236e+000	1.62037817e-006	-1.62003789e-006	3.32059738e-008	
7.11270125e+000	1.56182599e-006	-1.56148106e-006	3.28226258e-008	
7.21288014e+000	1.50327428e-006	-1.50292423e-006	3.24392777e-008	
7.31305903e+000	1.44472308e-006	-1.44436740e-006	3.20559297e-008	
7.41323792e+000	1.38617246e-006	-1.38581057e-006	3.16725816e-008	
7.51341682e+000	1.34430378e-006	-1.34393588e-006	3.14485437e-008	
7.61359571e+000	1.30908372e-006	-1.30870976e-006	3.12879983e-008	
7.71377460e+000	1.27386401e-006	-1.27348364e-006	3.11274528e-008	
7.81395349e+000	1.23864468e-006	-1.23825753e-006	3.09669074e-008	
7.91413238e+000	1.20588654e-006	-1.20549081e-006	3.08911125e-008	
8.01431127e+000	1.17768513e-006	-1.17727779e-006	3.09722333e-008	
8.11449016e+000	1.14948429e-006	-1.14906476e-006	3.10533541e-008	
8.21466905e+000	1.12128408e-006	-1.12085174e-006	3.11344749e-008	
8.31484794e+000	1.09308453e-006	-1.09263872e-006	3.12155957e-008	
8.41502683e+000	1.08471455e-006	-1.08424760e-006	3.18246360e-008	
8.51520572e+000	1.07661947e-006	-1.07613060e-006	3.24409780e-008	
8.61538462e+000	1.06852508e-006	-1.06801361e-006	3.30573199e-008	
8.71556351e+000	1.06043139e-006	-1.05989661e-006	3.36736619e-008	
8.81574240e+000	1.06041585e-006	-1.05986168e-006	3.42781354e-008	
8.91592129e+000	1.06530871e-006	-1.06473769e-006	3.48753928e-008	
9.01610018e+000	1.07020174e-006	-1.06961370e-006	3.54726502e-008	
9.11627907e+000	1.07509496e-006	-1.07448971e-006	3.60699076e-008	
9.21645796e+000	1.08773597e-006	-1.08711185e-006	3.68424823e-008	
9.31663685e+000	1.12269511e-006	-1.12204776e-006	3.81200824e-008	
9.41681574e+000	1.15765426e-006	-1.15698367e-006	3.93976826e-008	
9.51699463e+000	1.19261342e-006	-1.19191958e-006	4.06752827e-008	
9.61717352e+000	1.22757259e-006	-1.22685550e-006	4.19528828e-008	
9.71735242e+000	1.30098374e-006	-1.30022816e-006	4.43330838e-008	
9.81753131e+000	1.37898521e-006	-1.37818931e-006	4.68449094e-008	
9.91771020e+000	1.45698669e-006	-1.45615045e-006	4.93567350e-008	
1.00178891e+001	1.53498819e-006	-1.53411160e-006	5.18685606e-008	
1.01180680e+001	1.65147829e-006	-1.65055495e-006	5.52168566e-008	
1.02182469e+001	1.80223519e-006	-1.80125901e-006	5.93098638e-008	
1.03184258e+001	1.95299251e-006	-1.95196307e-006	6.34028709e-008	
1.04186047e+001	2.10375016e-006	-2.10266713e-006	6.74958780e-008	
1.05187835e+001	2.26892173e-006	-2.26778332e-006	7.18652464e-008	
1.06189624e+001	2.50720847e-006	-2.50600616e-006	7.76364910e-008	
1.07191413e+001	2.74549625e-006	-2.74422901e-006	8.34077356e-008	
1.08193202e+001	2.98378483e-006	-2.98245185e-006	8.91789803e-008	
1.09194991e+001	3.22207402e-006	-3.22067469e-006	9.49502249e-008	
1.10196780e+001	3.42388813e-006	-3.42243916e-006	9.95995697e-008	
1.11198569e+001	3.61660308e-006	-3.61510834e-006	1.03969037e-007	
1.12200358e+001	3.80931842e-006	-3.80777751e-006	1.08338505e-007	
1.13202147e+001	4.00203408e-006	-4.00044669e-006	1.12707973e-007	
1.14203936e+001	4.21345463e-006	-4.21182385e-006	1.17216727e-007	
1.15205725e+001	4.44907058e-006	-4.44740014e-006	1.21905651e-007	
1.16207513e+001	4.68468723e-006	-4.68297643e-006	1.26594575e-007	
1.17209302e+001	4.92030448e-006	-4.91855272e-006	1.31283499e-007	
1.18211091e+001	5.18340992e-006	-5.18161554e-006	1.36377278e-007	
1.19212880e+001	5.80251035e-006	-5.80065525e-006	1.46714191e-007	
1.20214669e+001	6.42161572e-006	-6.41969496e-006	1.57051104e-007	
1.21216458e+001	7.04072471e-006	-7.03873467e-006	1.67388017e-007	
1.22218247e+001	7.65983646e-006	-7.65777438e-006	1.77724930e-007	
1.23220036e+001	8.45526548e-006	-8.45315463e-006	1.88920887e-007	
1.24221825e+001	9.32365383e-006	-9.32149835e-006	2.00472302e-007	
1.25223614e+001	1.01920477e-005	-1.01898421e-005	2.12023716e-007	
1.26225403e+001	1.10604457e-005	-1.10581858e-005	2.23575131e-007	
1.27227191e+001	1.19288470e-005	-1.19265295e-005	2.35126545e-007	
1.28228980e+001	1.27972509e-005	-1.27948732e-005	2.46677959e-007	
1.29230769e+001	1.36656570e-005	-1.36632170e-005	2.58229374e-007	
1.30232558e+001	1.45340647e-005	-1.45315607e-005	2.69780788e-007	
1.31234347e+001	1.54024739e-005	-1.53999044e-005	2.81332203e-007	
1.32236136e+001	1.66038895e-005	-1.66013118e-005	2.92559911e-007	
1.33237925e+001	1.78125656e-005	-1.78099750e-005	3.03780527e-007	
1.34239714e+001	1.90212467e-005	-1.90186382e-005	3.15001143e-007	
1.35241503e+001	2.02299319e-005	-2.02273014e-005	3.26221759e-007	
1.36243292e+001	2.14386205e-005	-2.14359647e-005	3.37442375e-007	
1.37245081e+001	2.26473119e-005	-2.26446279e-005	3.48662991e-007	
1.38246869e+001	2.38560058e-005	-2.38532911e-005	3.59883607e-007	
1.39248658e+001	2.50647017e-005	-2.50619543e-005	3.71104223e-007	
1.40250447e+001	2.65249075e-005	-2.65221423e-005	3.82996701e-007	
1.41252236e+001	2.87396275e-005	-2.87368867e-005	3.96904699e-007	
1.42254025e+001	3.09543572e-005	-3.09516310e-005	4.10812697e-007	
1.43255814e+001	3.31690948e-005	-3.31663754e-005	4.24720695e-007	
1.44257603e+001	3.53838386e-005	-3.53811198e-005	4.38628693e-007	
1.45259392e+001	3.85062858e-005	-3.85036257e-005	4.52607384e-007	
1.46261181e+001	4.17459282e-005	-4.17433205e-005	4.66595207e-007	
1.47262970e+001	4.49855824e-005	-4.49830153e-005	4.80583030e-007	
1.48264758e+001	4.82252461e-005	-4.82227101e-005	4.94570853e-007	
1.49266547e+001	5.15964643e-005	-5.15939803e-005	5.06284317e-007	
1.50268336e+001	5.50884789e-005	-5.50860630e-005	5.15909549e-007	
1.51270125e+001	5.85805031e-005	-5.85781457e-005	5.25534780e-007	
1.52271914e+001	6.20725355e-005	-6.20702285e-005	5.35160011e-007	
1.53273703e+001	6.56453589e-005	-6.56431062e-005	5.43830346e-007	
1.54275492e+001	6.96520002e-005	-6.96498493e-005	5.47373242e-007	
1.55277281e+001	7.36586527e-005	-7.36565925e-005	5.50916139e-007	
1.56279070e+001	7.76653148e-005	-7.76633356e-005	5.54459036e-007	
1.57280859e+001	8.16719849e-005	-8.16700787e-005	5.58001933e-007	
1.58282648e+001	8.73859057e-005	-8.73841269e-005	5.57573231e-007	
1.59284436e+001	9.35464271e-005	-9.35447741e-005	5.56105650e-007	
1.60286225e+001	9.97069640e-005	-9.97054214e-005	5.54638069e-007	
1.61288014e+001	1.05867514e-004	-1.05866069e-004	5.53170488e-007	
1.62289803e+001	1.12274858e-004	-1.12273510e-004	5.50198311e-007	
1.63291592e+001	1.19011618e-004	-1.19010369e-004	5.45217973e-007	
1.64293381e+001	1.25748388e-004	-1.25747227e-004	5.40237635e-007	
1.65295170e+001	1.32485167e-004	-1.32484086e-004	5.35257297e-007	
1.66296959e+001	1.39201166e-004	-1.39200156e-004	5.30241691e-007	
1.67298748e+001	1.45613160e-004	-1.45612214e-004	5.24710330e-007	
1.68300537e+001	1.52025159e-004	-1.52024272e-004	5.19178968e-007	
1.69302326e+001	1.58437163e-004	-1.58436331e-004	5.13647607e-007	
1.70304114e+001	1.64849172e-004	-1.64848389e-004	5.08116245e-007	
1.71305903e+001	1.69737286e-004	-1.69736537e-004	5.04377624e-007	
1.72307692e+001	1.73971187e-004	-1.73970464e-004	5.01408626e-007	
1.73309481e+001	1.78205089e-004	-1.78204392e-004	4.98439627e-007	
1.74311270e+001	1.82438992e-004	-1.82438319e-004	4.95470629e-007	
1.75313059e+001	1.87593024e-004	-1.87592375e-004	4.93594235e-007	
1.76314848e+001	1.94570974e-004	-1.94570347e-004	4.93883650e-007	
1.77316637e+001	2.01548926e-004	-2.01548320e-004	4.94173065e-007	
1.78318426e+001	2.08526878e-004	-2.08526292e-004	4.94462480e-007	
1.79320215e+001	2.15504833e-004	-2.15504265e-004	4.94751895e-007	
1.80322004e+001	2.24935273e-004	-2.24934711e-004	5.03177190e-007	
1.81323792e+001	2.34439024e-004	-2.34438465e-004	5.11845679e-007	
1.82325581e+001	2.43942775e-004	-2.43942220e-004	5.20514168e-007	
1.83327370e+001	2.53446527e-004	-2.53445975e-004	5.29182657e-007	
1.84329159e+001	2.60896426e-004	-2.60895861e-004	5.43187390e-007	
1.85330948e+001	2.67014597e-004	-2.67014008e-004	5.60652264e-007	
1.86332737e+001	2.73132767e-004	-2.73132155e-004	5.78117137e-007	
1.87334526e+001	2.79250937e-004	-2.79250302e-004	5.95582011e-007	
1.88336315e+001	2.85369108e-004	-2.85368449e-004	6.13046885e-007	
1.89338104e+001	2.91487279e-004	-2.91486597e-004	6.30511758e-007	
1.90339893e+001	2.97605449e-004	-2.97604744e-004	6.47976632e-007	
1.91341682e+001	3.03723620e-004	-3.03722891e-004	6.65441506e-007	
1.92343470e+001	3.09841791e-004	-3.09841038e-004	6.82906380e-007	
1.93345259e+001	3.17121630e-004	-3.17120821e-004	7.16300457e-007	
1.94347048e+001	3.24562922e-004	-3.24562051e-004	7.51908417e-007	
1.95348837e+001	3.32004215e-004	-3.32003281e-004	7.87516377e-007	
1.96350626e+001	3.39445509e-004	-3.39444511e-004	8.23124337e-007	
1.97352415e+001	3.46080862e-004	-3.46079796e-004	8.59176341e-007	
1.98354204e+001	3.51953070e-004	-3.51951930e-004	8.95648727e-007	
1.99355993e+001	3.57825278e-004	-3.57824064e-004	9.32121113e-007	
2.00357782e+001	3.63697489e-004	-3.63696199e-004	9.68593499e-007	
2.01359571e+001	3.69369851e-004	-3.69368485e-004	1.00470544e-006	
2.02361360e+001	3.73903525e-004	-3.73902082e-004	1.03876352e-006	
2.03363148e+001	3.78437201e-004	-3.78435680e-004	1.07282160e-006	
2.04364937e+001	3.82970878e-004	-3.82969278e-004	1.10687969e-006	
2.05366726e+001	3.87504556e-004	-3.87502876e-004	1.14093777e-006	
2.06368515e+001	3.90486381e-004	-3.90484643e-004	1.16482998e-006	
2.07370304e+001	3.93043093e-004	-3.93041304e-004	1.18593732e-006	
2.08372093e+001	3.95599806e-004	-3.95597965e-004	1.20704467e-006	
2.09373882e+001	3.98156519e-004	-3.98154625e-004	1.22815202e-006	
2.10375671e+001	4.00149361e-004	-4.00147426e-004	1.24440826e-006	
2.11377460e+001	4.01365548e-004	-4.01363589e-004	1.25398275e-006	
2.12379249e+001	4.02581735e-004	-4.02579752e-004	1.26355725e-006	
2.13381038e+001	4.03797923e-004	-4.03795916e-004	1.27313175e-006	
2.14382826e+001	4.04943046e-004	-4.04941017e-004	1.28197048e-006	
2.15384615e+001	4.04896870e-004	-4.04894851e-004	1.27847491e-006	
2.16386404e+001	4.04850693e-004	-4.04848686e-004	1.27497933e-006	
2.17388193e+001	4.04804517e-004	-4.04802520e-004	1.27148376e-006	
2.18389982e+001	4.04758340e-004	-4.04756354e-004	1.26798819e-006	
2.19391771e+001	4.03419198e-004	-4.03417255e-004	1.25231240e-006	
2.20393560e+001	4.01504478e-004	-4.01502591e-004	1.23121445e-006	
2.21395349e+001	3.99589759e-004	-3.99587927e-004	1.21011650e-006	
2.22397138e+001	3.97675040e-004	-3.97673263e-004	1.18901855e-006	
2.23398927e+001	3.95155434e-004	-3.95153722e-004	1.16326427e-006	
2.24400716e+001	3.91394439e-004	-3.91392813e-004	1.12795401e-006	
2.25402504e+001	3.87633445e-004	-3.87631905e-004	1.09264374e-006	
2.26404293e+001	3.83872452e-004	-3.83870996e-004	1.05733348e-006	
2.27406082e+001	3.80111461e-004	-3.80110087e-004	1.02202321e-006	
2.28407871e+001	3.75939260e-004	-3.75937959e-004	9.88936021e-007	
2.29409660e+001	3.71751397e-004	-3.71750168e-004	9.55933637e-007	
2.30411449e+001	3.67563535e-004	-3.67562376e-004	9.22931252e-007	
2.31413238e+001	3.63375675e-004	-3.63374585e-004	8.89928868e-007	
2.32415027e+001	3.59187816e-004	-3.59186794e-004	8.56926483e-007	
2.33416816e+001	3.54999958e-004	-3.54999002e-004	8.23924099e-007	
2.34418605e+001	3.50812103e-004	-3.50811211e-004	7.90921714e-007	
2.35420394e+001	3.46624248e-004	-3.46623420e-004	7.57919330e-007	
2.36422182e+001	3.41726804e-004	-3.41726039e-004	7.23085226e-007	
2.37423971e+001	3.34514637e-004	-3.34513941e-004	6.82276213e-007	
2.38425760e+001	3.27302471e-004	-3.27301843e-004	6.41467201e-007	
2.39427549e+001	3.20090308e-004	-3.20089745e-004	6.00658189e-007	
2.40429338e+001	3.12878148e-004	-3.12877647e-004	5.59849177e-007	
2.41431127e+001	3.04744111e-004	-3.04743664e-004	5.22266468e-007	
2.42432916e+001	2.96472656e-004	-2.96472260e-004	4.85164547e-007	
2.43434705e+001	2.88201204e-004	-2.88200855e-004	4.48062626e-007	
2.44436494e+001	2.79929753e-004	-2.79929451e-004	4.10960705e-007	
2.45438283e+001	2.72157707e-004	-2.72157438e-004	3.82579331e-007	
2.46440072e+001	2.64873305e-004	-2.64873057e-004	3.62713300e-007	
2.47441860e+001	2.57588903e-004	-2.57588675e-004	3.42847268e-007	
2.48443649e+001	2.50304502e-004	-2.50304294e-004	3.22981236e-007	
2.49445438e+001	2.43041446e-004	-2.43041255e-004	3.04674432e-007	
2.50447227e+001	2.35907800e-004	-2.35907615e-004	2.95818656e-007	
2.51449016e+001	2.28774154e-004	-2.28773974e-004	2.86962880e-007	
2.52450805e+001	2.21640508e-004	-2.21640334e-004	2.78107104e-007	
2.53452594e+001	2.14506863e-004	-2.14506694e-004	2.69251328e-007	
2.54454383e+001	2.07282343e-004	-2.07282174e-004	2.65121754e-007	
2.55456172e+001	2.00031769e-004	-2.00031597e-004	2.62346415e-007	
2.56457961e+001	1.92781196e-004	-1.92781021e-004	2.59571076e-007	
2.57459750e+001	1.85530622e-004	-1.85530444e-004	2.56795736e-007	
2.58461538e+001	1.79199064e-004	-1.79198881e-004	2.55999191e-007	
2.59463327e+001	1.74174025e-004	-1.74173834e-004	2.58015706e-007	
2.60465116e+001	1.69148986e-004	-1.69148786e-004	2.60032220e-007	
2.61466905e+001	1.64123948e-004	-1.64123739e-004	2.62048735e-007	
2.62468694e+001	1.59148141e-004	-1.59147922e-004	2.64191366e-007	
2.63470483e+001	1.55135897e-004	-1.55135664e-004	2.68802417e-007	
2.64472272e+001	1.51123653e-004	-1.51123406e-004	2.73413469e-007	
2.65474061e+001	1.47111411e-004	-1.47111148e-004	2.78024520e-007	
2.66475850e+001	1.43099170e-004	-1.43098890e-004	2.82635571e-007	
2.67477639e+001	1.37984316e-004	-1.37984013e-004	2.89131336e-007	
2.68479428e+001	1.32360732e-004	-1.32360400e-004	2.96496694e-007	
2.69481216e+001	1.26737152e-004	-1.26736788e-004	3.03862052e-007	
2.70483005e+001	1.21113575e-004	-1.21113175e-004	3.11227410e-007	
2.71484794e+001	1.15753456e-004	-1.15753017e-004	3.18494249e-007	
2.72486583e+001	1.10953342e-004	-1.10952864e-004	3.25551639e-007	
2.73488372e+001	1.06153232e-004	-1.06152711e-004	3.32609029e-007	
2.74490161e+001	1.01353127e-004	-1.01352558e-004	3.39666420e-007	
2.75491950e+001	9.65530272e-005	-9.65524046e-005	3.46723810e-007	
2.76493739e+001	9.20773592e-005	-9.20766824e-005	3.53053732e-007	
2.77495528e+001	8.76167665e-005	-8.76160296e-005	3.59349860e-007	
2.78497317e+001	8.31771838e-005	-8.31763818e-005	3.65266852e-007	
2.79499106e+001	7.93242198e-005	-7.93233568e-005	3.70033656e-007	
2.80500894e+001	7.56639110e-005	-7.56629862e-005	3.74092381e-007	
2.81502683e+001	7.28132851e-005	-7.28123098e-005	3.76851620e-007	
2.82504472e+001	7.03486054e-005	-7.03475848e-005	3.78949520e-007	
2.83506261e+001	6.74575641e-005	-6.74564880e-005	3.81022109e-007	
2.84508050e+001	6.44203708e-005	-6.44192341e-005	3.82688955e-007	
2.85509839e+001	6.16638460e-005	-6.16626539e-005	3.83426232e-007	
2.86511628e+001	5.89073265e-005	-5.89060738e-005	3.84163508e-007	
2.87513417e+001	5.61667698e-005	-5.61654579e-005	3.83890324e-007	
2.88515206e+001	5.34287690e-005	-5.34273929e-005	3.83455684e-007	
2.89516995e+001	5.11449731e-005	-5.11435472e-005	3.81912314e-007	
2.90518784e+001	4.90748600e-005	-4.90733899e-005	3.79847323e-007	
2.91520572e+001	4.70047508e-005	-4.70032327e-005	3.77782332e-007	
2.92522361e+001	4.49346462e-005	-4.49330754e-005	3.75717341e-007	
2.93524150e+001	4.30605499e-005	-4.30589310e-005	3.73390747e-007	
2.94525939e+001	4.16112563e-005	-4.16096069e-005	3.70497183e-007	
2.95527728e+001	4.01619652e-005	-4.01602828e-005	3.67603619e-007	
2.96529517e+001	3.87126767e-005	-3.87109587e-005	3.64710055e-007	
2.97531306e+001	3.72633912e-005	-3.72616346e-005	3.61816491e-007	
2.98533095e+001	3.62948648e-005	-3.62930972e-005	3.58203287e-007	
2.99534884e+001	3.53509050e-005	-3.53491270e-005	3.54553320e-007	
3.00536673e+001	3.44069462e-005	-3.44051567e-005	3.50903353e-007	
3.01538462e+001	3.34629883e-005	-3.34611865e-005	3.47253387e-007	
3.02540250e+001	3.25072460e-005	-3.25054416e-005	3.42502643e-007	
3.03542039e+001	3.15432157e-005	-3.15414157e-005	3.36977604e-007	
3.04543828e+001	3.05791861e-005	-3.05773898e-005	3.31452565e-007	
3.05545617e+001	2.96151574e-005	-2.96133638e-005	3.25927526e-007	
3.06547406e+001	2.87146799e-005	-2.87128920e-005	3.20429752e-007	
3.07549195e+001	2.80359936e-005	-2.80342236e-005	3.15027149e-007	
3.08550984e+001	2.73573074e-005	-2.73555552e-005	3.09624546e-007	
3.09552773e+001	2.66786214e-005	-2.66768868e-005	3.04221943e-007	
3.10554562e+001	2.59999357e-005	-2.59982185e-005	2.98819340e-007	
3.11556351e+001	2.53212501e-005	-2.53195501e-005	2.93416737e-007	
3.12558140e+001	2.46425649e-005	-2.46408817e-005	2.88014134e-007	
3.13559928e+001	2.39638798e-005	-2.39622133e-005	2.82611531e-007	
3.14561717e+001	2.32851951e-005	-2.32835449e-005	2.77208928e-007	
3.15563506e+001	2.27251803e-005	-2.27235520e-005	2.72038016e-007	
3.16565295e+001	2.22866924e-005	-2.22850917e-005	2.67104377e-007	
3.17567084e+001	2.18482045e-005	-2.18466314e-005	2.62170739e-007	
3.18568873e+001	2.14097165e-005	-2.14081711e-005	2.57237101e-007	
3.19570662e+001	2.09712286e-005	-2.09697108e-005	2.52303463e-007	
3.20572451e+001	2.05327407e-005	-2.05312506e-005	2.47369824e-007	
3.21574240e+001	2.00942528e-005	-2.00927903e-005	2.42436186e-007	
3.22576029e+001	1.96557649e-005	-1.96543300e-005	2.37502548e-007	
3.23577818e+001	1.92172770e-005	-1.92158697e-005	2.32568909e-007	
3.24579606e+001	1.88499319e-005	-1.88485558e-005	2.27767292e-007	
3.25581395e+001	1.85043945e-005	-1.85030507e-005	2.23006146e-007	
3.26583184e+001	1.81588572e-005	-1.81575456e-005	2.18245001e-007	
3.27584973e+001	1.78133199e-005	-1.78120406e-005	2.13483855e-007	
3.28586762e+001	1.74677826e-005	-1.74665355e-005	2.08722709e-007	
3.29588551e+001	1.71222453e-005	-1.71210304e-005	2.03961564e-007	
3.30590340e+001	1.67767080e-005	-1.67755254e-005	1.99200418e-007	
3.31592129e+001	1.64311708e-005	-1.64300203e-005	1.94439272e-007	
3.32593918e+001	1.60870620e-005	-1.60859436e-005	1.89689551e-007	
3.33595707e+001	1.57804135e-005	-1.57793262e-005	1.85239371e-007	
3.34597496e+001	1.54737651e-005	-1.54727089e-005	1.80789190e-007	
3.35599284e+001	1.51671167e-005	-1.51660915e-005	1.76339010e-007	
3.36601073e+001	1.48604683e-005	-1.48594742e-005	1.71888830e-007	
3.37602862e+001	1.46010946e-005	-1.46001260e-005	1.68174459e-007	
3.38604651e+001	1.43647561e-005	-1.43638105e-005	1.64818623e-007	
3.39606440e+001	1.41284176e-005	-1.41274950e-005	1.61462786e-007	
3.40608229e+001	1.38920792e-005	-1.38911795e-005	1.58106950e-007	
3.41610018e+001	1.36648060e-005	-1.36639278e-005	1.54916807e-007	
3.42611807e+001	1.34578971e-005	-1.34570375e-005	1.52098882e-007	
3.43613596e+001	1.32509882e-005	-1.32501473e-005	1.49280957e-007	
3.44615385e+001	1.30440793e-005	-1.30432570e-005	1.46463032e-007	
3.45617174e+001	1.28371704e-005	-1.28363667e-005	1.43645107e-007	
3.46618962e+001	1.26055122e-005	-1.26047266e-005	1.40736344e-007	
3.47620751e+001	1.23723777e-005	-1.23716101e-005	1.37822165e-007	
3.48622540e+001	1.21392432e-005	-1.21384936e-005	1.34907985e-007	
3.49624329e+001	1.19061087e-005	-1.19053771e-005	1.31993805e-007	
3.50626118e+001	1.17196127e-005	-1.17188952e-005	1.29688443e-007	
3.51627907e+001	1.15669777e-005	-1.15662714e-005	1.27825100e-007	
3.52629696e+001	1.14143426e-005	-1.14136476e-005	1.25961757e-007	
3.53631485e+001	1.12617075e-005	-1.12610238e-005	1.24098414e-007	
3.54633274e+001	1.11073894e-005	-1.11067165e-005	1.22265584e-007	
3.55635063e+001	1.09469272e-005	-1.09462635e-005	1.20544141e-007	
3.56636852e+001	1.07864651e-005	-1.07858106e-005	1.18822698e-007	
3.57638640e+001	1.06260029e-005	-1.06253576e-005	1.17101254e-007	
3.58640429e+001	1.04655407e-005	-1.04649047e-005	1.15379811e-007	
3.59642218e+001	1.02660293e-005	-1.02654031e-005	1.13393101e-007	
3.60644007e+001	1.00596646e-005	-1.00590482e-005	1.11359836e-007	
3.61645796e+001	9.85329982e-006	-9.85269329e-006	1.09326571e-007	
3.62647585e+001	9.64693509e-006	-9.64633841e-006	1.07293306e-007	
3.63649374e+001	9.44287956e-006	-9.44229127e-006	1.05403684e-007	
3.64651163e+001	9.24126247e-006	-9.24068101e-006	1.03665758e-007	
3.65652952e+001	9.03964541e-006	-9.03907074e-006	1.01927832e-007	
3.66654741e+001	8.83802838e-006	-8.83746048e-006	1.00189906e-007	
3.67656530e+001	8.63639910e-006	-8.63583768e-006	9.84726647e-008	
3.68658318e+001	8.43468128e-006	-8.43412461e-006	9.69042460e-008	
3.69660107e+001	8.23296354e-006	-8.23241154e-006	9.53358273e-008	
3.70661896e+001	8.03124586e-006	-8.03069846e-006	9.37674086e-008	
3.71663685e+001	7.82952826e-006	-7.82898539e-006	9.21989899e-008	
3.72665474e+001	7.63160118e-006	-7.63106143e-006	9.07632638e-008	
3.73667263e+001	7.43488623e-006	-7.43434908e-006	8.93699716e-008	
3.74669052e+001	7.23817140e-006	-7.23763672e-006	8.79766793e-008	
3.75670841e+001	7.04145672e-006	-7.04092437e-006	8.65833871e-008	
3.76672630e+001	6.85159846e-006	-6.85106783e-006	8.52700645e-008	
3.77674419e+001	6.67231418e-006	-6.67178440e-006	8.40800726e-008	
3.78676208e+001	6.49303008e-006	-6.49250097e-006	8.28900806e-008	
3.79677996e+001	6.31374616e-006	-6.31321754e-006	8.17000886e-008	
3.80679785e+001	6.13535747e-006	-6.13482912e-006	8.05164386e-008	
3.81681574e+001	5.98691764e-006	-5.98638918e-006	7.95449924e-008	
3.82683363e+001	5.83847798e-006	-5.83794924e-006	7.85735462e-008	
3.83685152e+001	5.69003850e-006	-5.68950930e-006	7.76021000e-008	
3.84686941e+001	5.54159922e-006	-5.54106936e-006	7.66306538e-008	
3.85688730e+001	5.39628258e-006	-5.39575249e-006	7.56355959e-008	
3.86690519e+001	5.25254172e-006	-5.25201153e-006	7.46286284e-008	
3.87692308e+001	5.10880106e-006	-5.10827056e-006	7.36216610e-008	
3.88694097e+001	4.96506063e-006	-4.96452960e-006	7.26146935e-008	
3.89695886e+001	4.82132043e-006	-4.82078864e-006	7.16077260e-008	
3.90697674e+001	4.67758051e-006	-4.67704767e-006	7.06007585e-008	
3.91699463e+001	4.53384087e-006	-4.53330671e-006	6.95937911e-008	
3.92701252e+001	4.39010154e-006	-4.38956574e-006	6.85868236e-008	
3.93703041e+001	4.24636257e-006	-4.24582478e-006	6.75798561e-008	
3.94704830e+001	4.05731725e-006	-4.05678019e-006	6.60132711e-008	
3.95706619e+001	3.86517542e-006	-3.86463874e-006	6.44084309e-008	
3.96708408e+001	3.67303425e-006	-3.67249729e-006	6.28035908e-008	
3.97710197e+001	3.48089386e-006	-3.48035584e-006	6.11987507e-008	
3.98711986e+001	3.30322535e-006	-3.30268834e-006	5.95604269e-008	
3.99713775e+001	3.13639924e-006	-3.13586481e-006	5.78970116e-008	
4.00715564e+001	2.96957377e-006	-2.96904129e-006	5.62335963e-008	
4.01717352e+001	2.80274906e-006	-2.80221776e-006	5.45701810e-008	
4.02719141e+001	2.64082117e-006	-2.64029141e-006	5.28937510e-008	
4.03720930e+001	2.49761007e-006	-2.49708589e-006	5.11675578e-008	
4.04722719e+001	2.35439955e-006	-2.35388037e-006	4.94413647e-008	
4.05724508e+001	2.21118973e-006	-2.21067485e-006	4.77151715e-008	
4.06726297e+001	2.06798076e-006	-2.06746933e-006	4.59889784e-008	
4.07728086e+001	1.97419050e-006	-1.97368269e-006	4.47742670e-008	
4.08729875e+001	1.88960387e-006	-1.88909953e-006	4.36548122e-008	
4.09731664e+001	1.80501761e-006	-1.80451636e-006	4.25353574e-008	
4.10733453e+001	1.72043177e-006	-1.71993320e-006	4.14159026e-008	
4.11735242e+001	1.64619119e-006	-1.64569710e-006	4.03298152e-008	
4.12737030e+001	1.58321750e-006	-1.58273015e-006	3.92800688e-008	
4.13738819e+001	1.52024397e-006	-1.51976320e-006	3.82303224e-008	
4.14740608e+001	1.45727064e-006	-1.45679625e-006	3.71805760e-008	
4.15742397e+001	1.39090376e-006	-1.39043634e-006	3.60563836e-008	
4.16744186e+001	1.29825010e-006	-1.29779544e-006	3.43555410e-008	
4.17745975e+001	1.20559687e-006	-1.20515455e-006	3.26546983e-008	
4.18747764e+001	1.11294419e-006	-1.11251366e-006	3.09538557e-008	
4.19749553e+001	1.02029221e-006	-1.01987276e-006	2.92530131e-008	
4.20751342e+001	9.42610859e-007	-9.42204469e-007	2.76761943e-008	
4.21753131e+001	8.69919415e-007	-8.69526567e-007	2.61407079e-008	
4.22754919e+001	7.97228458e-007	-7.96848666e-007	2.46052216e-008	
4.23756708e+001	7.24538135e-007	-7.24170765e-007	2.30697353e-008	
4.24758497e+001	6.67178226e-007	-6.66820989e-007	2.18300978e-008	
4.25760286e+001	6.34237942e-007	-6.33888138e-007	2.10617348e-008	
4.26762075e+001	6.01297827e-007	-6.00955286e-007	2.02933717e-008	
4.27763864e+001	5.68357908e-007	-5.68022434e-007	1.95250087e-008	
4.28765653e+001	5.35620749e-007	-5.35292123e-007	1.87597960e-008	
4.29767442e+001	5.12176627e-007	-5.11855320e-007	1.81391341e-008	
4.30769231e+001	4.88732591e-007	-4.88418518e-007	1.75184721e-008	
4.31771020e+001	4.65288654e-007	-4.64981715e-007	1.68978102e-008	
4.32772809e+001	4.41844832e-007	-4.41544912e-007	1.62771483e-008	
4.33774597e+001	4.14196539e-007	-4.13906285e-007	1.55035595e-008	
4.34776386e+001	3.84353421e-007	-3.84074115e-007	1.46501344e-008	
4.35778175e+001	3.54510514e-007	-3.54241945e-007	1.37967093e-008	
4.36779964e+001	3.24667877e-007	-3.24409775e-007	1.29432842e-008	
4.37781753e+001	2.97395041e-007	-2.97147092e-007	1.21415134e-008	
4.38783542e+001	2.76332384e-007	-2.76094458e-007	1.14645815e-008	
4.39785331e+001	2.55269868e-007	-2.55041824e-007	1.07876496e-008	
4.40787120e+001	2.34207531e-007	-2.33989190e-007	1.01107177e-008	
4.41788909e+001	2.13145428e-007	-2.12936556e-007	9.43378580e-009	
4.42790698e+001	2.00652410e-007	-2.00451559e-007	8.97564287e-009	
4.43792487e+001	1.88821019e-007	-1.88628050e-007	8.53439211e-009	
4.44794275e+001	1.76989674e-007	-1.76804542e-007	8.09314135e-009	
4.45796064e+001	1.65158386e-007	-1.64981033e-007	7.65189058e-009	
4.46797853e+001	1.56092344e-007	-1.55922086e-007	7.28854532e-009	
4.47799642e+001	1.49164041e-007	-1.49000386e-007	6.98542790e-009	
4.48801431e+001	1.42235742e-007	-1.42078686e-007	6.68231048e-009	
4.49803220e+001	1.35307446e-007	-1.35156986e-007	6.37919306e-009	
4.50805009e+001	1.29020071e-007	-1.28876028e-007	6.09494071e-009	
4.51806798e+001	1.25301969e-007	-1.25163631e-007	5.88631381e-009	
4.52808587e+001	1.21583875e-007	-1.21451235e-007	5.67768691e-009	
4.53810376e+001	1.17865792e-007	-1.17738839e-007	5.46906000e-009	
4.54812165e+001	1.14147719e-007	-1.14026443e-007	5.26043310e-009	
4.55813953e+001	1.13553331e-007	-1.13436453e-007	5.15075299e-009	
4.56815742e+001	1.13574856e-007	-1.13462058e-007	5.06058081e-009	
4.57817531e+001	1.13596455e-007	-1.13487663e-007	4.97040862e-009	
4.58819320e+001	1.13618127e-007	-1.13513268e-007	4.88023643e-009	
4.59821109e+001	1.13639871e-007	-1.13538873e-007	4.79006425e-009	
4.60822898e+001	1.13661689e-007	-1.13564478e-007	4.69989206e-009	
4.61824687e+001	1.13683580e-007	-1.13590083e-007	4.60971988e-009	
4.62826476e+001	1.13705544e-007	-1.13615688e-007	4.51954769e-009	
4.63828265e+001	1.14200620e-007	-1.14114270e-007	4.44016371e-009	
4.64830054e+001	1.18658244e-007	-1.18574728e-007	4.45114539e-009	
4.65831843e+001	1.23116073e-007	-1.23035186e-007	4.46212706e-009	
4.66833631e+001	1.27574088e-007	-1.27495644e-007	4.47310874e-009	
4.67835420e+001	1.32032268e-007	-1.31956102e-007	4.48409042e-009	
4.68837209e+001	1.40034023e-007	-1.39959519e-007	4.56731646e-009	
4.69838998e+001	1.49266111e-007	-1.49192863e-007	4.67562162e-009	
4.70840787e+001	1.58498419e-007	-1.58426206e-007	4.78392679e-009	
4.71842576e+001	1.67730911e-007	-1.67659549e-007	4.89223195e-009	
4.72844365e+001	1.76175113e-007	-1.76104304e-007	4.99445961e-009	
4.73846154e+001	1.83321834e-007	-1.83251249e-007	5.08668480e-009	
4.74847943e+001	1.90468616e-007	-1.90398195e-007	5.17890999e-009	
4.75849732e+001	1.97615454e-007	-1.97545141e-007	5.27113518e-009	
4.76851521e+001	2.04783833e-007	-2.04713579e-007	5.36365137e-009	
4.77853309e+001	2.13506431e-007	-2.13436165e-007	5.47721001e-009	
4.78855098e+001	2.22229087e-007	-2.22158750e-007	5.59076865e-009	
4.79856887e+001	2.30951792e-007	-2.30881335e-007	5.70432729e-009	
4.80858676e+001	2.39674543e-007	-2.39603921e-007	5.81788593e-009	
4.81860465e+001	2.53200157e-007	-2.53129381e-007	5.98630382e-009	
4.82862254e+001	2.69319869e-007	-2.69248855e-007	6.18435083e-009	
4.83864043e+001	2.85439692e-007	-2.85368329e-007	6.38239785e-009	
4.84865832e+001	3.01559608e-007	-3.01487802e-007	6.58044487e-009	
4.85867621e+001	3.18432859e-007	-3.18360652e-007	6.78093519e-009	
4.86869410e+001	3.37196266e-007	-3.37123859e-007	6.98755652e-009	
4.87871199e+001	3.55959772e-007	-3.55887065e-007	7.19417785e-009	
4.88872987e+001	3.74723362e-007	-3.74650272e-007	7.40079918e-009	
4.89874776e+001	3.93487024e-007	-3.93413479e-007	7.60742051e-009	
4.90876565e+001	4.17735884e-007	-4.17662278e-007	7.84160192e-009	
4.91878354e+001	4.42457789e-007	-4.42384040e-007	8.07815986e-009	
4.92880143e+001	4.67179798e-007	-4.67105801e-007	8.31471781e-009	
4.93881932e+001	4.91901897e-007	-4.91827563e-007	8.55127575e-009	
4.94883721e+001	5.11865781e-007	-5.11791211e-007	8.73695426e-009	
4.95885510e+001	5.28034536e-007	-5.27959829e-007	8.88205182e-009	
4.96887299e+001	5.44203322e-007	-5.44128446e-007	9.02714939e-009	
4.97889088e+001	5.60372135e-007	-5.60297064e-007	9.17224695e-009	
4.98890877e+001	5.76780306e-007	-5.76705101e-007	9.31384176e-009	
4.99892665e+001	5.94195930e-007	-5.94120927e-007	9.44069239e-009	
5.00894454e+001	6.11611591e-007	-6.11536753e-007	9.56754302e-009	
5.01896243e+001	6.29027287e-007	-6.28952579e-007	9.69439365e-009	
5.02898032e+001	6.46443015e-007	-6.46368405e-007	9.82124429e-009	
5.03899821e+001	6.68210148e-007	-6.68135800e-007	9.96773506e-009	
5.04901610e+001	6.90883571e-007	-6.90809473e-007	1.01183160e-008	
5.05903399e+001	7.13557041e-007	-7.13483147e-007	1.02688969e-008	
5.06905188e+001	7.36230555e-007	-7.36156820e-007	1.04194778e-008	
5.07906977e+001	7.56393384e-007	-7.56319859e-007	1.05462051e-008	
5.08908766e+001	7.73647698e-007	-7.73574455e-007	1.06452992e-008	
5.09910555e+001	7.90902036e-007	-7.90829052e-007	1.07443932e-008	
5.10912343e+001	8.08156398e-007	-8.08083649e-007	1.08434872e-008	
5.11914132e+001	8.25272909e-007	-8.25200387e-007	1.09405131e-008	
5.12915921e+001	8.41134027e-007	-8.41061852e-007	1.10187071e-008	
5.13917710e+001	8.56995165e-007	-8.56923317e-007	1.10969012e-008	
5.14919499e+001	8.72856322e-007	-8.72784782e-007	1.11750952e-008	
5.15921288e+001	8.88717497e-007	-8.88646248e-007	1.12532892e-008	
5.16923077e+001	9.03079438e-007	-9.03008550e-007	1.13149811e-008	
5.17924866e+001	9.16899780e-007	-9.16829271e-007	1.13707115e-008	
5.18926655e+001	9.30720136e-007	-9.30649992e-007	1.14264420e-008	
5.19928444e+001	9.44540507e-007	-9.44470713e-007	1.14821724e-008	
5.20930233e+001	9.58360891e-007	-9.58291434e-007	1.15379028e-008	
5.21932021e+001	9.72181287e-007	-9.72112156e-007	1.15936332e-008	
5.22933810e+001	9.86001696e-007	-9.85932877e-007	1.16493636e-008	
5.23935599e+001	9.99822117e-007	-9.99753598e-007	1.17050941e-008	
5.24937388e+001	1.01362599e-006	-1.01355776e-006	1.17607102e-008	
5.25939177e+001	1.02466161e-006	-1.02459370e-006	1.17972490e-008	
5.26940966e+001	1.03569724e-006	-1.03562963e-006	1.18337878e-008	
5.27942755e+001	1.04673288e-006	-1.04666557e-006	1.18703265e-008	
5.28944544e+001	1.05776852e-006	-1.05770151e-006	1.19068653e-008	
5.29946333e+001	1.06676343e-006	-1.06669668e-006	1.19333402e-008	
5.30948122e+001	1.07461846e-006	-1.07455197e-006	1.19541938e-008	
5.31949911e+001	1.08247349e-006	-1.08240725e-006	1.19750473e-008	
5.32951699e+001	1.09032852e-006	-1.09026253e-006	1.19959009e-008	
5.33953488e+001	1.09903010e-006	-1.09896439e-006	1.20181431e-008	
5.34955277e+001	1.10993819e-006	-1.10987284e-006	1.20440046e-008	
5.35957066e+001	1.12084628e-006	-1.12078129e-006	1.20698662e-008	
5.36958855e+001	1.13175438e-006	-1.13168974e-006	1.20957278e-008	
5.37960644e+001	1.14266249e-006	-1.14259819e-006	1.21215894e-008	
5.38962433e+001	1.14949580e-006	-1.14943174e-006	1.21356526e-008	
5.39964222e+001	1.15594058e-006	-1.15587674e-006	1.21485908e-008	
5.40966011e+001	1.16238536e-006	-1.16232174e-006	1.21615290e-008	
5.41967800e+001	1.16883015e-006	-1.16876674e-006	1.21744672e-008	
5.42969589e+001	1.17334640e-006	-1.17328315e-006	1.21829570e-008	
5.43971377e+001	1.17627587e-006	-1.17621273e-006	1.21877867e-008	
5.44973166e+001	1.17920534e-006	-1.17914231e-006	1.21926164e-008	
5.45974955e+001	1.18213481e-006	-1.18207188e-006	1.21974461e-008	
5.46976744e+001	1.18524461e-006	-1.18518179e-006	1.22024722e-008	
5.47978533e+001	1.18915252e-006	-1.18908985e-006	1.22083671e-008	
5.48980322e+001	1.19306043e-006	-1.19299791e-006	1.22142621e-008	
5.49982111e+001	1.19696835e-006	-1.19690597e-006	1.22201571e-008	
5.50983900e+001	1.20087626e-006	-1.20081403e-006	1.22260520e-008	
5.51985689e+001	1.20377004e-006	-1.20370791e-006	1.22300788e-008	
5.52987478e+001	1.20644111e-006	-1.20637908e-006	1.22336954e-008	
5.53989267e+001	1.20911218e-006	-1.20905025e-006	1.22373119e-008	
5.54991055e+001	1.21178325e-006	-1.21172142e-006	1.22409284e-008	
5.55992844e+001	1.21384073e-006	-1.21377898e-006	1.22436431e-008	
5.56994633e+001	1.21516505e-006	-1.21510335e-006	1.22452802e-008	
5.57996422e+001	1.21632652e-006	-1.21626487e-006	1.22467158e-008	
5.58998211e+001	1.21699672e-006	-1.21693509e-006	1.22475439e-008	
5.60000000e+001	1.21722673e-006	-1.21716511e-006	1.22478281e-008	
