% Column 0: Length, cm
% Column 1: |B.n|, Tesla
% Column 2: Re[B.n], Tesla
% Column 3: Im[B.n], Tesla
0.00000000e+000	5.88075914e-016	-5.88075687e-016	-5.15771053e-019	
1.00178891e-001	5.81297015e-015	-5.81296780e-015	-5.22501605e-018	
2.00357782e-001	9.33084549e-015	-9.33084173e-015	-8.37616215e-018	
3.00536673e-001	1.63233690e-014	-1.63233625e-014	-1.45172945e-017	
4.00715564e-001	1.63233690e-014	-1.63233625e-014	-1.45172945e-017	
5.00894454e-001	2.63139840e-014	-2.63139744e-014	-2.25368103e-017	
6.01073345e-001	2.63139840e-014	-2.63139744e-014	-2.25368103e-017	
7.01252236e-001	2.63139840e-014	-2.63139744e-014	-2.25368103e-017	
8.01431127e-001	2.63139840e-014	-2.63139744e-014	-2.25368103e-017	
9.01610018e-001	7.68226488e-014	-7.68226448e-014	-2.50547709e-017	
1.00178891e+000	7.68226488e-014	-7.68226448e-014	-2.50547709e-017	
1.10196780e+000	7.68226488e-014	-7.68226448e-014	-2.50547709e-017	
1.20214669e+000	7.68226488e-014	-7.68226448e-014	-2.50547709e-017	
1.30232558e+000	7.68226488e-014	-7.68226448e-014	-2.50547709e-017	
1.40250447e+000	7.68226488e-014	-7.68226448e-014	-2.50547709e-017	
1.50268336e+000	7.68226488e-014	-7.68226448e-014	-2.50547709e-017	
1.60286225e+000	7.68226488e-014	-7.68226448e-014	-2.50547709e-017	
1.70304114e+000	7.68226488e-014	-7.68226448e-014	-2.50547709e-017	
1.80322004e+000	8.86858805e-014	-8.86858805e-014	2.05984749e-018	
1.90339893e+000	8.86858805e-014	-8.86858805e-014	2.05984749e-018	
2.00357782e+000	8.86858805e-014	-8.86858805e-014	2.05984749e-018	
2.10375671e+000	8.86858805e-014	-8.86858805e-014	2.05984749e-018	
2.20393560e+000	1.24447604e-013	-1.24447565e-013	9.82361250e-017	
2.30411449e+000	1.24447604e-013	-1.24447565e-013	9.82361250e-017	
2.40429338e+000	1.24447604e-013	-1.24447565e-013	9.82361250e-017	
2.50447227e+000	1.24447604e-013	-1.24447565e-013	9.82361250e-017	
2.60465116e+000	1.24447604e-013	-1.24447565e-013	9.82361250e-017	
2.70483005e+000	1.47369157e-013	-1.47368935e-013	2.56319131e-016	
2.80500894e+000	1.47369157e-013	-1.47368935e-013	2.56319131e-016	
2.90518784e+000	1.47369157e-013	-1.47368935e-013	2.56319131e-016	
3.00536673e+000	1.47369157e-013	-1.47368935e-013	2.56319131e-016	
3.10554562e+000	1.47369157e-013	-1.47368935e-013	2.56319131e-016	
3.20572451e+000	1.47369157e-013	-1.47368935e-013	2.56319131e-016	
3.30590340e+000	1.47369157e-013	-1.47368935e-013	2.56319131e-016	
3.40608229e+000	1.47369157e-013	-1.47368935e-013	2.56319131e-016	
3.50626118e+000	1.47369157e-013	-1.47368935e-013	2.56319131e-016	
3.60644007e+000	2.17844508e-013	-2.17843652e-013	6.10523700e-016	
3.70661896e+000	2.17844508e-013	-2.17843652e-013	6.10523700e-016	
3.80679785e+000	2.17844508e-013	-2.17843652e-013	6.10523700e-016	
3.90697674e+000	2.17844508e-013	-2.17843652e-013	6.10523700e-016	
4.00715564e+000	2.52784202e-013	-2.52781982e-013	1.05943358e-015	
4.10733453e+000	2.52784202e-013	-2.52781982e-013	1.05943358e-015	
4.20751342e+000	2.52784202e-013	-2.52781982e-013	1.05943358e-015	
4.30769231e+000	2.52784202e-013	-2.52781982e-013	1.05943358e-015	
4.40787120e+000	2.52784202e-013	-2.52781982e-013	1.05943358e-015	
4.50805009e+000	2.52784202e-013	-2.52781982e-013	1.05943358e-015	
4.60822898e+000	2.52784202e-013	-2.52781982e-013	1.05943358e-015	
4.70840787e+000	2.52784202e-013	-2.52781982e-013	1.05943358e-015	
4.80858676e+000	2.52784202e-013	-2.52781982e-013	1.05943358e-015	
4.90876565e+000	3.07871576e-013	-3.07867360e-013	1.61106850e-015	
5.00894454e+000	3.07871576e-013	-3.07867360e-013	1.61106850e-015	
5.10912343e+000	3.07871576e-013	-3.07867360e-013	1.61106850e-015	
5.20930233e+000	3.07871576e-013	-3.07867360e-013	1.61106850e-015	
5.30948122e+000	3.31273699e-013	-3.31266988e-013	2.10861298e-015	
5.40966011e+000	3.31273699e-013	-3.31266988e-013	2.10861298e-015	
5.50983900e+000	3.31273699e-013	-3.31266988e-013	2.10861298e-015	
5.61001789e+000	3.31273699e-013	-3.31266988e-013	2.10861298e-015	
5.71019678e+000	2.71927984e-013	-2.71920276e-013	2.04740645e-015	
5.81037567e+000	2.71927984e-013	-2.71920276e-013	2.04740645e-015	
5.91055456e+000	2.71927984e-013	-2.71920276e-013	2.04740645e-015	
6.01073345e+000	2.71927984e-013	-2.71920276e-013	2.04740645e-015	
6.11091234e+000	2.71927984e-013	-2.71920276e-013	2.04740645e-015	
6.21109123e+000	2.71927984e-013	-2.71920276e-013	2.04740645e-015	
6.31127013e+000	2.71927984e-013	-2.71920276e-013	2.04740645e-015	
6.41144902e+000	2.71927984e-013	-2.71920276e-013	2.04740645e-015	
6.51162791e+000	2.71927984e-013	-2.71920276e-013	2.04740645e-015	
6.61180680e+000	2.98964625e-013	-2.98954684e-013	2.43811537e-015	
6.71198569e+000	2.98964625e-013	-2.98954684e-013	2.43811537e-015	
6.81216458e+000	2.98964625e-013	-2.98954684e-013	2.43811537e-015	
6.91234347e+000	2.98964625e-013	-2.98954684e-013	2.43811537e-015	
7.01252236e+000	2.85383850e-013	-2.85375255e-013	2.21481854e-015	
7.11270125e+000	2.85383850e-013	-2.85375255e-013	2.21481854e-015	
7.21288014e+000	2.85383850e-013	-2.85375255e-013	2.21481854e-015	
7.31305903e+000	2.85383850e-013	-2.85375255e-013	2.21481854e-015	
7.41323792e+000	2.85383850e-013	-2.85375255e-013	2.21481854e-015	
7.51341682e+000	2.01391425e-013	-2.01386688e-013	1.38142281e-015	
7.61359571e+000	2.01391425e-013	-2.01386688e-013	1.38142281e-015	
7.71377460e+000	2.01391425e-013	-2.01386688e-013	1.38142281e-015	
7.81395349e+000	2.01391425e-013	-2.01386688e-013	1.38142281e-015	
7.91413238e+000	1.46680200e-013	-1.46680153e-013	-1.17063812e-016	
8.01431127e+000	1.46680200e-013	-1.46680153e-013	-1.17063812e-016	
8.11449016e+000	1.46680200e-013	-1.46680153e-013	-1.17063812e-016	
8.21466905e+000	1.46680200e-013	-1.46680153e-013	-1.17063812e-016	
8.31484794e+000	1.46680200e-013	-1.46680153e-013	-1.17063812e-016	
8.41502683e+000	4.02322942e-014	-4.01194725e-014	-3.01088476e-015	
8.51520572e+000	4.02322942e-014	-4.01194725e-014	-3.01088476e-015	
8.61538462e+000	4.02322942e-014	-4.01194725e-014	-3.01088476e-015	
8.71556351e+000	4.02322942e-014	-4.01194725e-014	-3.01088476e-015	
8.81574240e+000	1.11287030e-013	1.11088353e-013	-6.64686721e-015	
8.91592129e+000	1.11287030e-013	1.11088353e-013	-6.64686721e-015	
9.01610018e+000	1.11287030e-013	1.11088353e-013	-6.64686721e-015	
9.11627907e+000	1.11287030e-013	1.11088353e-013	-6.64686721e-015	
9.21645796e+000	1.11287030e-013	1.11088353e-013	-6.64686721e-015	
9.31663685e+000	1.11287030e-013	1.11088353e-013	-6.64686721e-015	
9.41681574e+000	1.11287030e-013	1.11088353e-013	-6.64686721e-015	
9.51699463e+000	1.11287030e-013	1.11088353e-013	-6.64686721e-015	
9.61717352e+000	1.11287030e-013	1.11088353e-013	-6.64686721e-015	
9.71735242e+000	2.70667554e-013	2.70437093e-013	-1.11670583e-014	
9.81753131e+000	2.70667554e-013	2.70437093e-013	-1.11670583e-014	
9.91771020e+000	2.70667554e-013	2.70437093e-013	-1.11670583e-014	
1.00178891e+001	2.70667554e-013	2.70437093e-013	-1.11670583e-014	
1.01180680e+001	5.24671524e-013	5.24319851e-013	-1.92068010e-014	
1.02182469e+001	5.24671524e-013	5.24319851e-013	-1.92068010e-014	
1.03184258e+001	5.24671524e-013	5.24319851e-013	-1.92068010e-014	
1.04186047e+001	5.24671524e-013	5.24319851e-013	-1.92068010e-014	
1.05187835e+001	8.67819036e-013	8.67395968e-013	-2.70945305e-014	
1.06189624e+001	8.67819036e-013	8.67395968e-013	-2.70945305e-014	
1.07191413e+001	8.67819036e-013	8.67395968e-013	-2.70945305e-014	
1.08193202e+001	8.67819036e-013	8.67395968e-013	-2.70945305e-014	
1.09194991e+001	8.67819036e-013	8.67395968e-013	-2.70945305e-014	
1.10196780e+001	1.11756088e-012	1.11713984e-012	-3.06741434e-014	
1.11198569e+001	1.11756088e-012	1.11713984e-012	-3.06741434e-014	
1.12200358e+001	1.11756088e-012	1.11713984e-012	-3.06741434e-014	
1.13202147e+001	1.11756088e-012	1.11713984e-012	-3.06741434e-014	
1.14203936e+001	1.11756088e-012	1.11713984e-012	-3.06741434e-014	
1.15205725e+001	1.11756088e-012	1.11713984e-012	-3.06741434e-014	
1.16207513e+001	1.11756088e-012	1.11713984e-012	-3.06741434e-014	
1.17209302e+001	1.11756088e-012	1.11713984e-012	-3.06741434e-014	
1.18211091e+001	2.25384926e-012	2.25325875e-012	-5.15895984e-014	
1.19212880e+001	2.25384926e-012	2.25325875e-012	-5.15895984e-014	
1.20214669e+001	2.25384926e-012	2.25325875e-012	-5.15895984e-014	
1.21216458e+001	2.25384926e-012	2.25325875e-012	-5.15895984e-014	
1.22218247e+001	2.25384926e-012	2.25325875e-012	-5.15895984e-014	
1.23220036e+001	3.42182596e-012	3.42127908e-012	-6.11746298e-014	
1.24221825e+001	3.42182596e-012	3.42127908e-012	-6.11746298e-014	
1.25223614e+001	3.42182596e-012	3.42127908e-012	-6.11746298e-014	
1.26225403e+001	3.42182596e-012	3.42127908e-012	-6.11746298e-014	
1.27227191e+001	3.42182596e-012	3.42127908e-012	-6.11746298e-014	
1.28228980e+001	3.42182596e-012	3.42127908e-012	-6.11746298e-014	
1.29230769e+001	3.42182596e-012	3.42127908e-012	-6.11746298e-014	
1.30232558e+001	3.42182596e-012	3.42127908e-012	-6.11746298e-014	
1.31234347e+001	3.42182596e-012	3.42127908e-012	-6.11746298e-014	
1.32236136e+001	6.64406355e-012	6.64357866e-012	-8.02684697e-014	
1.33237925e+001	6.64406355e-012	6.64357866e-012	-8.02684697e-014	
1.34239714e+001	6.64406355e-012	6.64357866e-012	-8.02684697e-014	
1.35241503e+001	6.64406355e-012	6.64357866e-012	-8.02684697e-014	
1.36243292e+001	6.64406355e-012	6.64357866e-012	-8.02684697e-014	
1.37245081e+001	6.64406355e-012	6.64357866e-012	-8.02684697e-014	
1.38246869e+001	6.64406355e-012	6.64357866e-012	-8.02684697e-014	
1.39248658e+001	6.64406355e-012	6.64357866e-012	-8.02684697e-014	
1.40250447e+001	8.10349634e-012	8.10312052e-012	-7.80435250e-014	
1.41252236e+001	8.10349634e-012	8.10312052e-012	-7.80435250e-014	
1.42254025e+001	8.10349634e-012	8.10312052e-012	-7.80435250e-014	
1.43255814e+001	8.10349634e-012	8.10312052e-012	-7.80435250e-014	
1.44257603e+001	8.10349634e-012	8.10312052e-012	-7.80435250e-014	
1.45259392e+001	1.31937381e-011	1.31934859e-011	-8.15783284e-014	
1.46261181e+001	1.31937381e-011	1.31934859e-011	-8.15783284e-014	
1.47262970e+001	1.31937381e-011	1.31934859e-011	-8.15783284e-014	
1.48264758e+001	1.31937381e-011	1.31934859e-011	-8.15783284e-014	
1.49266547e+001	1.47263601e-011	1.47262579e-011	-5.48779794e-014	
1.50268336e+001	1.47263601e-011	1.47262579e-011	-5.48779794e-014	
1.51270125e+001	1.47263601e-011	1.47262579e-011	-5.48779794e-014	
1.52271914e+001	1.47263601e-011	1.47262579e-011	-5.48779794e-014	
1.53273703e+001	1.63297189e-011	1.63296884e-011	-3.15802213e-014	
1.54275492e+001	1.63297189e-011	1.63296884e-011	-3.15802213e-014	
1.55277281e+001	1.63297189e-011	1.63296884e-011	-3.15802213e-014	
1.56279070e+001	1.63297189e-011	1.63296884e-011	-3.15802213e-014	
1.57280859e+001	1.63297189e-011	1.63296884e-011	-3.15802213e-014	
1.58282648e+001	2.71749821e-011	2.71749821e-011	-1.11816414e-015	
1.59284436e+001	2.71749821e-011	2.71749821e-011	-1.11816414e-015	
1.60286225e+001	2.71749821e-011	2.71749821e-011	-1.11816414e-015	
1.61288014e+001	2.71749821e-011	2.71749821e-011	-1.11816414e-015	
1.62289803e+001	2.79372514e-011	2.79372399e-011	2.54246945e-014	
1.63291592e+001	2.79372514e-011	2.79372399e-011	2.54246945e-014	
1.64293381e+001	2.79372514e-011	2.79372399e-011	2.54246945e-014	
1.65295170e+001	2.79372514e-011	2.79372399e-011	2.54246945e-014	
1.66296959e+001	2.75109292e-011	2.75109051e-011	3.63803358e-014	
1.67298748e+001	2.75109292e-011	2.75109051e-011	3.63803358e-014	
1.68300537e+001	2.75109292e-011	2.75109051e-011	3.63803358e-014	
1.69302326e+001	2.75109292e-011	2.75109051e-011	3.63803358e-014	
1.70304114e+001	2.75109292e-011	2.75109051e-011	3.63803358e-014	
1.71305903e+001	2.66964507e-011	2.66964369e-011	2.71363466e-014	
1.72307692e+001	2.66964507e-011	2.66964369e-011	2.71363466e-014	
1.73309481e+001	2.66964507e-011	2.66964369e-011	2.71363466e-014	
1.74311270e+001	2.66964507e-011	2.66964369e-011	2.71363466e-014	
1.75313059e+001	2.66964507e-011	2.66964369e-011	2.71363466e-014	
1.76314848e+001	2.66964507e-011	2.66964369e-011	2.71363466e-014	
1.77316637e+001	2.66964507e-011	2.66964369e-011	2.71363466e-014	
1.78318426e+001	2.66964507e-011	2.66964369e-011	2.71363466e-014	
1.79320215e+001	2.66964507e-011	2.66964369e-011	2.71363466e-014	
1.80322004e+001	3.39782773e-011	3.39782739e-011	-1.52899249e-014	
1.81323792e+001	3.39782773e-011	3.39782739e-011	-1.52899249e-014	
1.82325581e+001	3.39782773e-011	3.39782739e-011	-1.52899249e-014	
1.83327370e+001	3.39782773e-011	3.39782739e-011	-1.52899249e-014	
1.84329159e+001	2.94026816e-011	2.94026113e-011	-6.43202597e-014	
1.85330948e+001	2.94026816e-011	2.94026113e-011	-6.43202597e-014	
1.86332737e+001	2.94026816e-011	2.94026113e-011	-6.43202597e-014	
1.87334526e+001	2.94026816e-011	2.94026113e-011	-6.43202597e-014	
1.88336315e+001	2.94026816e-011	2.94026113e-011	-6.43202597e-014	
1.89338104e+001	2.94026816e-011	2.94026113e-011	-6.43202597e-014	
1.90339893e+001	2.94026816e-011	2.94026113e-011	-6.43202597e-014	
1.91341682e+001	2.94026816e-011	2.94026113e-011	-6.43202597e-014	
1.92343470e+001	2.94026816e-011	2.94026113e-011	-6.43202597e-014	
1.93345259e+001	3.32211504e-011	3.32209063e-011	-1.27352676e-013	
1.94347048e+001	3.32211504e-011	3.32209063e-011	-1.27352676e-013	
1.95348837e+001	3.32211504e-011	3.32209063e-011	-1.27352676e-013	
1.96350626e+001	3.32211504e-011	3.32209063e-011	-1.27352676e-013	
1.97352415e+001	2.58520005e-011	2.58516488e-011	-1.34848385e-013	
1.98354204e+001	2.58520005e-011	2.58516488e-011	-1.34848385e-013	
1.99355993e+001	2.58520005e-011	2.58516488e-011	-1.34848385e-013	
2.00357782e+001	2.58520005e-011	2.58516488e-011	-1.34848385e-013	
2.01359571e+001	1.77198942e-011	1.77194709e-011	-1.22480868e-013	
2.02361360e+001	1.77198942e-011	1.77194709e-011	-1.22480868e-013	
2.03363148e+001	1.77198942e-011	1.77194709e-011	-1.22480868e-013	
2.04364937e+001	1.77198942e-011	1.77194709e-011	-1.22480868e-013	
2.05366726e+001	1.77198942e-011	1.77194709e-011	-1.22480868e-013	
2.06368515e+001	9.64788833e-012	9.64764135e-012	-6.90331217e-014	
2.07370304e+001	9.64788833e-012	9.64764135e-012	-6.90331217e-014	
2.08372093e+001	9.64788833e-012	9.64764135e-012	-6.90331217e-014	
2.09373882e+001	9.64788833e-012	9.64764135e-012	-6.90331217e-014	
2.10375671e+001	9.64788833e-012	9.64764135e-012	-6.90331217e-014	
2.11377460e+001	9.64788833e-012	9.64764135e-012	-6.90331217e-014	
2.12379249e+001	9.64788833e-012	9.64764135e-012	-6.90331217e-014	
2.13381038e+001	9.64788833e-012	9.64764135e-012	-6.90331217e-014	
2.14382826e+001	1.90813342e-012	-1.90788226e-012	3.09589223e-014	
2.15384615e+001	1.90813342e-012	-1.90788226e-012	3.09589223e-014	
2.16386404e+001	1.90813342e-012	-1.90788226e-012	3.09589223e-014	
2.17388193e+001	1.90813342e-012	-1.90788226e-012	3.09589223e-014	
2.18389982e+001	1.90813342e-012	-1.90788226e-012	3.09589223e-014	
2.19391771e+001	8.09753709e-012	-8.09708644e-012	8.54290911e-014	
2.20393560e+001	8.09753709e-012	-8.09708644e-012	8.54290911e-014	
2.21395349e+001	8.09753709e-012	-8.09708644e-012	8.54290911e-014	
2.22397138e+001	8.09753709e-012	-8.09708644e-012	8.54290911e-014	
2.23398927e+001	1.44646432e-011	-1.44640741e-011	1.28314474e-013	
2.24400716e+001	1.44646432e-011	-1.44640741e-011	1.28314474e-013	
2.25402504e+001	1.44646432e-011	-1.44640741e-011	1.28314474e-013	
2.26404293e+001	1.44646432e-011	-1.44640741e-011	1.28314474e-013	
2.27406082e+001	1.44646432e-011	-1.44640741e-011	1.28314474e-013	
2.28407871e+001	2.47135755e-011	-2.47129390e-011	1.77363172e-013	
2.29409660e+001	2.47135755e-011	-2.47129390e-011	1.77363172e-013	
2.30411449e+001	2.47135755e-011	-2.47129390e-011	1.77363172e-013	
2.31413238e+001	2.47135755e-011	-2.47129390e-011	1.77363172e-013	
2.32415027e+001	2.47135755e-011	-2.47129390e-011	1.77363172e-013	
2.33416816e+001	2.47135755e-011	-2.47129390e-011	1.77363172e-013	
2.34418605e+001	2.47135755e-011	-2.47129390e-011	1.77363172e-013	
2.35420394e+001	2.47135755e-011	-2.47129390e-011	1.77363172e-013	
2.36422182e+001	2.62834329e-011	-2.62830354e-011	1.44557350e-013	
2.37423971e+001	2.62834329e-011	-2.62830354e-011	1.44557350e-013	
2.38425760e+001	2.62834329e-011	-2.62830354e-011	1.44557350e-013	
2.39427549e+001	2.62834329e-011	-2.62830354e-011	1.44557350e-013	
2.40429338e+001	2.62834329e-011	-2.62830354e-011	1.44557350e-013	
2.41431127e+001	3.16279955e-011	-3.16277706e-011	1.19270408e-013	
2.42432916e+001	3.16279955e-011	-3.16277706e-011	1.19270408e-013	
2.43434705e+001	3.16279955e-011	-3.16277706e-011	1.19270408e-013	
2.44436494e+001	3.16279955e-011	-3.16277706e-011	1.19270408e-013	
2.45438283e+001	3.14194151e-011	-3.14193657e-011	5.57059246e-014	
2.46440072e+001	3.14194151e-011	-3.14193657e-011	5.57059246e-014	
2.47441860e+001	3.14194151e-011	-3.14193657e-011	5.57059246e-014	
2.48443649e+001	3.14194151e-011	-3.14193657e-011	5.57059246e-014	
2.49445438e+001	3.22282199e-011	-3.22282080e-011	2.77481608e-014	
2.50447227e+001	3.22282199e-011	-3.22282080e-011	2.77481608e-014	
2.51449016e+001	3.22282199e-011	-3.22282080e-011	2.77481608e-014	
2.52450805e+001	3.22282199e-011	-3.22282080e-011	2.77481608e-014	
2.53452594e+001	3.22282199e-011	-3.22282080e-011	2.77481608e-014	
2.54454383e+001	3.17044550e-011	-3.17044549e-011	-1.74923234e-015	
2.55456172e+001	3.17044550e-011	-3.17044549e-011	-1.74923234e-015	
2.56457961e+001	3.17044550e-011	-3.17044549e-011	-1.74923234e-015	
2.57459750e+001	3.17044550e-011	-3.17044549e-011	-1.74923234e-015	
2.58461538e+001	1.92435428e-011	-1.92435291e-011	-2.29896622e-014	
2.59463327e+001	1.92435428e-011	-1.92435291e-011	-2.29896622e-014	
2.60465116e+001	1.92435428e-011	-1.92435291e-011	-2.29896622e-014	
2.61466905e+001	1.92435428e-011	-1.92435291e-011	-2.29896622e-014	
2.62468694e+001	1.92435428e-011	-1.92435291e-011	-2.29896622e-014	
2.63470483e+001	1.92435428e-011	-1.92435291e-011	-2.29896622e-014	
2.64472272e+001	1.92435428e-011	-1.92435291e-011	-2.29896622e-014	
2.65474061e+001	1.92435428e-011	-1.92435291e-011	-2.29896622e-014	
2.66475850e+001	1.92435428e-011	-1.92435291e-011	-2.29896622e-014	
2.67477639e+001	2.22363032e-011	-2.22362757e-011	-3.49560168e-014	
2.68479428e+001	2.22363032e-011	-2.22362757e-011	-3.49560168e-014	
2.69481216e+001	2.22363032e-011	-2.22362757e-011	-3.49560168e-014	
2.70483005e+001	2.22363032e-011	-2.22362757e-011	-3.49560168e-014	
2.71484794e+001	2.15184504e-011	-2.15184240e-011	-3.37096250e-014	
2.72486583e+001	2.15184504e-011	-2.15184240e-011	-3.37096250e-014	
2.73488372e+001	2.15184504e-011	-2.15184240e-011	-3.37096250e-014	
2.74490161e+001	2.15184504e-011	-2.15184240e-011	-3.37096250e-014	
2.75491950e+001	2.15184504e-011	-2.15184240e-011	-3.37096250e-014	
2.76493739e+001	1.61632073e-011	-1.61631924e-011	-2.19074282e-014	
2.77495528e+001	1.61632073e-011	-1.61631924e-011	-2.19074282e-014	
2.78497317e+001	1.43824251e-011	-1.43824150e-011	-1.70828927e-014	
2.79499106e+001	1.32297784e-011	-1.32297722e-011	-1.28534016e-014	
2.80500894e+001	1.21949313e-011	-1.21949269e-011	-1.03175421e-014	
2.81502683e+001	1.18517773e-011	-1.18517750e-011	-7.32293393e-015	
2.82504472e+001	1.17284421e-011	-1.17284409e-011	-5.20859387e-015	
2.83506261e+001	1.18017301e-011	-1.18017300e-011	-1.24426794e-015	
2.84508050e+001	1.24324446e-011	-1.24324442e-011	3.36841731e-015	
2.85509839e+001	1.24324446e-011	-1.24324442e-011	3.36841731e-015	
2.86511628e+001	1.24324446e-011	-1.24324442e-011	3.36841731e-015	
2.87513417e+001	1.13757114e-011	-1.13757087e-011	7.85189436e-015	
2.88515206e+001	1.13757114e-011	-1.13757087e-011	7.85189436e-015	
2.89516995e+001	8.24090453e-012	-8.24089244e-012	1.41130574e-014	
2.90518784e+001	8.24090453e-012	-8.24089244e-012	1.41130574e-014	
2.91520572e+001	8.24090453e-012	-8.24089244e-012	1.41130574e-014	
2.92522361e+001	8.24090453e-012	-8.24089244e-012	1.41130574e-014	
2.93524150e+001	7.47173687e-012	-7.47168869e-012	2.68313447e-014	
2.94525939e+001	7.47173687e-012	-7.47168869e-012	2.68313447e-014	
2.95527728e+001	7.47173687e-012	-7.47168869e-012	2.68313447e-014	
2.96529517e+001	7.47173687e-012	-7.47168869e-012	2.68313447e-014	
2.97531306e+001	7.47173687e-012	-7.47168869e-012	2.68313447e-014	
2.98533095e+001	5.24861620e-012	-5.24854145e-012	2.80107728e-014	
2.99534884e+001	5.24861620e-012	-5.24854145e-012	2.80107728e-014	
3.00536673e+001	5.24861620e-012	-5.24854145e-012	2.80107728e-014	
3.01538462e+001	5.24861620e-012	-5.24854145e-012	2.80107728e-014	
3.02540250e+001	4.15043672e-012	-4.15030599e-012	3.29422376e-014	
3.03542039e+001	4.15043672e-012	-4.15030599e-012	3.29422376e-014	
3.04543828e+001	4.15043672e-012	-4.15030599e-012	3.29422376e-014	
3.05545617e+001	4.15043672e-012	-4.15030599e-012	3.29422376e-014	
3.06547406e+001	3.20510230e-012	-3.20489662e-012	3.63092196e-014	
3.07549195e+001	3.20510230e-012	-3.20489662e-012	3.63092196e-014	
3.08550984e+001	3.20510230e-012	-3.20489662e-012	3.63092196e-014	
3.09552773e+001	3.20510230e-012	-3.20489662e-012	3.63092196e-014	
3.10554562e+001	3.20510230e-012	-3.20489662e-012	3.63092196e-014	
3.11556351e+001	3.20510230e-012	-3.20489662e-012	3.63092196e-014	
3.12558140e+001	3.20510230e-012	-3.20489662e-012	3.63092196e-014	
3.13559928e+001	3.20510230e-012	-3.20489662e-012	3.63092196e-014	
3.14561717e+001	3.20510230e-012	-3.20489662e-012	3.63092196e-014	
3.15563506e+001	2.09204764e-012	-2.09181749e-012	3.10309230e-014	
3.16565295e+001	2.09204764e-012	-2.09181749e-012	3.10309230e-014	
3.17567084e+001	2.09204764e-012	-2.09181749e-012	3.10309230e-014	
3.18568873e+001	2.09204764e-012	-2.09181749e-012	3.10309230e-014	
3.19570662e+001	2.09204764e-012	-2.09181749e-012	3.10309230e-014	
3.20572451e+001	2.09204764e-012	-2.09181749e-012	3.10309230e-014	
3.21574240e+001	2.09204764e-012	-2.09181749e-012	3.10309230e-014	
3.22576029e+001	2.09204764e-012	-2.09181749e-012	3.10309230e-014	
3.23577818e+001	2.09204764e-012	-2.09181749e-012	3.10309230e-014	
3.24579606e+001	1.54282592e-012	-1.54256076e-012	2.86026745e-014	
3.25581395e+001	1.54282592e-012	-1.54256076e-012	2.86026745e-014	
3.26583184e+001	1.54282592e-012	-1.54256076e-012	2.86026745e-014	
3.27584973e+001	1.54282592e-012	-1.54256076e-012	2.86026745e-014	
3.28586762e+001	1.54282592e-012	-1.54256076e-012	2.86026745e-014	
3.29588551e+001	1.54282592e-012	-1.54256076e-012	2.86026745e-014	
3.30590340e+001	1.54282592e-012	-1.54256076e-012	2.86026745e-014	
3.31592129e+001	1.54282592e-012	-1.54256076e-012	2.86026745e-014	
3.32593918e+001	1.05737096e-012	-1.05717659e-012	2.02731189e-014	
3.33595707e+001	1.05737096e-012	-1.05717659e-012	2.02731189e-014	
3.34597496e+001	1.05737096e-012	-1.05717659e-012	2.02731189e-014	
3.35599284e+001	1.05737096e-012	-1.05717659e-012	2.02731189e-014	
3.36601073e+001	1.05737096e-012	-1.05717659e-012	2.02731189e-014	
3.37602862e+001	1.33487718e-012	-1.33464317e-012	2.49938682e-014	
3.38604651e+001	1.33487718e-012	-1.33464317e-012	2.49938682e-014	
3.39606440e+001	1.33487718e-012	-1.33464317e-012	2.49938682e-014	
3.40608229e+001	1.33487718e-012	-1.33464317e-012	2.49938682e-014	
3.41610018e+001	9.83762008e-013	-9.83608179e-013	1.73964799e-014	
3.42611807e+001	9.83762008e-013	-9.83608179e-013	1.73964799e-014	
3.43613596e+001	9.83762008e-013	-9.83608179e-013	1.73964799e-014	
3.44615385e+001	9.83762008e-013	-9.83608179e-013	1.73964799e-014	
3.45617174e+001	9.83762008e-013	-9.83608179e-013	1.73964799e-014	
3.46618962e+001	1.01450008e-012	-1.01435883e-012	1.69287214e-014	
3.47620751e+001	1.01450008e-012	-1.01435883e-012	1.69287214e-014	
3.48622540e+001	1.01450008e-012	-1.01435883e-012	1.69287214e-014	
3.49624329e+001	1.01450008e-012	-1.01435883e-012	1.69287214e-014	
3.50626118e+001	7.70908907e-013	-7.70822183e-013	1.15630959e-014	
3.51627907e+001	7.70908907e-013	-7.70822183e-013	1.15630959e-014	
3.52629696e+001	7.70908907e-013	-7.70822183e-013	1.15630959e-014	
3.53631485e+001	7.70908907e-013	-7.70822183e-013	1.15630959e-014	
3.54633274e+001	7.70908907e-013	-7.70822183e-013	1.15630959e-014	
3.55635063e+001	7.70908907e-013	-7.70822183e-013	1.15630959e-014	
3.56636852e+001	7.70908907e-013	-7.70822183e-013	1.15630959e-014	
3.57638640e+001	7.70908907e-013	-7.70822183e-013	1.15630959e-014	
3.58640429e+001	7.70908907e-013	-7.70822183e-013	1.15630959e-014	
3.59642218e+001	8.09002478e-013	-8.08934828e-013	1.04620181e-014	
3.60644007e+001	8.09002478e-013	-8.08934828e-013	1.04620181e-014	
3.61645796e+001	8.09002478e-013	-8.08934828e-013	1.04620181e-014	
3.62647585e+001	8.09002478e-013	-8.08934828e-013	1.04620181e-014	
3.63649374e+001	9.00213833e-013	-9.00155872e-013	1.02152536e-014	
3.64651163e+001	9.00213833e-013	-9.00155872e-013	1.02152536e-014	
3.65652952e+001	9.00213833e-013	-9.00155872e-013	1.02152536e-014	
3.66654741e+001	9.00213833e-013	-9.00155872e-013	1.02152536e-014	
3.67656530e+001	8.83120048e-013	-8.83074780e-013	8.94157936e-015	
3.68658318e+001	8.83120048e-013	-8.83074780e-013	8.94157936e-015	
3.69660107e+001	8.83120048e-013	-8.83074780e-013	8.94157936e-015	
3.70661896e+001	8.83120048e-013	-8.83074780e-013	8.94157936e-015	
3.71663685e+001	8.83120048e-013	-8.83074780e-013	8.94157936e-015	
3.72665474e+001	8.50153875e-013	-8.50118352e-013	7.77166108e-015	
3.73667263e+001	8.50153875e-013	-8.50118352e-013	7.77166108e-015	
3.74669052e+001	8.50153875e-013	-8.50118352e-013	7.77166108e-015	
3.75670841e+001	8.50153875e-013	-8.50118352e-013	7.77166108e-015	
3.76672630e+001	8.23228285e-013	-8.23197892e-013	7.07396919e-015	
3.77674419e+001	8.23228285e-013	-8.23197892e-013	7.07396919e-015	
3.78676208e+001	8.23228285e-013	-8.23197892e-013	7.07396919e-015	
3.79677996e+001	8.23228285e-013	-8.23197892e-013	7.07396919e-015	
3.80679785e+001	7.66931367e-013	-7.66904948e-013	6.36564487e-015	
3.81681574e+001	7.66931367e-013	-7.66904948e-013	6.36564487e-015	
3.82683363e+001	7.66931367e-013	-7.66904948e-013	6.36564487e-015	
3.83685152e+001	7.66931367e-013	-7.66904948e-013	6.36564487e-015	
3.84686941e+001	7.66931367e-013	-7.66904948e-013	6.36564487e-015	
3.85688730e+001	8.13951783e-013	-8.13921111e-013	7.06608157e-015	
3.86690519e+001	8.13951783e-013	-8.13921111e-013	7.06608157e-015	
3.87692308e+001	8.13951783e-013	-8.13921111e-013	7.06608157e-015	
3.88694097e+001	8.13951783e-013	-8.13921111e-013	7.06608157e-015	
3.89695886e+001	8.13951783e-013	-8.13921111e-013	7.06608157e-015	
3.90697674e+001	8.13951783e-013	-8.13921111e-013	7.06608157e-015	
3.91699463e+001	8.13951783e-013	-8.13921111e-013	7.06608157e-015	
3.92701252e+001	8.13951783e-013	-8.13921111e-013	7.06608157e-015	
3.93703041e+001	8.13951783e-013	-8.13921111e-013	7.06608157e-015	
3.94704830e+001	7.31364048e-013	-7.31320985e-013	7.93647024e-015	
3.95706619e+001	7.31364048e-013	-7.31320985e-013	7.93647024e-015	
3.96708408e+001	7.31364048e-013	-7.31320985e-013	7.93647024e-015	
3.97710197e+001	7.31364048e-013	-7.31320985e-013	7.93647024e-015	
3.98711986e+001	6.75965133e-013	-6.75910754e-013	8.57394865e-015	
3.99713775e+001	6.75965133e-013	-6.75910754e-013	8.57394865e-015	
4.00715564e+001	6.75965133e-013	-6.75910754e-013	8.57394865e-015	
4.01717352e+001	6.75965133e-013	-6.75910754e-013	8.57394865e-015	
4.02719141e+001	5.85321103e-013	-5.85254509e-013	8.82908946e-015	
4.03720930e+001	5.85321103e-013	-5.85254509e-013	8.82908946e-015	
4.04722719e+001	5.85321103e-013	-5.85254509e-013	8.82908946e-015	
4.05724508e+001	5.85321103e-013	-5.85254509e-013	8.82908946e-015	
4.06726297e+001	5.85321103e-013	-5.85254509e-013	8.82908946e-015	
4.07728086e+001	3.71002426e-013	-3.70936231e-013	7.00803453e-015	
4.08729875e+001	3.71002426e-013	-3.70936231e-013	7.00803453e-015	
4.09731664e+001	3.71002426e-013	-3.70936231e-013	7.00803453e-015	
4.10733453e+001	3.71002426e-013	-3.70936231e-013	7.00803453e-015	
4.11735242e+001	3.71002426e-013	-3.70936231e-013	7.00803453e-015	
4.12737030e+001	3.71002426e-013	-3.70936231e-013	7.00803453e-015	
4.13738819e+001	3.71002426e-013	-3.70936231e-013	7.00803453e-015	
4.14740608e+001	3.71002426e-013	-3.70936231e-013	7.00803453e-015	
4.15742397e+001	3.23884041e-013	-3.23800670e-013	7.34831469e-015	
4.16744186e+001	3.23884041e-013	-3.23800670e-013	7.34831469e-015	
4.17745975e+001	3.23884041e-013	-3.23800670e-013	7.34831469e-015	
4.18747764e+001	3.23884041e-013	-3.23800670e-013	7.34831469e-015	
4.19749553e+001	3.23884041e-013	-3.23800670e-013	7.34831469e-015	
4.20751342e+001	2.45452456e-013	-2.45356263e-013	6.87112938e-015	
4.21753131e+001	2.45452456e-013	-2.45356263e-013	6.87112938e-015	
4.22754919e+001	2.45452456e-013	-2.45356263e-013	6.87112938e-015	
4.23756708e+001	2.45452456e-013	-2.45356263e-013	6.87112938e-015	
4.24758497e+001	1.60915315e-013	-1.60836564e-013	5.03370693e-015	
4.25760286e+001	1.60915315e-013	-1.60836564e-013	5.03370693e-015	
4.26762075e+001	1.60915315e-013	-1.60836564e-013	5.03370693e-015	
4.27763864e+001	1.60915315e-013	-1.60836564e-013	5.03370693e-015	
4.28765653e+001	1.60915315e-013	-1.60836564e-013	5.03370693e-015	
4.29767442e+001	1.60915315e-013	-1.60836564e-013	5.03370693e-015	
4.30769231e+001	1.60915315e-013	-1.60836564e-013	5.03370693e-015	
4.31771020e+001	1.60915315e-013	-1.60836564e-013	5.03370693e-015	
4.32772809e+001	1.60915315e-013	-1.60836564e-013	5.03370693e-015	
4.33774597e+001	1.23673996e-013	-1.23596123e-013	4.38813631e-015	
4.34776386e+001	1.23673996e-013	-1.23596123e-013	4.38813631e-015	
4.35778175e+001	1.23673996e-013	-1.23596123e-013	4.38813631e-015	
4.36779964e+001	1.23673996e-013	-1.23596123e-013	4.38813631e-015	
4.37781753e+001	8.00483114e-014	-7.99805689e-014	3.29253074e-015	
4.38783542e+001	8.00483114e-014	-7.99805689e-014	3.29253074e-015	
4.39785331e+001	8.00483114e-014	-7.99805689e-014	3.29253074e-015	
4.40787120e+001	8.00483114e-014	-7.99805689e-014	3.29253074e-015	
4.41788909e+001	8.00483114e-014	-7.99805689e-014	3.29253074e-015	
4.42790698e+001	4.90072647e-014	-4.89513648e-014	2.34006095e-015	
4.43792487e+001	4.90072647e-014	-4.89513648e-014	2.34006095e-015	
4.44794275e+001	4.90072647e-014	-4.89513648e-014	2.34006095e-015	
4.45796064e+001	4.90072647e-014	-4.89513648e-014	2.34006095e-015	
4.46797853e+001	2.93179846e-014	-2.92716783e-014	1.64713937e-015	
4.47799642e+001	2.93179846e-014	-2.92716783e-014	1.64713937e-015	
4.48801431e+001	2.93179846e-014	-2.92716783e-014	1.64713937e-015	
4.49803220e+001	2.93179846e-014	-2.92716783e-014	1.64713937e-015	
4.50805009e+001	1.67926163e-014	-1.67487851e-014	1.21250132e-015	
4.51806798e+001	1.67926163e-014	-1.67487851e-014	1.21250132e-015	
4.52808587e+001	1.67926163e-014	-1.67487851e-014	1.21250132e-015	
4.53810376e+001	1.67926163e-014	-1.67487851e-014	1.21250132e-015	
4.54812165e+001	1.67926163e-014	-1.67487851e-014	1.21250132e-015	
4.55813953e+001	1.51652620e-015	-1.36983921e-015	6.50685990e-016	
4.56815742e+001	1.51652620e-015	-1.36983921e-015	6.50685990e-016	
4.57817531e+001	1.51652620e-015	-1.36983921e-015	6.50685990e-016	
4.58819320e+001	1.51652620e-015	-1.36983921e-015	6.50685990e-016	
4.59821109e+001	1.51652620e-015	-1.36983921e-015	6.50685990e-016	
4.60822898e+001	1.51652620e-015	-1.36983921e-015	6.50685990e-016	
4.61824687e+001	1.51652620e-015	-1.36983921e-015	6.50685990e-016	
4.62826476e+001	1.51652620e-015	-1.36983921e-015	6.50685990e-016	
4.63828265e+001	2.04290912e-014	2.04287012e-014	-1.26245807e-016	
4.64830054e+001	2.04290912e-014	2.04287012e-014	-1.26245807e-016	
4.65831843e+001	2.04290912e-014	2.04287012e-014	-1.26245807e-016	
4.66833631e+001	2.04290912e-014	2.04287012e-014	-1.26245807e-016	
4.67835420e+001	2.04290912e-014	2.04287012e-014	-1.26245807e-016	
4.68837209e+001	3.44869662e-014	3.44832935e-014	-5.03300230e-016	
4.69838998e+001	3.44869662e-014	3.44832935e-014	-5.03300230e-016	
4.70840787e+001	3.44869662e-014	3.44832935e-014	-5.03300230e-016	
4.71842576e+001	3.44869662e-014	3.44832935e-014	-5.03300230e-016	
4.72844365e+001	4.25313260e-014	4.25255590e-014	-7.00376622e-016	
4.73846154e+001	4.25313260e-014	4.25255590e-014	-7.00376622e-016	
4.74847943e+001	4.25313260e-014	4.25255590e-014	-7.00376622e-016	
4.75849732e+001	4.25313260e-014	4.25255590e-014	-7.00376622e-016	
4.76851521e+001	4.25313260e-014	4.25255590e-014	-7.00376622e-016	
4.77853309e+001	4.25313260e-014	4.25255590e-014	-7.00376622e-016	
4.78855098e+001	4.25313260e-014	4.25255590e-014	-7.00376622e-016	
4.79856887e+001	4.25313260e-014	4.25255590e-014	-7.00376622e-016	
4.80858676e+001	4.25313260e-014	4.25255590e-014	-7.00376622e-016	
4.81860465e+001	6.16440578e-014	6.16366717e-014	-9.54238939e-016	
4.82862254e+001	6.16440578e-014	6.16366717e-014	-9.54238939e-016	
4.83864043e+001	6.16440578e-014	6.16366717e-014	-9.54238939e-016	
4.84865832e+001	6.16440578e-014	6.16366717e-014	-9.54238939e-016	
4.85867621e+001	7.18434831e-014	7.18367686e-014	-9.82211523e-016	
4.86869410e+001	7.18434831e-014	7.18367686e-014	-9.82211523e-016	
4.87871199e+001	7.18434831e-014	7.18367686e-014	-9.82211523e-016	
4.88872987e+001	7.18434831e-014	7.18367686e-014	-9.82211523e-016	
4.89874776e+001	7.18434831e-014	7.18367686e-014	-9.82211523e-016	
4.90876565e+001	8.38538292e-014	8.38478226e-014	-1.00365460e-015	
4.91878354e+001	8.38538292e-014	8.38478226e-014	-1.00365460e-015	
4.92880143e+001	8.38538292e-014	8.38478226e-014	-1.00365460e-015	
4.93881932e+001	8.38538292e-014	8.38478226e-014	-1.00365460e-015	
4.94883721e+001	7.15887976e-014	7.15849056e-014	-7.46478823e-016	
4.95885510e+001	7.15887976e-014	7.15849056e-014	-7.46478823e-016	
4.96887299e+001	7.15887976e-014	7.15849056e-014	-7.46478823e-016	
4.97889088e+001	7.15887976e-014	7.15849056e-014	-7.46478823e-016	
4.98890877e+001	7.15887976e-014	7.15849056e-014	-7.46478823e-016	
4.99892665e+001	7.15887976e-014	7.15849056e-014	-7.46478823e-016	
5.00894454e+001	7.15887976e-014	7.15849056e-014	-7.46478823e-016	
5.01896243e+001	7.15887976e-014	7.15849056e-014	-7.46478823e-016	
5.02898032e+001	7.15887976e-014	7.15849056e-014	-7.46478823e-016	
5.03899821e+001	9.96825352e-014	9.96793219e-014	-8.00384307e-016	
5.04901610e+001	9.96825352e-014	9.96793219e-014	-8.00384307e-016	
5.05903399e+001	9.96825352e-014	9.96793219e-014	-8.00384307e-016	
5.06905188e+001	9.96825352e-014	9.96793219e-014	-8.00384307e-016	
5.07906977e+001	7.77763605e-014	7.77743937e-014	-5.53121084e-016	
5.08908766e+001	7.77763605e-014	7.77743937e-014	-5.53121084e-016	
5.09910555e+001	7.77763605e-014	7.77743937e-014	-5.53121084e-016	
5.10912343e+001	7.77763605e-014	7.77743937e-014	-5.53121084e-016	
5.11914132e+001	6.84032623e-014	6.84020143e-014	-4.13187000e-016	
5.12915921e+001	6.84032623e-014	6.84020143e-014	-4.13187000e-016	
5.13917710e+001	6.84032623e-014	6.84020143e-014	-4.13187000e-016	
5.14919499e+001	6.84032623e-014	6.84020143e-014	-4.13187000e-016	
5.15921288e+001	6.84032623e-014	6.84020143e-014	-4.13187000e-016	
5.16923077e+001	6.87485589e-014	6.87476361e-014	-3.56202612e-016	
5.17924866e+001	6.87485589e-014	6.87476361e-014	-3.56202612e-016	
5.18926655e+001	6.87485589e-014	6.87476361e-014	-3.56202612e-016	
5.19928444e+001	6.87485589e-014	6.87476361e-014	-3.56202612e-016	
5.20930233e+001	6.87485589e-014	6.87476361e-014	-3.56202612e-016	
5.21932021e+001	6.87485589e-014	6.87476361e-014	-3.56202612e-016	
5.22933810e+001	6.87485589e-014	6.87476361e-014	-3.56202612e-016	
5.23935599e+001	6.87485589e-014	6.87476361e-014	-3.56202612e-016	
5.24937388e+001	3.97150303e-014	3.97147781e-014	-1.41529413e-016	
5.25939177e+001	3.97150303e-014	3.97147781e-014	-1.41529413e-016	
5.26940966e+001	3.97150303e-014	3.97147781e-014	-1.41529413e-016	
5.27942755e+001	3.97150303e-014	3.97147781e-014	-1.41529413e-016	
5.28944544e+001	3.97150303e-014	3.97147781e-014	-1.41529413e-016	
5.29946333e+001	3.97150303e-014	3.97147781e-014	-1.41529413e-016	
5.30948122e+001	3.97150303e-014	3.97147781e-014	-1.41529413e-016	
5.31949911e+001	3.97150303e-014	3.97147781e-014	-1.41529413e-016	
5.32951699e+001	3.97150303e-014	3.97147781e-014	-1.41529413e-016	
5.33953488e+001	3.71347957e-014	3.71346429e-014	-1.06517881e-016	
5.34955277e+001	3.71347957e-014	3.71346429e-014	-1.06517881e-016	
5.35957066e+001	3.71347957e-014	3.71346429e-014	-1.06517881e-016	
5.36958855e+001	3.71347957e-014	3.71346429e-014	-1.06517881e-016	
5.37960644e+001	3.71347957e-014	3.71346429e-014	-1.06517881e-016	
5.38962433e+001	2.35489070e-014	2.35488489e-014	-5.23070345e-017	
5.39964222e+001	2.35489070e-014	2.35488489e-014	-5.23070345e-017	
5.40966011e+001	2.35489070e-014	2.35488489e-014	-5.23070345e-017	
5.41967800e+001	2.35489070e-014	2.35488489e-014	-5.23070345e-017	
5.42969589e+001	2.35489070e-014	2.35488489e-014	-5.23070345e-017	
5.43971377e+001	2.35489070e-014	2.35488489e-014	-5.23070345e-017	
5.44973166e+001	2.35489070e-014	2.35488489e-014	-5.23070345e-017	
5.45974955e+001	2.35489070e-014	2.35488489e-014	-5.23070345e-017	
5.46976744e+001	1.69529268e-014	1.69528976e-014	-3.14480751e-017	
5.47978533e+001	1.69529268e-014	1.69528976e-014	-3.14480751e-017	
5.48980322e+001	1.69529268e-014	1.69528976e-014	-3.14480751e-017	
5.49982111e+001	1.69529268e-014	1.69528976e-014	-3.14480751e-017	
5.50983900e+001	1.69529268e-014	1.69528976e-014	-3.14480751e-017	
5.51985689e+001	9.56309529e-015	9.56308269e-015	-1.55240462e-017	
5.52987478e+001	9.56309529e-015	9.56308269e-015	-1.55240462e-017	
5.53989267e+001	9.56309529e-015	9.56308269e-015	-1.55240462e-017	
5.54991055e+001	9.56309529e-015	9.56308269e-015	-1.55240462e-017	
5.55992844e+001	4.80264125e-015	4.80263559e-015	-7.37404734e-018	
5.56994633e+001	4.80264125e-015	4.80263559e-015	-7.37404734e-018	
5.57996422e+001	2.87754087e-015	2.87753748e-015	-4.41717370e-018	
5.58998211e+001	1.80039928e-015	1.80039716e-015	-2.76238190e-018	
5.60000000e+001	1.84779561e-016	1.84779335e-016	-2.89036474e-019	
