% Column 0: Length, cm
% Column 1: |B.n|, Tesla
% Column 2: Re[B.n], Tesla
% Column 3: Im[B.n], Tesla
0.00000000e+000	9.54591861e-010	9.54233666e-010	-2.61482736e-011	
1.00178891e-001	1.08149543e-008	1.08109412e-008	-2.94597777e-010	
2.00357782e-001	2.13645370e-008	2.13566132e-008	-5.81818632e-010	
3.00536673e-001	3.23937191e-008	3.23817151e-008	-8.81794461e-010	
4.00715564e-001	4.23282740e-008	4.23126130e-008	-1.15133126e-009	
5.00894454e-001	5.19616242e-008	5.19424114e-008	-1.41290136e-009	
6.01073345e-001	6.15175112e-008	6.14947311e-008	-1.67398609e-009	
7.01252236e-001	7.15902899e-008	7.15636390e-008	-1.95324968e-009	
8.01431127e-001	8.22070842e-008	8.21764190e-008	-2.24518355e-009	
9.01610018e-001	9.28238784e-008	9.27891990e-008	-2.53711742e-009	
1.00178891e+000	1.03343027e-007	1.03304228e-007	-2.83156896e-009	
1.10196780e+000	1.13455822e-007	1.13412459e-007	-3.13649800e-009	
1.20214669e+000	1.23568622e-007	1.23520690e-007	-3.44142705e-009	
1.30232558e+000	1.33681427e-007	1.33628922e-007	-3.74635609e-009	
1.40250447e+000	1.43794235e-007	1.43737153e-007	-4.05128513e-009	
1.50268336e+000	1.55613384e-007	1.55551337e-007	-4.39397539e-009	
1.60286225e+000	1.66141332e-007	1.66074519e-007	-4.71128721e-009	
1.70304114e+000	1.76394178e-007	1.76322688e-007	-5.02153407e-009	
1.80322004e+000	1.86647027e-007	1.86570857e-007	-5.33178093e-009	
1.90339893e+000	1.96899877e-007	1.96819026e-007	-5.64202779e-009	
2.00357782e+000	2.06104327e-007	2.06018896e-007	-5.93362489e-009	
2.10375671e+000	2.15216582e-007	2.15126577e-007	-6.22358190e-009	
2.20393560e+000	2.23966761e-007	2.23871777e-007	-6.52209719e-009	
2.30411449e+000	2.32306082e-007	2.32205647e-007	-6.83032409e-009	
2.40429338e+000	2.42284497e-007	2.42177979e-007	-7.18356059e-009	
2.50447227e+000	2.54381294e-007	2.54267889e-007	-7.59496824e-009	
2.60465116e+000	2.66478102e-007	2.66357799e-007	-8.00637589e-009	
2.70483005e+000	2.78574919e-007	2.78447708e-007	-8.41778354e-009	
2.80500894e+000	2.88788639e-007	2.88654289e-007	-8.80791940e-009	
2.90518784e+000	2.98266854e-007	2.98125250e-007	-9.18974659e-009	
3.00536673e+000	3.07350835e-007	3.07202337e-007	-9.55299378e-009	
3.10554562e+000	3.16414196e-007	3.16258803e-007	-9.91526824e-009	
3.20572451e+000	3.25405713e-007	3.25243261e-007	-1.02810238e-008	
3.30590340e+000	3.33224682e-007	3.33052732e-007	-1.07035812e-008	
3.40608229e+000	3.41043739e-007	3.40862202e-007	-1.11261386e-008	
3.50626118e+000	3.49049036e-007	3.48857666e-007	-1.15567488e-008	
3.60644007e+000	3.58279977e-007	3.58077605e-007	-1.20403744e-008	
3.70661896e+000	3.67511003e-007	3.67297545e-007	-1.25239999e-008	
3.80679785e+000	3.75342684e-007	3.75118128e-007	-1.29815342e-008	
3.90697674e+000	3.82072806e-007	3.81837102e-007	-1.34185289e-008	
4.00715564e+000	3.88842120e-007	3.88595049e-007	-1.38593647e-008	
4.10733453e+000	3.95827497e-007	3.95568331e-007	-1.43214236e-008	
4.20751342e+000	4.02812986e-007	4.02541613e-007	-1.47834825e-008	
4.30769231e+000	4.10180305e-007	4.09895070e-007	-1.52942392e-008	
4.40787120e+000	4.17611643e-007	4.17312148e-007	-1.58131452e-008	
4.50805009e+000	4.25043116e-007	4.24729225e-007	-1.63320513e-008	
4.60822898e+000	4.32474718e-007	4.32146303e-007	-1.68509574e-008	
4.70840787e+000	4.39311030e-007	4.38967776e-007	-1.73629801e-008	
4.80858676e+000	4.45632106e-007	4.45273703e-007	-1.78690446e-008	
4.90876565e+000	4.51687646e-007	4.51313367e-007	-1.83840760e-008	
5.00894454e+000	4.56096181e-007	4.55701918e-007	-1.89601648e-008	
5.10912343e+000	4.57801273e-007	4.57375800e-007	-1.97327757e-008	
5.20930233e+000	4.59507434e-007	4.59049682e-007	-2.05053866e-008	
5.30948122e+000	4.60857125e-007	4.60367058e-007	-2.12476250e-008	
5.40966011e+000	4.61699947e-007	4.61178037e-007	-2.19467212e-008	
5.50983900e+000	4.63359277e-007	4.62806126e-007	-2.26342604e-008	
5.61001789e+000	4.61937234e-007	4.61354249e-007	-2.32005383e-008	
5.71019678e+000	4.60516073e-007	4.59902372e-007	-2.37668162e-008	
5.81037567e+000	4.59095803e-007	4.58450495e-007	-2.43330941e-008	
5.91055456e+000	4.57558721e-007	4.56879129e-007	-2.49287816e-008	
6.01073345e+000	4.54465904e-007	4.53726504e-007	-2.59136615e-008	
6.11091234e+000	4.51376064e-007	4.50573878e-007	-2.68985414e-008	
6.21109123e+000	4.48289261e-007	4.47421252e-007	-2.78834213e-008	
6.31127013e+000	4.41145145e-007	4.40201618e-007	-2.88370227e-008	
6.41144902e+000	4.33820928e-007	4.32798327e-007	-2.97691989e-008	
6.51162791e+000	4.26827765e-007	4.25722303e-007	-3.06995312e-008	
6.61180680e+000	4.20074756e-007	4.18883012e-007	-3.16199746e-008	
6.71198569e+000	4.14647147e-007	4.13372698e-007	-3.24849040e-008	
6.81216458e+000	4.09287997e-007	4.07926565e-007	-3.33553974e-008	
6.91234347e+000	3.99280341e-007	3.97779104e-007	-3.45915476e-008	
7.01252236e+000	3.77728720e-007	3.76034898e-007	-3.57315204e-008	
7.11270125e+000	3.56857366e-007	3.54955955e-007	-3.67892656e-008	
7.21288014e+000	3.36015261e-007	3.33877012e-007	-3.78470107e-008	
7.31305903e+000	3.15964307e-007	3.13560592e-007	-3.88998563e-008	
7.41323792e+000	2.96722044e-007	2.94020665e-007	-3.99477126e-008	
7.51341682e+000	2.68730347e-007	2.65526714e-007	-4.13710520e-008	
7.61359571e+000	2.38478281e-007	2.34588463e-007	-4.28968920e-008	
7.71377460e+000	2.09753595e-007	2.04988039e-007	-4.44575558e-008	
7.81395349e+000	1.76018367e-007	1.69886000e-007	-4.60566250e-008	
7.91413238e+000	1.40865370e-007	1.32566695e-007	-4.76353215e-008	
8.01431127e+000	1.07210470e-007	9.52473897e-008	-4.92140181e-008	
8.11449016e+000	7.47072750e-008	5.47806549e-008	-5.07962282e-008	
8.21466905e+000	5.25045258e-008	-2.07922868e-009	-5.24633399e-008	
8.31484794e+000	8.82765247e-008	-6.96723931e-008	-5.42079556e-008	
8.41502683e+000	1.48231318e-007	-1.37265558e-007	-5.59525713e-008	
8.51520572e+000	2.09679839e-007	-2.01601807e-007	-5.76397970e-008	
8.61538462e+000	2.69393357e-007	-2.62792047e-007	-5.92715870e-008	
8.71556351e+000	3.29657009e-007	-3.23982287e-007	-6.09033770e-008	
8.81574240e+000	4.02293266e-007	-3.97389350e-007	-6.26224940e-008	
8.91592129e+000	4.93793448e-007	-4.89582919e-007	-6.43469851e-008	
9.01610018e+000	5.89518831e-007	-5.85704897e-007	-6.69494294e-008	
9.11627907e+000	6.86072815e-007	-6.82522379e-007	-6.97073110e-008	
9.21645796e+000	7.82701618e-007	-7.79339861e-007	-7.24651925e-008	
9.31663685e+000	8.79380578e-007	-8.76157343e-007	-7.52230740e-008	
9.41681574e+000	1.00744208e-006	-1.00437699e-006	-7.85264664e-008	
9.51699463e+000	1.17729506e-006	-1.17439694e-006	-8.25560038e-008	
9.61717352e+000	1.34720222e-006	-1.34441689e-006	-8.65855412e-008	
9.71735242e+000	1.50684812e-006	-1.50416388e-006	-8.99014032e-008	
9.81753131e+000	1.65890093e-006	-1.65630946e-006	-9.26891849e-008	
9.91771020e+000	1.88027091e-006	-1.87773096e-006	-9.76992812e-008	
1.00178891e+001	2.10477494e-006	-2.10226255e-006	-1.02809147e-007	
1.01180680e+001	2.33046189e-006	-2.32807081e-006	-1.05541201e-007	
1.02182469e+001	2.55804830e-006	-2.55591358e-006	-1.04483888e-007	
1.03184258e+001	2.91305747e-006	-2.91098462e-006	-1.09874262e-007	
1.04186047e+001	3.36350779e-006	-3.36136311e-006	-1.20094635e-007	
1.05187835e+001	3.80120950e-006	-3.79912596e-006	-1.25839782e-007	
1.06189624e+001	4.20073665e-006	-4.19907419e-006	-1.18170709e-007	
1.07191413e+001	4.60034976e-006	-4.59902243e-006	-1.10501637e-007	
1.08193202e+001	5.00002823e-006	-4.99897067e-006	-1.02832564e-007	
1.09194991e+001	5.78991114e-006	-5.78876494e-006	-1.15201947e-007	
1.10196780e+001	6.38839252e-006	-6.38775912e-006	-8.99574751e-008	
1.11198569e+001	6.66996840e-006	-6.66984612e-006	-4.03868341e-008	
1.12200358e+001	6.83638677e-006	-6.83638353e-006	6.65774996e-009	
1.13202147e+001	7.10319291e-006	-7.10254034e-006	9.62815061e-008	
1.14203936e+001	6.78264653e-006	-6.77780715e-006	2.56172041e-007	
1.15205725e+001	5.50171831e-006	-5.48295572e-006	4.53983389e-007	
1.16207513e+001	4.05776595e-006	-4.01823771e-006	5.65004599e-007	
1.17209302e+001	2.76751480e-006	-2.72185498e-006	5.00643240e-007	
1.18211091e+001	1.93804335e-006	-1.89855101e-006	3.89250647e-007	
1.19212880e+001	1.34654995e-006	-1.31657747e-006	2.82525287e-007	
1.20214669e+001	8.59362470e-007	-8.36226297e-007	1.98064218e-007	
1.21216458e+001	5.59177717e-007	-5.42024107e-007	1.37439391e-007	
1.22218247e+001	2.53971389e-007	-2.40518657e-007	8.15612779e-008	
1.23220036e+001	4.49555904e-008	2.95372558e-008	3.38903471e-008	
1.24221825e+001	2.29796920e-007	2.29796819e-007	-2.15305934e-010	
1.25223614e+001	3.82227776e-007	3.80982240e-007	-3.08318950e-008	
1.26225403e+001	5.06013612e-007	5.03165071e-007	-5.36161062e-008	
1.27227191e+001	6.93574930e-007	6.88435862e-007	-8.42748303e-008	
1.28228980e+001	8.62034866e-007	8.54759344e-007	-1.11761238e-007	
1.29230769e+001	1.03327879e-006	1.02374885e-006	-1.40011980e-007	
1.30232558e+001	1.19979774e-006	1.18796681e-006	-1.68075805e-007	
1.31234347e+001	1.40165914e-006	1.38796029e-006	-1.95485472e-007	
1.32236136e+001	1.50453588e-006	1.48865982e-006	-2.17991168e-007	
1.33237925e+001	1.78114500e-006	1.76252085e-006	-2.56900342e-007	
1.34239714e+001	2.03442986e-006	2.01236227e-006	-2.98835966e-007	
1.35241503e+001	2.36313769e-006	2.33762084e-006	-3.46335944e-007	
1.36243292e+001	2.79761556e-006	2.76721214e-006	-4.11326872e-007	
1.37245081e+001	3.25109309e-006	3.21471575e-006	-4.84983472e-007	
1.38246869e+001	3.74746909e-006	3.70440105e-006	-5.66513399e-007	
1.39248658e+001	4.49891829e-006	4.44759991e-006	-6.77584497e-007	
1.40250447e+001	5.48262928e-006	5.42239725e-006	-8.10451656e-007	
1.41252236e+001	6.54299650e-006	6.47039458e-006	-9.72006757e-007	
1.42254025e+001	7.86954430e-006	7.77969655e-006	-1.18576940e-006	
1.43255814e+001	9.78790327e-006	9.67543030e-006	-1.47956040e-006	
1.44257603e+001	1.30459829e-005	1.29126705e-005	-1.86027207e-006	
1.45259392e+001	1.61096797e-005	1.59219651e-005	-2.45210241e-006	
1.46261181e+001	2.16221659e-005	2.14150781e-005	-2.98537896e-006	
1.47262970e+001	2.84521825e-005	2.82421654e-005	-3.45062073e-006	
1.48264758e+001	4.03160354e-005	4.02245033e-005	-2.71514988e-006	
1.49266547e+001	4.98995280e-005	4.98820710e-005	-1.31980405e-006	
1.50268336e+001	5.66225209e-005	5.66225170e-005	2.10891377e-008	
1.51270125e+001	6.05617544e-005	6.05562118e-005	8.19339329e-007	
1.52271914e+001	5.92726760e-005	5.92647968e-005	9.66424602e-007	
1.53273703e+001	5.85020158e-005	5.84911866e-005	1.12558983e-006	
1.54275492e+001	5.82953555e-005	5.82840314e-005	1.14897772e-006	
1.55277281e+001	5.77671889e-005	5.77560963e-005	1.13201476e-006	
1.56279070e+001	5.73241503e-005	5.73127988e-005	1.14074528e-006	
1.57280859e+001	5.55523678e-005	5.55439170e-005	9.68942129e-007	
1.58282648e+001	5.53368955e-005	5.53294108e-005	9.10111919e-007	
1.59284436e+001	5.51140403e-005	5.51073466e-005	8.58943634e-007	
1.60286225e+001	5.48912263e-005	5.48852824e-005	8.07775350e-007	
1.61288014e+001	5.46684541e-005	5.46632182e-005	7.56607065e-007	
1.62289803e+001	5.49709459e-005	5.49662172e-005	7.21012835e-007	
1.63291592e+001	5.54786459e-005	5.54743362e-005	6.91502729e-007	
1.64293381e+001	5.59863691e-005	5.59824552e-005	6.61992624e-007	
1.65295170e+001	5.64941148e-005	5.64905742e-005	6.32482518e-007	
1.66296959e+001	5.68042721e-005	5.68010899e-005	6.01257724e-007	
1.67298748e+001	5.70954239e-005	5.70925799e-005	5.69867837e-007	
1.68300537e+001	5.81552850e-005	5.81526203e-005	5.56711831e-007	
1.69302326e+001	5.95811484e-005	5.95787435e-005	5.35329564e-007	
1.70304114e+001	6.10556320e-005	6.10534841e-005	5.12138223e-007	
1.71305903e+001	6.25301364e-005	6.25282247e-005	4.88946882e-007	
1.72307692e+001	6.39169125e-005	6.39151556e-005	4.73908006e-007	
1.73309481e+001	6.52672285e-005	6.52655915e-005	4.62257424e-007	
1.74311270e+001	6.68339146e-005	6.68323848e-005	4.52205626e-007	
1.75313059e+001	6.85662526e-005	6.85648179e-005	4.43568030e-007	
1.76314848e+001	7.08839779e-005	7.08826102e-005	4.40337102e-007	
1.77316637e+001	7.32017076e-005	7.32004025e-005	4.37106174e-007	
1.78318426e+001	7.55194412e-005	7.55181948e-005	4.33875247e-007	
1.79320215e+001	7.76667835e-005	7.76655853e-005	4.31419713e-007	
1.80322004e+001	7.96964830e-005	7.96953246e-005	4.29699659e-007	
1.81323792e+001	8.17120414e-005	8.17109207e-005	4.27958790e-007	
1.82325581e+001	8.37276016e-005	8.37265168e-005	4.26217921e-007	
1.83327370e+001	8.57431636e-005	8.57421129e-005	4.24477052e-007	
1.84329159e+001	8.90218902e-005	8.90209068e-005	4.18423071e-007	
1.85330948e+001	9.20791693e-005	9.20782818e-005	4.04279638e-007	
1.86332737e+001	9.51364567e-005	9.51356568e-005	3.90136204e-007	
1.87334526e+001	9.81937516e-005	9.81930317e-005	3.75992771e-007	
1.88336315e+001	1.00845009e-004	1.00844452e-004	3.35306016e-007	
1.89338104e+001	1.03442547e-004	1.03442137e-004	2.91105840e-007	
1.90339893e+001	1.06040110e-004	1.06039822e-004	2.46905664e-007	
1.91341682e+001	1.09330095e-004	1.09329886e-004	2.13672118e-007	
1.92343470e+001	1.13147832e-004	1.13147674e-004	1.88797227e-007	
1.93345259e+001	1.13902626e-004	1.13902586e-004	9.56037640e-008	
1.94347048e+001	1.14492057e-004	1.14492057e-004	-1.27991476e-009	
1.95348837e+001	1.15081570e-004	1.15081528e-004	-9.81635935e-008	
1.96350626e+001	1.16289399e-004	1.16289154e-004	-2.38666898e-007	
1.97352415e+001	1.19947800e-004	1.19946530e-004	-5.52034725e-007	
1.98354204e+001	1.23606935e-004	1.23603906e-004	-8.65402552e-007	
1.99355993e+001	1.25187397e-004	1.25183077e-004	-1.04000256e-006	
2.00357782e+001	1.22578334e-004	1.22571959e-004	-1.25011267e-006	
2.01359571e+001	1.16812032e-004	1.16802421e-004	-1.49836354e-006	
2.02361360e+001	1.11046621e-004	1.11032884e-004	-1.74661440e-006	
2.03363148e+001	1.05282247e-004	1.05263346e-004	-1.99486527e-006	
2.04364937e+001	9.90728877e-005	9.90517437e-005	-2.04673866e-006	
2.05366726e+001	9.26534677e-005	9.26317488e-005	-2.00603847e-006	
2.06368515e+001	8.58096619e-005	8.57875572e-005	-1.94759205e-006	
2.07370304e+001	7.73299759e-005	7.73085379e-005	-1.82075275e-006	
2.08372093e+001	6.88503593e-005	6.88295186e-005	-1.69391345e-006	
2.09373882e+001	6.23782886e-005	6.23567852e-005	-1.63774945e-006	
2.10375671e+001	5.59411204e-005	5.59187239e-005	-1.58280685e-006	
2.11377460e+001	4.58131978e-005	4.57934835e-005	-1.34385832e-006	
2.12379249e+001	3.50687905e-005	3.50523355e-005	-1.07417337e-006	
2.13381038e+001	2.43205488e-005	2.43072450e-005	-8.04322912e-007	
2.14382826e+001	1.11611715e-005	1.11527568e-005	-4.33318310e-007	
2.15384615e+001	1.16929549e-007	-2.61465876e-008	-1.13968747e-007	
2.16386404e+001	1.01725701e-005	-1.01711010e-005	1.72878235e-007	
2.17388193e+001	1.86952205e-005	-1.86913032e-005	3.82695144e-007	
2.18389982e+001	2.72179554e-005	-2.72115054e-005	5.92512053e-007	
2.19391771e+001	3.57407143e-005	-3.57317076e-005	8.02328962e-007	
2.20393560e+001	4.60350319e-005	-4.60230664e-005	1.04953335e-006	
2.21395349e+001	5.52646406e-005	-5.52506534e-005	1.24330175e-006	
2.22397138e+001	6.35284926e-005	-6.35132948e-005	1.38951415e-006	
2.23398927e+001	7.28188326e-005	-7.28013721e-005	1.59455661e-006	
2.24400716e+001	8.03148628e-005	-8.02973032e-005	1.67937190e-006	
2.25402504e+001	8.67937752e-005	-8.67770742e-005	1.70258809e-006	
2.26404293e+001	9.37743507e-005	-9.37579935e-005	1.75142540e-006	
2.27406082e+001	1.02992320e-004	-1.02977336e-004	1.75676662e-006	
2.28407871e+001	1.12210515e-004	-1.12196679e-004	1.76210785e-006	
2.29409660e+001	1.16129058e-004	-1.16117832e-004	1.61464361e-006	
2.30411449e+001	1.19606079e-004	-1.19598018e-004	1.38861935e-006	
2.31413238e+001	1.23408313e-004	-1.23402931e-004	1.15254173e-006	
2.32415027e+001	1.27211145e-004	-1.27207843e-004	9.16464101e-007	
2.33416816e+001	1.26211717e-004	-1.26210287e-004	6.00683674e-007	
2.34418605e+001	1.24606617e-004	-1.24605848e-004	4.37758090e-007	
2.35420394e+001	1.23001716e-004	-1.23001409e-004	2.74832506e-007	
2.36422182e+001	1.21879224e-004	-1.21879191e-004	8.95539835e-008	
2.37423971e+001	1.20814254e-004	-1.20814214e-004	-9.83778454e-008	
2.38425760e+001	1.19749578e-004	-1.19749236e-004	-2.86309674e-007	
2.39427549e+001	1.19003373e-004	-1.19002792e-004	-3.71900955e-007	
2.40429338e+001	1.16365475e-004	-1.16364635e-004	-4.42091188e-007	
2.41431127e+001	1.13727633e-004	-1.13726479e-004	-5.12281422e-007	
2.42432916e+001	1.11089850e-004	-1.11088323e-004	-5.82471655e-007	
2.43434705e+001	1.08452130e-004	-1.08450166e-004	-6.52661888e-007	
2.44436494e+001	1.06228775e-004	-1.06226385e-004	-7.12632694e-007	
2.45438283e+001	1.04142521e-004	-1.04139925e-004	-7.35380511e-007	
2.46440072e+001	1.01980113e-004	-1.01977305e-004	-7.56759472e-007	
2.47441860e+001	9.98177185e-005	-9.98146854e-005	-7.78138432e-007	
2.48443649e+001	9.76553388e-005	-9.76520659e-005	-7.99517392e-007	
2.49445438e+001	9.54794990e-005	-9.54759680e-005	-8.21135827e-007	
2.50447227e+001	9.32922953e-005	-9.32884869e-005	-8.42956510e-007	
2.51449016e+001	9.09283018e-005	-9.09241418e-005	-8.69766389e-007	
2.52450805e+001	8.86411492e-005	-8.86365706e-005	-9.00935171e-007	
2.53452594e+001	8.63540300e-005	-8.63489993e-005	-9.32103953e-007	
2.54454383e+001	8.40669470e-005	-8.40614280e-005	-9.63272735e-007	
2.55456172e+001	8.29909425e-005	-8.29846223e-005	-1.02420023e-006	
2.56457961e+001	8.26219655e-005	-8.26146093e-005	-1.10249959e-006	
2.57459750e+001	8.22530724e-005	-8.22445963e-005	-1.18079894e-006	
2.58461538e+001	8.19416284e-005	-8.19318683e-005	-1.26467736e-006	
2.59463327e+001	8.19553620e-005	-8.19440199e-005	-1.36344103e-006	
2.60465116e+001	8.19202253e-005	-8.19072361e-005	-1.45876360e-006	
2.61466905e+001	8.18852011e-005	-8.18704524e-005	-1.55408616e-006	
2.62468694e+001	8.15335785e-005	-8.15179646e-005	-1.59557479e-006	
2.63470483e+001	8.06148555e-005	-8.06001320e-005	-1.54066066e-006	
2.64472272e+001	8.27792441e-005	-8.27625412e-005	-1.66283705e-006	
2.65474061e+001	8.50386797e-005	-8.50198286e-005	-1.79046821e-006	
2.66475850e+001	8.76317037e-005	-8.76098039e-005	-1.95901633e-006	
2.67477639e+001	8.84464128e-005	-8.84267993e-005	-1.86255241e-006	
2.68479428e+001	8.86838355e-005	-8.86680199e-005	-1.67478941e-006	
2.69481216e+001	8.57758678e-005	-8.57730293e-005	-6.97813444e-007	
2.70483005e+001	7.57805198e-005	-7.57677788e-005	1.38955931e-006	
2.71484794e+001	6.14362381e-005	-6.13391288e-005	3.45291633e-006	
2.72486583e+001	4.38585586e-005	-4.35701804e-005	5.02120923e-006	
2.73488372e+001	3.35630221e-005	-3.32768112e-005	4.37381859e-006	
2.74490161e+001	2.57068724e-005	-2.54277936e-005	3.77764428e-006	
2.75491950e+001	1.87609259e-005	-1.85515868e-005	2.79481030e-006	
2.76493739e+001	1.45007121e-005	-1.43295829e-005	2.22119436e-006	
2.77495528e+001	1.13063604e-005	-1.11798515e-005	1.68662561e-006	
2.78497317e+001	9.18362949e-006	-9.08396415e-006	1.34931313e-006	
2.79499106e+001	7.46644878e-006	-7.39182266e-006	1.05300298e-006	
2.80500894e+001	5.82073099e-006	-5.76813308e-006	7.80736887e-007	
2.81502683e+001	4.60008602e-006	-4.56313859e-006	5.81856971e-007	
2.82504472e+001	3.19133375e-006	-3.17294022e-006	3.42142484e-007	
2.83506261e+001	2.08931612e-006	-2.08367279e-006	1.53458608e-007	
2.84508050e+001	9.49939589e-007	-9.46574472e-007	-7.98873802e-008	
2.85509839e+001	7.71617193e-007	6.72541324e-007	-3.78260836e-007	
2.86511628e+001	2.79170728e-006	2.70711743e-006	-6.82015221e-007	
2.87513417e+001	5.89259788e-006	5.80604185e-006	-1.00627425e-006	
2.88515206e+001	8.73396490e-006	8.70117226e-006	-7.56137635e-007	
2.89516995e+001	1.08896011e-005	1.08814733e-005	-4.20655032e-007	
2.90518784e+001	1.21945942e-005	1.21939947e-005	-1.20912811e-007	
2.91520572e+001	1.22844006e-005	1.22842059e-005	6.91650905e-008	
2.92522361e+001	1.07377560e-005	1.07362807e-005	1.77991137e-007	
2.93524150e+001	9.77730880e-006	9.77373783e-006	2.64227538e-007	
2.94525939e+001	8.96928705e-006	8.96482559e-006	2.82864642e-007	
2.95527728e+001	8.17964867e-006	8.17376437e-006	3.10206871e-007	
2.96529517e+001	7.36025412e-006	7.35233007e-006	3.41442861e-007	
2.97531306e+001	5.97910186e-006	5.97097738e-006	3.11589866e-007	
2.98533095e+001	5.24160412e-006	5.23287457e-006	3.02386252e-007	
2.99534884e+001	4.50599897e-006	4.49637673e-006	2.94317935e-007	
3.00536673e+001	3.77075962e-006	3.75987889e-006	2.86249618e-007	
3.01538462e+001	3.04580724e-006	3.03308432e-006	2.78102954e-007	
3.02540250e+001	2.58739233e-006	2.57349623e-006	2.67798788e-007	
3.03542039e+001	2.12953308e-006	2.11390815e-006	2.57494622e-007	
3.04543828e+001	1.67268587e-006	1.65432007e-006	2.47190456e-007	
3.05545617e+001	1.24874002e-006	1.22581180e-006	2.38195454e-007	
3.06547406e+001	9.99459369e-007	9.72624790e-007	2.30043579e-007	
3.07549195e+001	7.49151708e-007	7.15564598e-007	2.21800781e-007	
3.08550984e+001	5.05799667e-007	4.58504406e-007	2.13557984e-007	
3.09552773e+001	2.87635355e-007	2.01444214e-007	2.05315187e-007	
3.10554562e+001	2.04769783e-007	-5.56159781e-008	1.97072390e-007	
3.11556351e+001	3.65271136e-007	-3.12676170e-007	1.88829593e-007	
3.12558140e+001	4.71343943e-007	-4.34450743e-007	1.82804989e-007	
3.13559928e+001	5.73866185e-007	-5.45904049e-007	1.76949617e-007	
3.14561717e+001	6.79258370e-007	-6.57357356e-007	1.71094244e-007	
3.15563506e+001	7.86367420e-007	-7.68810662e-007	1.65238872e-007	
3.16565295e+001	8.92174425e-007	-8.77780558e-007	1.59613585e-007	
3.17567084e+001	9.90574057e-007	-9.78414286e-007	1.54733468e-007	
3.18568873e+001	1.08940380e-006	-1.07904801e-006	1.49853350e-007	
3.19570662e+001	1.18855637e-006	-1.17968174e-006	1.44973232e-007	
3.20572451e+001	1.28795721e-006	-1.28031547e-006	1.40093114e-007	
3.21574240e+001	1.36671712e-006	-1.36001030e-006	1.35231829e-007	
3.22576029e+001	1.41529933e-006	-1.40927610e-006	1.30434072e-007	
3.23577818e+001	1.44465020e-006	-1.43916076e-006	1.25819350e-007	
3.24579606e+001	1.47403696e-006	-1.46904541e-006	1.21204629e-007	
3.25581395e+001	1.50345752e-006	-1.49893006e-006	1.16589907e-007	
3.26583184e+001	1.53986152e-006	-1.53573252e-006	1.12690347e-007	
3.27584973e+001	1.59415439e-006	-1.59043191e-006	1.08878700e-007	
3.28586762e+001	1.64848296e-006	-1.64513130e-006	1.05067053e-007	
3.29588551e+001	1.70149114e-006	-1.69847571e-006	1.01253829e-007	
3.30590340e+001	1.70980798e-006	-1.70703216e-006	9.73884594e-008	
3.31592129e+001	1.71734102e-006	-1.71475240e-006	9.42569254e-008	
3.32593918e+001	1.72425114e-006	-1.72181066e-006	9.17063321e-008	
3.33595707e+001	1.73116622e-006	-1.72886892e-006	8.91557389e-008	
3.34597496e+001	1.73788848e-006	-1.73572980e-006	8.65934649e-008	
3.35599284e+001	1.74435932e-006	-1.74233486e-006	8.40160508e-008	
3.36601073e+001	1.75337723e-006	-1.75148826e-006	8.13669541e-008	
3.37602862e+001	1.77192879e-006	-1.77019134e-006	7.84492351e-008	
3.38604651e+001	1.78861579e-006	-1.78701916e-006	7.55578510e-008	
3.39606440e+001	1.78518148e-006	-1.78369036e-006	7.29495344e-008	
3.40608229e+001	1.78175059e-006	-1.78036156e-006	7.03412178e-008	
3.41610018e+001	1.77787046e-006	-1.77658259e-006	6.76584769e-008	
3.42611807e+001	1.77248051e-006	-1.77129828e-006	6.47268648e-008	
3.43613596e+001	1.77142574e-006	-1.77030834e-006	6.29090821e-008	
3.44615385e+001	1.77046293e-006	-1.76940668e-006	6.11471106e-008	
3.45617174e+001	1.76923182e-006	-1.76823532e-006	5.93723867e-008	
3.46618962e+001	1.76800241e-006	-1.76706396e-006	5.75976629e-008	
3.47620751e+001	1.76141843e-006	-1.76053693e-006	5.57190603e-008	
3.48622540e+001	1.73453242e-006	-1.73370879e-006	5.34466976e-008	
3.49624329e+001	1.72319047e-006	-1.72241846e-006	5.15756502e-008	
3.50626118e+001	1.71672639e-006	-1.71600304e-006	4.98305132e-008	
3.51627907e+001	1.71521128e-006	-1.71453241e-006	4.82533163e-008	
3.52629696e+001	1.69798612e-006	-1.69734642e-006	4.66049533e-008	
3.53631485e+001	1.68578402e-006	-1.68518425e-006	4.49644067e-008	
3.54633274e+001	1.67922377e-006	-1.67866368e-006	4.33672581e-008	
3.55635063e+001	1.68248958e-006	-1.68196858e-006	4.18674629e-008	
3.56636852e+001	1.68337983e-006	-1.68289524e-006	4.03890093e-008	
3.57638640e+001	1.67812628e-006	-1.67767107e-006	3.90845557e-008	
3.58640429e+001	1.67156706e-006	-1.67114057e-006	3.77574402e-008	
3.59642218e+001	1.66360094e-006	-1.66320275e-006	3.63964340e-008	
3.60644007e+001	1.65563567e-006	-1.65526493e-006	3.50354278e-008	
3.61645796e+001	1.64113188e-006	-1.64078375e-006	3.38010794e-008	
3.62647585e+001	1.63343765e-006	-1.63310839e-006	3.27956763e-008	
3.63649374e+001	1.62537958e-006	-1.62506898e-006	3.17738365e-008	
3.64651163e+001	1.61471160e-006	-1.61442098e-006	3.06342190e-008	
3.65652952e+001	1.60404417e-006	-1.60377298e-006	2.94946015e-008	
3.66654741e+001	1.59459687e-006	-1.59434418e-006	2.83868239e-008	
3.67656530e+001	1.59193157e-006	-1.59169560e-006	2.74089569e-008	
3.68658318e+001	1.59056790e-006	-1.59034881e-006	2.63992591e-008	
3.69660107e+001	1.58920485e-006	-1.58900202e-006	2.53895613e-008	
3.70661896e+001	1.58784241e-006	-1.58765524e-006	2.43798635e-008	
3.71663685e+001	1.58648059e-006	-1.58630845e-006	2.33701657e-008	
3.72665474e+001	1.58634072e-006	-1.58618340e-006	2.23408666e-008	
3.73667263e+001	1.58643156e-006	-1.58628975e-006	2.12116687e-008	
3.74669052e+001	1.58652320e-006	-1.58639610e-006	2.00824709e-008	
3.75670841e+001	1.58661565e-006	-1.58650245e-006	1.89532730e-008	
3.76672630e+001	1.58670891e-006	-1.58660879e-006	1.78240751e-008	
3.77674419e+001	1.58958182e-006	-1.58949029e-006	1.70586483e-008	
3.78676208e+001	1.59357360e-006	-1.59349075e-006	1.62488755e-008	
3.79677996e+001	1.59800058e-006	-1.59792640e-006	1.53969847e-008	
3.80679785e+001	1.60242806e-006	-1.60236204e-006	1.45450940e-008	
3.81681574e+001	1.60685604e-006	-1.60679769e-006	1.36932032e-008	
3.82683363e+001	1.61237552e-006	-1.61232468e-006	1.28047036e-008	
3.83685152e+001	1.62321071e-006	-1.62316827e-006	1.17378596e-008	
3.84686941e+001	1.63866942e-006	-1.63863506e-006	1.06113691e-008	
3.85688730e+001	1.65546083e-006	-1.65543376e-006	9.46769490e-009	
3.86690519e+001	1.67225318e-006	-1.67223246e-006	8.32402070e-009	
3.87692308e+001	1.69087264e-006	-1.69085687e-006	7.30138157e-009	
3.88694097e+001	1.71345800e-006	-1.71344717e-006	6.09263001e-009	
3.89695886e+001	1.73630969e-006	-1.73630292e-006	4.84853628e-009	
3.90697674e+001	1.75916237e-006	-1.75915868e-006	3.60444255e-009	
3.91699463e+001	1.78420343e-006	-1.78420200e-006	2.25700315e-009	
3.92701252e+001	1.82840769e-006	-1.82840768e-006	2.62241879e-010	
3.93703041e+001	1.87115456e-006	-1.87115382e-006	-1.66671806e-009	
3.94704830e+001	1.91369625e-006	-1.91369330e-006	-3.35612433e-009	
3.95706619e+001	1.95571639e-006	-1.95571135e-006	-4.44108244e-009	
3.96708408e+001	1.99773704e-006	-1.99772940e-006	-5.52604055e-009	
3.97710197e+001	2.06535971e-006	-2.06534247e-006	-8.43889301e-009	
3.98711986e+001	2.13456583e-006	-2.13453504e-006	-1.14645462e-008	
3.99713775e+001	2.18970295e-006	-2.18966400e-006	-1.30617514e-008	
4.00715564e+001	2.23945024e-006	-2.23940578e-006	-1.41117789e-008	
4.01717352e+001	2.30413950e-006	-2.30408977e-006	-1.51392596e-008	
4.02719141e+001	2.40879442e-006	-2.40874058e-006	-1.61064328e-008	
4.03720930e+001	2.51344937e-006	-2.51339138e-006	-1.70736061e-008	
4.04722719e+001	2.61810435e-006	-2.61804219e-006	-1.80407793e-008	
4.05724508e+001	2.78405958e-006	-2.78398111e-006	-2.09030827e-008	
4.06726297e+001	2.94458275e-006	-2.94453405e-006	-1.69364453e-008	
4.07728086e+001	2.99193752e-006	-2.99193602e-006	-2.99066768e-009	
4.08729875e+001	3.00130079e-006	-3.00126597e-006	1.44568253e-008	
4.09731664e+001	2.80021446e-006	-2.79945918e-006	6.50333570e-008	
4.10733453e+001	2.68427136e-006	-2.68209435e-006	1.08086421e-007	
4.11735242e+001	2.01680270e-006	-2.00537909e-006	2.14354480e-007	
4.12737030e+001	1.41863473e-006	-1.40259436e-006	2.12728817e-007	
4.13738819e+001	1.09599824e-006	-1.08066463e-006	1.82691269e-007	
4.14740608e+001	7.91680667e-007	-7.78241667e-007	1.45252152e-007	
4.15742397e+001	5.97134997e-007	-5.86449653e-007	1.12458924e-007	
4.16744186e+001	4.72938941e-007	-4.64596381e-007	8.84389307e-008	
4.17745975e+001	3.66942076e-007	-3.60336001e-007	6.93141699e-008	
4.18747764e+001	2.99767557e-007	-2.94859289e-007	5.40239552e-008	
4.19749553e+001	2.32400238e-007	-2.28500811e-007	4.23939871e-008	
4.20751342e+001	1.94814903e-007	-1.91543579e-007	3.55514254e-008	
4.21753131e+001	1.62296815e-007	-1.59610910e-007	2.94043093e-008	
4.22754919e+001	1.41929039e-007	-1.39647714e-007	2.53449797e-008	
4.23756708e+001	1.19779270e-007	-1.17842371e-007	2.14534162e-008	
4.24758497e+001	9.47043673e-008	-9.30806601e-008	1.74616119e-008	
4.25760286e+001	7.69318256e-008	-7.56815018e-008	1.38136190e-008	
4.26762075e+001	6.30781827e-008	-6.20880878e-008	1.11322275e-008	
4.27763864e+001	5.09895677e-008	-5.02905187e-008	8.41425836e-009	
4.28765653e+001	3.61853294e-008	-3.57214429e-008	5.77551549e-009	
4.29767442e+001	2.64477125e-008	-2.61595269e-008	3.89366774e-009	
4.30769231e+001	1.58831289e-008	-1.57698419e-008	1.89363974e-009	
4.31771020e+001	2.05014302e-009	-2.00487914e-009	-4.28422751e-010	
4.32772809e+001	9.89810116e-009	9.51264186e-009	-2.73533388e-009	
4.33774597e+001	2.37583104e-008	2.31506658e-008	-5.33891259e-009	
4.34776386e+001	3.96057261e-008	3.86956499e-008	-8.44157672e-009	
4.35778175e+001	5.79468150e-008	5.66331919e-008	-1.22684533e-008	
4.36779964e+001	8.14814688e-008	7.97551464e-008	-1.66837162e-008	
4.37781753e+001	1.04642028e-007	1.02415761e-007	-2.14701168e-008	
4.38783542e+001	1.36645759e-007	1.33720847e-007	-2.81211398e-008	
4.39785331e+001	1.93157638e-007	1.89185513e-007	-3.89706904e-008	
4.40787120e+001	2.65861970e-007	2.60654002e-007	-5.23648573e-008	
4.41788909e+001	3.68267620e-007	3.61109783e-007	-7.22548594e-008	
4.42790698e+001	4.95133666e-007	4.87588472e-007	-8.61093974e-008	
4.43792487e+001	7.21784873e-007	7.15160491e-007	-9.75647224e-008	
4.44794275e+001	9.57683202e-007	9.54338099e-007	-7.99744334e-008	
4.45796064e+001	1.12887598e-006	1.12798891e-006	-4.47437134e-008	
4.46797853e+001	1.21176558e-006	1.21156593e-006	-2.19962920e-008	
4.47799642e+001	1.19112889e-006	1.19110218e-006	-7.97578959e-009	
4.48801431e+001	1.10606988e-006	1.10606772e-006	2.18495117e-009	
4.49803220e+001	1.06218728e-006	1.06215508e-006	8.27015418e-009	
4.50805009e+001	1.00424267e-006	1.00419102e-006	1.01856998e-008	
4.51806798e+001	9.48850210e-007	9.48758171e-007	1.32156925e-008	
4.52808587e+001	8.71839898e-007	8.71722171e-007	1.43270526e-008	
4.53810376e+001	7.92672652e-007	7.92561087e-007	1.32987355e-008	
4.54812165e+001	7.27463380e-007	7.27346852e-007	1.30201691e-008	
4.55813953e+001	6.58819723e-007	6.58693990e-007	1.28706829e-008	
4.56815742e+001	6.03048250e-007	6.02910671e-007	1.28807514e-008	
4.57817531e+001	5.66342694e-007	5.66206157e-007	1.24352358e-008	
4.58819320e+001	5.29637369e-007	5.29501643e-007	1.19897201e-008	
4.59821109e+001	4.92932327e-007	4.92797129e-007	1.15442044e-008	
4.60822898e+001	4.56227634e-007	4.56092614e-007	1.10986887e-008	
4.61824687e+001	4.19523383e-007	4.19388100e-007	1.06531730e-008	
4.62826476e+001	3.86874894e-007	3.86735823e-007	1.03724069e-008	
4.63828265e+001	3.62170138e-007	3.62029716e-007	1.00843363e-008	
4.64830054e+001	3.37743978e-007	3.37603977e-007	9.72364509e-009	
4.65831843e+001	3.13318167e-007	3.13178238e-007	9.36295386e-009	
4.66833631e+001	2.88892794e-007	2.88752499e-007	9.00226264e-009	
4.67835420e+001	2.64467981e-007	2.64326760e-007	8.64157142e-009	
4.68837209e+001	2.40043898e-007	2.39901021e-007	8.28088020e-009	
4.69838998e+001	2.24128217e-007	2.23981357e-007	8.11228428e-009	
4.70840787e+001	2.09887787e-007	2.09735974e-007	7.98149918e-009	
4.71842576e+001	1.94176087e-007	1.94024658e-007	7.66713101e-009	
4.72844365e+001	1.78186443e-007	1.78036105e-007	7.31804363e-009	
4.73846154e+001	1.62197335e-007	1.62047552e-007	6.96895624e-009	
4.74847943e+001	1.45888216e-007	1.45733166e-007	6.72426032e-009	
4.75849732e+001	1.29450176e-007	1.29285765e-007	6.52218031e-009	
4.76851521e+001	1.18548585e-007	1.18376998e-007	6.37599568e-009	
4.77853309e+001	1.09826965e-007	1.09648880e-007	6.25181795e-009	
4.78855098e+001	1.00415546e-007	1.00229941e-007	6.10251837e-009	
4.79856887e+001	9.06926102e-008	9.04977581e-008	5.94182759e-009	
4.80858676e+001	8.09722151e-008	8.07655748e-008	5.78113682e-009	
4.81860465e+001	7.05723516e-008	7.03502880e-008	5.59408451e-009	
4.82862254e+001	6.33545473e-008	6.31200192e-008	5.44626874e-009	
4.83864043e+001	5.72944269e-008	5.70475389e-008	5.31315915e-009	
4.84865832e+001	5.12375790e-008	5.09750585e-008	5.18004955e-009	
4.85867621e+001	4.51705969e-008	4.48878407e-008	5.04624411e-009	
4.86869410e+001	3.84605041e-008	3.81494359e-008	4.88169197e-009	
4.87871199e+001	3.20357691e-008	3.16856797e-008	4.72315646e-009	
4.88872987e+001	2.67765897e-008	2.63783696e-008	4.60080105e-009	
4.89874776e+001	2.12206844e-008	2.07418784e-008	4.48240192e-009	
4.90876565e+001	1.57231435e-008	1.51053871e-008	4.36400279e-009	
4.91878354e+001	1.19616243e-008	1.11874848e-008	4.23327791e-009	
4.92880143e+001	8.82348260e-009	7.81376427e-009	4.09865014e-009	
4.93881932e+001	5.98953784e-009	4.46716386e-009	3.98986348e-009	
4.94883721e+001	4.05400337e-009	1.13262564e-009	3.89257017e-009	
4.95885510e+001	4.24597306e-009	-1.87677699e-009	3.80867371e-009	
4.96887299e+001	6.06335122e-009	-4.78099976e-009	3.72911107e-009	
4.97889088e+001	8.52488997e-009	-7.70432214e-009	3.64926971e-009	
4.98890877e+001	1.17305095e-008	-1.11768145e-008	3.56141435e-009	
4.99892665e+001	1.46322852e-008	-1.42148739e-008	3.47003313e-009	
5.00894454e+001	1.60346608e-008	-1.56774137e-008	3.36586497e-009	
5.01896243e+001	1.75151751e-008	-1.72087241e-008	3.26208136e-009	
5.02898032e+001	1.94835357e-008	-1.92254042e-008	3.16101178e-009	
5.03899821e+001	2.09676568e-008	-2.07404980e-008	3.07804777e-009	
5.04901610e+001	2.22385993e-008	-2.20349040e-008	3.00304984e-009	
5.05903399e+001	2.35123413e-008	-2.33293100e-008	2.92805191e-009	
5.06905188e+001	2.47212325e-008	-2.45559601e-008	2.85379760e-009	
5.07906977e+001	2.57029005e-008	-2.55510717e-008	2.78959307e-009	
5.08908766e+001	2.66857188e-008	-2.65461833e-008	2.72538855e-009	
5.09910555e+001	2.76695649e-008	-2.75412949e-008	2.66118402e-009	
5.10912343e+001	2.83360880e-008	-2.82186565e-008	2.57707308e-009	
5.11914132e+001	2.89357008e-008	-2.88292929e-008	2.47924424e-009	
5.12915921e+001	2.95242926e-008	-2.94278022e-008	2.38501753e-009	
5.13917710e+001	2.98933787e-008	-2.98027676e-008	2.32575363e-009	
5.14919499e+001	3.02627253e-008	-3.01777330e-008	2.26648973e-009	
5.15921288e+001	3.06125037e-008	-3.05329247e-008	2.20587653e-009	
5.16923077e+001	3.08895100e-008	-3.08152718e-008	2.14029262e-009	
5.17924866e+001	3.11667501e-008	-3.10976188e-008	2.07470870e-009	
5.18926655e+001	3.11582711e-008	-3.10929667e-008	2.01625327e-009	
5.19928444e+001	3.11075542e-008	-3.10458181e-008	1.95885337e-009	
5.20930233e+001	3.10569321e-008	-3.09986694e-008	1.90145347e-009	
5.21932021e+001	3.10064053e-008	-3.09515208e-008	1.84405357e-009	
5.22933810e+001	3.08633482e-008	-3.08116133e-008	1.78626663e-009	
5.23935599e+001	3.05949889e-008	-3.05461587e-008	1.72787046e-009	
5.24937388e+001	3.03266910e-008	-3.02807042e-008	1.66947429e-009	
5.25939177e+001	3.00584561e-008	-3.00152496e-008	1.61107812e-009	
5.26940966e+001	2.97354611e-008	-2.96945107e-008	1.56002687e-009	
5.27942755e+001	2.92789965e-008	-2.92402006e-008	1.50675424e-009	
5.28944544e+001	2.88225623e-008	-2.87858905e-008	1.45348162e-009	
5.29946333e+001	2.83338598e-008	-2.82992532e-008	1.39995632e-009	
5.30948122e+001	2.75285219e-008	-2.74956961e-008	1.34395383e-009	
5.31949911e+001	2.67231942e-008	-2.66921391e-008	1.28795135e-009	
5.32951699e+001	2.59178775e-008	-2.58885820e-008	1.23194887e-009	
5.33953488e+001	2.51459942e-008	-2.51184198e-008	1.17729075e-009	
5.34955277e+001	2.44709263e-008	-2.44447567e-008	1.13141732e-009	
5.35957066e+001	2.38204874e-008	-2.37956073e-008	1.08843520e-009	
5.36958855e+001	2.31700558e-008	-2.31464579e-008	1.04545309e-009	
5.37960644e+001	2.25196323e-008	-2.24973085e-008	1.00247097e-009	
5.38962433e+001	2.19472628e-008	-2.19262352e-008	9.60495266e-010	
5.39964222e+001	2.09713831e-008	-2.09516998e-008	9.08396945e-010	
5.40966011e+001	1.98362024e-008	-1.98178763e-008	8.52471579e-010	
5.41967800e+001	1.87008770e-008	-1.86839056e-008	7.96537694e-010	
5.42969589e+001	1.75431726e-008	-1.75275876e-008	7.39309972e-010	
5.43971377e+001	1.63745912e-008	-1.63603731e-008	6.82224082e-010	
5.44973166e+001	1.51306676e-008	-1.51174920e-008	6.31299021e-010	
5.45974955e+001	1.40381936e-008	-1.40259917e-008	5.85181693e-010	
5.46976744e+001	1.30492453e-008	-1.30379902e-008	5.41861319e-010	
5.47978533e+001	1.20602974e-008	-1.20499888e-008	4.98540944e-010	
5.48980322e+001	1.10713499e-008	-1.10619873e-008	4.55220569e-010	
5.49982111e+001	1.00824031e-008	-1.00739858e-008	4.11900195e-010	
5.50983900e+001	9.09345715e-009	-9.08598437e-009	3.68579820e-010	
5.51985689e+001	8.08773914e-009	-8.08112854e-009	3.26934149e-010	
5.52987478e+001	7.08041837e-009	-7.07466207e-009	2.85448517e-010	
5.53989267e+001	6.07309771e-009	-6.06819561e-009	2.43962885e-010	
5.54991055e+001	5.09877685e-009	-5.09470393e-009	2.03757674e-010	
5.55992844e+001	4.17686133e-009	-4.17354544e-009	1.66400069e-010	
5.56994633e+001	3.24864521e-009	-3.24608929e-009	1.28840983e-010	
5.57996422e+001	2.22444385e-009	-2.22269512e-009	8.81863673e-011	
5.58998211e+001	1.17215242e-009	-1.17123512e-009	4.63637284e-011	
5.60000000e+001	1.02896636e-010	-1.02823709e-010	3.87331339e-012	
