% Column 0: Length, cm
% Column 1: |B.t|, Tesla
% Column 2: Re[B.t], Tesla
% Column 3: Im[B.t], Tesla
0.00000000e+000	4.54580183e-006	-4.54557535e-006	4.53763312e-008	
1.00178891e-001	4.54670370e-006	-4.54647730e-006	4.53731099e-008	
2.00357782e-001	4.54701487e-006	-4.54678843e-006	4.53784716e-008	
3.00536673e-001	4.54480042e-006	-4.54457364e-006	4.54013723e-008	
4.00715564e-001	4.54388440e-006	-4.54365737e-006	4.54218386e-008	
5.00894454e-001	4.54323883e-006	-4.54301153e-006	4.54455719e-008	
6.01073345e-001	4.54103996e-006	-4.54081214e-006	4.54862544e-008	
7.01252236e-001	4.53770038e-006	-4.53747188e-006	4.55381843e-008	
8.01431127e-001	4.53412329e-006	-4.53389406e-006	4.55929612e-008	
9.01610018e-001	4.52775616e-006	-4.52752571e-006	4.56811793e-008	
1.00178891e+000	4.52138903e-006	-4.52115737e-006	4.57693974e-008	
1.10196780e+000	4.51540080e-006	-4.51516802e-006	4.58496279e-008	
1.20214669e+000	4.50942510e-006	-4.50919124e-006	4.59248308e-008	
1.30232558e+000	4.50330327e-006	-4.50306817e-006	4.60151077e-008	
1.40250447e+000	4.49872558e-006	-4.49848932e-006	4.61053810e-008	
1.50268336e+000	4.49414789e-006	-4.49391046e-006	4.61956543e-008	
1.60286225e+000	4.48834543e-006	-4.48810669e-006	4.62930349e-008	
1.70304114e+000	4.47974886e-006	-4.47950848e-006	4.64066295e-008	
1.80322004e+000	4.47115230e-006	-4.47091028e-006	4.65202241e-008	
1.90339893e+000	4.46424111e-006	-4.46399757e-006	4.66308669e-008	
2.00357782e+000	4.45568523e-006	-4.45543977e-006	4.67693440e-008	
2.10375671e+000	4.44560383e-006	-4.44535609e-006	4.69327773e-008	
2.20393560e+000	4.43550497e-006	-4.43525495e-006	4.70943044e-008	
2.30411449e+000	4.42523027e-006	-4.42497815e-006	4.72366530e-008	
2.40429338e+000	4.41362926e-006	-4.41337494e-006	4.73797979e-008	
2.50447227e+000	4.39460004e-006	-4.39434296e-006	4.75343277e-008	
2.60465116e+000	4.37925654e-006	-4.37899663e-006	4.77108880e-008	
2.70483005e+000	4.36391307e-006	-4.36365031e-006	4.78874484e-008	
2.80500894e+000	4.34856962e-006	-4.34830399e-006	4.80640087e-008	
2.90518784e+000	4.33403023e-006	-4.33376157e-006	4.82562477e-008	
3.00536673e+000	4.32003771e-006	-4.31976591e-006	4.84591500e-008	
3.10554562e+000	4.30604523e-006	-4.30577026e-006	4.86620524e-008	
3.20572451e+000	4.29205277e-006	-4.29177460e-006	4.88649547e-008	
3.30590340e+000	4.27823845e-006	-4.27795695e-006	4.90766488e-008	
3.40608229e+000	4.25557295e-006	-4.25528705e-006	4.93279720e-008	
3.50626118e+000	4.22035701e-006	-4.22006640e-006	4.95264549e-008	
3.60644007e+000	4.18514116e-006	-4.18484575e-006	4.97249377e-008	
3.70661896e+000	4.14992540e-006	-4.14962510e-006	4.99234206e-008	
3.80679785e+000	4.12085930e-006	-4.12055370e-006	5.01852375e-008	
3.90697674e+000	4.09373821e-006	-4.09342704e-006	5.04745485e-008	
4.00715564e+000	4.05718168e-006	-4.05686488e-006	5.07006236e-008	
4.10733453e+000	4.02062526e-006	-4.02030272e-006	5.09266987e-008	
4.20751342e+000	3.98406897e-006	-3.98374057e-006	5.11527738e-008	
4.30769231e+000	3.94595849e-006	-3.94562382e-006	5.13919017e-008	
4.40787120e+000	3.90170854e-006	-3.90136623e-006	5.16825895e-008	
4.50805009e+000	3.85139358e-006	-3.85104310e-006	5.19571508e-008	
4.60822898e+000	3.79051221e-006	-3.79015272e-006	5.22036170e-008	
4.70840787e+000	3.72965825e-006	-3.72928957e-006	5.24398567e-008	
4.80858676e+000	3.67260143e-006	-3.67222513e-006	5.25720226e-008	
4.90876565e+000	3.61926324e-006	-3.61887896e-006	5.27391983e-008	
5.00894454e+000	3.56808769e-006	-3.56769539e-006	5.29089690e-008	
5.10912343e+000	3.51691238e-006	-3.51651181e-006	5.30787396e-008	
5.20930233e+000	3.45862198e-006	-3.45821025e-006	5.33650986e-008	
5.30948122e+000	3.37390985e-006	-3.37348691e-006	5.34204751e-008	
5.40966011e+000	3.28535837e-006	-3.28492396e-006	5.34245950e-008	
5.50983900e+000	3.19680751e-006	-3.19636100e-006	5.34287148e-008	
5.61001789e+000	3.10825735e-006	-3.10779805e-006	5.34328347e-008	
5.71019678e+000	3.02024825e-006	-3.01977443e-006	5.34965636e-008	
5.81037567e+000	2.88523229e-006	-2.88473988e-006	5.33029053e-008	
5.91055456e+000	2.76531459e-006	-2.76480583e-006	5.30422940e-008	
6.01073345e+000	2.64758604e-006	-2.64706006e-006	5.27719802e-008	
6.11091234e+000	2.51381045e-006	-2.51326881e-006	5.21810161e-008	
6.21109123e+000	2.37197116e-006	-2.37141355e-006	5.14289021e-008	
6.31127013e+000	2.23013415e-006	-2.22955829e-006	5.06767880e-008	
6.41144902e+000	2.08863909e-006	-2.08804218e-006	4.99312727e-008	
6.51162791e+000	1.95133218e-006	-1.95071013e-006	4.92671680e-008	
6.61180680e+000	1.81402932e-006	-1.81337809e-006	4.86030633e-008	
6.71198569e+000	1.65790711e-006	-1.65723276e-006	4.72815423e-008	
6.81216458e+000	1.48843165e-006	-1.48772405e-006	4.58903702e-008	
6.91234347e+000	1.31245839e-006	-1.31169929e-006	4.46318885e-008	
7.01252236e+000	1.13650248e-006	-1.13567453e-006	4.33734068e-008	
7.11270125e+000	9.16371340e-007	-9.15456059e-007	4.09467529e-008	
7.21288014e+000	7.00505284e-007	-6.99410137e-007	3.91549891e-008	
7.31305903e+000	4.35570321e-007	-4.33988301e-007	3.70898810e-008	
7.41323792e+000	1.67718022e-007	-1.63950316e-007	3.53500850e-008	
7.51341682e+000	1.49095733e-007	1.46534504e-007	2.75168451e-008	
7.61359571e+000	5.71984965e-007	5.71077825e-007	3.22011994e-008	
7.71377460e+000	1.27982153e-006	1.27893415e-006	4.76507203e-008	
7.81395349e+000	3.77765148e-006	3.73238671e-006	5.83043851e-007	
7.91413238e+000	2.05943363e-006	2.01241883e-006	-4.37535512e-007	
8.01431127e+000	1.29376368e-006	1.24623041e-006	-3.47468305e-007	
8.11449016e+000	9.85522669e-007	9.51221831e-007	-2.57743979e-007	
8.21466905e+000	7.84737447e-007	7.57973791e-007	-2.03195946e-007	
8.31484794e+000	7.34469405e-007	7.12669756e-007	-1.77615109e-007	
8.41502683e+000	5.69329909e-007	5.48373957e-007	-1.53044269e-007	
8.51520572e+000	5.19375664e-007	5.01723001e-007	-1.34257629e-007	
8.61538462e+000	5.09273927e-007	4.93712566e-007	-1.24931321e-007	
8.71556351e+000	4.72713965e-007	4.57318944e-007	-1.19657325e-007	
8.81574240e+000	4.72073810e-007	4.60574712e-007	-1.03559726e-007	
8.91592129e+000	4.11534986e-007	3.98165777e-007	-1.04043540e-007	
9.01610018e+000	3.88116362e-007	3.75612869e-007	-9.77204302e-008	
9.11627907e+000	4.17713293e-007	4.06398116e-007	-9.65658665e-008	
9.21645796e+000	3.94959237e-007	3.83199055e-007	-9.56623400e-008	
9.31663685e+000	4.36825990e-007	4.26054950e-007	-9.64060449e-008	
9.41681574e+000	4.71869447e-007	4.62580206e-007	-9.31682741e-008	
9.51699463e+000	4.56264468e-007	4.41172093e-007	-1.16380621e-007	
9.61717352e+000	5.03954436e-007	4.87227063e-007	-1.28762816e-007	
9.71735242e+000	5.31360524e-007	5.07503317e-007	-1.57430587e-007	
9.81753131e+000	7.19035514e-007	6.97860292e-007	-1.73213982e-007	
9.91771020e+000	1.17875298e-006	1.17834166e-006	-3.11369374e-008	
1.00178891e+001	7.21047048e-007	7.20450485e-007	-2.93248125e-008	
1.01180680e+001	6.17450124e-007	6.16305104e-007	-3.75855598e-008	
1.02182469e+001	6.23972036e-007	6.22933221e-007	-3.59903384e-008	
1.03184258e+001	6.66471767e-007	6.65533953e-007	-3.53436609e-008	
1.04186047e+001	7.29642029e-007	7.28801293e-007	-3.50166639e-008	
1.05187835e+001	7.83300087e-007	7.82529664e-007	-3.47325801e-008	
1.06189624e+001	8.31543486e-007	8.30840109e-007	-3.41947836e-008	
1.07191413e+001	8.82493365e-007	8.81850988e-007	-3.36656292e-008	
1.08193202e+001	9.28279775e-007	9.27638919e-007	-3.44873371e-008	
1.09194991e+001	9.67186225e-007	9.66456851e-007	-3.75546323e-008	
1.10196780e+001	1.03473241e-006	1.03387035e-006	-4.22287892e-008	
1.11198569e+001	1.10666018e-006	1.10564589e-006	-4.73700589e-008	
1.12200358e+001	1.19272883e-006	1.19151868e-006	-5.37149170e-008	
1.13202147e+001	1.34617034e-006	1.34480598e-006	-6.05927296e-008	
1.14203936e+001	1.47567347e-006	1.47423784e-006	-6.50766447e-008	
1.15205725e+001	1.69811565e-006	1.69666684e-006	-7.01312230e-008	
1.16207513e+001	1.95237727e-006	1.95081657e-006	-7.80496744e-008	
1.17209302e+001	2.20338734e-006	2.20172665e-006	-8.55307768e-008	
1.18211091e+001	2.47587720e-006	2.47414157e-006	-9.26896859e-008	
1.19212880e+001	2.73520338e-006	2.73346585e-006	-9.74779263e-008	
1.20214669e+001	2.99052830e-006	2.98880602e-006	-1.01479536e-007	
1.21216458e+001	3.11671159e-006	3.11548107e-006	-8.75720144e-008	
1.22218247e+001	3.19639586e-006	3.19613454e-006	-4.08713288e-008	
1.23220036e+001	3.13357277e-006	3.13357204e-006	2.13582509e-009	
1.24221825e+001	2.94534110e-006	2.94511043e-006	3.68609958e-008	
1.25223614e+001	2.37494006e-006	2.37358677e-006	8.01631003e-008	
1.26225403e+001	2.05147629e-006	2.04830215e-006	1.14075687e-007	
1.27227191e+001	1.77732258e-006	1.77160217e-006	1.42482706e-007	
1.28228980e+001	1.43510619e-006	1.42426674e-006	1.76051206e-007	
1.29230769e+001	1.49843623e-006	1.48443514e-006	2.04361014e-007	
1.30232558e+001	1.57177238e-006	1.55500305e-006	2.28984583e-007	
1.31234347e+001	2.54238726e-006	2.53019198e-006	2.48719798e-007	
1.32236136e+001	3.91948535e-006	3.91230712e-006	2.37104133e-007	
1.33237925e+001	5.66209884e-006	5.65817265e-006	2.10821210e-007	
1.34239714e+001	8.26062255e-006	8.25820752e-006	1.99733229e-007	
1.35241503e+001	1.07295709e-005	1.07295588e-005	1.60976339e-008	
1.36243292e+001	1.24457236e-005	1.24450613e-005	-1.28392621e-007	
1.37245081e+001	1.37164517e-005	1.37135501e-005	-2.82121876e-007	
1.38246869e+001	1.49227858e-005	1.49188536e-005	-3.42553376e-007	
1.39248658e+001	1.62245131e-005	1.62198674e-005	-3.88232825e-007	
1.40250447e+001	1.77448914e-005	1.77402954e-005	-4.03842095e-007	
1.41252236e+001	1.95438941e-005	1.95393183e-005	-4.22892070e-007	
1.42254025e+001	2.14908481e-005	2.14862738e-005	-4.43385282e-007	
1.43255814e+001	2.37807728e-005	2.37762234e-005	-4.65142270e-007	
1.44257603e+001	2.67073673e-005	2.67025094e-005	-5.09367561e-007	
1.45259392e+001	2.96185425e-005	2.96137805e-005	-5.31098365e-007	
1.46261181e+001	3.34011844e-005	3.33963362e-005	-5.69073406e-007	
1.47262970e+001	3.74294283e-005	3.74251100e-005	-5.68544198e-007	
1.48264758e+001	4.17102563e-005	4.17060606e-005	-5.91596824e-007	
1.49266547e+001	4.91044513e-005	4.91007660e-005	-6.01590275e-007	
1.50268336e+001	5.54579214e-005	5.54563104e-005	-4.22703575e-007	
1.51270125e+001	6.51615316e-005	6.51614657e-005	-9.26499652e-008	
1.52271914e+001	7.21384172e-005	7.21349291e-005	7.09389319e-007	
1.53273703e+001	7.96536568e-005	7.96116862e-005	2.58543234e-006	
1.54275492e+001	7.86396619e-005	7.84820323e-005	4.97664838e-006	
1.55277281e+001	6.79851030e-005	6.76877331e-005	6.35177266e-006	
1.56279070e+001	4.65940005e-005	4.61815308e-005	6.18604055e-006	
1.57280859e+001	2.66239271e-005	2.60811343e-005	5.34863815e-006	
1.58282648e+001	6.49542725e-006	5.04906159e-006	4.08626386e-006	
1.59284436e+001	1.21402864e-005	-1.16826215e-005	3.30195531e-006	
1.60286225e+001	2.74035273e-005	-2.72938842e-005	2.44891736e-006	
1.61288014e+001	3.56735298e-005	-3.56103874e-005	2.12156612e-006	
1.62289803e+001	4.59046384e-005	-4.58722718e-005	1.72351381e-006	
1.63291592e+001	5.61498028e-005	-5.61341563e-005	1.32546151e-006	
1.64293381e+001	6.30067873e-005	-6.29969231e-005	1.11486392e-006	
1.65295170e+001	6.83826157e-005	-6.83755052e-005	9.86116213e-007	
1.66296959e+001	7.37590704e-005	-7.37540872e-005	8.57368509e-007	
1.67298748e+001	7.92584334e-005	-7.92550842e-005	7.28620158e-007	
1.68300537e+001	8.52580657e-005	-8.52558313e-005	6.17249821e-007	
1.69302326e+001	9.12948589e-005	-9.12933220e-005	5.29733506e-007	
1.70304114e+001	9.73318173e-005	-9.73308127e-005	4.42217190e-007	
1.71305903e+001	1.03368912e-004	-1.03368303e-004	3.54700874e-007	
1.72307692e+001	1.09175702e-004	-1.09175373e-004	2.67876045e-007	
1.73309481e+001	1.14345974e-004	-1.14345811e-004	1.92870392e-007	
1.74311270e+001	1.19673825e-004	-1.19673768e-004	1.16483817e-007	
1.75313059e+001	1.25001732e-004	-1.25001726e-004	4.00972410e-008	
1.76314848e+001	1.30329688e-004	-1.30329683e-004	-3.62893346e-008	
1.77316637e+001	1.35657686e-004	-1.35657640e-004	-1.12675910e-007	
1.78318426e+001	1.40985723e-004	-1.40985597e-004	-1.89062486e-007	
1.79320215e+001	1.46313794e-004	-1.46313554e-004	-2.65449061e-007	
1.80322004e+001	1.53455729e-004	-1.53455297e-004	-3.63848407e-007	
1.81323792e+001	1.61861095e-004	-1.61860412e-004	-4.69947161e-007	
1.82325581e+001	1.70352501e-004	-1.70351539e-004	-5.72618759e-007	
1.83327370e+001	1.78843940e-004	-1.78842665e-004	-6.75290357e-007	
1.84329159e+001	1.88528192e-004	-1.88526474e-004	-8.05023471e-007	
1.85330948e+001	2.00161577e-004	-2.00159183e-004	-9.78976415e-007	
1.86332737e+001	2.11795030e-004	-2.11791892e-004	-1.15292936e-006	
1.87334526e+001	2.23267906e-004	-2.23263965e-004	-1.32653911e-006	
1.88336315e+001	2.35084193e-004	-2.35078964e-004	-1.56791272e-006	
1.89338104e+001	2.49800327e-004	-2.49793922e-004	-1.78890616e-006	
1.90339893e+001	2.64535434e-004	-2.64527809e-004	-2.00852744e-006	
1.91341682e+001	2.79270584e-004	-2.79261696e-004	-2.22814872e-006	
1.92343470e+001	2.94254266e-004	-2.94243281e-004	-2.54264819e-006	
1.93345259e+001	3.14343882e-004	-3.14329657e-004	-2.99048567e-006	
1.94347048e+001	3.35223776e-004	-3.35208980e-004	-3.14959171e-006	
1.95348837e+001	3.52741961e-004	-3.52727775e-004	-3.16350323e-006	
1.96350626e+001	3.70260204e-004	-3.70246570e-004	-3.17741475e-006	
1.97352415e+001	3.87778498e-004	-3.87765366e-004	-3.19132627e-006	
1.98354204e+001	4.05296835e-004	-4.05284161e-004	-3.20523779e-006	
1.99355993e+001	4.28202398e-004	-4.28191362e-004	-3.07426233e-006	
2.00357782e+001	4.51931350e-004	-4.51926024e-004	-2.19412971e-006	
2.01359571e+001	4.75519797e-004	-4.75518244e-004	-1.21513638e-006	
2.02361360e+001	4.95982768e-004	-4.95982468e-004	-5.45345429e-007	
2.03363148e+001	5.14661904e-004	-5.14661902e-004	-5.19809089e-008	
2.04364937e+001	5.33341518e-004	-5.33341336e-004	4.41383611e-007	
2.05366726e+001	5.50390580e-004	-5.50388768e-004	1.41239313e-006	
2.06368515e+001	5.66443322e-004	-5.66437002e-004	2.67584229e-006	
2.07370304e+001	5.81686909e-004	-5.81674310e-004	3.82858219e-006	
2.08372093e+001	5.92520398e-004	-5.92503273e-004	4.50478826e-006	
2.09373882e+001	6.03527218e-004	-6.03503329e-004	5.36981645e-006	
2.10375671e+001	6.14535014e-004	-6.14503385e-004	6.23484464e-006	
2.11377460e+001	6.22467699e-004	-6.22431106e-004	6.74947351e-006	
2.12379249e+001	6.30268041e-004	-6.30225669e-004	7.30824975e-006	
2.13381038e+001	6.38068731e-004	-6.38020231e-004	7.86702598e-006	
2.14382826e+001	6.40044759e-004	-6.39994600e-004	8.01284731e-006	
2.15384615e+001	6.39934453e-004	-6.39884311e-004	8.01075791e-006	
2.16386404e+001	6.39725603e-004	-6.39675395e-004	8.01475262e-006	
2.17388193e+001	6.39375658e-004	-6.39325559e-004	8.00388560e-006	
2.18389982e+001	6.34868466e-004	-6.34822573e-004	7.63350428e-006	
2.19391771e+001	6.28377533e-004	-6.28336740e-004	7.15993665e-006	
2.20393560e+001	6.23146666e-004	-6.23109794e-004	6.77876355e-006	
2.21395349e+001	6.18726486e-004	-6.18692792e-004	6.45703544e-006	
2.22397138e+001	6.14524255e-004	-6.14493460e-004	6.15200193e-006	
2.23398927e+001	6.02567315e-004	-6.02544173e-004	5.28094468e-006	
2.24400716e+001	5.87988210e-004	-5.87973082e-004	4.21792191e-006	
2.25402504e+001	5.73410670e-004	-5.73401990e-004	3.15489914e-006	
2.26404293e+001	5.56932532e-004	-5.56927547e-004	2.35642317e-006	
2.27406082e+001	5.37065165e-004	-5.37063421e-004	1.36861963e-006	
2.28407871e+001	5.16447720e-004	-5.16447648e-004	2.72823134e-007	
2.29409660e+001	4.95832558e-004	-4.95831875e-004	-8.22973359e-007	
2.30411449e+001	4.75284094e-004	-4.75280238e-004	-1.91437646e-006	
2.31413238e+001	4.60094085e-004	-4.60086940e-004	-2.56401547e-006	
2.32415027e+001	4.36340435e-004	-4.36331184e-004	-2.84140661e-006	
2.33416816e+001	4.12587215e-004	-4.12575427e-004	-3.11879774e-006	
2.34418605e+001	3.88834502e-004	-3.88819670e-004	-3.39618887e-006	
2.35420394e+001	3.67753602e-004	-3.67736095e-004	-3.58841425e-006	
2.36422182e+001	3.49467430e-004	-3.49451074e-004	-3.38099681e-006	
2.37423971e+001	3.30430942e-004	-3.30416388e-004	-3.10126726e-006	
2.38425760e+001	3.11394485e-004	-3.11381701e-004	-2.82153772e-006	
2.39427549e+001	2.92358065e-004	-2.92347015e-004	-2.54180817e-006	
2.40429338e+001	2.76446426e-004	-2.76436535e-004	-2.33844708e-006	
2.41431127e+001	2.62813877e-004	-2.62804745e-004	-2.19078653e-006	
2.42432916e+001	2.46722183e-004	-2.46714805e-004	-1.90801194e-006	
2.43434705e+001	2.30013446e-004	-2.30007942e-004	-1.59132768e-006	
2.44436494e+001	2.17136714e-004	-2.17132610e-004	-1.33500025e-006	
2.45438283e+001	2.05915004e-004	-2.05911869e-004	-1.13620650e-006	
2.46440072e+001	1.93237516e-004	-1.93235128e-004	-9.60626905e-007	
2.47441860e+001	1.80560093e-004	-1.80558387e-004	-7.85047306e-007	
2.48443649e+001	1.69072641e-004	-1.69071483e-004	-6.25687673e-007	
2.49445438e+001	1.62242090e-004	-1.62241217e-004	-5.32403831e-007	
2.50447227e+001	1.55411571e-004	-1.55410950e-004	-4.39119988e-007	
2.51449016e+001	1.48581086e-004	-1.48580684e-004	-3.45836146e-007	
2.52450805e+001	1.41750642e-004	-1.41750417e-004	-2.52552303e-007	
2.53452594e+001	1.35781248e-004	-1.35781116e-004	-1.89718798e-007	
2.54454383e+001	1.30054571e-004	-1.30054500e-004	-1.35468540e-007	
2.55456172e+001	1.24327911e-004	-1.24327884e-004	-8.12182822e-008	
2.56457961e+001	1.18601272e-004	-1.18601269e-004	-2.69680243e-008	
2.57459750e+001	1.12892708e-004	-1.12892705e-004	2.68257295e-008	
2.58461538e+001	1.07200499e-004	-1.07200469e-004	8.02065854e-008	
2.59463327e+001	1.01508321e-004	-1.01508233e-004	1.33587441e-007	
2.60465116e+001	9.49805135e-005	-9.49803236e-005	1.89960494e-007	
2.61466905e+001	8.88040716e-005	-8.88037301e-005	2.46261303e-007	
2.62468694e+001	8.26601963e-005	-8.26596367e-005	3.04173319e-007	
2.63470483e+001	7.65163999e-005	-7.65155432e-005	3.62085335e-007	
2.64472272e+001	7.03727031e-005	-7.03714497e-005	4.19997351e-007	
2.65474061e+001	6.42291343e-005	-6.42273563e-005	4.77909366e-007	
2.66475850e+001	5.80857342e-005	-5.80832628e-005	5.35821382e-007	
2.67477639e+001	5.19425628e-005	-5.19391693e-005	5.93733398e-007	
2.68479428e+001	4.60443466e-005	-4.60397903e-005	6.47743341e-007	
2.69481216e+001	3.99238559e-005	-3.99174601e-005	7.14599591e-007	
2.70483005e+001	3.35571320e-005	-3.35477705e-005	7.92593171e-007	
2.71484794e+001	2.71920209e-005	-2.71780808e-005	8.70586752e-007	
2.72486583e+001	2.08300012e-005	-2.08083912e-005	9.48580333e-007	
2.73488372e+001	1.48847481e-005	-1.48499573e-005	1.01710024e-006	
2.74490161e+001	9.49404445e-006	-9.43319914e-006	1.07314214e-006	
2.75491950e+001	3.63978884e-006	-3.45515462e-006	1.14453892e-006	
2.76493739e+001	2.85012484e-006	2.57908318e-006	1.21307112e-006	
2.77495528e+001	6.43127502e-006	6.31264972e-006	1.22953320e-006	
2.78497317e+001	1.00737917e-005	9.99654579e-006	1.24513106e-006	
2.79499106e+001	1.30317377e-005	1.29732836e-005	1.23292353e-006	
2.80500894e+001	1.42668125e-005	1.42189620e-005	1.16750169e-006	
2.81502683e+001	1.47761813e-005	1.47336823e-005	1.11988415e-006	
2.82504472e+001	1.52860570e-005	1.52484026e-005	1.07226661e-006	
2.83506261e+001	1.48757559e-005	1.48420253e-005	1.00119833e-006	
2.84508050e+001	1.16774588e-005	1.16458142e-005	8.59102081e-007	
2.85509839e+001	8.61783099e-006	8.58148223e-006	7.90679276e-007	
2.86511628e+001	5.56469187e-006	5.51758889e-006	7.22501507e-007	
2.87513417e+001	3.00186878e-006	2.92890342e-006	6.57830472e-007	
2.88515206e+001	1.39660630e-006	1.25737698e-006	6.07875228e-007	
2.89516995e+001	7.47976668e-007	-4.69709331e-007	5.82101572e-007	
2.90518784e+001	2.49670166e-006	-2.43438086e-006	5.54354577e-007	
2.91520572e+001	4.43046019e-006	-4.39905239e-006	5.26607581e-007	
2.92522361e+001	6.38324713e-006	-6.36372392e-006	4.98860585e-007	
2.93524150e+001	8.34170958e-006	-8.32839544e-006	4.71113589e-007	
2.94525939e+001	9.02296942e-006	-9.01154360e-006	4.53937385e-007	
2.95527728e+001	9.65485034e-006	-9.64494770e-006	4.37171501e-007	
2.96529517e+001	1.02869459e-005	-1.02783518e-005	4.20405617e-007	
2.97531306e+001	1.09504248e-005	-1.09429746e-005	4.03866939e-007	
2.98533095e+001	1.19736083e-005	-1.19672569e-005	3.89945826e-007	
2.99534884e+001	1.29969799e-005	-1.29915392e-005	3.76024713e-007	
3.00536673e+001	1.40204982e-005	-1.40158215e-005	3.62103600e-007	
3.01538462e+001	1.45466369e-005	-1.45424524e-005	3.48888793e-007	
3.02540250e+001	1.48436755e-005	-1.48398722e-005	3.35999301e-007	
3.03542039e+001	1.51407401e-005	-1.51372920e-005	3.23109809e-007	
3.04543828e+001	1.54219955e-005	-1.54188630e-005	3.10818993e-007	
3.05545617e+001	1.55621719e-005	-1.55592050e-005	3.03862946e-007	
3.06547406e+001	1.57023544e-005	-1.56995471e-005	2.96906898e-007	
3.07549195e+001	1.58425427e-005	-1.58398892e-005	2.89950851e-007	
3.08550984e+001	1.59595510e-005	-1.59570526e-005	2.82384875e-007	
3.09552773e+001	1.60085712e-005	-1.60062428e-005	2.73030229e-007	
3.10554562e+001	1.60440153e-005	-1.60418342e-005	2.64540253e-007	
3.11556351e+001	1.60758181e-005	-1.60737751e-005	2.56282396e-007	
3.12558140e+001	1.60304730e-005	-1.60285399e-005	2.48945483e-007	
3.13559928e+001	1.59510489e-005	-1.59492128e-005	2.42015392e-007	
3.14561717e+001	1.58716268e-005	-1.58698857e-005	2.35085300e-007	
3.15563506e+001	1.58018230e-005	-1.58001747e-005	2.28233106e-007	
3.16565295e+001	1.57337106e-005	-1.57321484e-005	2.21709702e-007	
3.17567084e+001	1.56090036e-005	-1.56074984e-005	2.16767565e-007	
3.18568873e+001	1.54794776e-005	-1.54780230e-005	2.12208577e-007	
3.19570662e+001	1.53499522e-005	-1.53485476e-005	2.07649590e-007	
3.20572451e+001	1.52235450e-005	-1.52221932e-005	2.02870919e-007	
3.21574240e+001	1.50981533e-005	-1.50968546e-005	1.98020745e-007	
3.22576029e+001	1.49645719e-005	-1.49633201e-005	1.93555527e-007	
3.23577818e+001	1.48053180e-005	-1.48041098e-005	1.89140599e-007	
3.24579606e+001	1.46368094e-005	-1.46356524e-005	1.84032211e-007	
3.25581395e+001	1.44683014e-005	-1.44671950e-005	1.78923824e-007	
3.26583184e+001	1.42997941e-005	-1.42987377e-005	1.73815437e-007	
3.27584973e+001	1.41293495e-005	-1.41283308e-005	1.69660709e-007	
3.28586762e+001	1.39587699e-005	-1.39577867e-005	1.65669563e-007	
3.29588551e+001	1.37890380e-005	-1.37880922e-005	1.61500982e-007	
3.30590340e+001	1.36193065e-005	-1.36183977e-005	1.57332401e-007	
3.31592129e+001	1.34437691e-005	-1.34428929e-005	1.53486560e-007	
3.32593918e+001	1.32690237e-005	-1.32681752e-005	1.50060606e-007	
3.33595707e+001	1.30969596e-005	-1.30961360e-005	1.46877401e-007	
3.34597496e+001	1.29248956e-005	-1.29240968e-005	1.43694196e-007	
3.35599284e+001	1.27584352e-005	-1.27576608e-005	1.40573440e-007	
3.36601073e+001	1.25780153e-005	-1.25772642e-005	1.37449554e-007	
3.37602862e+001	1.23968518e-005	-1.23961241e-005	1.34319386e-007	
3.38604651e+001	1.22156885e-005	-1.22149840e-005	1.31189218e-007	
3.39606440e+001	1.20389995e-005	-1.20383159e-005	1.28299862e-007	
3.40608229e+001	1.18692765e-005	-1.18686100e-005	1.25785411e-007	
3.41610018e+001	1.16996652e-005	-1.16990158e-005	1.23272098e-007	
3.42611807e+001	1.15407191e-005	-1.15400862e-005	1.20867439e-007	
3.43613596e+001	1.13817731e-005	-1.13811566e-005	1.18462780e-007	
3.44615385e+001	1.12279543e-005	-1.12273506e-005	1.16426229e-007	
3.45617174e+001	1.10774969e-005	-1.10769038e-005	1.14631011e-007	
3.46618962e+001	1.09125173e-005	-1.09119379e-005	1.12454114e-007	
3.47620751e+001	1.07400361e-005	-1.07394719e-005	1.10080055e-007	
3.48622540e+001	1.05711078e-005	-1.05705575e-005	1.07863936e-007	
3.49624329e+001	1.04111319e-005	-1.04105918e-005	1.06045764e-007	
3.50626118e+001	1.02588200e-005	-1.02582909e-005	1.04182757e-007	
3.51627907e+001	1.01076406e-005	-1.01071219e-005	1.02396334e-007	
3.52629696e+001	9.95644319e-006	-9.95593317e-006	1.00775472e-007	
3.53631485e+001	9.80542612e-006	-9.80492479e-006	9.91528402e-008	
3.54633274e+001	9.65205218e-006	-9.65155940e-006	9.75320941e-008	
3.55635063e+001	9.49543364e-006	-9.49494921e-006	9.59139439e-008	
3.56636852e+001	9.33881510e-006	-9.33833903e-006	9.42957937e-008	
3.57638640e+001	9.18150571e-006	-9.18103822e-006	9.26520929e-008	
3.58640429e+001	9.02905073e-006	-9.02858754e-006	9.14548324e-008	
3.59642218e+001	8.87549325e-006	-8.87503447e-006	9.02418164e-008	
3.60644007e+001	8.72193579e-006	-8.72148139e-006	8.90288005e-008	
3.61645796e+001	8.56837834e-006	-8.56792832e-006	8.78157846e-008	
3.62647585e+001	8.43156475e-006	-8.43111744e-006	8.68497709e-008	
3.63649374e+001	8.29586569e-006	-8.29542091e-006	8.59034681e-008	
3.64651163e+001	8.16016666e-006	-8.15972439e-006	8.49571652e-008	
3.65652952e+001	8.02446765e-006	-8.02402787e-006	8.40108623e-008	
3.66654741e+001	7.88876867e-006	-7.88833135e-006	8.30645595e-008	
3.67656530e+001	7.75306972e-006	-7.75263482e-006	8.21182566e-008	
3.68658318e+001	7.62176755e-006	-7.62133388e-006	8.13045274e-008	
3.69660107e+001	7.49195862e-006	-7.49152574e-006	8.05358220e-008	
3.70661896e+001	7.36214975e-006	-7.36171760e-006	7.97671165e-008	
3.71663685e+001	7.22415263e-006	-7.22372209e-006	7.88695686e-008	
3.72665474e+001	7.08575513e-006	-7.08532619e-006	7.79657198e-008	
3.73667263e+001	6.94861415e-006	-6.94818655e-006	7.70863629e-008	
3.74669052e+001	6.82440825e-006	-6.82397992e-006	7.64591451e-008	
3.75670841e+001	6.68770318e-006	-6.68727230e-006	7.59140048e-008	
3.76672630e+001	6.54246480e-006	-6.54203001e-006	7.54249006e-008	
3.77674419e+001	6.39722663e-006	-6.39678772e-006	7.49357964e-008	
3.78676208e+001	6.25585852e-006	-6.25541616e-006	7.43942584e-008	
3.79677996e+001	6.12106381e-006	-6.12061934e-006	7.37636573e-008	
3.80679785e+001	6.00293718e-006	-6.00249001e-006	7.32694398e-008	
3.81681574e+001	5.86538059e-006	-5.86492510e-006	7.30957496e-008	
3.82683363e+001	5.72782441e-006	-5.72736020e-006	7.29220593e-008	
3.83685152e+001	5.59026866e-006	-5.58979529e-006	7.27483690e-008	
3.84686941e+001	5.45271339e-006	-5.45223039e-006	7.25746788e-008	
3.85688730e+001	5.30175612e-006	-5.30125506e-006	7.28883039e-008	
3.86690519e+001	5.14645362e-006	-5.14593125e-006	7.33239837e-008	
3.87692308e+001	4.99115248e-006	-4.99060744e-006	7.37596635e-008	
3.88694097e+001	4.83585284e-006	-4.83528363e-006	7.41953433e-008	
3.89695886e+001	4.69000586e-006	-4.68940255e-006	7.52244204e-008	
3.90697674e+001	4.54727941e-006	-4.54663673e-006	7.64492649e-008	
3.91699463e+001	4.36503713e-006	-4.36432684e-006	7.87427337e-008	
3.92701252e+001	4.09471633e-006	-4.09386654e-006	8.34183466e-008	
3.93703041e+001	3.82442098e-006	-3.82340624e-006	8.80939596e-008	
3.94704830e+001	3.55415687e-006	-3.55294594e-006	9.27695725e-008	
3.95706619e+001	3.28393172e-006	-3.28248564e-006	9.74451855e-008	
3.96708408e+001	3.05357506e-006	-3.05181605e-006	1.03631225e-007	
3.97710197e+001	2.59622056e-006	-2.59342493e-006	1.20450541e-007	
3.98711986e+001	2.20251736e-006	-2.19858007e-006	1.31637394e-007	
3.99713775e+001	1.83160133e-006	-1.82616632e-006	1.40996476e-007	
4.00715564e+001	1.27488853e-006	-1.26448406e-006	1.62544853e-007	
4.01717352e+001	5.13554752e-007	-4.74257524e-007	1.97023562e-007	
4.02719141e+001	3.31237769e-007	2.58454000e-007	2.07171401e-007	
4.03720930e+001	1.30729567e-006	1.28356863e-006	2.47938556e-007	
4.04722719e+001	2.52713831e-006	2.51363330e-006	2.60913099e-007	
4.05724508e+001	2.96007245e-006	2.95532686e-006	1.67547201e-007	
4.06726297e+001	2.94679856e-006	2.94632033e-006	5.30875818e-008	
4.07728086e+001	2.74464496e-006	2.74461593e-006	-1.26246434e-008	
4.08729875e+001	2.35996974e-006	2.35961694e-006	-4.08055988e-008	
4.09731664e+001	2.06418472e-006	2.06350096e-006	-5.31257616e-008	
4.10733453e+001	1.79746924e-006	1.79660545e-006	-5.57182652e-008	
4.11735242e+001	1.58428474e-006	1.58342498e-006	-5.21868465e-008	
4.12737030e+001	1.38933115e-006	1.38846206e-006	-4.91341344e-008	
4.13738819e+001	1.21553771e-006	1.21473462e-006	-4.41784856e-008	
4.14740608e+001	1.07380721e-006	1.07305911e-006	-4.00758302e-008	
4.15742397e+001	9.56518920e-007	9.55812374e-007	-3.67580002e-008	
4.16744186e+001	8.61344006e-007	8.60675015e-007	-3.39413622e-008	
4.17745975e+001	7.93359821e-007	7.92687574e-007	-3.26529594e-008	
4.18747764e+001	7.29955272e-007	7.29264069e-007	-3.17587269e-008	
4.19749553e+001	6.72684149e-007	6.71993989e-007	-3.04637963e-008	
4.20751342e+001	6.12855692e-007	6.12170057e-007	-2.89813679e-008	
4.21753131e+001	5.57980752e-007	5.57376059e-007	-2.59701384e-008	
4.22754919e+001	5.13876560e-007	5.13426013e-007	-2.15139108e-008	
4.23756708e+001	4.55454300e-007	4.55342641e-007	-1.00845412e-008	
4.24758497e+001	3.74438697e-007	3.74433955e-007	1.88440778e-009	
4.25760286e+001	2.60655014e-007	2.60305151e-007	1.35005582e-008	
4.26762075e+001	1.50397169e-007	1.49067191e-007	1.99569825e-008	
4.27763864e+001	5.35240650e-008	4.78686474e-008	2.39461505e-008	
4.28765653e+001	3.94951691e-008	-3.19076047e-008	2.32760208e-008	
4.29767442e+001	7.56047256e-008	-7.22738289e-008	2.21938772e-008	
4.30769231e+001	8.24514866e-008	-7.98789593e-008	2.04352513e-008	
4.31771020e+001	7.76398962e-008	-7.54544304e-008	1.82915942e-008	
4.32772809e+001	3.66329491e-008	-3.34655872e-008	1.49005851e-008	
4.33774597e+001	1.72847129e-008	1.30607184e-008	1.13216136e-008	
4.34776386e+001	6.48200239e-008	6.44240018e-008	7.15426373e-009	
4.35778175e+001	9.06949486e-008	9.06100077e-008	3.92431060e-009	
4.36779964e+001	1.13380628e-007	1.13380621e-007	4.06836868e-011	
4.37781753e+001	1.27080208e-007	1.27029805e-007	-3.57881765e-009	
4.38783542e+001	1.28151546e-007	1.28028557e-007	-5.61313483e-009	
4.39785331e+001	1.21529518e-007	1.21352311e-007	-6.56051711e-009	
4.40787120e+001	1.13889180e-007	1.13674183e-007	-6.99467039e-009	
4.41788909e+001	1.04971354e-007	1.04750241e-007	-6.80971714e-009	
4.42790698e+001	9.27393992e-008	9.25359858e-008	-6.13901379e-009	
4.43792487e+001	8.44268260e-008	8.42333860e-008	-5.71188627e-009	
4.44794275e+001	7.44149193e-008	7.42301702e-008	-5.24042481e-009	
4.45796064e+001	6.75063433e-008	6.73370324e-008	-4.77812252e-009	
4.46797853e+001	6.08089465e-008	6.06555545e-008	-4.31644356e-009	
4.47799642e+001	5.36941497e-008	5.35618087e-008	-3.76754091e-009	
4.48801431e+001	5.05652024e-008	5.04479835e-008	-3.44102530e-009	
4.49803220e+001	4.72689063e-008	4.71659020e-008	-3.11884592e-009	
4.50805009e+001	4.58868305e-008	4.57999491e-008	-2.82238921e-009	
4.51806798e+001	4.47872491e-008	4.47046645e-008	-2.71857476e-009	
4.52808587e+001	4.39119080e-008	4.38277345e-008	-2.71760010e-009	
4.53810376e+001	4.27200351e-008	4.26322017e-008	-2.73802474e-009	
4.54812165e+001	4.09423455e-008	4.08490569e-008	-2.76228240e-009	
4.55813953e+001	3.95698973e-008	3.94718833e-008	-2.78337887e-009	
4.56815742e+001	3.79004653e-008	3.77968793e-008	-2.80021105e-009	
4.57817531e+001	3.67624591e-008	3.66453257e-008	-2.93231963e-009	
4.58819320e+001	3.81575573e-008	3.80252950e-008	-3.17428977e-009	
4.59821109e+001	4.61607210e-008	4.60500830e-008	-3.19406014e-009	
4.60822898e+001	7.84482217e-008	7.83444544e-008	-4.03360431e-009	
4.61824687e+001	4.84710113e-008	4.68118021e-008	-1.25735485e-008	
4.62826476e+001	4.29137642e-008	4.12690572e-008	-1.17667358e-008	
4.63828265e+001	4.47381849e-008	4.31694312e-008	-1.17433128e-008	
4.64830054e+001	4.53957655e-008	4.37009762e-008	-1.22882141e-008	
4.65831843e+001	4.68749480e-008	4.52822356e-008	-1.21152750e-008	
4.66833631e+001	5.31935071e-008	5.15857582e-008	-1.29791657e-008	
4.67835420e+001	5.09892726e-008	4.90994270e-008	-1.37532611e-008	
4.68837209e+001	5.80383289e-008	5.60618437e-008	-1.50172333e-008	
4.69838998e+001	6.79069347e-008	6.58143817e-008	-1.67277894e-008	
4.70840787e+001	7.52263809e-008	7.28696066e-008	-1.86823129e-008	
4.71842576e+001	7.71778142e-008	7.40935404e-008	-2.16000528e-008	
4.72844365e+001	9.47650985e-008	9.21345489e-008	-2.21731546e-008	
4.73846154e+001	9.44272055e-008	9.12207176e-008	-2.43983159e-008	
4.74847943e+001	1.15937496e-007	1.12187256e-007	-2.92493166e-008	
4.75849732e+001	1.44608523e-007	1.41116747e-007	-3.15862084e-008	
4.76851521e+001	1.72853344e-007	1.68678215e-007	-3.77616000e-008	
4.77853309e+001	1.98347906e-007	1.92461804e-007	-4.79619200e-008	
4.78855098e+001	2.41504302e-007	2.34370678e-007	-5.82641689e-008	
4.79856887e+001	2.81582067e-007	2.70330644e-007	-7.88023059e-008	
4.80858676e+001	5.13592464e-007	5.02318888e-007	-1.07018473e-007	
4.81860465e+001	9.53960369e-007	9.42086289e-007	1.50046028e-007	
4.82862254e+001	3.13953541e-007	3.13758887e-007	1.10538231e-008	
4.83864043e+001	1.57385836e-007	1.57014261e-007	1.08084828e-008	
4.84865832e+001	4.26378369e-008	4.16604814e-008	9.07686202e-009	
4.85867621e+001	4.50675809e-008	-4.42271140e-008	8.66309635e-009	
4.86869410e+001	1.18189931e-007	-1.17778704e-007	9.85072217e-009	
4.87871199e+001	1.72828556e-007	-1.72494379e-007	1.07423871e-008	
4.88872987e+001	2.27184929e-007	-2.26921116e-007	1.09452815e-008	
4.89874776e+001	2.81568634e-007	-2.81347852e-007	1.11481759e-008	
4.90876565e+001	3.27937373e-007	-3.27738260e-007	1.14259841e-008	
4.91878354e+001	3.70783225e-007	-3.70597423e-007	1.17367102e-008	
4.92880143e+001	4.13632069e-007	-4.13456585e-007	1.20474364e-008	
4.93881932e+001	4.59549188e-007	-4.59380144e-007	1.24635348e-008	
4.94883721e+001	4.99141412e-007	-4.98979676e-007	1.27056097e-008	
4.95885510e+001	5.34052289e-007	-5.33897520e-007	1.28563300e-008	
4.96887299e+001	5.68964061e-007	-5.68815365e-007	1.30070503e-008	
4.97889088e+001	6.03876572e-007	-6.03733209e-007	1.31577706e-008	
4.98890877e+001	6.39597753e-007	-6.39459099e-007	1.33171247e-008	
4.99892665e+001	6.76500682e-007	-6.76366185e-007	1.34890997e-008	
5.00894454e+001	7.05291416e-007	-7.05160507e-007	1.35882256e-008	
5.01896243e+001	7.31399711e-007	-7.31272251e-007	1.36540262e-008	
5.02898032e+001	7.57508249e-007	-7.57383994e-007	1.37198268e-008	
5.03899821e+001	7.83617007e-007	-7.83495737e-007	1.37856275e-008	
5.04901610e+001	8.09725962e-007	-8.09607480e-007	1.38514281e-008	
5.05903399e+001	8.35835097e-007	-8.35719223e-007	1.39172287e-008	
5.06905188e+001	8.61944395e-007	-8.61830966e-007	1.39830294e-008	
5.07906977e+001	8.86214026e-007	-8.86103106e-007	1.40208699e-008	
5.08908766e+001	9.07583292e-007	-9.07475177e-007	1.40084155e-008	
5.09910555e+001	9.28952687e-007	-9.28847247e-007	1.39959612e-008	
5.10912343e+001	9.50322203e-007	-9.50219318e-007	1.39835068e-008	
5.11914132e+001	9.67541728e-007	-9.67440845e-007	1.39716375e-008	
5.12915921e+001	9.83707960e-007	-9.83608909e-007	1.39594224e-008	
5.13917710e+001	9.97220353e-007	-9.97123304e-007	1.39121890e-008	
5.14919499e+001	1.01073280e-006	-1.01063770e-006	1.38649556e-008	
5.15921288e+001	1.02519251e-006	-1.02509897e-006	1.38488722e-008	
5.16923077e+001	1.03975136e-006	-1.03965930e-006	1.38360476e-008	
5.17924866e+001	1.05431025e-006	-1.05421963e-006	1.38232231e-008	
5.18926655e+001	1.06758080e-006	-1.06749174e-006	1.37895632e-008	
5.19928444e+001	1.07902221e-006	-1.07893453e-006	1.37557470e-008	
5.20930233e+001	1.09001435e-006	-1.08992791e-006	1.37272970e-008	
5.21932021e+001	1.10100652e-006	-1.10092129e-006	1.36988469e-008	
5.22933810e+001	1.10799062e-006	-1.10790653e-006	1.36505504e-008	
5.23935599e+001	1.11572506e-006	-1.11564203e-006	1.36115799e-008	
5.24937388e+001	1.12423084e-006	-1.12414881e-006	1.35807707e-008	
5.25939177e+001	1.13273664e-006	-1.13265559e-006	1.35499615e-008	
5.26940966e+001	1.14122246e-006	-1.14114239e-006	1.35189920e-008	
5.27942755e+001	1.14782800e-006	-1.14774872e-006	1.34901160e-008	
5.28944544e+001	1.15437490e-006	-1.15429640e-006	1.34620886e-008	
5.29946333e+001	1.16092182e-006	-1.16084409e-006	1.34340612e-008	
5.30948122e+001	1.16746875e-006	-1.16739177e-006	1.34060339e-008	
5.31949911e+001	1.17356396e-006	-1.17348773e-006	1.33760633e-008	
5.32951699e+001	1.17863002e-006	-1.17855451e-006	1.33416652e-008	
5.33953488e+001	1.18369609e-006	-1.18362128e-006	1.33072672e-008	
5.34955277e+001	1.18876216e-006	-1.18868806e-006	1.32728691e-008	
5.35957066e+001	1.19448921e-006	-1.19441578e-006	1.32444252e-008	
5.36958855e+001	1.19976063e-006	-1.19968775e-006	1.32243748e-008	
5.37960644e+001	1.20301235e-006	-1.20293987e-006	1.32052184e-008	
5.38962433e+001	1.20635275e-006	-1.20628070e-006	1.31837391e-008	
5.39964222e+001	1.20975574e-006	-1.20968415e-006	1.31606203e-008	
5.40966011e+001	1.21315874e-006	-1.21308760e-006	1.31375015e-008	
5.41967800e+001	1.21612136e-006	-1.21605063e-006	1.31163625e-008	
5.42969589e+001	1.21882853e-006	-1.21875817e-006	1.30963720e-008	
5.43971377e+001	1.22146908e-006	-1.22139905e-006	1.30799227e-008	
5.44973166e+001	1.22407017e-006	-1.22400044e-006	1.30655708e-008	
5.45974955e+001	1.22667126e-006	-1.22660183e-006	1.30512189e-008	
5.46976744e+001	1.22857455e-006	-1.22850539e-006	1.30365216e-008	
5.47978533e+001	1.23024783e-006	-1.23017891e-006	1.30217104e-008	
5.48980322e+001	1.23192110e-006	-1.23185243e-006	1.30068993e-008	
5.49982111e+001	1.23307829e-006	-1.23300981e-006	1.29956699e-008	
5.50983900e+001	1.23389459e-006	-1.23382624e-006	1.29868066e-008	
5.51985689e+001	1.23471088e-006	-1.23464268e-006	1.29779433e-008	
5.52987478e+001	1.23552718e-006	-1.23545911e-006	1.29690799e-008	
5.53989267e+001	1.23634348e-006	-1.23627555e-006	1.29602166e-008	
5.54991055e+001	1.23776075e-006	-1.23769297e-006	1.29535444e-008	
5.55992844e+001	1.23920750e-006	-1.23913986e-006	1.29469777e-008	
5.56994633e+001	1.24050507e-006	-1.24043757e-006	1.29414278e-008	
5.57996422e+001	1.24058201e-006	-1.24051453e-006	1.29395602e-008	
5.58998211e+001	1.24094172e-006	-1.24087427e-006	1.29378363e-008	
5.60000000e+001	1.24081589e-006	-1.24074844e-006	1.29376524e-008	
