% Column 0: Length, cm
% Column 1: |B.n|, Tesla
% Column 2: Re[B.n], Tesla
% Column 3: Im[B.n], Tesla
0.00000000e+000	1.10743800e-009	-1.10742519e-009	-5.32590373e-012	
1.00178891e-001	1.73714863e-008	-1.73712896e-008	-8.26654436e-011	
2.00357782e-001	3.41979120e-008	-3.41975292e-008	-1.61811695e-010	
3.00536673e-001	5.16598112e-008	-5.16592242e-008	-2.46258612e-010	
4.00715564e-001	7.06405244e-008	-7.06397271e-008	-3.35614124e-010	
5.00894454e-001	8.89070833e-008	-8.89060901e-008	-4.20224561e-010	
6.01073345e-001	1.07435774e-007	-1.07434588e-007	-5.04796839e-010	
7.01252236e-001	1.25705225e-007	-1.25703861e-007	-5.85713842e-010	
8.01431127e-001	1.43926140e-007	-1.43924600e-007	-6.65938899e-010	
9.01610018e-001	1.61576904e-007	-1.61575218e-007	-7.38035868e-010	
1.00178891e+000	1.79227668e-007	-1.79225837e-007	-8.10132837e-010	
1.10196780e+000	1.97295238e-007	-1.97293274e-007	-8.80308209e-010	
1.20214669e+000	2.16671962e-007	-2.16669896e-007	-9.46350670e-010	
1.30232558e+000	2.37988725e-007	-2.37986585e-007	-1.00928859e-009	
1.40250447e+000	2.58873882e-007	-2.58871652e-007	-1.07453919e-009	
1.50268336e+000	2.79759041e-007	-2.79756719e-007	-1.13978979e-009	
1.60286225e+000	3.01681741e-007	-3.01679362e-007	-1.19821180e-009	
1.70304114e+000	3.25971405e-007	-3.25969043e-007	-1.24105562e-009	
1.80322004e+000	3.50261077e-007	-3.50258724e-007	-1.28389944e-009	
1.90339893e+000	3.72474982e-007	-3.72472549e-007	-1.34619864e-009	
2.00357782e+000	3.97064002e-007	-3.97061568e-007	-1.39046342e-009	
2.10375671e+000	4.23843994e-007	-4.23841622e-007	-1.41796762e-009	
2.20393560e+000	4.50435913e-007	-4.50433593e-007	-1.44551158e-009	
2.30411449e+000	4.75135584e-007	-4.75133299e-007	-1.47345567e-009	
2.40429338e+000	5.00706276e-007	-5.00704041e-007	-1.49611116e-009	
2.50447227e+000	5.32066524e-007	-5.32064434e-007	-1.49109974e-009	
2.60465116e+000	5.64196595e-007	-5.64194581e-007	-1.50761980e-009	
2.70483005e+000	5.96326675e-007	-5.96324727e-007	-1.52413986e-009	
2.80500894e+000	6.28456763e-007	-6.28454874e-007	-1.54065992e-009	
2.90518784e+000	6.60566341e-007	-6.60564607e-007	-1.51358584e-009	
3.00536673e+000	6.92661987e-007	-6.92660455e-007	-1.45686236e-009	
3.10554562e+000	7.24757656e-007	-7.24756303e-007	-1.40013887e-009	
3.20572451e+000	7.56853344e-007	-7.56852151e-007	-1.34341538e-009	
3.30590340e+000	7.89297773e-007	-7.89296703e-007	-1.29956087e-009	
3.40608229e+000	8.33867057e-007	-8.33866167e-007	-1.21882186e-009	
3.50626118e+000	8.77853942e-007	-8.77853273e-007	-1.08368107e-009	
3.60644007e+000	9.21840868e-007	-9.21840380e-007	-9.48540282e-010	
3.70661896e+000	9.65827829e-007	-9.65827486e-007	-8.13399491e-010	
3.80679785e+000	1.00808658e-006	-1.00808634e-006	-6.88555376e-010	
3.90697674e+000	1.04982381e-006	-1.04982366e-006	-5.63455532e-010	
4.00715564e+000	1.09432670e-006	-1.09432663e-006	-4.06585115e-010	
4.10733453e+000	1.13882963e-006	-1.13882960e-006	-2.49714697e-010	
4.20751342e+000	1.18333257e-006	-1.18333257e-006	-9.28442798e-011	
4.30769231e+000	1.23294084e-006	-1.23294083e-006	8.33337546e-011	
4.40787120e+000	1.30271562e-006	-1.30271557e-006	3.35778983e-010	
4.50805009e+000	1.36730137e-006	-1.36730120e-006	6.82883872e-010	
4.60822898e+000	1.42284700e-006	-1.42284650e-006	1.19490264e-009	
4.70840787e+000	1.47841933e-006	-1.47841835e-006	1.70189545e-009	
4.80858676e+000	1.53748881e-006	-1.53748736e-006	2.11421326e-009	
4.90876565e+000	1.59867873e-006	-1.59867679e-006	2.48786506e-009	
5.00894454e+000	1.65931585e-006	-1.65931346e-006	2.81864876e-009	
5.10912343e+000	1.71995300e-006	-1.71995012e-006	3.14943247e-009	
5.20930233e+000	1.79187072e-006	-1.79186697e-006	3.66753283e-009	
5.30948122e+000	1.85757794e-006	-1.85757291e-006	4.32532452e-009	
5.40966011e+000	1.92110126e-006	-1.92109479e-006	4.98860781e-009	
5.50983900e+000	1.98462471e-006	-1.98461666e-006	5.65189110e-009	
5.61001789e+000	2.04814827e-006	-2.04813854e-006	6.31517439e-009	
5.71019678e+000	2.15304938e-006	-2.15303688e-006	7.33706437e-009	
5.81037567e+000	2.24680814e-006	-2.24679199e-006	8.51961155e-009	
5.91055456e+000	2.32905477e-006	-2.32903556e-006	9.45975754e-009	
6.01073345e+000	2.40963324e-006	-2.40961095e-006	1.03647761e-008	
6.11091234e+000	2.46863812e-006	-2.46861276e-006	1.11898278e-008	
6.21109123e+000	2.51680079e-006	-2.51677230e-006	1.19746904e-008	
6.31127013e+000	2.56496358e-006	-2.56493184e-006	1.27595530e-008	
6.41144902e+000	2.61454192e-006	-2.61450674e-006	1.35631213e-008	
6.51162791e+000	2.68158314e-006	-2.68154341e-006	1.45974659e-008	
6.61180680e+000	2.74862452e-006	-2.74858007e-006	1.56318105e-008	
6.71198569e+000	2.82484461e-006	-2.82479577e-006	1.66101935e-008	
6.81216458e+000	2.89792978e-006	-2.89787788e-006	1.73422767e-008	
6.91234347e+000	2.96543677e-006	-2.96538294e-006	1.78676281e-008	
7.01252236e+000	3.03294377e-006	-3.03288800e-006	1.83929795e-008	
7.11270125e+000	3.10764268e-006	-3.10758865e-006	1.83254674e-008	
7.21288014e+000	3.15213733e-006	-3.15209102e-006	1.70869867e-008	
7.31305903e+000	3.23529721e-006	-3.23526753e-006	1.38574328e-008	
7.41323792e+000	3.32029655e-006	-3.32028102e-006	1.01534382e-008	
7.51341682e+000	3.50597382e-006	-3.50597361e-006	-1.21139151e-009	
7.61359571e+000	3.70099585e-006	-3.70086759e-006	-3.08113063e-008	
7.71377460e+000	4.16418404e-006	-4.16218970e-006	-1.28862793e-007	
7.81395349e+000	3.79146722e-006	-3.78327216e-006	2.49149398e-007	
7.91413238e+000	3.69947566e-007	-2.35368297e-007	2.85417180e-007	
8.01431127e+000	1.03429461e-007	-5.05257333e-008	9.02485660e-008	
8.11449016e+000	6.15088703e-008	-4.78058097e-008	3.87033033e-008	
8.21466905e+000	5.11159777e-008	-4.23382358e-008	2.86411760e-008	
8.31484794e+000	2.75715357e-008	-1.85457887e-008	2.04020416e-008	
8.41502683e+000	4.18177206e-008	-3.89439958e-008	1.52344003e-008	
8.51520572e+000	9.30510329e-009	-6.25658360e-009	6.88767805e-009	
8.61538462e+000	2.79938630e-008	-2.47556925e-008	1.30695085e-008	
8.71556351e+000	6.81045675e-009	-4.38277965e-009	5.21282685e-009	
8.81574240e+000	1.52871303e-008	-1.48034704e-008	3.81492015e-009	
8.91592129e+000	5.09527588e-009	-4.93214337e-009	1.27898321e-009	
9.01610018e+000	1.05332173e-008	9.76034816e-009	3.96033705e-009	
9.11627907e+000	6.17589630e-009	6.16521081e-009	3.63140216e-010	
9.21645796e+000	2.63468430e-009	-1.34683547e-009	-2.26441948e-009	
9.31663685e+000	4.93678219e-009	1.32376059e-009	-4.75599372e-009	
9.41681574e+000	1.29511566e-009	7.70350811e-010	1.04109759e-009	
9.51699463e+000	6.77983539e-009	4.21560283e-009	-5.30988331e-009	
9.61717352e+000	1.69203731e-008	1.37257075e-008	-9.89464409e-009	
9.71735242e+000	2.27151418e-008	1.36642706e-008	-1.81456711e-008	
9.81753131e+000	5.19740039e-008	3.64921952e-008	-3.70083338e-008	
9.91771020e+000	5.30610516e-007	4.96754831e-007	-1.86499750e-007	
1.00178891e+001	8.83402693e-007	8.82422346e-007	4.16067493e-008	
1.01180680e+001	6.41159484e-007	6.41119680e-007	-7.14428465e-009	
1.02182469e+001	5.53756292e-007	5.53476839e-007	-1.75903313e-008	
1.03184258e+001	4.94497068e-007	4.93907532e-007	-2.41391798e-008	
1.04186047e+001	4.94717522e-007	4.93913040e-007	-2.82017093e-008	
1.05187835e+001	5.05994410e-007	5.04985917e-007	-3.19306417e-008	
1.06189624e+001	5.47417809e-007	5.46346857e-007	-3.42252862e-008	
1.07191413e+001	5.90082541e-007	5.88959324e-007	-3.63912118e-008	
1.08193202e+001	6.47531578e-007	6.46379727e-007	-3.86056077e-008	
1.09194991e+001	6.91210383e-007	6.90061157e-007	-3.98421026e-008	
1.10196780e+001	7.05868949e-007	7.04624990e-007	-4.18879002e-008	
1.11198569e+001	6.98972627e-007	6.97506673e-007	-4.52457201e-008	
1.12200358e+001	6.68951120e-007	6.67073687e-007	-5.00829041e-008	
1.13202147e+001	6.80004522e-007	6.77559939e-007	-5.76079753e-008	
1.14203936e+001	7.36464678e-007	7.33485957e-007	-6.61707747e-008	
1.15205725e+001	8.23034488e-007	8.19369042e-007	-7.75895692e-008	
1.16207513e+001	8.83348311e-007	8.78938943e-007	-8.81508568e-008	
1.17209302e+001	1.01410110e-006	1.00889028e-006	-1.02671505e-007	
1.18211091e+001	1.23926273e-006	1.23285889e-006	-1.25821525e-007	
1.19212880e+001	1.51367004e-006	1.50585454e-006	-1.53619917e-007	
1.20214669e+001	1.80780377e-006	1.79848228e-006	-1.83346553e-007	
1.21216458e+001	2.21515996e-006	2.20491393e-006	-2.12810265e-007	
1.22218247e+001	2.91654785e-006	2.90496068e-006	-2.59720619e-007	
1.23220036e+001	3.43931507e-006	3.42754336e-006	-2.84314321e-007	
1.24221825e+001	3.77168404e-006	3.76083673e-006	-2.85845515e-007	
1.25223614e+001	4.04249339e-006	4.03323663e-006	-2.73413711e-007	
1.26225403e+001	4.26417121e-006	4.25551318e-006	-2.71594819e-007	
1.27227191e+001	3.67710660e-006	3.66804852e-006	-2.57939849e-007	
1.28228980e+001	2.89424379e-006	2.88434225e-006	-2.39200499e-007	
1.29230769e+001	2.03218355e-006	2.02082488e-006	-2.14561868e-007	
1.30232558e+001	1.35531686e-006	1.34149590e-006	-1.93061006e-007	
1.31234347e+001	1.84636517e-007	-1.13602101e-007	-1.45551386e-007	
1.32236136e+001	7.62985889e-007	-7.56094928e-007	-1.02312881e-007	
1.33237925e+001	1.07419751e-006	-1.07258964e-006	-5.87515730e-008	
1.34239714e+001	1.86304955e-006	-1.86275719e-006	3.30042893e-008	
1.35241503e+001	6.78730947e-007	-6.65890864e-007	1.31396559e-007	
1.36243292e+001	3.61814713e-007	3.39692069e-007	1.24576019e-007	
1.37245081e+001	1.92134938e-006	1.92134397e-006	-4.55963839e-009	
1.38246869e+001	2.91702621e-006	2.91529348e-006	-1.00527961e-007	
1.39248658e+001	3.71102200e-006	3.70594015e-006	-1.94143906e-007	
1.40250447e+001	4.98932605e-006	4.97918719e-006	-3.17914063e-007	
1.41252236e+001	5.88111629e-006	5.86722829e-006	-4.03931952e-007	
1.42254025e+001	6.58461145e-006	6.56684768e-006	-4.83342004e-007	
1.43255814e+001	7.86725324e-006	7.84481100e-006	-5.93813048e-007	
1.44257603e+001	9.84107925e-006	9.81500531e-006	-7.15899199e-007	
1.45259392e+001	1.12146929e-005	1.11833563e-005	-8.37782450e-007	
1.46261181e+001	1.31857519e-005	1.31446310e-005	-1.04054251e-006	
1.47262970e+001	1.58960938e-005	1.58434964e-005	-1.29206074e-006	
1.48264758e+001	1.83930008e-005	1.83279991e-005	-1.54496890e-006	
1.49266547e+001	2.43586072e-005	2.42757166e-005	-2.00781709e-006	
1.50268336e+001	3.22467224e-005	3.21532452e-005	-2.45355372e-006	
1.51270125e+001	3.99676183e-005	3.98388642e-005	-3.20552785e-006	
1.52271914e+001	5.38438693e-005	5.36953815e-005	-3.99603221e-006	
1.53273703e+001	7.82343881e-005	7.80873370e-005	-4.79450576e-006	
1.54275492e+001	1.08063290e-004	1.07993979e-004	-3.86977445e-006	
1.55277281e+001	1.33534035e-004	1.33517042e-004	-2.13025992e-006	
1.56279070e+001	1.54595871e-004	1.54595543e-004	3.18212944e-007	
1.57280859e+001	1.66137279e-004	1.66129399e-004	1.61811888e-006	
1.58282648e+001	1.67393567e-004	1.67381481e-004	2.01152895e-006	
1.59284436e+001	1.68217016e-004	1.68201543e-004	2.28156052e-006	
1.60286225e+001	1.61037497e-004	1.61024716e-004	2.02885418e-006	
1.61288014e+001	1.57830091e-004	1.57819326e-004	1.84333513e-006	
1.62289803e+001	1.57767095e-004	1.57756354e-004	1.84095720e-006	
1.63291592e+001	1.57704099e-004	1.57693381e-004	1.83857927e-006	
1.64293381e+001	1.57470446e-004	1.57460548e-004	1.76552716e-006	
1.65295170e+001	1.57162332e-004	1.57153548e-004	1.66161601e-006	
1.66296959e+001	1.56854282e-004	1.56846547e-004	1.55770486e-006	
1.67298748e+001	1.56783187e-004	1.56776295e-004	1.47005594e-006	
1.68300537e+001	1.57941939e-004	1.57935429e-004	1.43397320e-006	
1.69302326e+001	1.59532407e-004	1.59526417e-004	1.38242747e-006	
1.70304114e+001	1.61122902e-004	1.61117406e-004	1.33088173e-006	
1.71305903e+001	1.62713423e-004	1.62708394e-004	1.27933600e-006	
1.72307692e+001	1.64133160e-004	1.64128592e-004	1.22450614e-006	
1.73309481e+001	1.67380592e-004	1.67376240e-004	1.20704407e-006	
1.74311270e+001	1.71355831e-004	1.71351613e-004	1.20228790e-006	
1.75313059e+001	1.75331075e-004	1.75326986e-004	1.19753173e-006	
1.76314848e+001	1.79306326e-004	1.79302358e-004	1.19277556e-006	
1.77316637e+001	1.83281582e-004	1.83277731e-004	1.18801939e-006	
1.78318426e+001	1.87256843e-004	1.87253104e-004	1.18326323e-006	
1.79320215e+001	1.91232108e-004	1.91228477e-004	1.17850706e-006	
1.80322004e+001	1.97101561e-004	1.97097968e-004	1.19017628e-006	
1.81323792e+001	2.01313752e-004	2.01310397e-004	1.16240426e-006	
1.82325581e+001	2.05194524e-004	2.05191418e-004	1.12883200e-006	
1.83327370e+001	2.09075309e-004	2.09072440e-004	1.09525974e-006	
1.84329159e+001	2.14209642e-004	2.14207073e-004	1.04898603e-006	
1.85330948e+001	2.21392345e-004	2.21390168e-004	9.81957540e-007	
1.86332737e+001	2.28575093e-004	2.28573262e-004	9.14929046e-007	
1.87334526e+001	2.35859484e-004	2.35857926e-004	8.57295723e-007	
1.88336315e+001	2.44952781e-004	2.44951253e-004	8.65219525e-007	
1.89338104e+001	2.51559823e-004	2.51558973e-004	6.53977355e-007	
1.90339893e+001	2.58114651e-004	2.58114276e-004	4.39592477e-007	
1.91341682e+001	2.64669676e-004	2.64669580e-004	2.25207599e-007	
1.92343470e+001	2.72839514e-004	2.72839511e-004	3.72927462e-008	
1.93345259e+001	2.81298535e-004	2.81298029e-004	-5.33453455e-007	
1.94347048e+001	2.84289988e-004	2.84287077e-004	-1.28638394e-006	
1.95348837e+001	2.86118960e-004	2.86113361e-004	-1.79008510e-006	
1.96350626e+001	2.87948780e-004	2.87939644e-004	-2.29378627e-006	
1.97352415e+001	2.89779430e-004	2.89765927e-004	-2.79748743e-006	
1.98354204e+001	2.91610896e-004	2.91592210e-004	-3.30118860e-006	
1.99355993e+001	2.85610915e-004	2.85574014e-004	-4.59103710e-006	
2.00357782e+001	2.74965379e-004	2.74913637e-004	-5.33404141e-006	
2.01359571e+001	2.64042319e-004	2.63975001e-004	-5.96195632e-006	
2.02361360e+001	2.54519395e-004	2.54436527e-004	-6.49433559e-006	
2.03363148e+001	2.45795871e-004	2.45696965e-004	-6.97220361e-006	
2.04364937e+001	2.37074491e-004	2.36957403e-004	-7.45007162e-006	
2.05366726e+001	2.20168506e-004	2.20040486e-004	-7.50704028e-006	
2.06368515e+001	1.98251636e-004	1.98116958e-004	-7.30631201e-006	
2.07370304e+001	1.77111699e-004	1.76969455e-004	-7.09691311e-006	
2.08372093e+001	1.59046559e-004	1.58906786e-004	-6.66642906e-006	
2.09373882e+001	1.39312820e-004	1.39183206e-004	-6.00807008e-006	
2.10375671e+001	1.19579354e-004	1.19459627e-004	-5.34971111e-006	
2.11377460e+001	1.01961754e-004	1.01853173e-004	-4.70430911e-006	
2.12379249e+001	7.82154941e-005	7.81324758e-005	-3.60274150e-006	
2.13381038e+001	5.44692347e-005	5.44117787e-005	-2.50117389e-006	
2.14382826e+001	3.21238275e-005	3.20900581e-005	-1.47256946e-006	
2.15384615e+001	1.02801721e-005	1.02694180e-005	-4.70098715e-007	
2.16386404e+001	1.21853461e-005	-1.21699101e-005	6.13145003e-007	
2.17388193e+001	3.55397786e-005	-3.54946982e-005	1.78948651e-006	
2.18389982e+001	5.65517303e-005	-5.64837520e-005	2.77199611e-006	
2.19391771e+001	7.45704564e-005	-7.44869034e-005	3.52904918e-006	
2.20393560e+001	9.28029455e-005	-9.27034168e-005	4.29688206e-006	
2.21395349e+001	1.11172947e-004	-1.11057204e-004	5.07165048e-006	
2.22397138e+001	1.28387344e-004	-1.28258977e-004	5.73974841e-006	
2.23398927e+001	1.49930776e-004	-1.49795938e-004	6.35725048e-006	
2.24400716e+001	1.73562258e-004	-1.73420121e-004	7.02275117e-006	
2.25402504e+001	1.97194237e-004	-1.97044305e-004	7.68825186e-006	
2.26404293e+001	2.10597535e-004	-2.10453494e-004	7.78769902e-006	
2.27406082e+001	2.20590008e-004	-2.20465329e-004	7.41553823e-006	
2.28407871e+001	2.31308187e-004	-2.31202473e-004	6.99241925e-006	
2.29409660e+001	2.42028787e-004	-2.41939617e-004	6.56930027e-006	
2.30411449e+001	2.52778485e-004	-2.52703676e-004	6.14934104e-006	
2.31413238e+001	2.65689718e-004	-2.65622980e-004	5.95474341e-006	
2.32415027e+001	2.73792433e-004	-2.73749602e-004	4.84270111e-006	
2.33416816e+001	2.81900911e-004	-2.81876224e-004	3.73065882e-006	
2.34418605e+001	2.90014668e-004	-2.90002846e-004	2.61861652e-006	
2.35420394e+001	2.95340041e-004	-2.95334705e-004	1.77536027e-006	
2.36422182e+001	2.90464826e-004	-2.90461625e-004	1.36371807e-006	
2.37423971e+001	2.84118725e-004	-2.84117225e-004	9.23188854e-007	
2.38425760e+001	2.77773244e-004	-2.77772825e-004	4.82659636e-007	
2.39427549e+001	2.71428428e-004	-2.71428425e-004	4.21304187e-008	
2.40429338e+001	2.65586435e-004	-2.65586344e-004	-2.19981143e-007	
2.41431127e+001	2.60110874e-004	-2.60110636e-004	-3.51960956e-007	
2.42432916e+001	2.52930083e-004	-2.52929516e-004	-5.35405888e-007	
2.43434705e+001	2.45321480e-004	-2.45320388e-004	-7.31767062e-007	
2.44436494e+001	2.36401028e-004	-2.36399703e-004	-7.91607670e-007	
2.45438283e+001	2.27768563e-004	-2.27767192e-004	-7.90412934e-007	
2.46440072e+001	2.20887866e-004	-2.20886276e-004	-8.38044876e-007	
2.47441860e+001	2.14007194e-004	-2.14005361e-004	-8.85676819e-007	
2.48443649e+001	2.07382291e-004	-2.07380256e-004	-9.18761901e-007	
2.49445438e+001	2.02439693e-004	-2.02437637e-004	-9.12410425e-007	
2.50447227e+001	1.97497097e-004	-1.97495018e-004	-9.06058950e-007	
2.51449016e+001	1.92554501e-004	-1.92552399e-004	-8.99707474e-007	
2.52450805e+001	1.87611907e-004	-1.87609780e-004	-8.93355999e-007	
2.53452594e+001	1.83382876e-004	-1.83380749e-004	-8.83181957e-007	
2.54454383e+001	1.79354981e-004	-1.79352861e-004	-8.71930422e-007	
2.55456172e+001	1.75327086e-004	-1.75324974e-004	-8.60678886e-007	
2.56457961e+001	1.71299192e-004	-1.71297086e-004	-8.49427351e-007	
2.57459750e+001	1.67056491e-004	-1.67054390e-004	-8.37835059e-007	
2.58461538e+001	1.62619501e-004	-1.62617404e-004	-8.25934561e-007	
2.59463327e+001	1.58182512e-004	-1.58180417e-004	-8.14034063e-007	
2.60465116e+001	1.54583990e-004	-1.54581871e-004	-8.09471286e-007	
2.61466905e+001	1.50987800e-004	-1.50985707e-004	-7.95145619e-007	
2.62468694e+001	1.47603941e-004	-1.47601867e-004	-7.82496409e-007	
2.63470483e+001	1.44220081e-004	-1.44218026e-004	-7.69847200e-007	
2.64472272e+001	1.40836222e-004	-1.40834186e-004	-7.57197991e-007	
2.65474061e+001	1.37452363e-004	-1.37450346e-004	-7.44548782e-007	
2.66475850e+001	1.34068504e-004	-1.34066506e-004	-7.31899572e-007	
2.67477639e+001	1.30684645e-004	-1.30682666e-004	-7.19250363e-007	
2.68479428e+001	1.27373753e-004	-1.27371830e-004	-6.99946863e-007	
2.69481216e+001	1.23779729e-004	-1.23777885e-004	-6.75670604e-007	
2.70483005e+001	1.19944221e-004	-1.19942462e-004	-6.49577312e-007	
2.71484794e+001	1.16108713e-004	-1.16107039e-004	-6.23484020e-007	
2.72486583e+001	1.12273205e-004	-1.12271616e-004	-5.97390728e-007	
2.73488372e+001	1.07418423e-004	-1.07417014e-004	-5.50226062e-007	
2.74490161e+001	1.01221142e-004	-1.01220026e-004	-4.75307738e-007	
2.75491950e+001	9.49950994e-005	-9.49942670e-005	-3.97686322e-007	
2.76493739e+001	8.73966179e-005	-8.73961353e-005	-2.90452699e-007	
2.77495528e+001	8.06485300e-005	-8.06482740e-005	-2.03172810e-007	
2.78497317e+001	7.39695290e-005	-7.39694360e-005	-1.17331520e-007	
2.79499106e+001	6.52285152e-005	-6.52285141e-005	1.22680239e-008	
2.80500894e+001	5.62095132e-005	-5.62093657e-005	1.28784573e-007	
2.81502683e+001	5.01562669e-005	-5.01559161e-005	1.87568908e-007	
2.82504472e+001	4.41031546e-005	-4.41024666e-005	2.46353243e-007	
2.83506261e+001	3.75852445e-005	-3.75840189e-005	3.03519800e-007	
2.84508050e+001	2.96593123e-005	-2.96571782e-005	3.55786412e-007	
2.85509839e+001	2.57129851e-005	-2.57106021e-005	3.50059664e-007	
2.86511628e+001	2.17799833e-005	-2.17772643e-005	3.44140031e-007	
2.87513417e+001	1.75594015e-005	-1.75559802e-005	3.46612124e-007	
2.88515206e+001	1.36143415e-005	-1.36096622e-005	3.56915482e-007	
2.89516995e+001	1.23357946e-005	-1.23310975e-005	3.40385885e-007	
2.90518784e+001	1.12916421e-005	-1.12871083e-005	3.19946847e-007	
2.91520572e+001	1.02474970e-005	-1.02431191e-005	2.99507809e-007	
2.92522361e+001	9.20336195e-006	-9.19912995e-006	2.79068771e-007	
2.93524150e+001	8.15924078e-006	-8.15514076e-006	2.58629734e-007	
2.94525939e+001	7.52383657e-006	-7.51960457e-006	2.52317081e-007	
2.95527728e+001	6.90432662e-006	-6.89992303e-006	2.46552764e-007	
2.96529517e+001	6.28485578e-006	-6.28024149e-006	2.40788446e-007	
2.97531306e+001	5.71837330e-006	-5.71355417e-006	2.34716844e-007	
2.98533095e+001	5.76179204e-006	-5.75739309e-006	2.25105140e-007	
2.99534884e+001	5.80523301e-006	-5.80123201e-006	2.15493435e-007	
3.00536673e+001	5.84869571e-006	-5.84507093e-006	2.05881730e-007	
3.01538462e+001	5.65717685e-006	-5.65365236e-006	1.99661842e-007	
3.02540250e+001	5.35742774e-006	-5.35387760e-006	1.95004176e-007	
3.03542039e+001	5.05768596e-006	-5.05410284e-006	1.90346510e-007	
3.04543828e+001	4.80010360e-006	-4.79651621e-006	1.85544736e-007	
3.05545617e+001	4.91814139e-006	-4.91486615e-006	1.79458822e-007	
3.06547406e+001	5.03620119e-006	-5.03321609e-006	1.73372908e-007	
3.07549195e+001	5.15428148e-006	-5.15156603e-006	1.67286995e-007	
3.08550984e+001	5.22446204e-006	-5.22196216e-006	1.61600831e-007	
3.09552773e+001	5.15412389e-006	-5.15172949e-006	1.57086972e-007	
3.10554562e+001	5.18649543e-006	-5.18424630e-006	1.52725674e-007	
3.11556351e+001	5.24644538e-006	-5.24434600e-006	1.48405330e-007	
3.12558140e+001	5.26844456e-006	-5.26648761e-006	1.43584205e-007	
3.13559928e+001	5.27368160e-006	-5.27186151e-006	1.38541865e-007	
3.14561717e+001	5.27892373e-006	-5.27723542e-006	1.33499524e-007	
3.15563506e+001	5.27126581e-006	-5.26969787e-006	1.28559916e-007	
3.16565295e+001	5.22897582e-006	-5.22748798e-006	1.24729796e-007	
3.17567084e+001	5.20622858e-006	-5.20479353e-006	1.22230712e-007	
3.18568873e+001	5.19419357e-006	-5.19281766e-006	1.19547490e-007	
3.19570662e+001	5.18215967e-006	-5.18084179e-006	1.16864269e-007	
3.20572451e+001	5.17464417e-006	-5.17338742e-006	1.14038669e-007	
3.21574240e+001	5.16860036e-006	-5.16740473e-006	1.11166727e-007	
3.22576029e+001	5.16076814e-006	-5.15963068e-006	1.08346751e-007	
3.23577818e+001	5.13228615e-006	-5.13120857e-006	1.05165004e-007	
3.24579606e+001	5.08710520e-006	-5.08609191e-006	1.01529984e-007	
3.25581395e+001	5.04192572e-006	-5.04097526e-006	9.78949630e-008	
3.26583184e+001	4.99674775e-006	-4.99585860e-006	9.42599424e-008	
3.27584973e+001	4.96707937e-006	-4.96623726e-006	9.14602585e-008	
3.28586762e+001	4.94424302e-006	-4.94344065e-006	8.90705626e-008	
3.29588551e+001	4.92882085e-006	-4.92804971e-006	8.71839873e-008	
3.30590340e+001	4.91339922e-006	-4.91265878e-006	8.52974121e-008	
3.31592129e+001	4.89376091e-006	-4.89305883e-006	8.28922528e-008	
3.32593918e+001	4.85564378e-006	-4.85497971e-006	8.03022783e-008	
3.33595707e+001	4.80338238e-006	-4.80275332e-006	7.77359525e-008	
3.34597496e+001	4.75112160e-006	-4.75052692e-006	7.51696268e-008	
3.35599284e+001	4.70566835e-006	-4.70510477e-006	7.28262685e-008	
3.36601073e+001	4.67563070e-006	-4.67509740e-006	7.06168322e-008	
3.37602862e+001	4.64446592e-006	-4.64396274e-006	6.83645992e-008	
3.38604651e+001	4.61330183e-006	-4.61282808e-006	6.61123662e-008	
3.39606440e+001	4.58221273e-006	-4.58176512e-006	6.40458312e-008	
3.40608229e+001	4.55123977e-006	-4.55081378e-006	6.22683981e-008	
3.41610018e+001	4.52046035e-006	-4.52005556e-006	6.04939581e-008	
3.42611807e+001	4.50812355e-006	-4.50773739e-006	5.90053136e-008	
3.43613596e+001	4.49578715e-006	-4.49541922e-006	5.75166691e-008	
3.44615385e+001	4.46015770e-006	-4.45981031e-006	5.56666117e-008	
3.45617174e+001	4.40925752e-006	-4.40893197e-006	5.35796117e-008	
3.46618962e+001	4.36096128e-006	-4.36065500e-006	5.16841334e-008	
3.47620751e+001	4.31401028e-006	-4.31372182e-006	4.98875888e-008	
3.48622540e+001	4.26677228e-006	-4.26650150e-006	4.80684176e-008	
3.49624329e+001	4.21881060e-006	-4.21855771e-006	4.61922366e-008	
3.50626118e+001	4.17119778e-006	-4.17096113e-006	4.44317793e-008	
3.51627907e+001	4.13291495e-006	-4.13269299e-006	4.28331629e-008	
3.52629696e+001	4.11309551e-006	-4.11288586e-006	4.15282688e-008	
3.53631485e+001	4.09342474e-006	-4.09322621e-006	4.03156577e-008	
3.54633274e+001	4.07495397e-006	-4.07476633e-006	3.91049543e-008	
3.55635063e+001	4.05813509e-006	-4.05795813e-006	3.78968770e-008	
3.56636852e+001	4.04131648e-006	-4.04114993e-006	3.66887997e-008	
3.57638640e+001	4.02327994e-006	-4.02312384e-006	3.54409428e-008	
3.58640429e+001	3.99280689e-006	-3.99266320e-006	3.38734518e-008	
3.59642218e+001	3.96467481e-006	-3.96454299e-006	3.23298265e-008	
3.60644007e+001	3.93654317e-006	-3.93642278e-006	3.07862012e-008	
3.61645796e+001	3.90841197e-006	-3.90830257e-006	2.92425759e-008	
3.62647585e+001	3.89865926e-006	-3.89855642e-006	2.83171198e-008	
3.63649374e+001	3.89068443e-006	-3.89058764e-006	2.74433868e-008	
3.64651163e+001	3.88270977e-006	-3.88261886e-006	2.65696539e-008	
3.65652952e+001	3.87473528e-006	-3.87465008e-006	2.56959209e-008	
3.66654741e+001	3.86676097e-006	-3.86668130e-006	2.48221879e-008	
3.67656530e+001	3.85878683e-006	-3.85871252e-006	2.39484550e-008	
3.68658318e+001	3.85066775e-006	-3.85059929e-006	2.29620453e-008	
3.69660107e+001	3.84249963e-006	-3.84243701e-006	2.19373692e-008	
3.70661896e+001	3.83433176e-006	-3.83427473e-006	2.09126932e-008	
3.71663685e+001	3.82752508e-006	-3.82747298e-006	1.99700007e-008	
3.72665474e+001	3.82078516e-006	-3.82073777e-006	1.90313174e-008	
3.73667263e+001	3.81553791e-006	-3.81549499e-006	1.80988956e-008	
3.74669052e+001	3.82565537e-006	-3.82561657e-006	1.72309337e-008	
3.75670841e+001	3.85008074e-006	-3.85004657e-006	1.62190352e-008	
3.76672630e+001	3.88427459e-006	-3.88424521e-006	1.51088683e-008	
3.77674419e+001	3.91846885e-006	-3.91844385e-006	1.39987014e-008	
3.78676208e+001	3.94954255e-006	-3.94952144e-006	1.29132661e-008	
3.79677996e+001	3.97531540e-006	-3.97529768e-006	1.18698397e-008	
3.80679785e+001	4.00877783e-006	-4.00876409e-006	1.04968141e-008	
3.81681574e+001	4.03901709e-006	-4.03900654e-006	9.22911924e-009	
3.82683363e+001	4.06925678e-006	-4.06924900e-006	7.96142439e-009	
3.83685152e+001	4.09949691e-006	-4.09949145e-006	6.69372954e-009	
3.84686941e+001	4.12973747e-006	-4.12973390e-006	5.42603470e-009	
3.85688730e+001	4.19275461e-006	-4.19275272e-006	3.97961300e-009	
3.86690519e+001	4.26071867e-006	-4.26071791e-006	2.54340732e-009	
3.87692308e+001	4.32868323e-006	-4.32868309e-006	1.10720163e-009	
3.88694097e+001	4.39664828e-006	-4.39664827e-006	-3.29004050e-010	
3.89695886e+001	4.52065729e-006	-4.52065608e-006	-3.31449021e-009	
3.90697674e+001	4.66315786e-006	-4.66315288e-006	-6.81109895e-009	
3.91699463e+001	4.79986246e-006	-4.79985284e-006	-9.60998242e-009	
3.92701252e+001	4.92364261e-006	-4.92363065e-006	-1.08535183e-008	
3.93703041e+001	5.04742295e-006	-5.04740846e-006	-1.20970542e-008	
3.94704830e+001	5.17120347e-006	-5.17118626e-006	-1.33405901e-008	
3.95706619e+001	5.29498415e-006	-5.29496407e-006	-1.45841260e-008	
3.96708408e+001	5.57306034e-006	-5.57301971e-006	-2.12823849e-008	
3.97710197e+001	5.90145455e-006	-5.90140579e-006	-2.39907824e-008	
3.98711986e+001	6.12903811e-006	-6.12899242e-006	-2.36673141e-008	
3.99713775e+001	6.32643247e-006	-6.32639238e-006	-2.25215853e-008	
4.00715564e+001	6.56253260e-006	-6.56250453e-006	-1.91965534e-008	
4.01717352e+001	6.79878947e-006	-6.79878084e-006	-1.08292273e-008	
4.02719141e+001	6.48608943e-006	-6.48604248e-006	2.46805872e-008	
4.03720930e+001	6.41763884e-006	-6.41742573e-006	5.22997966e-008	
4.04722719e+001	5.52771815e-006	-5.52509250e-006	1.70354814e-007	
4.05724508e+001	4.33965106e-006	-4.33266471e-006	2.46146040e-007	
4.06726297e+001	3.06449225e-006	-3.05478450e-006	2.43730211e-007	
4.07728086e+001	2.16279086e-006	-2.15340978e-006	2.01222830e-007	
4.08729875e+001	1.65693347e-006	-1.64941171e-006	1.57700754e-007	
4.09731664e+001	1.24091000e-006	-1.23491256e-006	1.21854778e-007	
4.10733453e+001	9.06671603e-007	-9.02220836e-007	8.97271405e-008	
4.11735242e+001	7.61111823e-007	-7.57526361e-007	7.37903741e-008	
4.12737030e+001	6.12090056e-007	-6.09254311e-007	5.88508343e-008	
4.13738819e+001	5.21560018e-007	-5.19401840e-007	4.73981210e-008	
4.14740608e+001	4.17469646e-007	-4.15720137e-007	3.81794898e-008	
4.15742397e+001	3.52861355e-007	-3.51506485e-007	3.08921799e-008	
4.16744186e+001	2.87809658e-007	-2.86763118e-007	2.45216863e-008	
4.17745975e+001	2.42739065e-007	-2.41941990e-007	1.96552051e-008	
4.18747764e+001	2.03348672e-007	-2.02795214e-007	1.49927867e-008	
4.19749553e+001	1.61904335e-007	-1.61574728e-007	1.03257394e-008	
4.20751342e+001	1.28058114e-007	-1.27952750e-007	5.19369689e-009	
4.21753131e+001	8.49036849e-008	-8.49022694e-008	-4.90259955e-010	
4.22754919e+001	1.89006912e-008	-1.58336641e-008	-1.03213956e-008	
4.23756708e+001	6.30892968e-008	6.07510539e-008	-1.70167219e-008	
4.24758497e+001	1.33543305e-007	1.32322210e-007	-1.80179620e-008	
4.25760286e+001	1.81630733e-007	1.81027509e-007	-1.47906799e-008	
4.26762075e+001	1.78291901e-007	1.78072948e-007	-8.83330712e-009	
4.27763864e+001	1.48780044e-007	1.48747416e-007	-3.11572094e-009	
4.28765653e+001	5.50776879e-008	5.49335108e-008	3.98259939e-009	
4.29767442e+001	2.10616327e-008	-1.92715207e-008	8.49710898e-009	
4.30769231e+001	1.06299887e-007	-1.05502431e-007	1.29962739e-008	
4.31771020e+001	1.83387036e-007	-1.82607346e-007	1.68926708e-008	
4.32772809e+001	2.16129537e-007	-2.15340127e-007	1.84555226e-008	
4.33774597e+001	2.51719164e-007	-2.50917602e-007	2.00722308e-008	
4.34776386e+001	2.33230718e-007	-2.32311635e-007	2.06850635e-008	
4.35778175e+001	2.21492220e-007	-2.20506567e-007	2.08724097e-008	
4.36779964e+001	1.91715137e-007	-1.90662624e-007	2.00613532e-008	
4.37781753e+001	1.55552452e-007	-1.54505774e-007	1.80147544e-008	
4.38783542e+001	1.25044316e-007	-1.24087171e-007	1.54419865e-008	
4.39785331e+001	9.79180250e-008	-9.71365769e-008	1.23460545e-008	
4.40787120e+001	7.73466061e-008	-7.67174580e-008	9.84525767e-009	
4.41788909e+001	6.12032566e-008	-6.06696270e-008	8.06442672e-009	
4.42790698e+001	5.05586747e-008	-5.01143813e-008	6.68792789e-009	
4.43792487e+001	4.09584686e-008	-4.05844311e-008	5.52268999e-009	
4.44794275e+001	3.30323167e-008	-3.27240720e-008	4.50211695e-009	
4.45796064e+001	3.09655134e-008	-3.07095437e-008	3.97327942e-009	
4.46797853e+001	2.93000056e-008	-2.90928598e-008	3.47790748e-009	
4.47799642e+001	2.89607933e-008	-2.87998168e-008	3.04927863e-009	
4.48801431e+001	2.85862111e-008	-2.84510826e-008	2.77621390e-009	
4.49803220e+001	2.80004837e-008	-2.78894034e-008	2.49163870e-009	
4.50805009e+001	2.76184259e-008	-2.75194136e-008	2.33651948e-009	
4.51806798e+001	2.56996742e-008	-2.56163955e-008	2.06725358e-009	
4.52808587e+001	2.30121728e-008	-2.29258722e-008	1.99110044e-009	
4.53810376e+001	2.09897400e-008	-2.09056842e-008	1.87658000e-009	
4.54812165e+001	2.00310918e-008	-1.99622368e-008	1.65943966e-009	
4.55813953e+001	2.00769284e-008	-2.00255195e-008	1.43583510e-009	
4.56815742e+001	2.05169590e-008	-2.04796952e-008	1.23599777e-009	
4.57817531e+001	2.56506731e-008	-2.56338406e-008	9.29109269e-010	
4.58819320e+001	3.25390097e-008	-3.25360188e-008	4.41174858e-010	
4.59821109e+001	5.01209420e-008	-5.00606031e-008	-2.45862551e-009	
4.60822898e+001	3.16862570e-008	-2.96650501e-008	1.11356943e-008	
4.61824687e+001	2.39970365e-009	-1.70422192e-009	1.68943933e-009	
4.62826476e+001	3.50497057e-010	2.23748150e-010	2.69786865e-010	
4.63828265e+001	1.14420276e-009	-1.11470129e-009	2.58149173e-010	
4.64830054e+001	4.94819087e-010	4.11498168e-010	-2.74800266e-010	
4.65831843e+001	2.27897744e-009	2.21277737e-009	-5.45302179e-010	
4.66833631e+001	5.33694952e-010	2.36964645e-010	-4.78202948e-010	
4.67835420e+001	9.36737811e-010	5.85459629e-010	-7.31241922e-010	
4.68837209e+001	1.46657898e-009	1.21994784e-009	-8.13990893e-010	
4.69838998e+001	1.34981383e-009	1.22855031e-009	-5.59161424e-010	
4.70840787e+001	3.14296409e-009	2.55985750e-009	-1.82355500e-009	
4.71842576e+001	1.30080965e-009	6.00908296e-010	-1.15369622e-009	
4.72844365e+001	3.52728648e-009	2.94379320e-009	-1.94314989e-009	
4.73846154e+001	2.57194523e-009	1.00062492e-010	-2.56999801e-009	
4.74847943e+001	6.54037336e-009	5.86814125e-009	-2.88814854e-009	
4.75849732e+001	6.08876581e-009	4.68146982e-009	-3.89318756e-009	
4.76851521e+001	4.04675669e-009	2.73687823e-009	-2.98089538e-009	
4.77853309e+001	1.67622580e-008	1.47225260e-008	-8.01377089e-009	
4.78855098e+001	1.49652995e-008	1.09933578e-008	-1.01541260e-008	
4.79856887e+001	2.93936457e-008	1.80975812e-008	-2.31616916e-008	
4.80858676e+001	9.34780230e-008	5.98461422e-008	-7.18093312e-008	
4.81860465e+001	9.63877969e-007	9.61696880e-007	-6.48062384e-008	
4.82862254e+001	1.07260872e-006	1.07203914e-006	3.49506364e-008	
4.83864043e+001	9.45729160e-007	9.45690352e-007	8.56750763e-009	
4.84865832e+001	8.88088547e-007	8.88088543e-007	9.13860167e-011	
4.85867621e+001	8.68833340e-007	8.68830863e-007	-2.07483320e-009	
4.86869410e+001	8.36203218e-007	8.36191326e-007	-4.45961417e-009	
4.87871199e+001	8.10202316e-007	8.10189978e-007	-4.47127043e-009	
4.88872987e+001	7.99668888e-007	7.99654943e-007	-4.72253165e-009	
4.89874776e+001	7.89135583e-007	7.89119909e-007	-4.97379286e-009	
4.90876565e+001	7.79388897e-007	7.79373147e-007	-4.95494122e-009	
4.91878354e+001	7.69987830e-007	7.69972759e-007	-4.81739920e-009	
4.92880143e+001	7.60586770e-007	7.60572372e-007	-4.67985718e-009	
4.93881932e+001	7.49247254e-007	7.49233619e-007	-4.52018323e-009	
4.94883721e+001	7.27886854e-007	7.27874653e-007	-4.21446700e-009	
4.95885510e+001	7.07599448e-007	7.07588284e-007	-3.97496708e-009	
4.96887299e+001	6.87312065e-007	6.87301914e-007	-3.73546716e-009	
4.97889088e+001	6.67024705e-007	6.67015544e-007	-3.49596723e-009	
4.98890877e+001	6.46567821e-007	6.46559631e-007	-3.25432189e-009	
4.99892665e+001	6.25863117e-007	6.25855881e-007	-3.00954038e-009	
5.00894454e+001	6.10539933e-007	6.10533410e-007	-2.82219097e-009	
5.01896243e+001	5.94830335e-007	5.94824454e-007	-2.64522660e-009	
5.02898032e+001	5.79120757e-007	5.79115497e-007	-2.46826223e-009	
5.03899821e+001	5.63411199e-007	5.63406540e-007	-2.29129787e-009	
5.04901610e+001	5.47701664e-007	5.47697583e-007	-2.11433350e-009	
5.05903399e+001	5.31992154e-007	5.31988626e-007	-1.93736913e-009	
5.06905188e+001	5.16282671e-007	5.16279670e-007	-1.76040477e-009	
5.07906977e+001	4.99874573e-007	4.99872032e-007	-1.59380460e-009	
5.08908766e+001	4.81921510e-007	4.81919356e-007	-1.44070550e-009	
5.09910555e+001	4.63968467e-007	4.63966680e-007	-1.28760640e-009	
5.10912343e+001	4.46015447e-007	4.46014004e-007	-1.13450730e-009	
5.11914132e+001	4.31735309e-007	4.31734087e-007	-1.02707108e-009	
5.12915921e+001	4.18289355e-007	4.18288319e-007	-9.30902909e-010	
5.13917710e+001	4.00171873e-007	4.00170990e-007	-8.40889172e-010	
5.14919499e+001	3.82054398e-007	3.82053661e-007	-7.50875435e-010	
5.15921288e+001	3.65601613e-007	3.65601016e-007	-6.60285280e-010	
5.16923077e+001	3.49322992e-007	3.49322528e-007	-5.69634822e-010	
5.17924866e+001	3.33044384e-007	3.33044039e-007	-4.78984364e-010	
5.18926655e+001	3.19119647e-007	3.19119398e-007	-3.99157800e-010	
5.19928444e+001	3.09124148e-007	3.09123955e-007	-3.45613200e-010	
5.20930233e+001	3.00201676e-007	3.00201526e-007	-3.00529068e-010	
5.21932021e+001	2.91279208e-007	2.91279096e-007	-2.55444936e-010	
5.22933810e+001	2.78954242e-007	2.78954152e-007	-2.24472596e-010	
5.23935599e+001	2.67072353e-007	2.67072284e-007	-1.91641001e-010	
5.24937388e+001	2.55695210e-007	2.55695162e-007	-1.56699274e-010	
5.25939177e+001	2.44318070e-007	2.44318039e-007	-1.21757547e-010	
5.26940966e+001	2.32964907e-007	2.32964891e-007	-8.70326640e-011	
5.27942755e+001	2.24182306e-007	2.24182298e-007	-6.13682397e-011	
5.28944544e+001	2.15494233e-007	2.15494230e-007	-3.54691530e-011	
5.29946333e+001	2.06806162e-007	2.06806161e-007	-9.57006628e-012	
5.30948122e+001	1.98118094e-007	1.98118093e-007	1.63290205e-011	
5.31949911e+001	1.89277620e-007	1.89277616e-007	3.75135277e-011	
5.32951699e+001	1.80089905e-007	1.80089899e-007	4.79566122e-011	
5.33953488e+001	1.70902192e-007	1.70902182e-007	5.83996968e-011	
5.34955277e+001	1.61714479e-007	1.61714465e-007	6.88427813e-011	
5.35957066e+001	1.52389235e-007	1.52389212e-007	8.28845280e-011	
5.36958855e+001	1.43624932e-007	1.43624900e-007	9.55021793e-011	
5.37960644e+001	1.35992791e-007	1.35992755e-007	9.87372668e-011	
5.38962433e+001	1.28095260e-007	1.28095219e-007	1.01887109e-010	
5.39964222e+001	1.20010413e-007	1.20010368e-007	1.04976783e-010	
5.40966011e+001	1.11925568e-007	1.11925516e-007	1.08066457e-010	
5.41967800e+001	1.04849405e-007	1.04849349e-007	1.07979556e-010	
5.42969589e+001	9.83583552e-008	9.83582981e-008	1.06049997e-010	
5.43971377e+001	9.25329979e-008	9.25329374e-008	1.05801964e-010	
5.44973166e+001	8.71019121e-008	8.71018469e-008	1.06549854e-010	
5.45974955e+001	8.16708268e-008	8.16707564e-008	1.07297743e-010	
5.46976744e+001	7.53001356e-008	7.53000646e-008	1.03380090e-010	
5.47978533e+001	6.86197172e-008	6.86196474e-008	9.79245105e-011	
5.48980322e+001	6.19392991e-008	6.19392301e-008	9.24689311e-011	
5.49982111e+001	5.58936542e-008	5.58935897e-008	8.49616161e-011	
5.50983900e+001	5.02673065e-008	5.02672489e-008	7.60990340e-011	
5.51985689e+001	4.46409588e-008	4.46409081e-008	6.72364518e-011	
5.52987478e+001	3.90146111e-008	3.90145674e-008	5.83738697e-011	
5.53989267e+001	3.33882633e-008	3.33882266e-008	4.95112876e-011	
5.54991055e+001	2.76943195e-008	2.76942880e-008	4.18076262e-011	
5.55992844e+001	2.19972442e-008	2.19972176e-008	3.41588672e-011	
5.56994633e+001	1.62863196e-008	1.62862986e-008	2.61487706e-011	
5.57996422e+001	1.08799413e-008	1.08799273e-008	1.74937875e-011	
5.58998211e+001	5.15949441e-009	5.15948752e-009	8.42901716e-012	
5.60000000e+001	3.27766773e-010	3.27766021e-010	7.01861448e-013	
