% Column 0: Length, cm
% Column 1: |B.n|, Tesla
% Column 2: Re[B.n], Tesla
% Column 3: Im[B.n], Tesla
0.00000000e+000	6.37023949e-016	-6.37023428e-016	-8.15119703e-019	
1.00178891e-001	6.29732473e-015	-6.29731961e-015	-8.03070923e-018	
2.00357782e-001	1.01083321e-014	-1.01083239e-014	-1.28725756e-017	
3.00536673e-001	1.76835806e-014	-1.76835665e-014	-2.23176143e-017	
4.00715564e-001	1.76835806e-014	-1.76835665e-014	-2.23176143e-017	
5.00894454e-001	2.85069802e-014	-2.85069589e-014	-3.47757055e-017	
6.01073345e-001	2.85069802e-014	-2.85069589e-014	-3.47757055e-017	
7.01252236e-001	2.85069802e-014	-2.85069589e-014	-3.47757055e-017	
8.01431127e-001	2.85069802e-014	-2.85069589e-014	-3.47757055e-017	
9.01610018e-001	8.32378303e-014	-8.32378181e-014	-4.50696098e-017	
1.00178891e+000	8.32378303e-014	-8.32378181e-014	-4.50696098e-017	
1.10196780e+000	8.32378303e-014	-8.32378181e-014	-4.50696098e-017	
1.20214669e+000	8.32378303e-014	-8.32378181e-014	-4.50696098e-017	
1.30232558e+000	8.32378303e-014	-8.32378181e-014	-4.50696098e-017	
1.40250447e+000	8.32378303e-014	-8.32378181e-014	-4.50696098e-017	
1.50268336e+000	8.32378303e-014	-8.32378181e-014	-4.50696098e-017	
1.60286225e+000	8.32378303e-014	-8.32378181e-014	-4.50696098e-017	
1.70304114e+000	8.32378303e-014	-8.32378181e-014	-4.50696098e-017	
1.80322004e+000	9.61014908e-014	-9.61014903e-014	-9.09971115e-018	
1.90339893e+000	9.61014908e-014	-9.61014903e-014	-9.09971115e-018	
2.00357782e+000	9.61014908e-014	-9.61014903e-014	-9.09971115e-018	
2.10375671e+000	9.61014908e-014	-9.61014903e-014	-9.09971115e-018	
2.20393560e+000	1.34883612e-013	-1.34883560e-013	1.19248345e-016	
2.30411449e+000	1.34883612e-013	-1.34883560e-013	1.19248345e-016	
2.40429338e+000	1.34883612e-013	-1.34883560e-013	1.19248345e-016	
2.50447227e+000	1.34883612e-013	-1.34883560e-013	1.19248345e-016	
2.60465116e+000	1.34883612e-013	-1.34883560e-013	1.19248345e-016	
2.70483005e+000	1.59771698e-013	-1.59771347e-013	3.34820966e-016	
2.80500894e+000	1.59771698e-013	-1.59771347e-013	3.34820966e-016	
2.90518784e+000	1.59771698e-013	-1.59771347e-013	3.34820966e-016	
3.00536673e+000	1.59771698e-013	-1.59771347e-013	3.34820966e-016	
3.10554562e+000	1.59771698e-013	-1.59771347e-013	3.34820966e-016	
3.20572451e+000	1.59771698e-013	-1.59771347e-013	3.34820966e-016	
3.30590340e+000	1.59771698e-013	-1.59771347e-013	3.34820966e-016	
3.40608229e+000	1.59771698e-013	-1.59771347e-013	3.34820966e-016	
3.50626118e+000	1.59771698e-013	-1.59771347e-013	3.34820966e-016	
3.60644007e+000	2.36251943e-013	-2.36250538e-013	8.14681798e-016	
3.70661896e+000	2.36251943e-013	-2.36250538e-013	8.14681798e-016	
3.80679785e+000	2.36251943e-013	-2.36250538e-013	8.14681798e-016	
3.90697674e+000	2.36251943e-013	-2.36250538e-013	8.14681798e-016	
4.00715564e+000	2.74256459e-013	-2.74252740e-013	1.42808755e-015	
4.10733453e+000	2.74256459e-013	-2.74252740e-013	1.42808755e-015	
4.20751342e+000	2.74256459e-013	-2.74252740e-013	1.42808755e-015	
4.30769231e+000	2.74256459e-013	-2.74252740e-013	1.42808755e-015	
4.40787120e+000	2.74256459e-013	-2.74252740e-013	1.42808755e-015	
4.50805009e+000	2.74256459e-013	-2.74252740e-013	1.42808755e-015	
4.60822898e+000	2.74256459e-013	-2.74252740e-013	1.42808755e-015	
4.70840787e+000	2.74256459e-013	-2.74252740e-013	1.42808755e-015	
4.80858676e+000	2.74256459e-013	-2.74252740e-013	1.42808755e-015	
4.90876565e+000	3.34127044e-013	-3.34119948e-013	2.17760550e-015	
5.00894454e+000	3.34127044e-013	-3.34119948e-013	2.17760550e-015	
5.10912343e+000	3.34127044e-013	-3.34119948e-013	2.17760550e-015	
5.20930233e+000	3.34127044e-013	-3.34119948e-013	2.17760550e-015	
5.30948122e+000	3.59648122e-013	-3.59636821e-013	2.85115819e-015	
5.40966011e+000	3.59648122e-013	-3.59636821e-013	2.85115819e-015	
5.50983900e+000	3.59648122e-013	-3.59636821e-013	2.85115819e-015	
5.61001789e+000	3.59648122e-013	-3.59636821e-013	2.85115819e-015	
5.71019678e+000	2.95328092e-013	-2.95315242e-013	2.75495413e-015	
5.81037567e+000	2.95328092e-013	-2.95315242e-013	2.75495413e-015	
5.91055456e+000	2.95328092e-013	-2.95315242e-013	2.75495413e-015	
6.01073345e+000	2.95328092e-013	-2.95315242e-013	2.75495413e-015	
6.11091234e+000	2.95328092e-013	-2.95315242e-013	2.75495413e-015	
6.21109123e+000	2.95328092e-013	-2.95315242e-013	2.75495413e-015	
6.31127013e+000	2.95328092e-013	-2.95315242e-013	2.75495413e-015	
6.41144902e+000	2.95328092e-013	-2.95315242e-013	2.75495413e-015	
6.51162791e+000	2.95328092e-013	-2.95315242e-013	2.75495413e-015	
6.61180680e+000	3.24765087e-013	-3.24748876e-013	3.24487151e-015	
6.71198569e+000	3.24765087e-013	-3.24748876e-013	3.24487151e-015	
6.81216458e+000	3.24765087e-013	-3.24748876e-013	3.24487151e-015	
6.91234347e+000	3.24765087e-013	-3.24748876e-013	3.24487151e-015	
7.01252236e+000	3.09997119e-013	-3.09983772e-013	2.87657369e-015	
7.11270125e+000	3.09997119e-013	-3.09983772e-013	2.87657369e-015	
7.21288014e+000	3.09997119e-013	-3.09983772e-013	2.87657369e-015	
7.31305903e+000	3.09997119e-013	-3.09983772e-013	2.87657369e-015	
7.41323792e+000	3.09997119e-013	-3.09983772e-013	2.87657369e-015	
7.51341682e+000	2.18720860e-013	-2.18714082e-013	1.72194710e-015	
7.61359571e+000	2.18720860e-013	-2.18714082e-013	1.72194710e-015	
7.71377460e+000	2.18720860e-013	-2.18714082e-013	1.72194710e-015	
7.81395349e+000	2.18720860e-013	-2.18714082e-013	1.72194710e-015	
7.91413238e+000	1.59002377e-013	-1.59001677e-013	-4.71671721e-016	
8.01431127e+000	1.59002377e-013	-1.59001677e-013	-4.71671721e-016	
8.11449016e+000	1.59002377e-013	-1.59001677e-013	-4.71671721e-016	
8.21466905e+000	1.59002377e-013	-1.59001677e-013	-4.71671721e-016	
8.31484794e+000	1.59002377e-013	-1.59001677e-013	-4.71671721e-016	
8.41502683e+000	4.29251816e-014	-4.26737305e-014	-4.63939057e-015	
8.51520572e+000	4.29251816e-014	-4.26737305e-014	-4.63939057e-015	
8.61538462e+000	4.29251816e-014	-4.26737305e-014	-4.63939057e-015	
8.71556351e+000	4.29251816e-014	-4.26737305e-014	-4.63939057e-015	
8.81574240e+000	1.22671219e-013	1.22278492e-013	-9.80807557e-015	
8.91592129e+000	1.22671219e-013	1.22278492e-013	-9.80807557e-015	
9.01610018e+000	1.22671219e-013	1.22278492e-013	-9.80807557e-015	
9.11627907e+000	1.22671219e-013	1.22278492e-013	-9.80807557e-015	
9.21645796e+000	1.22671219e-013	1.22278492e-013	-9.80807557e-015	
9.31663685e+000	1.22671219e-013	1.22278492e-013	-9.80807557e-015	
9.41681574e+000	1.22671219e-013	1.22278492e-013	-9.80807557e-015	
9.51699463e+000	1.22671219e-013	1.22278492e-013	-9.80807557e-015	
9.61717352e+000	1.22671219e-013	1.22278492e-013	-9.80807557e-015	
9.71735242e+000	2.96753136e-013	2.96304970e-013	-1.63030179e-014	
9.81753131e+000	2.96753136e-013	2.96304970e-013	-1.63030179e-014	
9.91771020e+000	2.96753136e-013	2.96304970e-013	-1.63030179e-014	
1.00178891e+001	2.96753136e-013	2.96304970e-013	-1.63030179e-014	
1.01180680e+001	5.74478021e-013	5.73797950e-013	-2.79447624e-014	
1.02182469e+001	5.74478021e-013	5.73797950e-013	-2.79447624e-014	
1.03184258e+001	5.74478021e-013	5.73797950e-013	-2.79447624e-014	
1.04186047e+001	5.74478021e-013	5.73797950e-013	-2.79447624e-014	
1.05187835e+001	9.48740387e-013	9.47924168e-013	-3.93458187e-014	
1.06189624e+001	9.48740387e-013	9.47924168e-013	-3.93458187e-014	
1.07191413e+001	9.48740387e-013	9.47924168e-013	-3.93458187e-014	
1.08193202e+001	9.48740387e-013	9.47924168e-013	-3.93458187e-014	
1.09194991e+001	9.48740387e-013	9.47924168e-013	-3.93458187e-014	
1.10196780e+001	1.22044152e-012	1.21962820e-012	-4.45481769e-014	
1.11198569e+001	1.22044152e-012	1.21962820e-012	-4.45481769e-014	
1.12200358e+001	1.22044152e-012	1.21962820e-012	-4.45481769e-014	
1.13202147e+001	1.22044152e-012	1.21962820e-012	-4.45481769e-014	
1.14203936e+001	1.22044152e-012	1.21962820e-012	-4.45481769e-014	
1.15205725e+001	1.22044152e-012	1.21962820e-012	-4.45481769e-014	
1.16207513e+001	1.22044152e-012	1.21962820e-012	-4.45481769e-014	
1.17209302e+001	1.22044152e-012	1.21962820e-012	-4.45481769e-014	
1.18211091e+001	2.45806603e-012	2.45692058e-012	-7.50321972e-014	
1.19212880e+001	2.45806603e-012	2.45692058e-012	-7.50321972e-014	
1.20214669e+001	2.45806603e-012	2.45692058e-012	-7.50321972e-014	
1.21216458e+001	2.45806603e-012	2.45692058e-012	-7.50321972e-014	
1.22218247e+001	2.45806603e-012	2.45692058e-012	-7.50321972e-014	
1.23220036e+001	3.72637749e-012	3.72530819e-012	-8.92641257e-014	
1.24221825e+001	3.72637749e-012	3.72530819e-012	-8.92641257e-014	
1.25223614e+001	3.72637749e-012	3.72530819e-012	-8.92641257e-014	
1.26225403e+001	3.72637749e-012	3.72530819e-012	-8.92641257e-014	
1.27227191e+001	3.72637749e-012	3.72530819e-012	-8.92641257e-014	
1.28228980e+001	3.72637749e-012	3.72530819e-012	-8.92641257e-014	
1.29230769e+001	3.72637749e-012	3.72530819e-012	-8.92641257e-014	
1.30232558e+001	3.72637749e-012	3.72530819e-012	-8.92641257e-014	
1.31234347e+001	3.72637749e-012	3.72530819e-012	-8.92641257e-014	
1.32236136e+001	7.22297754e-012	7.22201113e-012	-1.18151658e-013	
1.33237925e+001	7.22297754e-012	7.22201113e-012	-1.18151658e-013	
1.34239714e+001	7.22297754e-012	7.22201113e-012	-1.18151658e-013	
1.35241503e+001	7.22297754e-012	7.22201113e-012	-1.18151658e-013	
1.36243292e+001	7.22297754e-012	7.22201113e-012	-1.18151658e-013	
1.37245081e+001	7.22297754e-012	7.22201113e-012	-1.18151658e-013	
1.38246869e+001	7.22297754e-012	7.22201113e-012	-1.18151658e-013	
1.39248658e+001	7.22297754e-012	7.22201113e-012	-1.18151658e-013	
1.40250447e+001	8.80314332e-012	8.80238239e-012	-1.15743585e-013	
1.41252236e+001	8.80314332e-012	8.80238239e-012	-1.15743585e-013	
1.42254025e+001	8.80314332e-012	8.80238239e-012	-1.15743585e-013	
1.43255814e+001	8.80314332e-012	8.80238239e-012	-1.15743585e-013	
1.44257603e+001	8.80314332e-012	8.80238239e-012	-1.15743585e-013	
1.45259392e+001	1.43181083e-011	1.43175747e-011	-1.23613310e-013	
1.46261181e+001	1.43181083e-011	1.43175747e-011	-1.23613310e-013	
1.47262970e+001	1.43181083e-011	1.43175747e-011	-1.23613310e-013	
1.48264758e+001	1.43181083e-011	1.43175747e-011	-1.23613310e-013	
1.49266547e+001	1.59696386e-011	1.59694059e-011	-8.62075193e-014	
1.50268336e+001	1.59696386e-011	1.59694059e-011	-8.62075193e-014	
1.51270125e+001	1.59696386e-011	1.59694059e-011	-8.62075193e-014	
1.52271914e+001	1.59696386e-011	1.59694059e-011	-8.62075193e-014	
1.53273703e+001	1.76989593e-011	1.76988786e-011	-5.34513138e-014	
1.54275492e+001	1.76989593e-011	1.76988786e-011	-5.34513138e-014	
1.55277281e+001	1.76989593e-011	1.76988786e-011	-5.34513138e-014	
1.56279070e+001	1.76989593e-011	1.76988786e-011	-5.34513138e-014	
1.57280859e+001	1.76989593e-011	1.76988786e-011	-5.34513138e-014	
1.58282648e+001	2.94375020e-011	2.94374995e-011	-1.21108472e-014	
1.59284436e+001	2.94375020e-011	2.94374995e-011	-1.21108472e-014	
1.60286225e+001	2.94375020e-011	2.94374995e-011	-1.21108472e-014	
1.61288014e+001	2.94375020e-011	2.94374995e-011	-1.21108472e-014	
1.62289803e+001	3.02554636e-011	3.02554482e-011	3.05638387e-014	
1.63291592e+001	3.02554636e-011	3.02554482e-011	3.05638387e-014	
1.64293381e+001	3.02554636e-011	3.02554482e-011	3.05638387e-014	
1.65295170e+001	3.02554636e-011	3.02554482e-011	3.05638387e-014	
1.66296959e+001	2.97918593e-011	2.97918042e-011	5.73180879e-014	
1.67298748e+001	2.97918593e-011	2.97918042e-011	5.73180879e-014	
1.68300537e+001	2.97918593e-011	2.97918042e-011	5.73180879e-014	
1.69302326e+001	2.97918593e-011	2.97918042e-011	5.73180879e-014	
1.70304114e+001	2.97918593e-011	2.97918042e-011	5.73180879e-014	
1.71305903e+001	2.89139985e-011	2.89139494e-011	5.33070308e-014	
1.72307692e+001	2.89139985e-011	2.89139494e-011	5.33070308e-014	
1.73309481e+001	2.89139985e-011	2.89139494e-011	5.33070308e-014	
1.74311270e+001	2.89139985e-011	2.89139494e-011	5.33070308e-014	
1.75313059e+001	2.89139985e-011	2.89139494e-011	5.33070308e-014	
1.76314848e+001	2.89139985e-011	2.89139494e-011	5.33070308e-014	
1.77316637e+001	2.89139985e-011	2.89139494e-011	5.33070308e-014	
1.78318426e+001	2.89139985e-011	2.89139494e-011	5.33070308e-014	
1.79320215e+001	2.89139985e-011	2.89139494e-011	5.33070308e-014	
1.80322004e+001	3.68221360e-011	3.68221241e-011	2.95199191e-014	
1.81323792e+001	3.68221360e-011	3.68221241e-011	2.95199191e-014	
1.82325581e+001	3.68221360e-011	3.68221241e-011	2.95199191e-014	
1.83327370e+001	3.68221360e-011	3.68221241e-011	2.95199191e-014	
1.84329159e+001	3.18846156e-011	3.18846094e-011	-1.98035663e-014	
1.85330948e+001	3.18846156e-011	3.18846094e-011	-1.98035663e-014	
1.86332737e+001	3.18846156e-011	3.18846094e-011	-1.98035663e-014	
1.87334526e+001	3.18846156e-011	3.18846094e-011	-1.98035663e-014	
1.88336315e+001	3.18846156e-011	3.18846094e-011	-1.98035663e-014	
1.89338104e+001	3.18846156e-011	3.18846094e-011	-1.98035663e-014	
1.90339893e+001	3.18846156e-011	3.18846094e-011	-1.98035663e-014	
1.91341682e+001	3.18846156e-011	3.18846094e-011	-1.98035663e-014	
1.92343470e+001	3.18846156e-011	3.18846094e-011	-1.98035663e-014	
1.93345259e+001	3.60477828e-011	3.60477115e-011	-7.17111764e-014	
1.94347048e+001	3.60477828e-011	3.60477115e-011	-7.17111764e-014	
1.95348837e+001	3.60477828e-011	3.60477115e-011	-7.17111764e-014	
1.96350626e+001	3.60477828e-011	3.60477115e-011	-7.17111764e-014	
1.97352415e+001	2.80662538e-011	2.80661159e-011	-8.79764518e-014	
1.98354204e+001	2.80662538e-011	2.80661159e-011	-8.79764518e-014	
1.99355993e+001	2.80662538e-011	2.80661159e-011	-8.79764518e-014	
2.00357782e+001	2.80662538e-011	2.80661159e-011	-8.79764518e-014	
2.01359571e+001	1.92500157e-011	1.92498206e-011	-8.66686287e-014	
2.02361360e+001	1.92500157e-011	1.92498206e-011	-8.66686287e-014	
2.03363148e+001	1.92500157e-011	1.92498206e-011	-8.66686287e-014	
2.04364937e+001	1.92500157e-011	1.92498206e-011	-8.66686287e-014	
2.05366726e+001	1.92500157e-011	1.92498206e-011	-8.66686287e-014	
2.06368515e+001	1.04821998e-011	1.04820906e-011	-4.78337335e-014	
2.07370304e+001	1.04821998e-011	1.04820906e-011	-4.78337335e-014	
2.08372093e+001	1.04821998e-011	1.04820906e-011	-4.78337335e-014	
2.09373882e+001	1.04821998e-011	1.04820906e-011	-4.78337335e-014	
2.10375671e+001	1.04821998e-011	1.04820906e-011	-4.78337335e-014	
2.11377460e+001	1.04821998e-011	1.04820906e-011	-4.78337335e-014	
2.12379249e+001	1.04821998e-011	1.04820906e-011	-4.78337335e-014	
2.13381038e+001	1.04821998e-011	1.04820906e-011	-4.78337335e-014	
2.14382826e+001	2.07911270e-012	-2.07887620e-012	3.13585718e-014	
2.15384615e+001	2.07911270e-012	-2.07887620e-012	3.13585718e-014	
2.16386404e+001	2.07911270e-012	-2.07887620e-012	3.13585718e-014	
2.17388193e+001	2.07911270e-012	-2.07887620e-012	3.13585718e-014	
2.18389982e+001	2.07911270e-012	-2.07887620e-012	3.13585718e-014	
2.19391771e+001	8.80747145e-012	-8.80716453e-012	7.35270795e-014	
2.20393560e+001	8.80747145e-012	-8.80716453e-012	7.35270795e-014	
2.21395349e+001	8.80747145e-012	-8.80716453e-012	7.35270795e-014	
2.22397138e+001	8.80747145e-012	-8.80716453e-012	7.35270795e-014	
2.23398927e+001	1.57236357e-011	-1.57232834e-011	1.05252943e-013	
2.24400716e+001	1.57236357e-011	-1.57232834e-011	1.05252943e-013	
2.25402504e+001	1.57236357e-011	-1.57232834e-011	1.05252943e-013	
2.26404293e+001	1.57236357e-011	-1.57232834e-011	1.05252943e-013	
2.27406082e+001	1.57236357e-011	-1.57232834e-011	1.05252943e-013	
2.28407871e+001	2.68479320e-011	-2.68475674e-011	1.39907084e-013	
2.29409660e+001	2.68479320e-011	-2.68475674e-011	1.39907084e-013	
2.30411449e+001	2.68479320e-011	-2.68475674e-011	1.39907084e-013	
2.31413238e+001	2.68479320e-011	-2.68475674e-011	1.39907084e-013	
2.32415027e+001	2.68479320e-011	-2.68475674e-011	1.39907084e-013	
2.33416816e+001	2.68479320e-011	-2.68475674e-011	1.39907084e-013	
2.34418605e+001	2.68479320e-011	-2.68475674e-011	1.39907084e-013	
2.35420394e+001	2.68479320e-011	-2.68475674e-011	1.39907084e-013	
2.36422182e+001	2.85355208e-011	-2.85353161e-011	1.08083846e-013	
2.37423971e+001	2.85355208e-011	-2.85353161e-011	1.08083846e-013	
2.38425760e+001	2.85355208e-011	-2.85353161e-011	1.08083846e-013	
2.39427549e+001	2.85355208e-011	-2.85353161e-011	1.08083846e-013	
2.40429338e+001	2.85355208e-011	-2.85353161e-011	1.08083846e-013	
2.41431127e+001	3.43157551e-011	-3.43156617e-011	8.00501173e-014	
2.42432916e+001	3.43157551e-011	-3.43156617e-011	8.00501173e-014	
2.43434705e+001	3.43157551e-011	-3.43156617e-011	8.00501173e-014	
2.44436494e+001	3.43157551e-011	-3.43156617e-011	8.00501173e-014	
2.45438283e+001	3.40637542e-011	-3.40637467e-011	2.26097129e-014	
2.46440072e+001	3.40637542e-011	-3.40637467e-011	2.26097129e-014	
2.47441860e+001	3.40637542e-011	-3.40637467e-011	2.26097129e-014	
2.48443649e+001	3.40637542e-011	-3.40637467e-011	2.26097129e-014	
2.49445438e+001	3.49285483e-011	-3.49285482e-011	-3.16490165e-015	
2.50447227e+001	3.49285483e-011	-3.49285482e-011	-3.16490165e-015	
2.51449016e+001	3.49285483e-011	-3.49285482e-011	-3.16490165e-015	
2.52450805e+001	3.49285483e-011	-3.49285482e-011	-3.16490165e-015	
2.53452594e+001	3.49285483e-011	-3.49285482e-011	-3.16490165e-015	
2.54454383e+001	3.43488887e-011	-3.43488767e-011	-2.87023130e-014	
2.55456172e+001	3.43488887e-011	-3.43488767e-011	-2.87023130e-014	
2.56457961e+001	3.43488887e-011	-3.43488767e-011	-2.87023130e-014	
2.57459750e+001	3.43488887e-011	-3.43488767e-011	-2.87023130e-014	
2.58461538e+001	2.08392855e-011	-2.08392560e-011	-3.50609231e-014	
2.59463327e+001	2.08392855e-011	-2.08392560e-011	-3.50609231e-014	
2.60465116e+001	2.08392855e-011	-2.08392560e-011	-3.50609231e-014	
2.61466905e+001	2.08392855e-011	-2.08392560e-011	-3.50609231e-014	
2.62468694e+001	2.08392855e-011	-2.08392560e-011	-3.50609231e-014	
2.63470483e+001	2.08392855e-011	-2.08392560e-011	-3.50609231e-014	
2.64472272e+001	2.08392855e-011	-2.08392560e-011	-3.50609231e-014	
2.65474061e+001	2.08392855e-011	-2.08392560e-011	-3.50609231e-014	
2.66475850e+001	2.08392855e-011	-2.08392560e-011	-3.50609231e-014	
2.67477639e+001	2.40763245e-011	-2.40762818e-011	-4.53592424e-014	
2.68479428e+001	2.40763245e-011	-2.40762818e-011	-4.53592424e-014	
2.69481216e+001	2.40763245e-011	-2.40762818e-011	-4.53592424e-014	
2.70483005e+001	2.40763245e-011	-2.40762818e-011	-4.53592424e-014	
2.71484794e+001	2.32980829e-011	-2.32980523e-011	-3.77381315e-014	
2.72486583e+001	2.32980829e-011	-2.32980523e-011	-3.77381315e-014	
2.73488372e+001	2.32980829e-011	-2.32980523e-011	-3.77381315e-014	
2.74490161e+001	2.32980829e-011	-2.32980523e-011	-3.77381315e-014	
2.75491950e+001	2.32980829e-011	-2.32980523e-011	-3.77381315e-014	
2.76493739e+001	1.75006273e-011	-1.75006145e-011	-2.11266202e-014	
2.77495528e+001	1.75006273e-011	-1.75006145e-011	-2.11266202e-014	
2.78497317e+001	1.55731254e-011	-1.55731186e-011	-1.45751473e-014	
2.79499106e+001	1.43258399e-011	-1.43258373e-011	-8.62801211e-015	
2.80500894e+001	1.32056934e-011	-1.32056922e-011	-5.46817874e-015	
2.81502683e+001	1.28348845e-011	-1.28348845e-011	-1.03561689e-015	
2.82504472e+001	1.27019186e-011	-1.27019184e-011	2.16320431e-015	
2.83506261e+001	1.27824888e-011	-1.27824861e-011	8.30102523e-015	
2.84508050e+001	1.34670343e-011	-1.34670250e-011	1.58513523e-014	
2.85509839e+001	1.34670343e-011	-1.34670250e-011	1.58513523e-014	
2.86511628e+001	1.34670343e-011	-1.34670250e-011	1.58513523e-014	
2.87513417e+001	1.23238242e-011	-1.23238051e-011	2.16649832e-014	
2.88515206e+001	1.23238242e-011	-1.23238051e-011	2.16649832e-014	
2.89516995e+001	8.93035935e-012	-8.93031484e-012	2.81955506e-014	
2.90518784e+001	8.93035935e-012	-8.93031484e-012	2.81955506e-014	
2.91520572e+001	8.93035935e-012	-8.93031484e-012	2.81955506e-014	
2.92522361e+001	8.93035935e-012	-8.93031484e-012	2.81955506e-014	
2.93524150e+001	8.10124252e-012	-8.10111050e-012	4.62496999e-014	
2.94525939e+001	8.10124252e-012	-8.10111050e-012	4.62496999e-014	
2.95527728e+001	8.10124252e-012	-8.10111050e-012	4.62496999e-014	
2.96529517e+001	8.10124252e-012	-8.10111050e-012	4.62496999e-014	
2.97531306e+001	8.10124252e-012	-8.10111050e-012	4.62496999e-014	
2.98533095e+001	5.69373081e-012	-5.69354573e-012	4.59088462e-014	
2.99534884e+001	5.69373081e-012	-5.69354573e-012	4.59088462e-014	
3.00536673e+001	5.69373081e-012	-5.69354573e-012	4.59088462e-014	
3.01538462e+001	5.69373081e-012	-5.69354573e-012	4.59088462e-014	
3.02540250e+001	4.50590477e-012	-4.50560433e-012	5.20332446e-014	
3.03542039e+001	4.50590477e-012	-4.50560433e-012	5.20332446e-014	
3.04543828e+001	4.50590477e-012	-4.50560433e-012	5.20332446e-014	
3.05545617e+001	4.50590477e-012	-4.50560433e-012	5.20332446e-014	
3.06547406e+001	3.48317771e-012	-3.48272799e-012	5.59711607e-014	
3.07549195e+001	3.48317771e-012	-3.48272799e-012	5.59711607e-014	
3.08550984e+001	3.48317771e-012	-3.48272799e-012	5.59711607e-014	
3.09552773e+001	3.48317771e-012	-3.48272799e-012	5.59711607e-014	
3.10554562e+001	3.48317771e-012	-3.48272799e-012	5.59711607e-014	
3.11556351e+001	3.48317771e-012	-3.48272799e-012	5.59711607e-014	
3.12558140e+001	3.48317771e-012	-3.48272799e-012	5.59711607e-014	
3.13559928e+001	3.48317771e-012	-3.48272799e-012	5.59711607e-014	
3.14561717e+001	3.48317771e-012	-3.48272799e-012	5.59711607e-014	
3.15563506e+001	2.27601623e-012	-2.27552834e-012	4.71238867e-014	
3.16565295e+001	2.27601623e-012	-2.27552834e-012	4.71238867e-014	
3.17567084e+001	2.27601623e-012	-2.27552834e-012	4.71238867e-014	
3.18568873e+001	2.27601623e-012	-2.27552834e-012	4.71238867e-014	
3.19570662e+001	2.27601623e-012	-2.27552834e-012	4.71238867e-014	
3.20572451e+001	2.27601623e-012	-2.27552834e-012	4.71238867e-014	
3.21574240e+001	2.27601623e-012	-2.27552834e-012	4.71238867e-014	
3.22576029e+001	2.27601623e-012	-2.27552834e-012	4.71238867e-014	
3.23577818e+001	2.27601623e-012	-2.27552834e-012	4.71238867e-014	
3.24579606e+001	1.68050199e-012	-1.67995506e-012	4.28712207e-014	
3.25581395e+001	1.68050199e-012	-1.67995506e-012	4.28712207e-014	
3.26583184e+001	1.68050199e-012	-1.67995506e-012	4.28712207e-014	
3.27584973e+001	1.68050199e-012	-1.67995506e-012	4.28712207e-014	
3.28586762e+001	1.68050199e-012	-1.67995506e-012	4.28712207e-014	
3.29588551e+001	1.68050199e-012	-1.67995506e-012	4.28712207e-014	
3.30590340e+001	1.68050199e-012	-1.67995506e-012	4.28712207e-014	
3.31592129e+001	1.68050199e-012	-1.67995506e-012	4.28712207e-014	
3.32593918e+001	1.15202864e-012	-1.15163337e-012	3.01758087e-014	
3.33595707e+001	1.15202864e-012	-1.15163337e-012	3.01758087e-014	
3.34597496e+001	1.15202864e-012	-1.15163337e-012	3.01758087e-014	
3.35599284e+001	1.15202864e-012	-1.15163337e-012	3.01758087e-014	
3.36601073e+001	1.15202864e-012	-1.15163337e-012	3.01758087e-014	
3.37602862e+001	1.45420126e-012	-1.45372650e-012	3.71558180e-014	
3.38604651e+001	1.45420126e-012	-1.45372650e-012	3.71558180e-014	
3.39606440e+001	1.45420126e-012	-1.45372650e-012	3.71558180e-014	
3.40608229e+001	1.45420126e-012	-1.45372650e-012	3.71558180e-014	
3.41610018e+001	1.07138554e-012	-1.07107450e-012	2.58148040e-014	
3.42611807e+001	1.07138554e-012	-1.07107450e-012	2.58148040e-014	
3.43613596e+001	1.07138554e-012	-1.07107450e-012	2.58148040e-014	
3.44615385e+001	1.07138554e-012	-1.07107450e-012	2.58148040e-014	
3.45617174e+001	1.07138554e-012	-1.07107450e-012	2.58148040e-014	
3.46618962e+001	1.10453842e-012	-1.10425309e-012	2.51046004e-014	
3.47620751e+001	1.10453842e-012	-1.10425309e-012	2.51046004e-014	
3.48622540e+001	1.10453842e-012	-1.10425309e-012	2.51046004e-014	
3.49624329e+001	1.10453842e-012	-1.10425309e-012	2.51046004e-014	
3.50626118e+001	8.38910931e-013	-8.38735921e-013	1.71349061e-014	
3.51627907e+001	8.38910931e-013	-8.38735921e-013	1.71349061e-014	
3.52629696e+001	8.38910931e-013	-8.38735921e-013	1.71349061e-014	
3.53631485e+001	8.38910931e-013	-8.38735921e-013	1.71349061e-014	
3.54633274e+001	8.38910931e-013	-8.38735921e-013	1.71349061e-014	
3.55635063e+001	8.38910931e-013	-8.38735921e-013	1.71349061e-014	
3.56636852e+001	8.38910931e-013	-8.38735921e-013	1.71349061e-014	
3.57638640e+001	8.38910931e-013	-8.38735921e-013	1.71349061e-014	
3.58640429e+001	8.38910931e-013	-8.38735921e-013	1.71349061e-014	
3.59642218e+001	8.79826773e-013	-8.79690242e-013	1.54993294e-014	
3.60644007e+001	8.79826773e-013	-8.79690242e-013	1.54993294e-014	
3.61645796e+001	8.79826773e-013	-8.79690242e-013	1.54993294e-014	
3.62647585e+001	8.79826773e-013	-8.79690242e-013	1.54993294e-014	
3.63649374e+001	9.78568376e-013	-9.78451405e-013	1.51299243e-014	
3.64651163e+001	9.78568376e-013	-9.78451405e-013	1.51299243e-014	
3.65652952e+001	9.78568376e-013	-9.78451405e-013	1.51299243e-014	
3.66654741e+001	9.78568376e-013	-9.78451405e-013	1.51299243e-014	
3.67656530e+001	9.59647012e-013	-9.59555797e-013	1.32310339e-014	
3.68658318e+001	9.59647012e-013	-9.59555797e-013	1.32310339e-014	
3.69660107e+001	9.59647012e-013	-9.59555797e-013	1.32310339e-014	
3.70661896e+001	9.59647012e-013	-9.59555797e-013	1.32310339e-014	
3.71663685e+001	9.59647012e-013	-9.59555797e-013	1.32310339e-014	
3.72665474e+001	9.23567033e-013	-9.23495816e-013	1.14691746e-014	
3.73667263e+001	9.23567033e-013	-9.23495816e-013	1.14691746e-014	
3.74669052e+001	9.23567033e-013	-9.23495816e-013	1.14691746e-014	
3.75670841e+001	9.23567033e-013	-9.23495816e-013	1.14691746e-014	
3.76672630e+001	8.94184173e-013	-8.94123782e-013	1.03922049e-014	
3.77674419e+001	8.94184173e-013	-8.94123782e-013	1.03922049e-014	
3.78676208e+001	8.94184173e-013	-8.94123782e-013	1.03922049e-014	
3.79677996e+001	8.94184173e-013	-8.94123782e-013	1.03922049e-014	
3.80679785e+001	8.32973992e-013	-8.32922025e-013	9.30439950e-015	
3.81681574e+001	8.32973992e-013	-8.32922025e-013	9.30439950e-015	
3.82683363e+001	8.32973992e-013	-8.32922025e-013	9.30439950e-015	
3.83685152e+001	8.32973992e-013	-8.32922025e-013	9.30439950e-015	
3.84686941e+001	8.32973992e-013	-8.32922025e-013	9.30439950e-015	
3.85688730e+001	8.84158954e-013	-8.84099663e-013	1.02391955e-014	
3.86690519e+001	8.84158954e-013	-8.84099663e-013	1.02391955e-014	
3.87692308e+001	8.84158954e-013	-8.84099663e-013	1.02391955e-014	
3.88694097e+001	8.84158954e-013	-8.84099663e-013	1.02391955e-014	
3.89695886e+001	8.84158954e-013	-8.84099663e-013	1.02391955e-014	
3.90697674e+001	8.84158954e-013	-8.84099663e-013	1.02391955e-014	
3.91699463e+001	8.84158954e-013	-8.84099663e-013	1.02391955e-014	
3.92701252e+001	8.84158954e-013	-8.84099663e-013	1.02391955e-014	
3.93703041e+001	8.84158954e-013	-8.84099663e-013	1.02391955e-014	
3.94704830e+001	7.94988664e-013	-7.94908193e-013	1.13110379e-014	
3.95706619e+001	7.94988664e-013	-7.94908193e-013	1.13110379e-014	
3.96708408e+001	7.94988664e-013	-7.94908193e-013	1.13110379e-014	
3.97710197e+001	7.94988664e-013	-7.94908193e-013	1.13110379e-014	
3.98711986e+001	7.35182824e-013	-7.35082319e-013	1.21560143e-014	
3.99713775e+001	7.35182824e-013	-7.35082319e-013	1.21560143e-014	
4.00715564e+001	7.35182824e-013	-7.35082319e-013	1.21560143e-014	
4.01717352e+001	7.35182824e-013	-7.35082319e-013	1.21560143e-014	
4.02719141e+001	6.37065606e-013	-6.36943605e-013	1.24671766e-014	
4.03720930e+001	6.37065606e-013	-6.36943605e-013	1.24671766e-014	
4.04722719e+001	6.37065606e-013	-6.36943605e-013	1.24671766e-014	
4.05724508e+001	6.37065606e-013	-6.36943605e-013	1.24671766e-014	
4.06726297e+001	6.37065606e-013	-6.36943605e-013	1.24671766e-014	
4.07728086e+001	4.04268916e-013	-4.04148208e-013	9.87835940e-015	
4.08729875e+001	4.04268916e-013	-4.04148208e-013	9.87835940e-015	
4.09731664e+001	4.04268916e-013	-4.04148208e-013	9.87835940e-015	
4.10733453e+001	4.04268916e-013	-4.04148208e-013	9.87835940e-015	
4.11735242e+001	4.04268916e-013	-4.04148208e-013	9.87835940e-015	
4.12737030e+001	4.04268916e-013	-4.04148208e-013	9.87835940e-015	
4.13738819e+001	4.04268916e-013	-4.04148208e-013	9.87835940e-015	
4.14740608e+001	4.04268916e-013	-4.04148208e-013	9.87835940e-015	
4.15742397e+001	3.53333722e-013	-3.53181564e-013	1.03683258e-014	
4.16744186e+001	3.53333722e-013	-3.53181564e-013	1.03683258e-014	
4.17745975e+001	3.53333722e-013	-3.53181564e-013	1.03683258e-014	
4.18747764e+001	3.53333722e-013	-3.53181564e-013	1.03683258e-014	
4.19749553e+001	3.53333722e-013	-3.53181564e-013	1.03683258e-014	
4.20751342e+001	2.68201115e-013	-2.68024518e-013	9.73116725e-015	
4.21753131e+001	2.68201115e-013	-2.68024518e-013	9.73116725e-015	
4.22754919e+001	2.68201115e-013	-2.68024518e-013	9.73116725e-015	
4.23756708e+001	2.68201115e-013	-2.68024518e-013	9.73116725e-015	
4.24758497e+001	1.76002590e-013	-1.75857328e-013	7.14926364e-015	
4.25760286e+001	1.76002590e-013	-1.75857328e-013	7.14926364e-015	
4.26762075e+001	1.76002590e-013	-1.75857328e-013	7.14926364e-015	
4.27763864e+001	1.76002590e-013	-1.75857328e-013	7.14926364e-015	
4.28765653e+001	1.76002590e-013	-1.75857328e-013	7.14926364e-015	
4.29767442e+001	1.76002590e-013	-1.75857328e-013	7.14926364e-015	
4.30769231e+001	1.76002590e-013	-1.75857328e-013	7.14926364e-015	
4.31771020e+001	1.76002590e-013	-1.75857328e-013	7.14926364e-015	
4.32772809e+001	1.76002590e-013	-1.75857328e-013	7.14926364e-015	
4.33774597e+001	1.35438968e-013	-1.35294493e-013	6.25414970e-015	
4.34776386e+001	1.35438968e-013	-1.35294493e-013	6.25414970e-015	
4.35778175e+001	1.35438968e-013	-1.35294493e-013	6.25414970e-015	
4.36779964e+001	1.35438968e-013	-1.35294493e-013	6.25414970e-015	
4.37781753e+001	8.78099889e-014	-8.76834677e-014	4.71207384e-015	
4.38783542e+001	8.78099889e-014	-8.76834677e-014	4.71207384e-015	
4.39785331e+001	8.78099889e-014	-8.76834677e-014	4.71207384e-015	
4.40787120e+001	8.78099889e-014	-8.76834677e-014	4.71207384e-015	
4.41788909e+001	8.78099889e-014	-8.76834677e-014	4.71207384e-015	
4.42790698e+001	5.38646381e-014	-5.37595724e-014	3.36267935e-015	
4.43792487e+001	5.38646381e-014	-5.37595724e-014	3.36267935e-015	
4.44794275e+001	5.38646381e-014	-5.37595724e-014	3.36267935e-015	
4.45796064e+001	5.38646381e-014	-5.37595724e-014	3.36267935e-015	
4.46797853e+001	3.23052551e-014	-3.22176066e-014	2.37809432e-015	
4.47799642e+001	3.23052551e-014	-3.22176066e-014	2.37809432e-015	
4.48801431e+001	3.23052551e-014	-3.22176066e-014	2.37809432e-015	
4.49803220e+001	3.23052551e-014	-3.22176066e-014	2.37809432e-015	
4.50805009e+001	1.85954685e-014	-1.85117021e-014	1.76304712e-015	
4.51806798e+001	1.85954685e-014	-1.85117021e-014	1.76304712e-015	
4.52808587e+001	1.85954685e-014	-1.85117021e-014	1.76304712e-015	
4.53810376e+001	1.85954685e-014	-1.85117021e-014	1.76304712e-015	
4.54812165e+001	1.85954685e-014	-1.85117021e-014	1.76304712e-015	
4.55813953e+001	1.93221390e-015	-1.67292086e-015	9.66843499e-016	
4.56815742e+001	1.93221390e-015	-1.67292086e-015	9.66843499e-016	
4.57817531e+001	1.93221390e-015	-1.67292086e-015	9.66843499e-016	
4.58819320e+001	1.93221390e-015	-1.67292086e-015	9.66843499e-016	
4.59821109e+001	1.93221390e-015	-1.67292086e-015	9.66843499e-016	
4.60822898e+001	1.93221390e-015	-1.67292086e-015	9.66843499e-016	
4.61824687e+001	1.93221390e-015	-1.67292086e-015	9.66843499e-016	
4.62826476e+001	1.93221390e-015	-1.67292086e-015	9.66843499e-016	
4.63828265e+001	2.21874285e-014	2.21870133e-014	-1.35732737e-016	
4.64830054e+001	2.21874285e-014	2.21870133e-014	-1.35732737e-016	
4.65831843e+001	2.21874285e-014	2.21870133e-014	-1.35732737e-016	
4.66833631e+001	2.21874285e-014	2.21870133e-014	-1.35732737e-016	
4.67835420e+001	2.21874285e-014	2.21870133e-014	-1.35732737e-016	
4.68837209e+001	3.75384608e-014	3.75324898e-014	-6.69515592e-016	
4.69838998e+001	3.75384608e-014	3.75324898e-014	-6.69515592e-016	
4.70840787e+001	3.75384608e-014	3.75324898e-014	-6.69515592e-016	
4.71842576e+001	3.75384608e-014	3.75324898e-014	-6.69515592e-016	
4.72844365e+001	4.63159612e-014	4.63061348e-014	-9.54016443e-016	
4.73846154e+001	4.63159612e-014	4.63061348e-014	-9.54016443e-016	
4.74847943e+001	4.63159612e-014	4.63061348e-014	-9.54016443e-016	
4.75849732e+001	4.63159612e-014	4.63061348e-014	-9.54016443e-016	
4.76851521e+001	4.63159612e-014	4.63061348e-014	-9.54016443e-016	
4.77853309e+001	4.63159612e-014	4.63061348e-014	-9.54016443e-016	
4.78855098e+001	4.63159612e-014	4.63061348e-014	-9.54016443e-016	
4.79856887e+001	4.63159612e-014	4.63061348e-014	-9.54016443e-016	
4.80858676e+001	4.63159612e-014	4.63061348e-014	-9.54016443e-016	
4.81860465e+001	6.71067578e-014	6.70939789e-014	-1.30955860e-015	
4.82862254e+001	6.71067578e-014	6.70939789e-014	-1.30955860e-015	
4.83864043e+001	6.71067578e-014	6.70939789e-014	-1.30955860e-015	
4.84865832e+001	6.71067578e-014	6.70939789e-014	-1.30955860e-015	
4.85867621e+001	7.81661448e-014	7.81544423e-014	-1.35253096e-015	
4.86869410e+001	7.81661448e-014	7.81544423e-014	-1.35253096e-015	
4.87871199e+001	7.81661448e-014	7.81544423e-014	-1.35253096e-015	
4.88872987e+001	7.81661448e-014	7.81544423e-014	-1.35253096e-015	
4.89874776e+001	7.81661448e-014	7.81544423e-014	-1.35253096e-015	
4.90876565e+001	9.11862592e-014	9.11757503e-014	-1.38434559e-015	
4.91878354e+001	9.11862592e-014	9.11757503e-014	-1.38434559e-015	
4.92880143e+001	9.11862592e-014	9.11757503e-014	-1.38434559e-015	
4.93881932e+001	9.11862592e-014	9.11757503e-014	-1.38434559e-015	
4.94883721e+001	7.78125541e-014	7.78057260e-014	-1.03081000e-015	
4.95885510e+001	7.78125541e-014	7.78057260e-014	-1.03081000e-015	
4.96887299e+001	7.78125541e-014	7.78057260e-014	-1.03081000e-015	
4.97889088e+001	7.78125541e-014	7.78057260e-014	-1.03081000e-015	
4.98890877e+001	7.78125541e-014	7.78057260e-014	-1.03081000e-015	
4.99892665e+001	7.78125541e-014	7.78057260e-014	-1.03081000e-015	
5.00894454e+001	7.78125541e-014	7.78057260e-014	-1.03081000e-015	
5.01896243e+001	7.78125541e-014	7.78057260e-014	-1.03081000e-015	
5.02898032e+001	7.78125541e-014	7.78057260e-014	-1.03081000e-015	
5.03899821e+001	1.08271058e-013	1.08265403e-013	-1.10661087e-015	
5.04901610e+001	1.08271058e-013	1.08265403e-013	-1.10661087e-015	
5.05903399e+001	1.08271058e-013	1.08265403e-013	-1.10661087e-015	
5.06905188e+001	1.08271058e-013	1.08265403e-013	-1.10661087e-015	
5.07906977e+001	8.44544430e-014	8.44509781e-014	-7.65005789e-016	
5.08908766e+001	8.44544430e-014	8.44509781e-014	-7.65005789e-016	
5.09910555e+001	8.44544430e-014	8.44509781e-014	-7.65005789e-016	
5.10912343e+001	8.44544430e-014	8.44509781e-014	-7.65005789e-016	
5.11914132e+001	7.42529729e-014	7.42507721e-014	-5.71682618e-016	
5.12915921e+001	7.42529729e-014	7.42507721e-014	-5.71682618e-016	
5.13917710e+001	7.42529729e-014	7.42507721e-014	-5.71682618e-016	
5.14919499e+001	7.42529729e-014	7.42507721e-014	-5.71682618e-016	
5.15921288e+001	7.42529729e-014	7.42507721e-014	-5.71682618e-016	
5.16923077e+001	7.46088487e-014	7.46072201e-014	-4.92967426e-016	
5.17924866e+001	7.46088487e-014	7.46072201e-014	-4.92967426e-016	
5.18926655e+001	7.46088487e-014	7.46072201e-014	-4.92967426e-016	
5.19928444e+001	7.46088487e-014	7.46072201e-014	-4.92967426e-016	
5.20930233e+001	7.46088487e-014	7.46072201e-014	-4.92967426e-016	
5.21932021e+001	7.46088487e-014	7.46072201e-014	-4.92967426e-016	
5.22933810e+001	7.46088487e-014	7.46072201e-014	-4.92967426e-016	
5.23935599e+001	7.46088487e-014	7.46072201e-014	-4.92967426e-016	
5.24937388e+001	4.30798779e-014	4.30794321e-014	-1.95986499e-016	
5.25939177e+001	4.30798779e-014	4.30794321e-014	-1.95986499e-016	
5.26940966e+001	4.30798779e-014	4.30794321e-014	-1.95986499e-016	
5.27942755e+001	4.30798779e-014	4.30794321e-014	-1.95986499e-016	
5.28944544e+001	4.30798779e-014	4.30794321e-014	-1.95986499e-016	
5.29946333e+001	4.30798779e-014	4.30794321e-014	-1.95986499e-016	
5.30948122e+001	4.30798779e-014	4.30794321e-014	-1.95986499e-016	
5.31949911e+001	4.30798779e-014	4.30794321e-014	-1.95986499e-016	
5.32951699e+001	4.30798779e-014	4.30794321e-014	-1.95986499e-016	
5.33953488e+001	4.02727892e-014	4.02725188e-014	-1.47558064e-016	
5.34955277e+001	4.02727892e-014	4.02725188e-014	-1.47558064e-016	
5.35957066e+001	4.02727892e-014	4.02725188e-014	-1.47558064e-016	
5.36958855e+001	4.02727892e-014	4.02725188e-014	-1.47558064e-016	
5.37960644e+001	4.02727892e-014	4.02725188e-014	-1.47558064e-016	
5.38962433e+001	2.55339933e-014	2.55338903e-014	-7.24988575e-017	
5.39964222e+001	2.55339933e-014	2.55338903e-014	-7.24988575e-017	
5.40966011e+001	2.55339933e-014	2.55338903e-014	-7.24988575e-017	
5.41967800e+001	2.55339933e-014	2.55338903e-014	-7.24988575e-017	
5.42969589e+001	2.55339933e-014	2.55338903e-014	-7.24988575e-017	
5.43971377e+001	2.55339933e-014	2.55338903e-014	-7.24988575e-017	
5.44973166e+001	2.55339933e-014	2.55338903e-014	-7.24988575e-017	
5.45974955e+001	2.55339933e-014	2.55338903e-014	-7.24988575e-017	
5.46976744e+001	1.83800173e-014	1.83799655e-014	-4.36069196e-017	
5.47978533e+001	1.83800173e-014	1.83799655e-014	-4.36069196e-017	
5.48980322e+001	1.83800173e-014	1.83799655e-014	-4.36069196e-017	
5.49982111e+001	1.83800173e-014	1.83799655e-014	-4.36069196e-017	
5.50983900e+001	1.83800173e-014	1.83799655e-014	-4.36069196e-017	
5.51985689e+001	1.03674064e-014	1.03673841e-014	-2.15325530e-017	
5.52987478e+001	1.03674064e-014	1.03673841e-014	-2.15325530e-017	
5.53989267e+001	1.03674064e-014	1.03673841e-014	-2.15325530e-017	
5.54991055e+001	1.03674064e-014	1.03673841e-014	-2.15325530e-017	
5.55992844e+001	5.20643633e-015	5.20642628e-015	-1.02291202e-017	
5.56994633e+001	5.20643633e-015	5.20642628e-015	-1.02291202e-017	
5.57996422e+001	3.11947717e-015	3.11947116e-015	-6.12517975e-018	
5.58998211e+001	1.95177171e-015	1.95176796e-015	-3.82979318e-018	
5.60000000e+001	2.00314642e-016	2.00314264e-016	-3.89109334e-019	
