% Column 0: Length, cm
% Column 1: |B.n|, Tesla
% Column 2: Re[B.n], Tesla
% Column 3: Im[B.n], Tesla
0.00000000e+000	8.88022863e-009	8.88022692e-009	-5.50879406e-012	
1.00178891e-001	4.81041541e-008	4.81041444e-008	-3.04363011e-011	
2.00357782e-001	9.61338349e-008	9.61338153e-008	-6.13546129e-011	
3.00536673e-001	1.43267885e-007	1.43267856e-007	-9.14675153e-011	
4.00715564e-001	1.92443671e-007	1.92443632e-007	-1.23081729e-010	
5.00894454e-001	2.40483027e-007	2.40482978e-007	-1.53394960e-010	
6.01073345e-001	2.87740692e-007	2.87740634e-007	-1.83358277e-010	
7.01252236e-001	3.33971761e-007	3.33971694e-007	-2.11782746e-010	
8.01431127e-001	3.84161881e-007	3.84161804e-007	-2.42839121e-010	
9.01610018e-001	4.35641553e-007	4.35641467e-007	-2.74863782e-010	
1.00178891e+000	4.80658130e-007	4.80658035e-007	-3.02496913e-010	
1.10196780e+000	5.24998445e-007	5.24998342e-007	-3.29670540e-010	
1.20214669e+000	5.69338760e-007	5.69338648e-007	-3.56844166e-010	
1.30232558e+000	6.13679074e-007	6.13678954e-007	-3.84017792e-010	
1.40250447e+000	6.60312372e-007	6.60312243e-007	-4.13079786e-010	
1.50268336e+000	7.15868138e-007	7.15867999e-007	-4.45602985e-010	
1.60286225e+000	7.73057880e-007	7.73057732e-007	-4.78711165e-010	
1.70304114e+000	8.30247622e-007	8.30247464e-007	-5.11819344e-010	
1.80322004e+000	8.87587192e-007	8.87587024e-007	-5.45258592e-010	
1.90339893e+000	9.45207906e-007	9.45207728e-007	-5.79319069e-010	
2.00357782e+000	1.00049659e-006	1.00049640e-006	-6.09359786e-010	
2.10375671e+000	1.05511347e-006	1.05511327e-006	-6.38242500e-010	
2.20393560e+000	1.10973035e-006	1.10973015e-006	-6.67125215e-010	
2.30411449e+000	1.16434722e-006	1.16434702e-006	-6.96007930e-010	
2.40429338e+000	1.22762621e-006	1.22762599e-006	-7.30421196e-010	
2.50447227e+000	1.28992872e-006	1.28992849e-006	-7.62230696e-010	
2.60465116e+000	1.34835552e-006	1.34835529e-006	-7.89108391e-010	
2.70483005e+000	1.40678232e-006	1.40678208e-006	-8.15986085e-010	
2.80500894e+000	1.46520912e-006	1.46520888e-006	-8.42863780e-010	
2.90518784e+000	1.52363592e-006	1.52363567e-006	-8.69741474e-010	
3.00536673e+000	1.58502914e-006	1.58502888e-006	-8.99931055e-010	
3.10554562e+000	1.64710584e-006	1.64710558e-006	-9.30883722e-010	
3.20572451e+000	1.69936951e-006	1.69936924e-006	-9.49768741e-010	
3.30590340e+000	1.75102566e-006	1.75102539e-006	-9.67906658e-010	
3.40608229e+000	1.80268180e-006	1.80268153e-006	-9.86044574e-010	
3.50626118e+000	1.85433795e-006	1.85433768e-006	-1.00418249e-009	
3.60644007e+000	1.90599410e-006	1.90599382e-006	-1.02232041e-009	
3.70661896e+000	1.95713096e-006	1.95713068e-006	-1.04117504e-009	
3.80679785e+000	2.02725540e-006	2.02725512e-006	-1.06477885e-009	
3.90697674e+000	2.11029670e-006	2.11029641e-006	-1.09156534e-009	
4.00715564e+000	2.19333799e-006	2.19333770e-006	-1.11835182e-009	
4.10733453e+000	2.27637928e-006	2.27637899e-006	-1.14513831e-009	
4.20751342e+000	2.35373064e-006	2.35373035e-006	-1.16825931e-009	
4.30769231e+000	2.43107372e-006	2.43107343e-006	-1.18845928e-009	
4.40787120e+000	2.51133945e-006	2.51133916e-006	-1.20987776e-009	
4.50805009e+000	2.58749364e-006	2.58749335e-006	-1.23314648e-009	
4.60822898e+000	2.66364783e-006	2.66364754e-006	-1.25641520e-009	
4.70840787e+000	2.73980202e-006	2.73980172e-006	-1.27968392e-009	
4.80858676e+000	2.83454214e-006	2.83454185e-006	-1.29579221e-009	
4.90876565e+000	2.90726974e-006	2.90726945e-006	-1.29731574e-009	
5.00894454e+000	2.97742843e-006	2.97742815e-006	-1.29721889e-009	
5.10912343e+000	3.04758712e-006	3.04758684e-006	-1.29712204e-009	
5.20930233e+000	3.11938459e-006	3.11938432e-006	-1.29744465e-009	
5.30948122e+000	3.21254937e-006	3.21254911e-006	-1.30664183e-009	
5.40966011e+000	3.31266798e-006	3.31266772e-006	-1.32112910e-009	
5.50983900e+000	3.41278659e-006	3.41278633e-006	-1.33561637e-009	
5.61001789e+000	3.51290520e-006	3.51290494e-006	-1.35010363e-009	
5.71019678e+000	3.60656588e-006	3.60656563e-006	-1.35301822e-009	
5.81037567e+000	3.69992937e-006	3.69992912e-006	-1.35540022e-009	
5.91055456e+000	3.78933597e-006	3.78933573e-006	-1.35483947e-009	
6.01073345e+000	3.86798581e-006	3.86798558e-006	-1.34627884e-009	
6.11091234e+000	3.95203021e-006	3.95202998e-006	-1.33722577e-009	
6.21109123e+000	4.06604832e-006	4.06604810e-006	-1.32543657e-009	
6.31127013e+000	4.18006643e-006	4.18006623e-006	-1.31364737e-009	
6.41144902e+000	4.29466445e-006	4.29466426e-006	-1.30282591e-009	
6.51162791e+000	4.41044390e-006	4.41044371e-006	-1.29397601e-009	
6.61180680e+000	4.52622335e-006	4.52622317e-006	-1.28512611e-009	
6.71198569e+000	4.67779825e-006	4.67779807e-006	-1.28041466e-009	
6.81216458e+000	4.82300859e-006	4.82300842e-006	-1.26525736e-009	
6.91234347e+000	4.95990709e-006	4.95990694e-006	-1.23675872e-009	
7.01252236e+000	5.09313206e-006	5.09313191e-006	-1.20478422e-009	
7.11270125e+000	5.21725196e-006	5.21725183e-006	-1.16419462e-009	
7.21288014e+000	5.34071626e-006	5.34071614e-006	-1.12366296e-009	
7.31305903e+000	5.45946852e-006	5.45946841e-006	-1.08354769e-009	
7.41323792e+000	5.57822077e-006	5.57822067e-006	-1.04343242e-009	
7.51341682e+000	5.72002218e-006	5.72002209e-006	-9.89545913e-010	
7.61359571e+000	5.86353357e-006	5.86353349e-006	-9.34637737e-010	
7.71377460e+000	6.00704496e-006	6.00704489e-006	-8.79729561e-010	
7.81395349e+000	6.15231860e-006	6.15231854e-006	-8.20047402e-010	
7.91413238e+000	6.31476607e-006	6.31476603e-006	-7.13840858e-010	
8.01431127e+000	6.47721355e-006	6.47721353e-006	-6.07634315e-010	
8.11449016e+000	6.66218525e-006	6.66218523e-006	-5.22477685e-010	
8.21466905e+000	6.84727960e-006	6.84727959e-006	-4.37435686e-010	
8.31484794e+000	7.03089195e-006	7.03089194e-006	-3.53549244e-010	
8.41502683e+000	7.21025829e-006	7.21025828e-006	-2.72973526e-010	
8.51520572e+000	7.41555461e-006	7.41555460e-006	-1.53912647e-010	
8.61538462e+000	7.63188711e-006	7.63188711e-006	-2.42965064e-011	
8.71556351e+000	7.83374158e-006	7.83374158e-006	6.45382606e-011	
8.81574240e+000	8.03559605e-006	8.03559605e-006	1.53373028e-010	
8.91592129e+000	8.23745052e-006	8.23745052e-006	2.42207795e-010	
9.01610018e+000	8.48188940e-006	8.48188939e-006	3.98389826e-010	
9.11627907e+000	8.72659076e-006	8.72659074e-006	5.54986975e-010	
9.21645796e+000	8.93540094e-006	8.93540091e-006	7.22928714e-010	
9.31663685e+000	9.10562003e-006	9.10561999e-006	9.03068436e-010	
9.41681574e+000	9.32270323e-006	9.32270317e-006	1.09207477e-009	
9.51699463e+000	9.54590777e-006	9.54590768e-006	1.28223925e-009	
9.61717352e+000	9.81227447e-006	9.81227435e-006	1.49092310e-009	
9.71735242e+000	1.01196143e-005	1.01196141e-005	1.71803908e-009	
9.81753131e+000	1.04098989e-005	1.04098987e-005	1.97793193e-009	
9.91771020e+000	1.07001836e-005	1.07001833e-005	2.23782477e-009	
1.00178891e+001	1.09873788e-005	1.09873785e-005	2.51210707e-009	
1.01180680e+001	1.12659959e-005	1.12659955e-005	2.82634408e-009	
1.02182469e+001	1.16089736e-005	1.16089731e-005	3.17943146e-009	
1.03184258e+001	1.19665640e-005	1.19665635e-005	3.54133964e-009	
1.04186047e+001	1.23241545e-005	1.23241539e-005	3.90324781e-009	
1.05187835e+001	1.26866778e-005	1.26866770e-005	4.33475844e-009	
1.06189624e+001	1.30517849e-005	1.30517840e-005	4.74404091e-009	
1.07191413e+001	1.33843006e-005	1.33842996e-005	5.11002058e-009	
1.08193202e+001	1.37168163e-005	1.37168152e-005	5.47600026e-009	
1.09194991e+001	1.40493320e-005	1.40493308e-005	5.84197994e-009	
1.10196780e+001	1.44019641e-005	1.44019627e-005	6.25268693e-009	
1.11198569e+001	1.47788776e-005	1.47788761e-005	6.71738168e-009	
1.12200358e+001	1.52245241e-005	1.52245223e-005	7.31161806e-009	
1.13202147e+001	1.57098627e-005	1.57098607e-005	7.98066249e-009	
1.14203936e+001	1.61952013e-005	1.61951990e-005	8.64970692e-009	
1.15205725e+001	1.66805399e-005	1.66805373e-005	9.31875135e-009	
1.16207513e+001	1.71658786e-005	1.71658757e-005	9.98779578e-009	
1.17209302e+001	1.76748564e-005	1.76748532e-005	1.06665574e-008	
1.18211091e+001	1.81527768e-005	1.81527732e-005	1.14727872e-008	
1.19212880e+001	1.86135210e-005	1.86135170e-005	1.22402637e-008	
1.20214669e+001	1.90742652e-005	1.90742608e-005	1.30077403e-008	
1.21216458e+001	1.95350094e-005	1.95350046e-005	1.37752168e-008	
1.22218247e+001	1.99957537e-005	1.99957484e-005	1.45426934e-008	
1.23220036e+001	2.04564979e-005	2.04564922e-005	1.53101699e-008	
1.24221825e+001	2.09721915e-005	2.09721853e-005	1.61855820e-008	
1.25223614e+001	2.16050738e-005	2.16050669e-005	1.72911843e-008	
1.26225403e+001	2.22379561e-005	2.22379485e-005	1.83967866e-008	
1.27227191e+001	2.29700937e-005	2.29700852e-005	1.97012365e-008	
1.28228980e+001	2.37214441e-005	2.37214348e-005	2.10441774e-008	
1.29230769e+001	2.45305478e-005	2.45305373e-005	2.26395621e-008	
1.30232558e+001	2.53456409e-005	2.53456293e-005	2.42611274e-008	
1.31234347e+001	2.62495937e-005	2.62495810e-005	2.58898078e-008	
1.32236136e+001	2.71601115e-005	2.71600975e-005	2.75190140e-008	
1.33237925e+001	2.80634233e-005	2.80634081e-005	2.91264679e-008	
1.34239714e+001	2.88577443e-005	2.88577283e-005	3.04049182e-008	
1.35241503e+001	2.96513255e-005	2.96513083e-005	3.19432428e-008	
1.36243292e+001	3.04485861e-005	3.04485675e-005	3.37147560e-008	
1.37245081e+001	3.12952458e-005	3.12952254e-005	3.57861066e-008	
1.38246869e+001	3.21419055e-005	3.21418832e-005	3.78574573e-008	
1.39248658e+001	3.29885653e-005	3.29885411e-005	3.99288080e-008	
1.40250447e+001	3.38352251e-005	3.38351990e-005	4.20001586e-008	
1.41252236e+001	3.49214690e-005	3.49214408e-005	4.44200455e-008	
1.42254025e+001	3.63590446e-005	3.63590125e-005	4.83190555e-008	
1.43255814e+001	3.75360889e-005	3.75360538e-005	5.13235466e-008	
1.44257603e+001	3.86963103e-005	3.86962723e-005	5.42689469e-008	
1.45259392e+001	3.98565318e-005	3.98564908e-005	5.72143472e-008	
1.46261181e+001	4.11944696e-005	4.11944247e-005	6.07869992e-008	
1.47262970e+001	4.32585341e-005	4.32584823e-005	6.69225242e-008	
1.48264758e+001	4.53225988e-005	4.53225399e-005	7.30580491e-008	
1.49266547e+001	4.73866636e-005	4.73865975e-005	7.91935741e-008	
1.50268336e+001	4.88745650e-005	4.88744932e-005	8.38043471e-008	
1.51270125e+001	5.03716219e-005	5.03715442e-005	8.85247309e-008	
1.52271914e+001	5.17835468e-005	5.17834635e-005	9.28605364e-008	
1.53273703e+001	5.31954717e-005	5.31953829e-005	9.71963418e-008	
1.54275492e+001	5.46073967e-005	5.46073023e-005	1.01532147e-007	
1.55277281e+001	5.60193217e-005	5.60192216e-005	1.05867953e-007	
1.56279070e+001	5.74312467e-005	5.74311410e-005	1.10203758e-007	
1.57280859e+001	5.91325669e-005	5.91324533e-005	1.15900278e-007	
1.58282648e+001	6.12055459e-005	6.12054217e-005	1.23344311e-007	
1.59284436e+001	6.32785252e-005	6.32783900e-005	1.30788344e-007	
1.60286225e+001	6.54343432e-005	6.54341967e-005	1.38467655e-007	
1.61288014e+001	6.81429467e-005	6.81427840e-005	1.48906015e-007	
1.62289803e+001	7.10438265e-005	7.10436456e-005	1.60331988e-007	
1.63291592e+001	7.37995722e-005	7.37993750e-005	1.70616239e-007	
1.64293381e+001	7.65553182e-005	7.65551044e-005	1.80900489e-007	
1.65295170e+001	7.94013066e-005	7.94010753e-005	1.91629791e-007	
1.66296959e+001	8.23413232e-005	8.23410715e-005	2.03616095e-007	
1.67298748e+001	8.53122259e-005	8.53119502e-005	2.16888992e-007	
1.68300537e+001	8.82831289e-005	8.82828289e-005	2.30161888e-007	
1.69302326e+001	9.12540323e-005	9.12537076e-005	2.43434785e-007	
1.70304114e+001	9.43463010e-005	9.43459505e-005	2.57180397e-007	
1.71305903e+001	9.76741535e-005	9.76737752e-005	2.71843601e-007	
1.72307692e+001	1.01002006e-004	1.01001600e-004	2.86506805e-007	
1.73309481e+001	1.04329859e-004	1.04329425e-004	3.01170009e-007	
1.74311270e+001	1.07771004e-004	1.07770535e-004	3.17991685e-007	
1.75313059e+001	1.12051886e-004	1.12051364e-004	3.42154317e-007	
1.76314848e+001	1.17454149e-004	1.17453565e-004	3.70517526e-007	
1.77316637e+001	1.22095091e-004	1.22094463e-004	3.91378978e-007	
1.78318426e+001	1.26736032e-004	1.26735362e-004	4.12240430e-007	
1.79320215e+001	1.31457487e-004	1.31456770e-004	4.34384309e-007	
1.80322004e+001	1.36264365e-004	1.36263596e-004	4.57888794e-007	
1.81323792e+001	1.41071243e-004	1.41070421e-004	4.81393279e-007	
1.82325581e+001	1.45190351e-004	1.45189531e-004	4.88087458e-007	
1.83327370e+001	1.48759940e-004	1.48759162e-004	4.81350384e-007	
1.84329159e+001	1.53539174e-004	1.53538432e-004	4.77375529e-007	
1.85330948e+001	1.60623309e-004	1.60622596e-004	4.78663914e-007	
1.86332737e+001	1.67707446e-004	1.67706759e-004	4.79952299e-007	
1.87334526e+001	1.74791586e-004	1.74790923e-004	4.81240684e-007	
1.88336315e+001	1.81875727e-004	1.81875087e-004	4.82529069e-007	
1.89338104e+001	1.87880402e-004	1.87879980e-004	3.98239649e-007	
1.90339893e+001	1.93768777e-004	1.93768531e-004	3.08917118e-007	
1.91341682e+001	1.99657202e-004	1.99657081e-004	2.19594587e-007	
1.92343470e+001	2.05545673e-004	2.05545632e-004	1.30272056e-007	
1.93345259e+001	2.11434187e-004	2.11434183e-004	4.09495252e-008	
1.94347048e+001	2.15469888e-004	2.15469861e-004	-1.07286332e-007	
1.95348837e+001	2.14670899e-004	2.14670509e-004	-4.09255224e-007	
1.96350626e+001	2.13872340e-004	2.13871157e-004	-7.11224116e-007	
1.97352415e+001	2.13074214e-004	2.13071805e-004	-1.01319301e-006	
1.98354204e+001	2.14018527e-004	2.14014084e-004	-1.37902147e-006	
1.99355993e+001	2.15797705e-004	2.15790390e-004	-1.77671351e-006	
2.00357782e+001	2.10084831e-004	2.10072066e-004	-2.31586413e-006	
2.01359571e+001	2.05861182e-004	2.05842063e-004	-2.80560347e-006	
2.02361360e+001	2.03205390e-004	2.03179506e-004	-3.24330463e-006	
2.03363148e+001	2.00550733e-004	2.00516949e-004	-3.68100580e-006	
2.04364937e+001	1.95214837e-004	1.95173990e-004	-3.99330704e-006	
2.05366726e+001	1.77461360e-004	1.77422260e-004	-3.72507631e-006	
2.06368515e+001	1.59707945e-004	1.59670529e-004	-3.45684559e-006	
2.07370304e+001	1.41954616e-004	1.41918799e-004	-3.18861487e-006	
2.08372093e+001	1.23125076e-004	1.23089876e-004	-2.94392072e-006	
2.09373882e+001	1.06607553e-004	1.06576541e-004	-2.57121759e-006	
2.10375671e+001	9.22146596e-005	9.21872046e-005	-2.25005740e-006	
2.11377460e+001	7.92252238e-005	7.92001134e-005	-1.99452620e-006	
2.12379249e+001	6.62358544e-005	6.62130221e-005	-1.73899501e-006	
2.13381038e+001	5.05851301e-005	5.05657294e-005	-1.40085439e-006	
2.14382826e+001	3.03913263e-005	3.03795812e-005	-8.44842363e-007	
2.15384615e+001	1.01975242e-005	1.01934330e-005	-2.88830336e-007	
2.16386404e+001	9.99628649e-006	-9.99271522e-006	2.67181691e-007	
2.17388193e+001	2.61579394e-005	-2.61494359e-005	6.66931741e-007	
2.18389982e+001	4.15100785e-005	-4.14971656e-005	1.03530897e-006	
2.19391771e+001	5.68622234e-005	-5.68448953e-005	1.40368619e-006	
2.20393560e+001	7.22171071e-005	-7.21953581e-005	1.77223424e-006	
2.21395349e+001	8.98816868e-005	-8.98526382e-005	2.28495721e-006	
2.22397138e+001	1.10769641e-004	-1.10732242e-004	2.87818367e-006	
2.23398927e+001	1.27327426e-004	-1.27289915e-004	3.09044514e-006	
2.24400716e+001	1.43885497e-004	-1.43847588e-004	3.30270661e-006	
2.25402504e+001	1.60443768e-004	-1.60405260e-004	3.51496808e-006	
2.26404293e+001	1.71901401e-004	-1.71865573e-004	3.50948621e-006	
2.27406082e+001	1.80430328e-004	-1.80398564e-004	3.38550961e-006	
2.28407871e+001	1.88959704e-004	-1.88931554e-004	3.26153301e-006	
2.29409660e+001	1.97489469e-004	-1.97464544e-004	3.13755641e-006	
2.30411449e+001	2.03902976e-004	-2.03883287e-004	2.83357192e-006	
2.31413238e+001	2.08317436e-004	-2.08303399e-004	2.41830284e-006	
2.32415027e+001	2.12732941e-004	-2.12723511e-004	2.00303376e-006	
2.33416816e+001	2.17149428e-004	-2.17143623e-004	1.58776468e-006	
2.34418605e+001	2.19021531e-004	-2.19017908e-004	1.25989429e-006	
2.35420394e+001	2.17190639e-004	-2.17188056e-004	1.05918756e-006	
2.36422182e+001	2.15704138e-004	-2.15702922e-004	7.24302846e-007	
2.37423971e+001	2.14524281e-004	-2.14524111e-004	2.70184608e-007	
2.38425760e+001	2.13345380e-004	-2.13345300e-004	-1.83933629e-007	
2.39427549e+001	2.06390933e-004	-2.06390736e-004	-2.85495909e-007	
2.40429338e+001	1.98042571e-004	-1.98042341e-004	-3.01977799e-007	
2.41431127e+001	1.89966404e-004	-1.89966131e-004	-3.21976495e-007	
2.42432916e+001	1.85750030e-004	-1.85749617e-004	-3.91844886e-007	
2.43434705e+001	1.81533690e-004	-1.81533103e-004	-4.61713276e-007	
2.44436494e+001	1.77317385e-004	-1.77316588e-004	-5.31581666e-007	
2.45438283e+001	1.70731517e-004	-1.70730681e-004	-5.34071850e-007	
2.46440072e+001	1.62523270e-004	-1.62522530e-004	-4.90430408e-007	
2.47441860e+001	1.56819774e-004	-1.56819042e-004	-4.79011961e-007	
2.48443649e+001	1.52336805e-004	-1.52336039e-004	-4.83295279e-007	
2.49445438e+001	1.47853839e-004	-1.47853035e-004	-4.87578597e-007	
2.50447227e+001	1.42598966e-004	-1.42598215e-004	-4.62687057e-007	
2.51449016e+001	1.37444188e-004	-1.37443485e-004	-4.39504171e-007	
2.52450805e+001	1.32699642e-004	-1.32698953e-004	-4.27652647e-007	
2.53452594e+001	1.27955097e-004	-1.27954421e-004	-4.15801124e-007	
2.54454383e+001	1.22854190e-004	-1.22853559e-004	-3.93765398e-007	
2.55456172e+001	1.17438068e-004	-1.17437508e-004	-3.62721313e-007	
2.56457961e+001	1.12021948e-004	-1.12021457e-004	-3.31677228e-007	
2.57459750e+001	1.08422012e-004	-1.08421552e-004	-3.16000776e-007	
2.58461538e+001	1.04952317e-004	-1.04951884e-004	-3.01426355e-007	
2.59463327e+001	1.01482622e-004	-1.01482217e-004	-2.86851933e-007	
2.60465116e+001	9.80129272e-005	-9.80125490e-005	-2.72277512e-007	
2.61466905e+001	9.44737622e-005	-9.44734189e-005	-2.54682486e-007	
2.62468694e+001	9.11556296e-005	-9.11553185e-005	-2.38139187e-007	
2.63470483e+001	8.82283080e-005	-8.82280188e-005	-2.25904341e-007	
2.64472272e+001	8.51196353e-005	-8.51193670e-005	-2.13715068e-007	
2.65474061e+001	8.20109629e-005	-8.20107153e-005	-2.01525794e-007	
2.66475850e+001	7.92358409e-005	-7.92356133e-005	-1.89913902e-007	
2.67477639e+001	7.64638877e-005	-7.64636798e-005	-1.78307494e-007	
2.68479428e+001	7.37987716e-005	-7.37985819e-005	-1.67347713e-007	
2.69481216e+001	7.17067769e-005	-7.17065987e-005	-1.59856733e-007	
2.70483005e+001	6.95349279e-005	-6.95347619e-005	-1.51939721e-007	
2.71484794e+001	6.72848838e-005	-6.72847306e-005	-1.43605527e-007	
2.72486583e+001	6.50348399e-005	-6.50346992e-005	-1.35271333e-007	
2.73488372e+001	6.29055157e-005	-6.29053863e-005	-1.27580337e-007	
2.74490161e+001	6.04753986e-005	-6.04752797e-005	-1.19907342e-007	
2.75491950e+001	5.80808340e-005	-5.80807258e-005	-1.12124972e-007	
2.76493739e+001	5.56984276e-005	-5.56983299e-005	-1.04306317e-007	
2.77495528e+001	5.36848126e-005	-5.36847236e-005	-9.77544152e-008	
2.78497317e+001	5.21644784e-005	-5.21643957e-005	-9.28968748e-008	
2.79499106e+001	5.07864847e-005	-5.07864076e-005	-8.84893568e-008	
2.80500894e+001	4.94457281e-005	-4.94456564e-005	-8.41995672e-008	
2.81502683e+001	4.81049716e-005	-4.81049053e-005	-7.99097776e-008	
2.82504472e+001	4.67795649e-005	-4.67795034e-005	-7.58555683e-008	
2.83506261e+001	4.54765478e-005	-4.54764906e-005	-7.21449823e-008	
2.84508050e+001	4.41735307e-005	-4.41734777e-005	-6.84343962e-008	
2.85509839e+001	4.28705137e-005	-4.28704648e-005	-6.47238102e-008	
2.86511628e+001	4.14502219e-005	-4.14501774e-005	-6.07304651e-008	
2.87513417e+001	4.00053984e-005	-4.00053577e-005	-5.70676579e-008	
2.88515206e+001	3.85781338e-005	-3.85780966e-005	-5.35557286e-008	
2.89516995e+001	3.71508693e-005	-3.71508356e-005	-5.00437992e-008	
2.90518784e+001	3.57627508e-005	-3.57627205e-005	-4.65905628e-008	
2.91520572e+001	3.48232190e-005	-3.48231910e-005	-4.42034211e-008	
2.92522361e+001	3.38593813e-005	-3.38593555e-005	-4.17733843e-008	
2.93524150e+001	3.28955436e-005	-3.28955201e-005	-3.93433475e-008	
2.94525939e+001	3.20689531e-005	-3.20689312e-005	-3.74343785e-008	
2.95527728e+001	3.13076885e-005	-3.13076681e-005	-3.57734242e-008	
2.96529517e+001	3.04407662e-005	-3.04407472e-005	-3.39817594e-008	
2.97531306e+001	2.95114919e-005	-2.95114744e-005	-3.21129583e-008	
2.98533095e+001	2.85822176e-005	-2.85822016e-005	-3.02441571e-008	
2.99534884e+001	2.77333960e-005	-2.77333813e-005	-2.84824199e-008	
3.00536673e+001	2.69661240e-005	-2.69661106e-005	-2.68292066e-008	
3.01538462e+001	2.61988520e-005	-2.61988399e-005	-2.51759932e-008	
3.02540250e+001	2.54315801e-005	-2.54315692e-005	-2.35227798e-008	
3.03542039e+001	2.46527466e-005	-2.46527369e-005	-2.18353312e-008	
3.04543828e+001	2.38474094e-005	-2.38474006e-005	-2.05094174e-008	
3.05545617e+001	2.30456720e-005	-2.30456640e-005	-1.92318913e-008	
3.06547406e+001	2.22439346e-005	-2.22439274e-005	-1.79543651e-008	
3.07549195e+001	2.14421972e-005	-2.14421908e-005	-1.66768390e-008	
3.08550984e+001	2.06649563e-005	-2.06649505e-005	-1.54279562e-008	
3.09552773e+001	2.00737346e-005	-2.00737294e-005	-1.43965838e-008	
3.10554562e+001	1.94825129e-005	-1.94825083e-005	-1.33652115e-008	
3.11556351e+001	1.89504512e-005	-1.89504472e-005	-1.23796074e-008	
3.12558140e+001	1.85629963e-005	-1.85629927e-005	-1.15058765e-008	
3.13559928e+001	1.81755413e-005	-1.81755382e-005	-1.06321456e-008	
3.14561717e+001	1.77880864e-005	-1.77880837e-005	-9.75841467e-009	
3.15563506e+001	1.73711335e-005	-1.73711312e-005	-8.89227051e-009	
3.16565295e+001	1.69203361e-005	-1.69203342e-005	-8.02749373e-009	
3.17567084e+001	1.65193007e-005	-1.65192992e-005	-7.14539515e-009	
3.18568873e+001	1.61269849e-005	-1.61269837e-005	-6.29620236e-009	
3.19570662e+001	1.57346692e-005	-1.57346682e-005	-5.44700957e-009	
3.20572451e+001	1.53423534e-005	-1.53423527e-005	-4.59781679e-009	
3.21574240e+001	1.49318105e-005	-1.49318101e-005	-3.66200943e-009	
3.22576029e+001	1.45106393e-005	-1.45106390e-005	-2.67569654e-009	
3.23577818e+001	1.40969687e-005	-1.40969686e-005	-1.78399262e-009	
3.24579606e+001	1.36895292e-005	-1.36895291e-005	-9.70881299e-010	
3.25581395e+001	1.33410034e-005	-1.33410034e-005	-3.65408190e-012	
3.26583184e+001	1.30358373e-005	-1.30358373e-005	8.35126800e-010	
3.27584973e+001	1.27338042e-005	-1.27338041e-005	1.67158101e-009	
3.28586762e+001	1.24270776e-005	-1.24270774e-005	2.32716831e-009	
3.29588551e+001	1.21078515e-005	-1.21078512e-005	2.85610914e-009	
3.30590340e+001	1.17886255e-005	-1.17886250e-005	3.38504998e-009	
3.31592129e+001	1.14741909e-005	-1.14741903e-005	3.73505922e-009	
3.32593918e+001	1.11572105e-005	-1.11572098e-005	4.04143613e-009	
3.33595707e+001	1.08402302e-005	-1.08402293e-005	4.34781304e-009	
3.34597496e+001	1.05578852e-005	-1.05578843e-005	4.30203036e-009	
3.35599284e+001	1.02938315e-005	-1.02938307e-005	4.07026820e-009	
3.36601073e+001	1.00297778e-005	-1.00297771e-005	3.83850604e-009	
3.37602862e+001	9.76572417e-006	-9.76572350e-006	3.60674388e-009	
3.38604651e+001	9.53729713e-006	-9.53729649e-006	3.49309914e-009	
3.39606440e+001	9.31847367e-006	-9.31847309e-006	3.28938958e-009	
3.40608229e+001	9.09965021e-006	-9.09964968e-006	3.08568001e-009	
3.41610018e+001	8.88082675e-006	-8.88082628e-006	2.88197045e-009	
3.42611807e+001	8.68660841e-006	-8.68660799e-006	2.68841722e-009	
3.43613596e+001	8.50908930e-006	-8.50908893e-006	2.50175697e-009	
3.44615385e+001	8.33157019e-006	-8.33156986e-006	2.31509672e-009	
3.45617174e+001	8.15405108e-006	-8.15405080e-006	2.12843648e-009	
3.46618962e+001	7.94948619e-006	-7.94948597e-006	1.87354216e-009	
3.47620751e+001	7.73696279e-006	-7.73696263e-006	1.60085297e-009	
3.48622540e+001	7.52443941e-006	-7.52443929e-006	1.32816377e-009	
3.49624329e+001	7.36551212e-006	-7.36551204e-006	1.06786557e-009	
3.50626118e+001	7.21943140e-006	-7.21943135e-006	8.10537397e-010	
3.51627907e+001	7.07335068e-006	-7.07335066e-006	5.53209224e-010	
3.52629696e+001	6.92258392e-006	-6.92258392e-006	1.44015286e-010	
3.53631485e+001	6.77160054e-006	-6.77160054e-006	-2.72199415e-010	
3.54633274e+001	6.60685027e-006	-6.60685024e-006	-6.56011303e-010	
3.55635063e+001	6.44622498e-006	-6.44622490e-006	-9.96496811e-010	
3.56636852e+001	6.30197923e-006	-6.30197911e-006	-1.22123587e-009	
3.57638640e+001	6.15773349e-006	-6.15773332e-006	-1.44597493e-009	
3.58640429e+001	6.01717601e-006	-6.01717579e-006	-1.63200666e-009	
3.59642218e+001	5.88268789e-006	-5.88268763e-006	-1.75434181e-009	
3.60644007e+001	5.74819977e-006	-5.74819946e-006	-1.87667697e-009	
3.61645796e+001	5.59152882e-006	-5.59152851e-006	-1.86416496e-009	
3.62647585e+001	5.46127028e-006	-5.46127001e-006	-1.71797595e-009	
3.63649374e+001	5.35168871e-006	-5.35168850e-006	-1.50285274e-009	
3.64651163e+001	5.24210714e-006	-5.24210698e-006	-1.28772954e-009	
3.65652952e+001	5.14130132e-006	-5.14130121e-006	-1.09775910e-009	
3.66654741e+001	5.08094383e-006	-5.08094373e-006	-1.02372036e-009	
3.67656530e+001	4.98201285e-006	-4.98201278e-006	-8.49825485e-010	
3.68658318e+001	4.88079689e-006	-4.88079684e-006	-6.70015413e-010	
3.69660107e+001	4.77958093e-006	-4.77958091e-006	-4.90205341e-010	
3.70661896e+001	4.67836498e-006	-4.67836497e-006	-3.10395269e-010	
3.71663685e+001	4.57737272e-006	-4.57737272e-006	-1.29796408e-010	
3.72665474e+001	4.47915273e-006	-4.47915273e-006	6.08071512e-011	
3.73667263e+001	4.36782906e-006	-4.36782906e-006	2.34831962e-010	
3.74669052e+001	4.25497047e-006	-4.25497045e-006	4.08248215e-010	
3.75670841e+001	4.14211189e-006	-4.14211185e-006	5.81664469e-010	
3.76672630e+001	4.03874090e-006	-4.03874083e-006	7.44298390e-010	
3.77674419e+001	3.97789465e-006	-3.97789456e-006	8.58604348e-010	
3.78676208e+001	3.91704840e-006	-3.91704828e-006	9.72910306e-010	
3.79677996e+001	3.86110956e-006	-3.86110941e-006	1.08214660e-009	
3.80679785e+001	3.79833833e-006	-3.79833815e-006	1.17126601e-009	
3.81681574e+001	3.72011289e-006	-3.72011268e-006	1.24673521e-009	
3.82683363e+001	3.63877384e-006	-3.63877360e-006	1.32170505e-009	
3.83685152e+001	3.55743478e-006	-3.55743451e-006	1.39667489e-009	
3.84686941e+001	3.49286319e-006	-3.49286289e-006	1.44137753e-009	
3.85688730e+001	3.43056796e-006	-3.43056764e-006	1.48197108e-009	
3.86690519e+001	3.36803981e-006	-3.36803946e-006	1.52225457e-009	
3.87692308e+001	3.30268726e-006	-3.30268689e-006	1.55877798e-009	
3.88694097e+001	3.23733471e-006	-3.23733432e-006	1.59530139e-009	
3.89695886e+001	3.17518545e-006	-3.17518504e-006	1.62119554e-009	
3.90697674e+001	3.11451991e-006	-3.11451948e-006	1.64216635e-009	
3.91699463e+001	3.05385438e-006	-3.05385393e-006	1.66313716e-009	
3.92701252e+001	2.99189470e-006	-2.99189423e-006	1.68537021e-009	
3.93703041e+001	2.92751339e-006	-2.92751290e-006	1.70996520e-009	
3.94704830e+001	2.86313209e-006	-2.86313156e-006	1.73456020e-009	
3.95706619e+001	2.80293488e-006	-2.80293433e-006	1.74743001e-009	
3.96708408e+001	2.75258170e-006	-2.75258114e-006	1.75198407e-009	
3.97710197e+001	2.70287579e-006	-2.70287521e-006	1.76422198e-009	
3.98711986e+001	2.65329682e-006	-2.65329622e-006	1.77796690e-009	
3.99713775e+001	2.60371785e-006	-2.60371724e-006	1.79171182e-009	
4.00715564e+001	2.55413889e-006	-2.55413825e-006	1.80545675e-009	
4.01717352e+001	2.50433148e-006	-2.50433083e-006	1.80072794e-009	
4.02719141e+001	2.45449347e-006	-2.45449281e-006	1.79352364e-009	
4.03720930e+001	2.40465545e-006	-2.40465479e-006	1.78631933e-009	
4.04722719e+001	2.35481744e-006	-2.35481676e-006	1.77911503e-009	
4.05724508e+001	2.30951314e-006	-2.30951246e-006	1.77432929e-009	
4.06726297e+001	2.27101145e-006	-2.27101076e-006	1.77433773e-009	
4.07728086e+001	2.23250976e-006	-2.23250905e-006	1.77434617e-009	
4.08729875e+001	2.19400807e-006	-2.19400735e-006	1.77435460e-009	
4.09731664e+001	2.15406820e-006	-2.15406748e-006	1.77020623e-009	
4.10733453e+001	2.11089502e-006	-2.11089429e-006	1.75671243e-009	
4.11735242e+001	2.06701461e-006	-2.06701387e-006	1.74111201e-009	
4.12737030e+001	2.02227928e-006	-2.02227855e-006	1.72296504e-009	
4.13738819e+001	1.97754396e-006	-1.97754323e-006	1.70481807e-009	
4.14740608e+001	1.93742704e-006	-1.93742631e-006	1.69038104e-009	
4.15742397e+001	1.91153954e-006	-1.91153880e-006	1.68746373e-009	
4.16744186e+001	1.88278172e-006	-1.88278097e-006	1.68308235e-009	
4.17745975e+001	1.85402390e-006	-1.85402314e-006	1.67870098e-009	
4.18747764e+001	1.82475969e-006	-1.82475892e-006	1.67348888e-009	
4.19749553e+001	1.78925755e-006	-1.78925679e-006	1.65804368e-009	
4.20751342e+001	1.75375542e-006	-1.75375465e-006	1.64259848e-009	
4.21753131e+001	1.72499677e-006	-1.72499600e-006	1.63264506e-009	
4.22754919e+001	1.70319566e-006	-1.70319488e-006	1.62835774e-009	
4.23756708e+001	1.67817274e-006	-1.67817196e-006	1.61828129e-009	
4.24758497e+001	1.65062969e-006	-1.65062891e-006	1.60367652e-009	
4.25760286e+001	1.62308665e-006	-1.62308587e-006	1.58907174e-009	
4.26762075e+001	1.59554360e-006	-1.59554282e-006	1.57446697e-009	
4.27763864e+001	1.56800055e-006	-1.56799978e-006	1.55986220e-009	
4.28765653e+001	1.53830076e-006	-1.53829999e-006	1.54227023e-009	
4.29767442e+001	1.50797703e-006	-1.50797626e-006	1.52381405e-009	
4.30769231e+001	1.47796124e-006	-1.47796047e-006	1.50486373e-009	
4.31771020e+001	1.44800056e-006	-1.44799980e-006	1.48582496e-009	
4.32772809e+001	1.41803988e-006	-1.41803912e-006	1.46678619e-009	
4.33774597e+001	1.39140835e-006	-1.39140759e-006	1.44998218e-009	
4.34776386e+001	1.36816253e-006	-1.36816178e-006	1.43545091e-009	
4.35778175e+001	1.34491672e-006	-1.34491597e-006	1.42091963e-009	
4.36779964e+001	1.32167091e-006	-1.32167016e-006	1.40638836e-009	
4.37781753e+001	1.29989432e-006	-1.29989357e-006	1.39336194e-009	
4.38783542e+001	1.28252119e-006	-1.28252045e-006	1.38440432e-009	
4.39785331e+001	1.26514807e-006	-1.26514732e-006	1.37544670e-009	
4.40787120e+001	1.24777494e-006	-1.24777420e-006	1.36648909e-009	
4.41788909e+001	1.23040182e-006	-1.23040107e-006	1.35753147e-009	
4.42790698e+001	1.20790395e-006	-1.20790321e-006	1.33907822e-009	
4.43792487e+001	1.18418456e-006	-1.18418382e-006	1.31836161e-009	
4.44794275e+001	1.16481532e-006	-1.16481459e-006	1.30270749e-009	
4.45796064e+001	1.14561392e-006	-1.14561320e-006	1.28724869e-009	
4.46797853e+001	1.12641252e-006	-1.12641180e-006	1.27178989e-009	
4.47799642e+001	1.10721111e-006	-1.10721040e-006	1.25633108e-009	
4.48801431e+001	1.08660053e-006	-1.08659982e-006	1.24005388e-009	
4.49803220e+001	1.06687089e-006	-1.06687019e-006	1.22342078e-009	
4.50805009e+001	1.04700925e-006	-1.04700855e-006	1.20646491e-009	
4.51806798e+001	1.02743737e-006	-1.02743669e-006	1.19029659e-009	
4.52808587e+001	1.00787937e-006	-1.00787869e-006	1.17416597e-009	
4.53810376e+001	9.88570772e-007	-9.88570093e-007	1.15817460e-009	
4.54812165e+001	9.72492562e-007	-9.72491889e-007	1.14418090e-009	
4.55813953e+001	9.57684024e-007	-9.57683357e-007	1.13102500e-009	
4.56815742e+001	9.42282342e-007	-9.42281680e-007	1.11724558e-009	
4.57817531e+001	9.26880660e-007	-9.26880003e-007	1.10346616e-009	
4.58819320e+001	9.11478977e-007	-9.11478326e-007	1.08968674e-009	
4.59821109e+001	8.95606487e-007	-8.95605841e-007	1.07503280e-009	
4.60822898e+001	8.79622955e-007	-8.79622316e-007	1.06017261e-009	
4.61824687e+001	8.63639423e-007	-8.63638791e-007	1.04531242e-009	
4.62826476e+001	8.47875444e-007	-8.47874818e-007	1.03077757e-009	
4.63828265e+001	8.35567249e-007	-8.35566627e-007	1.01949375e-009	
4.64830054e+001	8.24490450e-007	-8.24489832e-007	1.00931255e-009	
4.65831843e+001	8.13394712e-007	-8.13394098e-007	9.99102900e-010	
4.66833631e+001	8.02298974e-007	-8.02298365e-007	9.88893248e-010	
4.67835420e+001	7.91203237e-007	-7.91202632e-007	9.78683596e-010	
4.68837209e+001	7.76136396e-007	-7.76135798e-007	9.63743905e-010	
4.69838998e+001	7.62414217e-007	-7.62413625e-007	9.50228231e-010	
4.70840787e+001	7.47664222e-007	-7.47663637e-007	9.35420451e-010	
4.71842576e+001	7.32914227e-007	-7.32913649e-007	9.20612671e-010	
4.72844365e+001	7.17436123e-007	-7.17435554e-007	9.03312079e-010	
4.73846154e+001	7.01943222e-007	-7.01942663e-007	8.85960831e-010	
4.74847943e+001	6.86450322e-007	-6.86449772e-007	8.68609583e-010	
4.75849732e+001	6.73053388e-007	-6.73052846e-007	8.53994283e-010	
4.76851521e+001	6.65797232e-007	-6.65796693e-007	8.47224823e-010	
4.77853309e+001	6.58631850e-007	-6.58631314e-007	8.40657958e-010	
4.78855098e+001	6.51466468e-007	-6.51465934e-007	8.34091092e-010	
4.79856887e+001	6.41263697e-007	-6.41263168e-007	8.23559357e-010	
4.80858676e+001	6.28894515e-007	-6.28893993e-007	8.09836502e-010	
4.81860465e+001	6.16575898e-007	-6.16575384e-007	7.96132037e-010	
4.82862254e+001	6.04257281e-007	-6.04256774e-007	7.82427572e-010	
4.83864043e+001	5.91993097e-007	-5.91992598e-007	7.68550129e-010	
4.84865832e+001	5.79778319e-007	-5.79777828e-007	7.54515681e-010	
4.85867621e+001	5.66920429e-007	-5.66919947e-007	7.39391363e-010	
4.86869410e+001	5.54019284e-007	-5.54018810e-007	7.24193739e-010	
4.87871199e+001	5.41118138e-007	-5.41117674e-007	7.08996116e-010	
4.88872987e+001	5.30230926e-007	-5.30230469e-007	6.96106193e-010	
4.89874776e+001	5.20425986e-007	-5.20425536e-007	6.84456410e-010	
4.90876565e+001	5.10621046e-007	-5.10620603e-007	6.72806628e-010	
4.91878354e+001	5.00839864e-007	-5.00839427e-007	6.61313760e-010	
4.92880143e+001	4.91080436e-007	-4.91080006e-007	6.49964579e-010	
4.93881932e+001	4.81731659e-007	-4.81731235e-007	6.39131393e-010	
4.94883721e+001	4.73883470e-007	-4.73883051e-007	6.30047046e-010	
4.95885510e+001	4.66653838e-007	-4.66653424e-007	6.21535139e-010	
4.96887299e+001	4.59080636e-007	-4.59080227e-007	6.12648956e-010	
4.97889088e+001	4.50812447e-007	-4.50812044e-007	6.03005673e-010	
4.98890877e+001	4.42544259e-007	-4.42543861e-007	5.93362391e-010	
4.99892665e+001	4.33363117e-007	-4.33362726e-007	5.82297364e-010	
5.00894454e+001	4.23097577e-007	-4.23097194e-007	5.69400643e-010	
5.01896243e+001	4.13139087e-007	-4.13138712e-007	5.56809824e-010	
5.02898032e+001	4.03120794e-007	-4.03120426e-007	5.44224741e-010	
5.03899821e+001	3.93235444e-007	-3.93235085e-007	5.31865895e-010	
5.04901610e+001	3.84726056e-007	-3.84725703e-007	5.21152353e-010	
5.05903399e+001	3.75946306e-007	-3.75945960e-007	5.10252932e-010	
5.06905188e+001	3.67218859e-007	-3.67218519e-007	4.99378282e-010	
5.07906977e+001	3.58782460e-007	-3.58782128e-007	4.88641479e-010	
5.08908766e+001	3.50346062e-007	-3.50345736e-007	4.77904676e-010	
5.09910555e+001	3.41909664e-007	-3.41909344e-007	4.67167873e-010	
5.10912343e+001	3.33538619e-007	-3.33538307e-007	4.56245475e-010	
5.11914132e+001	3.27923690e-007	-3.27923383e-007	4.49126594e-010	
5.12915921e+001	3.22654357e-007	-3.22654054e-007	4.42485197e-010	
5.13917710e+001	3.16410966e-007	-3.16410667e-007	4.34494840e-010	
5.14919499e+001	3.08851055e-007	-3.08850763e-007	4.24681253e-010	
5.15921288e+001	3.01268488e-007	-3.01268202e-007	4.14828645e-010	
5.16923077e+001	2.93311870e-007	-2.93311592e-007	4.04331792e-010	
5.17924866e+001	2.85366121e-007	-2.85365849e-007	3.93840946e-010	
5.18926655e+001	2.77545712e-007	-2.77545447e-007	3.83419383e-010	
5.19928444e+001	2.69725303e-007	-2.69725045e-007	3.72997820e-010	
5.20930233e+001	2.61904894e-007	-2.61904643e-007	3.62576257e-010	
5.21932021e+001	2.54084485e-007	-2.54084241e-007	3.52154694e-010	
5.22933810e+001	2.47692461e-007	-2.47692223e-007	3.43626689e-010	
5.23935599e+001	2.41329455e-007	-2.41329222e-007	3.35137150e-010	
5.24937388e+001	2.33668327e-007	-2.33668101e-007	3.24847618e-010	
5.25939177e+001	2.25467448e-007	-2.25467229e-007	3.13809657e-010	
5.26940966e+001	2.17323935e-007	-2.17323724e-007	3.02844526e-010	
5.27942755e+001	2.11135421e-007	-2.11135216e-007	2.94361363e-010	
5.28944544e+001	2.04946908e-007	-2.04946709e-007	2.85878200e-010	
5.29946333e+001	1.98758394e-007	-1.98758201e-007	2.77395036e-010	
5.30948122e+001	1.92569881e-007	-1.92569693e-007	2.68911873e-010	
5.31949911e+001	1.86381367e-007	-1.86381185e-007	2.60428710e-010	
5.32951699e+001	1.79979762e-007	-1.79979586e-007	2.51682343e-010	
5.33953488e+001	1.73056669e-007	-1.73056500e-007	2.42208120e-010	
5.34955277e+001	1.64918777e-007	-1.64918615e-007	2.30973112e-010	
5.35957066e+001	1.56780884e-007	-1.56780731e-007	2.19738104e-010	
5.36958855e+001	1.48642992e-007	-1.48642846e-007	2.08503096e-010	
5.37960644e+001	1.40505100e-007	-1.40504961e-007	1.97268088e-010	
5.38962433e+001	1.34214741e-007	-1.34214608e-007	1.88559718e-010	
5.39964222e+001	1.28312595e-007	-1.28312468e-007	1.80338961e-010	
5.40966011e+001	1.22410449e-007	-1.22410328e-007	1.72118205e-010	
5.41967800e+001	1.16508304e-007	-1.16508188e-007	1.63897448e-010	
5.42969589e+001	1.10606158e-007	-1.10606048e-007	1.55676691e-010	
5.43971377e+001	1.04704012e-007	-1.04703908e-007	1.47455935e-010	
5.44973166e+001	9.74498733e-008	-9.74497766e-008	1.37283532e-010	
5.45974955e+001	8.98778232e-008	-8.98777340e-008	1.26652213e-010	
5.46976744e+001	8.23057732e-008	-8.23056914e-008	1.16020895e-010	
5.47978533e+001	7.47671444e-008	-7.47670700e-008	1.05439808e-010	
5.48980322e+001	6.81957317e-008	-6.81956638e-008	9.61994863e-011	
5.49982111e+001	6.18081313e-008	-6.18080698e-008	8.71982227e-011	
5.50983900e+001	5.54205309e-008	-5.54204757e-008	7.81969590e-011	
5.51985689e+001	4.90329305e-008	-4.90328816e-008	6.91956954e-011	
5.52987478e+001	4.27070779e-008	-4.27070354e-008	6.02808754e-011	
5.53989267e+001	3.68936040e-008	-3.68935672e-008	5.20709006e-011	
5.54991055e+001	3.10151646e-008	-3.10151337e-008	4.37678472e-011	
5.55992844e+001	2.50009502e-008	-2.50009253e-008	3.52758559e-011	
5.56994633e+001	1.83364289e-008	-1.83364107e-008	2.58324797e-011	
5.57996422e+001	1.23769793e-008	-1.23769671e-008	1.73701387e-011	
5.58998211e+001	6.21810332e-009	-6.21809734e-009	8.62175535e-012	
5.60000000e+001	1.14941102e-009	-1.14941012e-009	1.44338885e-012	
