% Column 0: Length, cm
% Column 1: |B.n|, Tesla
% Column 2: Re[B.n], Tesla
% Column 3: Im[B.n], Tesla
0.00000000e+000	7.89186294e-010	-7.89164900e-010	-5.81090828e-012	
1.00178891e-001	1.23803314e-008	-1.23800133e-008	-8.87488322e-011	
2.00357782e-001	2.43724001e-008	-2.43717791e-008	-1.73980957e-010	
3.00536673e-001	3.68165804e-008	-3.68156280e-008	-2.64812758e-010	
4.00715564e-001	5.03440070e-008	-5.03427130e-008	-3.60958314e-010	
5.00894454e-001	6.33629462e-008	-6.33613338e-008	-4.52028725e-010	
6.01073345e-001	7.65691566e-008	-7.65672307e-008	-5.43075163e-010	
7.01252236e-001	8.95914738e-008	-8.95892571e-008	-6.30229921e-010	
8.01431127e-001	1.02579363e-007	-1.02576860e-007	-7.16647650e-010	
9.01610018e-001	1.15162839e-007	-1.15160099e-007	-7.94407732e-010	
1.00178891e+000	1.27746315e-007	-1.27743338e-007	-8.72167814e-010	
1.10196780e+000	1.40628227e-007	-1.40625032e-007	-9.47938179e-010	
1.20214669e+000	1.54446820e-007	-1.54443456e-007	-1.01945201e-009	
1.30232558e+000	1.69652406e-007	-1.69648918e-007	-1.08782427e-009	
1.40250447e+000	1.84548848e-007	-1.84545211e-007	-1.15859857e-009	
1.50268336e+000	1.99445292e-007	-1.99441503e-007	-1.22937286e-009	
1.60286225e+000	2.15085348e-007	-2.15081461e-007	-1.29301745e-009	
1.70304114e+000	2.32421823e-007	-2.32417958e-007	-1.34039691e-009	
1.80322004e+000	2.49758310e-007	-2.49754455e-007	-1.38777637e-009	
1.90339893e+000	2.65605015e-007	-2.65601027e-007	-1.45551829e-009	
2.00357782e+000	2.83154841e-007	-2.83150845e-007	-1.50438834e-009	
2.10375671e+000	3.02275795e-007	-3.02271894e-007	-1.53571939e-009	
2.20393560e+000	3.21262390e-007	-3.21258568e-007	-1.56707885e-009	
2.30411449e+000	3.38897092e-007	-3.38893321e-007	-1.59872413e-009	
2.40429338e+000	3.57155915e-007	-3.57152219e-007	-1.62486135e-009	
2.50447227e+000	3.79560491e-007	-3.79557024e-007	-1.62227078e-009	
2.60465116e+000	4.02507323e-007	-4.02503972e-007	-1.64241037e-009	
2.70483005e+000	4.25454169e-007	-4.25450920e-007	-1.66254996e-009	
2.80500894e+000	4.48401026e-007	-4.48397868e-007	-1.68268955e-009	
2.90518784e+000	4.71348816e-007	-4.71345904e-007	-1.65681133e-009	
3.00536673e+000	4.94297269e-007	-4.94294681e-007	-1.59963528e-009	
3.10554562e+000	5.17245757e-007	-5.17243457e-007	-1.54245924e-009	
3.20572451e+000	5.40194275e-007	-5.40192233e-007	-1.48528319e-009	
3.30590340e+000	5.63387328e-007	-5.63385483e-007	-1.44169490e-009	
3.40608229e+000	5.95255258e-007	-5.95253704e-007	-1.36011760e-009	
3.50626118e+000	6.26726650e-007	-6.26725460e-007	-1.22122417e-009	
3.60644007e+000	6.58198106e-007	-6.58197216e-007	-1.08233075e-009	
3.70661896e+000	6.89669618e-007	-6.89668973e-007	-9.43437322e-010	
3.80679785e+000	7.19902896e-007	-7.19902435e-007	-8.15157407e-010	
3.90697674e+000	7.49763734e-007	-7.49763420e-007	-6.86527682e-010	
4.00715564e+000	7.81611667e-007	-7.81611491e-007	-5.24757743e-010	
4.10733453e+000	8.13459643e-007	-8.13459562e-007	-3.62987804e-010	
4.20751342e+000	8.45307657e-007	-8.45307633e-007	-2.01217865e-010	
4.30769231e+000	8.80809766e-007	-8.80809766e-007	-1.94530032e-011	
4.40787120e+000	9.30745871e-007	-9.30745840e-007	2.41293989e-010	
4.50805009e+000	9.77009064e-007	-9.77008879e-007	6.02176828e-010	
4.60822898e+000	1.01687347e-006	-1.01687284e-006	1.13751404e-009	
4.70840787e+000	1.05675528e-006	-1.05675396e-006	1.66754125e-009	
4.80858676e+000	1.09910129e-006	-1.09909929e-006	2.09756413e-009	
4.90876565e+000	1.14294826e-006	-1.14294555e-006	2.48680047e-009	
5.00894454e+000	1.18638497e-006	-1.18638160e-006	2.83084201e-009	
5.10912343e+000	1.22982174e-006	-1.22981764e-006	3.17488355e-009	
5.20930233e+000	1.28138500e-006	-1.28137961e-006	3.71536806e-009	
5.30948122e+000	1.32856126e-006	-1.32855396e-006	4.40392920e-009	
5.40966011e+000	1.37417932e-006	-1.37416986e-006	5.09852111e-009	
5.50983900e+000	1.41979759e-006	-1.41978577e-006	5.79311301e-009	
5.61001789e+000	1.46541603e-006	-1.46540167e-006	6.48770492e-009	
5.71019678e+000	1.54072450e-006	-1.54070597e-006	7.55689811e-009	
5.81037567e+000	1.60812771e-006	-1.60810364e-006	8.79983313e-009	
5.91055456e+000	1.66722039e-006	-1.66719167e-006	9.78666888e-009	
6.01073345e+000	1.72510893e-006	-1.72507552e-006	1.07363922e-008	
6.11091234e+000	1.76755299e-006	-1.76751488e-006	1.16075397e-008	
6.21109123e+000	1.80223520e-006	-1.80219228e-006	1.24391973e-008	
6.31127013e+000	1.83691761e-006	-1.83686967e-006	1.32708549e-008	
6.41144902e+000	1.87261843e-006	-1.87256518e-006	1.41219101e-008	
6.51162791e+000	1.92088165e-006	-1.92082141e-006	1.52122795e-008	
6.61180680e+000	1.96914513e-006	-1.96907764e-006	1.63026488e-008	
6.71198569e+000	2.02393886e-006	-2.02386457e-006	1.73410805e-008	
6.81216458e+000	2.07639356e-006	-2.07631440e-006	1.81312408e-008	
6.91234347e+000	2.12478103e-006	-2.12469864e-006	1.87116818e-008	
7.01252236e+000	2.17316852e-006	-2.17308289e-006	1.92921229e-008	
7.11270125e+000	2.22646245e-006	-2.22637913e-006	1.92622753e-008	
7.21288014e+000	2.25771292e-006	-2.25764074e-006	1.80530650e-008	
7.31305903e+000	2.31577283e-006	-2.31572501e-006	1.48819452e-008	
7.41323792e+000	2.37495205e-006	-2.37492539e-006	1.12524293e-008	
7.51341682e+000	2.50311940e-006	-2.50311937e-006	-4.17195827e-010	
7.61359571e+000	2.63000911e-006	-2.62985702e-006	-2.82843078e-008	
7.71377460e+000	2.91857220e-006	-2.91635162e-006	-1.13828466e-007	
7.81395349e+000	2.75274682e-006	-2.75211769e-006	5.88495513e-008	
7.91413238e+000	4.64768354e-007	-2.91484478e-007	3.62003346e-007	
8.01431127e+000	9.75228795e-008	-5.81675951e-008	7.82767073e-008	
8.11449016e+000	7.15528399e-008	-4.88082273e-008	5.23217532e-008	
8.21466905e+000	4.86612066e-008	-3.85455545e-008	2.97010648e-008	
8.31484794e+000	3.14657131e-008	-2.03474936e-008	2.40014709e-008	
8.41502683e+000	3.35264432e-008	-3.09334520e-008	1.29284161e-008	
8.51520572e+000	1.38158441e-008	-7.36526219e-009	1.16889033e-008	
8.61538462e+000	2.21869537e-008	-2.05371019e-008	8.39573468e-009	
8.71556351e+000	8.33485649e-009	-4.94086883e-009	6.71249938e-009	
8.81574240e+000	1.12796970e-008	-1.09240072e-008	2.81027244e-009	
8.91592129e+000	4.01909032e-009	-3.47164052e-009	2.02504300e-009	
9.01610018e+000	6.04906150e-009	4.62899900e-009	3.89403560e-009	
9.11627907e+000	3.65023484e-009	3.49596774e-009	1.04996378e-009	
9.21645796e+000	2.21789388e-009	-2.24292967e-011	-2.21778046e-009	
9.31663685e+000	4.86157704e-009	2.52938956e-009	-4.15176104e-009	
9.41681574e+000	3.18888276e-009	4.58814481e-011	-3.18855267e-009	
9.51699463e+000	8.83901766e-009	4.82155788e-009	-7.40815853e-009	
9.61717352e+000	1.72728072e-008	1.29122151e-008	-1.14727752e-008	
9.71735242e+000	2.14025625e-008	1.37455582e-008	-1.64051612e-008	
9.81753131e+000	6.92109687e-008	3.54508526e-008	-5.94423690e-008	
9.91771020e+000	4.47625938e-007	4.32300516e-007	-1.16125983e-007	
1.00178891e+001	6.11908981e-007	6.11108771e-007	3.12837167e-008	
1.01180680e+001	4.59357436e-007	4.59260018e-007	-9.45990473e-009	
1.02182469e+001	4.01221949e-007	4.00731308e-007	-1.98361056e-008	
1.03184258e+001	3.61607932e-007	3.60622707e-007	-2.66750718e-008	
1.04186047e+001	3.63395259e-007	3.62066737e-007	-3.10450030e-008	
1.05187835e+001	3.72940328e-007	3.71290403e-007	-3.50417577e-008	
1.06189624e+001	4.03346285e-007	4.01595540e-007	-3.75399502e-008	
1.07191413e+001	4.34583525e-007	4.32747872e-007	-3.99013669e-008	
1.08193202e+001	4.76307317e-007	4.74412079e-007	-4.24480771e-008	
1.09194991e+001	5.07780087e-007	5.05862494e-007	-4.40880267e-008	
1.10196780e+001	5.18935283e-007	5.16846324e-007	-4.65156481e-008	
1.11198569e+001	5.15299642e-007	5.12843091e-007	-5.02561987e-008	
1.12200358e+001	4.95841862e-007	4.92721857e-007	-5.55366864e-008	
1.13202147e+001	5.06749341e-007	5.02726540e-007	-6.37253552e-008	
1.14203936e+001	5.50374701e-007	5.45501679e-007	-7.30768794e-008	
1.15205725e+001	6.16541790e-007	6.10575253e-007	-8.55665840e-008	
1.16207513e+001	6.63698582e-007	6.56552355e-007	-9.71329667e-008	
1.17209302e+001	7.62443822e-007	7.54012330e-007	-1.13075145e-007	
1.18211091e+001	9.31878885e-007	9.21569863e-007	-1.38228956e-007	
1.19212880e+001	1.13827290e-006	1.12573419e-006	-1.68486593e-007	
1.20214669e+001	1.35949677e-006	1.34457670e-006	-2.00860588e-007	
1.21216458e+001	1.66138636e-006	1.64501094e-006	-2.32687917e-007	
1.22218247e+001	2.18087015e-006	2.16256635e-006	-2.81959958e-007	
1.23220036e+001	2.56347576e-006	2.54492647e-006	-3.07826576e-007	
1.24221825e+001	2.80037652e-006	2.78320041e-006	-3.09683918e-007	
1.25223614e+001	2.98737798e-006	2.97254545e-006	-2.97322667e-007	
1.26225403e+001	3.14407174e-006	3.13011067e-006	-2.95963298e-007	
1.27227191e+001	2.71957742e-006	2.70494363e-006	-2.81746878e-007	
1.28228980e+001	2.15380446e-006	2.13780046e-006	-2.62074125e-007	
1.29230769e+001	1.52991969e-006	1.51162563e-006	-2.35886001e-007	
1.30232558e+001	1.04023409e-006	1.01819425e-006	-2.12996335e-007	
1.31234347e+001	1.65774743e-007	-3.84254890e-008	-1.61259874e-007	
1.32236136e+001	5.25927708e-007	-5.13320708e-007	-1.14463116e-007	
1.33237925e+001	7.58221535e-007	-7.55271046e-007	-6.68247214e-008	
1.34239714e+001	1.35446130e-006	-1.35414196e-006	2.94103006e-008	
1.35241503e+001	5.55952024e-007	-5.39678540e-007	1.33527999e-007	
1.36243292e+001	2.26630596e-007	1.83240875e-007	1.33357447e-007	
1.37245081e+001	1.36714246e-006	1.36714053e-006	2.29613092e-009	
1.38246869e+001	2.11620763e-006	2.11383291e-006	-1.00225613e-007	
1.39248658e+001	2.72117069e-006	2.71371454e-006	-2.01304037e-007	
1.40250447e+001	3.68341697e-006	3.66802830e-006	-3.36346559e-007	
1.41252236e+001	4.35328172e-006	4.33193886e-006	-4.30543198e-007	
1.42254025e+001	4.88581640e-006	4.85830070e-006	-5.17799385e-007	
1.43255814e+001	5.84023527e-006	5.80477851e-006	-6.42568655e-007	
1.44257603e+001	7.29122181e-006	7.24965928e-006	-7.77403203e-007	
1.45259392e+001	8.31502183e-006	8.26524581e-006	-9.08460116e-007	
1.46261181e+001	9.79733690e-006	9.73294673e-006	-1.12140913e-006	
1.47262970e+001	1.18285986e-005	1.17460599e-005	-1.39492737e-006	
1.48264758e+001	1.37086586e-005	1.36065108e-005	-1.67038476e-006	
1.49266547e+001	1.81469502e-005	1.80152875e-005	-2.18202144e-006	
1.50268336e+001	2.39516543e-005	2.38029733e-005	-2.66462157e-006	
1.51270125e+001	2.97574530e-005	2.95548044e-005	-3.46692135e-006	
1.52271914e+001	4.00090126e-005	3.97785904e-005	-4.28775425e-006	
1.53273703e+001	5.78302130e-005	5.76104550e-005	-5.03676580e-006	
1.54275492e+001	7.88136226e-005	7.87152203e-005	-3.93715564e-006	
1.55277281e+001	9.63128069e-005	9.62891070e-005	-2.13650352e-006	
1.56279070e+001	1.10349104e-004	1.10348881e-004	2.21983807e-007	
1.57280859e+001	1.18074607e-004	1.18065116e-004	1.49702992e-006	
1.58282648e+001	1.18818683e-004	1.18803382e-004	1.90675376e-006	
1.59284436e+001	1.19301319e-004	1.19281322e-004	2.18424766e-006	
1.60286225e+001	1.14267257e-004	1.14250773e-004	1.94087091e-006	
1.61288014e+001	1.12042141e-004	1.12028555e-004	1.74477471e-006	
1.62289803e+001	1.11995465e-004	1.11981953e-004	1.73965102e-006	
1.63291592e+001	1.11948789e-004	1.11935351e-004	1.73452733e-006	
1.64293381e+001	1.11806853e-004	1.11794604e-004	1.65498904e-006	
1.65295170e+001	1.11623414e-004	1.11612749e-004	1.54295849e-006	
1.66296959e+001	1.11440082e-004	1.11430895e-004	1.43092794e-006	
1.67298748e+001	1.11420139e-004	1.11412126e-004	1.33621307e-006	
1.68300537e+001	1.12259891e-004	1.12252409e-004	1.29607905e-006	
1.69302326e+001	1.13413661e-004	1.13406893e-004	1.23903325e-006	
1.70304114e+001	1.14567474e-004	1.14561376e-004	1.18198745e-006	
1.71305903e+001	1.15721328e-004	1.15715860e-004	1.12494165e-006	
1.72307692e+001	1.16754422e-004	1.16749569e-004	1.06446774e-006	
1.73309481e+001	1.19078696e-004	1.19074164e-004	1.03891618e-006	
1.74311270e+001	1.21918196e-004	1.21913874e-004	1.02659825e-006	
1.75313059e+001	1.24757707e-004	1.24753584e-004	1.01428032e-006	
1.76314848e+001	1.27597229e-004	1.27593294e-004	1.00196239e-006	
1.77316637e+001	1.30436759e-004	1.30433005e-004	9.89644457e-007	
1.78318426e+001	1.33276298e-004	1.33272715e-004	9.77326526e-007	
1.79320215e+001	1.36115846e-004	1.36112425e-004	9.65008596e-007	
1.80322004e+001	1.40301594e-004	1.40298269e-004	9.66023981e-007	
1.81323792e+001	1.43321046e-004	1.43317948e-004	9.42356415e-007	
1.82325581e+001	1.46106262e-004	1.46103399e-004	9.14625092e-007	
1.83327370e+001	1.48891492e-004	1.48888851e-004	8.86893768e-007	
1.84329159e+001	1.52578125e-004	1.52575740e-004	8.52970746e-007	
1.85330948e+001	1.57737697e-004	1.57735623e-004	8.08930186e-007	
1.86332737e+001	1.62897301e-004	1.62895505e-004	7.64889626e-007	
1.87334526e+001	1.68125365e-004	1.68123793e-004	7.26922408e-007	
1.88336315e+001	1.74617386e-004	1.74615845e-004	7.33678312e-007	
1.89338104e+001	1.79429779e-004	1.79428783e-004	5.97900782e-007	
1.90339893e+001	1.84206226e-004	1.84205651e-004	4.60043358e-007	
1.91341682e+001	1.88982794e-004	1.88982519e-004	3.22185934e-007	
1.92343470e+001	1.94901815e-004	1.94901710e-004	2.02821191e-007	
1.93345259e+001	2.01197424e-004	2.01197353e-004	-1.68546473e-007	
1.94347048e+001	2.03665335e-004	2.03664265e-004	-6.60190875e-007	
1.95348837e+001	2.05191419e-004	2.05189050e-004	-9.85906055e-007	
1.96350626e+001	2.06717997e-004	2.06713836e-004	-1.31162124e-006	
1.97352415e+001	2.08245058e-004	2.08238621e-004	-1.63733642e-006	
1.98354204e+001	2.09772592e-004	2.09763406e-004	-1.96305160e-006	
1.99355993e+001	2.06044730e-004	2.06025725e-004	-2.79845457e-006	
2.00357782e+001	1.98751304e-004	1.98724516e-004	-3.26309168e-006	
2.01359571e+001	1.91208017e-004	1.91173160e-004	-3.65081977e-006	
2.02361360e+001	1.84626996e-004	1.84583996e-004	-3.98449509e-006	
2.03363148e+001	1.78595311e-004	1.78543844e-004	-4.28732868e-006	
2.04364937e+001	1.72564751e-004	1.72503691e-004	-4.59016227e-006	
2.05366726e+001	1.60497182e-004	1.60430931e-004	-4.61104858e-006	
2.06368515e+001	1.44733400e-004	1.44664687e-004	-4.45931179e-006	
2.07370304e+001	1.29522845e-004	1.29451238e-004	-4.30629446e-006	
2.08372093e+001	1.16427383e-004	1.16357401e-004	-4.03618631e-006	
2.09373882e+001	1.02041895e-004	1.01977632e-004	-3.62092012e-006	
2.10375671e+001	8.76564987e-005	8.75978627e-005	-3.20565393e-006	
2.11377460e+001	7.47968667e-005	7.47439786e-005	-2.81228195e-006	
2.12379249e+001	5.73740730e-005	5.73337700e-005	-2.15013185e-006	
2.13381038e+001	3.99512809e-005	3.99235614e-005	-1.48798175e-006	
2.14382826e+001	2.35609168e-005	2.35447804e-005	-8.71845428e-007	
2.15384615e+001	7.54034688e-006	7.53543255e-006	-2.72190160e-007	
2.16386404e+001	8.95629092e-006	-8.94848585e-006	3.73828953e-007	
2.17388193e+001	2.61247633e-005	-2.61026936e-005	1.07361311e-006	
2.18389982e+001	4.15448442e-005	-4.15114445e-005	1.66555145e-006	
2.19391771e+001	5.47375060e-005	-5.46961095e-005	2.12842115e-006	
2.20393560e+001	6.80858304e-005	-6.80363560e-005	2.59510357e-006	
2.21395349e+001	8.15343017e-005	-8.14767009e-005	3.06423903e-006	
2.22397138e+001	9.41135720e-005	-9.40495967e-005	3.46955270e-006	
2.23398927e+001	1.09776062e-004	-1.09708132e-004	3.86130342e-006	
2.24400716e+001	1.26953295e-004	-1.26880887e-004	4.28714200e-006	
2.25402504e+001	1.44130718e-004	-1.44053642e-004	4.71298059e-006	
2.26404293e+001	1.53756951e-004	-1.53682574e-004	4.78188513e-006	
2.27406082e+001	1.60748973e-004	-1.60684250e-004	4.56115730e-006	
2.28407871e+001	1.68238752e-004	-1.68183515e-004	4.31078928e-006	
2.29409660e+001	1.75729696e-004	-1.75682780e-004	4.06042127e-006	
2.30411449e+001	1.83242223e-004	-1.83202570e-004	3.81189846e-006	
2.31413238e+001	1.92387900e-004	-1.92352499e-004	3.69051810e-006	
2.32415027e+001	1.97698876e-004	-1.97676474e-004	2.97609297e-006	
2.33416816e+001	2.03013048e-004	-2.03000449e-004	2.26166785e-006	
2.34418605e+001	2.08330170e-004	-2.08324424e-004	1.54724273e-006	
2.35420394e+001	2.11770447e-004	-2.11768060e-004	1.00566557e-006	
2.36422182e+001	2.08106333e-004	-2.08105017e-004	7.39972898e-007	
2.37423971e+001	2.03377975e-004	-2.03377466e-004	4.55185419e-007	
2.38425760e+001	1.98649988e-004	-1.98649915e-004	1.70397940e-007	
2.39427549e+001	1.93922397e-004	-1.93922363e-004	-1.14389539e-007	
2.40429338e+001	1.89633396e-004	-1.89633186e-004	-2.82116164e-007	
2.41431127e+001	1.85664101e-004	-1.85663743e-004	-3.64462597e-007	
2.42432916e+001	1.80453598e-004	-1.80452961e-004	-4.79532063e-007	
2.43434705e+001	1.74931677e-004	-1.74930638e-004	-6.02814054e-007	
2.44436494e+001	1.68532657e-004	-1.68531457e-004	-6.35997071e-007	
2.45438283e+001	1.62366593e-004	-1.62365369e-004	-6.30370767e-007	
2.46440072e+001	1.57431007e-004	-1.57429627e-004	-6.59127045e-007	
2.47441860e+001	1.52495437e-004	-1.52493885e-004	-6.87883322e-007	
2.48443649e+001	1.47748962e-004	-1.47747268e-004	-7.07542363e-007	
2.49445438e+001	1.44221511e-004	-1.44219798e-004	-7.02935712e-007	
2.50447227e+001	1.40694062e-004	-1.40692329e-004	-6.98329060e-007	
2.51449016e+001	1.37166613e-004	-1.37164859e-004	-6.93722409e-007	
2.52450805e+001	1.33639166e-004	-1.33637389e-004	-6.89115758e-007	
2.53452594e+001	1.30623331e-004	-1.30621543e-004	-6.83372078e-007	
2.54454383e+001	1.27751707e-004	-1.27749911e-004	-6.77307896e-007	
2.55456172e+001	1.24880084e-004	-1.24878280e-004	-6.71243714e-007	
2.56457961e+001	1.22008461e-004	-1.22006648e-004	-6.65179532e-007	
2.57459750e+001	1.18983499e-004	-1.18981676e-004	-6.58594492e-007	
2.58461538e+001	1.15819845e-004	-1.15818013e-004	-6.51538348e-007	
2.59463327e+001	1.12656192e-004	-1.12654349e-004	-6.44482203e-007	
2.60465116e+001	1.10088119e-004	-1.10086249e-004	-6.41616964e-007	
2.61466905e+001	1.07526066e-004	-1.07524205e-004	-6.32681101e-007	
2.62468694e+001	1.05115261e-004	-1.05113394e-004	-6.26560224e-007	
2.63470483e+001	1.02704457e-004	-1.02702583e-004	-6.20439346e-007	
2.64472272e+001	1.00293653e-004	-1.00291772e-004	-6.14318469e-007	
2.65474061e+001	9.78828502e-005	-9.78809607e-005	-6.08197591e-007	
2.66475850e+001	9.54720481e-005	-9.54701497e-005	-6.02076713e-007	
2.67477639e+001	9.30612469e-005	-9.30593386e-005	-5.95955836e-007	
2.68479428e+001	9.07046275e-005	-9.07027685e-005	-5.80720329e-007	
2.69481216e+001	8.81478762e-005	-8.81460933e-005	-5.60634816e-007	
2.70483005e+001	8.54196359e-005	-8.54179317e-005	-5.39578891e-007	
2.71484794e+001	8.26913959e-005	-8.26897702e-005	-5.18522967e-007	
2.72486583e+001	7.99631561e-005	-7.99616086e-005	-4.97467042e-007	
2.73488372e+001	7.65146222e-005	-7.65132692e-005	-4.55023996e-007	
2.74490161e+001	7.21173891e-005	-7.21163645e-005	-3.84411411e-007	
2.75491950e+001	6.77009454e-005	-6.77002294e-005	-3.11346321e-007	
2.76493739e+001	6.23153311e-005	-6.23149802e-005	-2.09136660e-007	
2.77495528e+001	5.75287631e-005	-5.75286256e-005	-1.25776953e-007	
2.78497317e+001	5.27910341e-005	-5.27910159e-005	-4.38174647e-008	
2.79499106e+001	4.65969732e-005	-4.65969021e-005	8.13735187e-008	
2.80500894e+001	4.01979348e-005	-4.01974663e-005	1.94088763e-007	
2.81502683e+001	3.58958029e-005	-3.58949321e-005	2.50026591e-007	
2.82504472e+001	3.15938795e-005	-3.15923979e-005	3.05964418e-007	
2.83506261e+001	2.69590136e-005	-2.69566065e-005	3.60246306e-007	
2.84508050e+001	2.13153751e-005	-2.13114409e-005	4.09512662e-007	
2.85509839e+001	1.84929917e-005	-1.84886185e-005	4.02151954e-007	
2.86511628e+001	1.56801493e-005	-1.56751832e-005	3.94602906e-007	
2.87513417e+001	1.26654958e-005	-1.26593259e-005	3.95289157e-007	
2.88515206e+001	9.85155165e-006	-9.84327890e-006	4.03646429e-007	
2.89516995e+001	8.93185953e-006	-8.92353068e-006	3.85635606e-007	
2.90518784e+001	8.17794377e-006	-8.16984765e-006	3.63804341e-007	
2.91520572e+001	7.42404495e-006	-7.41616463e-006	3.41973077e-007	
2.92522361e+001	6.67016880e-006	-6.66248160e-006	3.20141813e-007	
2.93524150e+001	5.91632401e-006	-5.90879857e-006	2.98310549e-007	
2.94525939e+001	5.46028469e-006	-5.45252470e-006	2.91004049e-007	
2.95527728e+001	5.01585655e-006	-5.00779516e-006	2.84261348e-007	
2.96529517e+001	4.57149696e-006	-4.56306563e-006	2.77518646e-007	
2.97531306e+001	4.16489224e-006	-4.15610171e-006	2.70454972e-007	
2.98533095e+001	4.19227241e-006	-4.18422122e-006	2.59693494e-007	
2.99534884e+001	4.21968975e-006	-4.21234073e-006	2.48932015e-007	
3.00536673e+001	4.24714354e-006	-4.24046024e-006	2.38170537e-007	
3.01538462e+001	4.10818605e-006	-4.10168890e-006	2.30956246e-007	
3.02540250e+001	3.89258002e-006	-3.88605005e-006	2.25375737e-007	
3.03542039e+001	3.67698632e-006	-3.67041121e-006	2.19795229e-007	
3.04543828e+001	3.49143915e-006	-3.48487041e-006	2.14069110e-007	
3.05545617e+001	3.57353506e-006	-3.56753206e-006	2.07045468e-007	
3.06547406e+001	3.65566995e-006	-3.65019370e-006	2.00021826e-007	
3.07549195e+001	3.73784127e-006	-3.73285534e-006	1.92998184e-007	
3.08550984e+001	3.78597965e-006	-3.78138830e-006	1.86398582e-007	
3.09552773e+001	3.73422707e-006	-3.72983585e-006	1.81042518e-007	
3.10554562e+001	3.75585449e-006	-3.75173156e-006	1.75935450e-007	
3.11556351e+001	3.79719187e-006	-3.79334429e-006	1.70895224e-007	
3.12558140e+001	3.81126741e-006	-3.80768062e-006	1.65310588e-007	
3.13559928e+001	3.81330438e-006	-3.80996780e-006	1.59485464e-007	
3.14561717e+001	3.81535052e-006	-3.81225499e-006	1.53660339e-007	
3.15563506e+001	3.80822336e-006	-3.80534847e-006	1.47946490e-007	
3.16565295e+001	3.77674754e-006	-3.77402159e-006	1.43467791e-007	
3.17567084e+001	3.75969136e-006	-3.75706458e-006	1.40516383e-007	
3.18568873e+001	3.75022328e-006	-3.74770653e-006	1.37369653e-007	
3.19570662e+001	3.74075729e-006	-3.73834847e-006	1.34222924e-007	
3.20572451e+001	3.73447221e-006	-3.73217715e-006	1.30905917e-007	
3.21574240e+001	3.72922442e-006	-3.72704306e-006	1.27533489e-007	
3.22576029e+001	3.72272541e-006	-3.72065177e-006	1.24237296e-007	
3.23577818e+001	3.70136301e-006	-3.69939943e-006	1.20548570e-007	
3.24579606e+001	3.66791480e-006	-3.66606961e-006	1.16329735e-007	
3.25581395e+001	3.63446932e-006	-3.63273979e-006	1.12110899e-007	
3.26583184e+001	3.60102664e-006	-3.59940997e-006	1.07892064e-007	
3.27584973e+001	3.57893843e-006	-3.57740804e-006	1.04651689e-007	
3.28586762e+001	3.56186190e-006	-3.56040456e-006	1.01880351e-007	
3.29588551e+001	3.55023710e-006	-3.54883772e-006	9.96706878e-008	
3.30590340e+001	3.53861329e-006	-3.53727089e-006	9.74610246e-008	
3.31592129e+001	3.52378789e-006	-3.52251584e-006	9.46744733e-008	
3.32593918e+001	3.49567665e-006	-3.49447383e-006	9.16946684e-008	
3.33595707e+001	3.45745496e-006	-3.45631566e-006	8.87515927e-008	
3.34597496e+001	3.41923438e-006	-3.41815750e-006	8.58085170e-008	
3.35599284e+001	3.38596409e-006	-3.38494387e-006	8.31132355e-008	
3.36601073e+001	3.36374074e-006	-3.36277565e-006	8.05710730e-008	
3.37602862e+001	3.34069759e-006	-3.33978733e-006	7.79806120e-008	
3.38604651e+001	3.31765569e-006	-3.31679900e-006	7.53901510e-008	
3.39606440e+001	3.29473089e-006	-3.29392172e-006	7.30159721e-008	
3.40608229e+001	3.27198727e-006	-3.27121732e-006	7.09785100e-008	
3.41610018e+001	3.24938332e-006	-3.24865182e-006	6.89444703e-008	
3.42611807e+001	3.24004757e-006	-3.23934984e-006	6.72372303e-008	
3.43613596e+001	3.23071252e-006	-3.23004786e-006	6.55299904e-008	
3.44615385e+001	3.20461344e-006	-3.20398585e-006	6.34190801e-008	
3.45617174e+001	3.16752422e-006	-3.16693596e-006	6.10435232e-008	
3.46618962e+001	3.13236439e-006	-3.13181088e-006	5.88833937e-008	
3.47620751e+001	3.09820145e-006	-3.09768011e-006	5.68345469e-008	
3.48622540e+001	3.06382229e-006	-3.06333282e-006	5.47633365e-008	
3.49624329e+001	3.02889739e-006	-3.02844001e-006	5.26357791e-008	
3.50626118e+001	2.99426660e-006	-2.99383839e-006	5.06376430e-008	
3.51627907e+001	2.96635452e-006	-2.96595269e-006	4.88239774e-008	
3.52629696e+001	2.95172796e-006	-2.95134823e-006	4.73456369e-008	
3.53631485e+001	2.93724849e-006	-2.93688874e-006	4.59694366e-008	
3.54633274e+001	2.92362360e-006	-2.92328342e-006	4.45980524e-008	
3.55635063e+001	2.91117504e-006	-2.91085400e-006	4.32332982e-008	
3.56636852e+001	2.89872696e-006	-2.89842457e-006	4.18685439e-008	
3.57638640e+001	2.88539322e-006	-2.88510955e-006	4.04586605e-008	
3.58640429e+001	2.86307868e-006	-2.86281716e-006	3.86967416e-008	
3.59642218e+001	2.84244968e-006	-2.84220935e-006	3.69613390e-008	
3.60644007e+001	2.82182143e-006	-2.82160155e-006	3.52259364e-008	
3.61645796e+001	2.80119396e-006	-2.80099375e-006	3.34905338e-008	
3.62647585e+001	2.79392515e-006	-2.79373662e-006	3.24564731e-008	
3.63649374e+001	2.78794445e-006	-2.78776670e-006	3.14810977e-008	
3.64651163e+001	2.78196404e-006	-2.78179678e-006	3.05057223e-008	
3.65652952e+001	2.77598394e-006	-2.77582686e-006	2.95303469e-008	
3.66654741e+001	2.77000413e-006	-2.76985695e-006	2.85549714e-008	
3.67656530e+001	2.76402463e-006	-2.76388703e-006	2.75795960e-008	
3.68658318e+001	2.75790361e-006	-2.75777640e-006	2.64884959e-008	
3.69660107e+001	2.75173483e-006	-2.75161799e-006	2.53580941e-008	
3.70661896e+001	2.74556647e-006	-2.74545957e-006	2.42276923e-008	
3.71663685e+001	2.74039599e-006	-2.74029793e-006	2.31826442e-008	
3.72665474e+001	2.73527465e-006	-2.73518503e-006	2.21417700e-008	
3.73667263e+001	2.73122137e-006	-2.73113980e-006	2.11085157e-008	
3.74669052e+001	2.73816026e-006	-2.73808609e-006	2.01537061e-008	
3.75670841e+001	2.75526644e-006	-2.75520057e-006	1.90520773e-008	
3.76672630e+001	2.77931439e-006	-2.77925706e-006	1.78502122e-008	
3.77674419e+001	2.80336299e-006	-2.80331356e-006	1.66483470e-008	
3.78676208e+001	2.82519249e-006	-2.82515012e-006	1.54718375e-008	
3.79677996e+001	2.84325210e-006	-2.84321595e-006	1.43383966e-008	
3.80679785e+001	2.86667903e-006	-2.86665017e-006	1.28644652e-008	
3.81681574e+001	2.88784449e-006	-2.88782160e-006	1.14984444e-008	
3.82683363e+001	2.90901067e-006	-2.90899302e-006	1.01324235e-008	
3.83685152e+001	2.93017756e-006	-2.93016445e-006	8.76640265e-009	
3.84686941e+001	2.95134516e-006	-2.95133588e-006	7.40038179e-009	
3.85688730e+001	2.99585731e-006	-2.99585158e-006	5.85871054e-009	
3.86690519e+001	3.04390730e-006	-3.04390422e-006	4.32902877e-009	
3.87692308e+001	3.09195813e-006	-3.09195687e-006	2.79934700e-009	
3.88694097e+001	3.14000977e-006	-3.14000951e-006	1.26966523e-009	
3.89695886e+001	3.22752501e-006	-3.22752448e-006	-1.86481477e-009	
3.90697674e+001	3.32806304e-006	-3.32805844e-006	-5.52873319e-009	
3.91699463e+001	3.42472881e-006	-3.42471832e-006	-8.47657312e-009	
3.92701252e+001	3.51275595e-006	-3.51274220e-006	-9.82815300e-009	
3.93703041e+001	3.60078343e-006	-3.60076607e-006	-1.11797329e-008	
3.94704830e+001	3.68881124e-006	-3.68878995e-006	-1.25313128e-008	
3.95706619e+001	3.77683934e-006	-3.77681383e-006	-1.38828926e-008	
3.96708408e+001	3.97309673e-006	-3.97304165e-006	-2.09202472e-008	
3.97710197e+001	4.20684671e-006	-4.20677927e-006	-2.38206205e-008	
3.98711986e+001	4.36967672e-006	-4.36961306e-006	-2.35869569e-008	
3.99713775e+001	4.51123642e-006	-4.51118029e-006	-2.25036670e-008	
4.00715564e+001	4.68119434e-006	-4.68115604e-006	-1.89361634e-008	
4.01717352e+001	4.85311103e-006	-4.85310078e-006	-9.97743407e-009	
4.02719141e+001	4.64354872e-006	-4.64347699e-006	2.58090803e-008	
4.03720930e+001	4.60513359e-006	-4.60480971e-006	5.46160142e-008	
4.04722719e+001	4.01878340e-006	-4.01524943e-006	1.68499390e-007	
4.05724508e+001	3.20222495e-006	-3.19253978e-006	2.48866182e-007	
4.06726297e+001	2.28781843e-006	-2.27341251e-006	2.56337074e-007	
4.07728086e+001	1.62396050e-006	-1.60959377e-006	2.15535603e-007	
4.08729875e+001	1.24407078e-006	-1.23239398e-006	1.70050523e-007	
4.09731664e+001	9.32170907e-007	-9.22760481e-007	1.32119997e-007	
4.10733453e+001	6.80520396e-007	-6.73466775e-007	9.77267229e-008	
4.11735242e+001	5.70555225e-007	-5.64862734e-007	8.03950041e-008	
4.12737030e+001	4.58604194e-007	-4.54109486e-007	6.40498406e-008	
4.13738819e+001	3.89762011e-007	-3.86360017e-007	5.13844562e-008	
4.14740608e+001	3.12057076e-007	-3.09291629e-007	4.14524623e-008	
4.15742397e+001	2.63273175e-007	-2.61132689e-007	3.35034807e-008	
4.16744186e+001	2.14581531e-007	-2.12943590e-007	2.64624460e-008	
4.17745975e+001	1.80696988e-007	-1.79457634e-007	2.11272103e-008	
4.18747764e+001	1.50876364e-007	-1.50024417e-007	1.60109802e-008	
4.19749553e+001	1.19413449e-007	-1.18922071e-007	1.08218694e-008	
4.20751342e+001	9.32064307e-008	-9.30711627e-008	5.01970123e-009	
4.21753131e+001	6.03145463e-008	-6.02998790e-008	-1.33006625e-009	
4.22754919e+001	1.43623499e-008	-7.33040768e-009	-1.23507983e-008	
4.23756708e+001	5.36536692e-008	5.02317462e-008	-1.88543865e-008	
4.24758497e+001	1.03698464e-007	1.01924392e-007	-1.90994657e-008	
4.25760286e+001	1.36376112e-007	1.35518430e-007	-1.52708568e-008	
4.26762075e+001	1.31452804e-007	1.31152120e-007	-8.88601232e-009	
4.27763864e+001	1.08157341e-007	1.08123639e-007	-2.69984196e-009	
4.28765653e+001	3.88610776e-008	3.85557853e-008	4.86156117e-009	
4.29767442e+001	1.87632212e-008	-1.61116771e-008	9.61625346e-009	
4.30769231e+001	8.06582004e-008	-7.93769024e-008	1.43196600e-008	
4.31771020e+001	1.37143713e-007	-1.35906245e-007	1.83818023e-008	
4.32772809e+001	1.61132504e-007	-1.59886964e-007	1.99960702e-008	
4.33774597e+001	1.87178377e-007	-1.85920616e-007	2.16626299e-008	
4.34776386e+001	1.74311491e-007	-1.72879981e-007	2.22936798e-008	
4.35778175e+001	1.66054394e-007	-1.64521509e-007	2.25107738e-008	
4.36779964e+001	1.44534265e-007	-1.42894210e-007	2.17117115e-008	
4.37781753e+001	1.17951712e-007	-1.16310718e-007	1.96067177e-008	
4.38783542e+001	9.51840358e-008	-9.36722038e-008	1.68973047e-008	
4.39785331e+001	7.46169541e-008	-7.33713710e-008	1.35768834e-008	
4.40787120e+001	5.89650180e-008	-5.79540154e-008	1.08722328e-008	
4.41788909e+001	4.67679675e-008	-4.59056915e-008	8.93925475e-009	
4.42790698e+001	3.86421577e-008	-3.79221386e-008	7.42480694e-009	
4.43792487e+001	3.13451202e-008	-3.07369296e-008	6.14473112e-009	
4.44794275e+001	2.52978780e-008	-2.47969036e-008	5.00961094e-009	
4.45796064e+001	2.36060108e-008	-2.31883704e-008	4.42077166e-009	
4.46797853e+001	2.22141641e-008	-2.18746217e-008	3.86911012e-009	
4.47799642e+001	2.17933426e-008	-2.15281595e-008	3.38941451e-009	
4.48801431e+001	2.14152534e-008	-2.11918782e-008	3.08502434e-009	
4.49803220e+001	2.08841260e-008	-2.06999156e-008	2.76770873e-009	
4.50805009e+001	2.05547514e-008	-2.03915805e-008	2.58481149e-009	
4.51806798e+001	1.90854035e-008	-1.89484030e-008	2.28268508e-009	
4.52808587e+001	1.71503911e-008	-1.70103180e-008	2.18746405e-009	
4.53810376e+001	1.56701123e-008	-1.55345550e-008	2.05670152e-009	
4.54812165e+001	1.48996338e-008	-1.47875657e-008	1.82400323e-009	
4.55813953e+001	1.48424269e-008	-1.47577234e-008	1.58342559e-009	
4.56815742e+001	1.50779516e-008	-1.50160351e-008	1.36503267e-009	
4.57817531e+001	1.86168745e-008	-1.85881836e-008	1.03317356e-009	
4.58819320e+001	2.33412027e-008	-2.33349978e-008	5.38166277e-010	
4.59821109e+001	3.47074835e-008	-3.46552629e-008	-1.90319998e-009	
4.60822898e+001	2.65411826e-008	-2.57078504e-008	6.59854552e-009	
4.61824687e+001	3.20144190e-009	-1.47911829e-009	2.83926739e-009	
4.62826476e+001	4.48784584e-010	1.27255806e-010	4.30364454e-010	
4.63828265e+001	7.82587049e-010	-7.82584221e-010	-2.10352680e-012	
4.64830054e+001	4.96743642e-010	3.96059947e-010	-2.99817885e-010	
4.65831843e+001	1.62211578e-009	1.59829918e-009	-2.76946458e-010	
4.66833631e+001	8.58820202e-010	4.33317570e-010	-7.41490406e-010	
4.67835420e+001	1.10011894e-009	6.79592502e-010	-8.65110236e-010	
4.68837209e+001	1.40145063e-009	1.04333184e-009	-9.35693620e-010	
4.69838998e+001	1.33610849e-009	9.17042902e-010	-9.71708916e-010	
4.70840787e+001	2.99235180e-009	2.46765272e-009	-1.69258954e-009	
4.71842576e+001	2.00140718e-009	8.50997778e-010	-1.81147274e-009	
4.72844365e+001	3.69648345e-009	2.76776326e-009	-2.45019927e-009	
4.73846154e+001	3.23518047e-009	1.12918451e-009	-3.03172146e-009	
4.74847943e+001	5.78684975e-009	4.82504822e-009	-3.19476754e-009	
4.75849732e+001	6.25031335e-009	4.40556072e-009	-4.43367249e-009	
4.76851521e+001	7.31844033e-009	3.74130703e-009	-6.28984821e-009	
4.77853309e+001	1.41422716e-008	1.21929334e-008	-7.16492980e-009	
4.78855098e+001	1.79113059e-008	1.14829974e-008	-1.37461140e-008	
4.79856887e+001	2.71328055e-008	1.81488372e-008	-2.01695027e-008	
4.80858676e+001	1.18045910e-007	7.38331118e-008	-9.21059630e-008	
4.81860465e+001	7.00583248e-007	7.00396777e-007	-1.61629644e-008	
4.82862254e+001	7.50890664e-007	7.50253342e-007	3.09307637e-008	
4.83864043e+001	6.71708381e-007	6.71664140e-007	7.70921696e-009	
4.84865832e+001	6.34133325e-007	6.34133290e-007	-2.10707631e-010	
4.85867621e+001	6.21272740e-007	6.21268328e-007	-2.34134263e-009	
4.86869410e+001	5.98910004e-007	5.98890991e-007	-4.77208958e-009	
4.87871199e+001	5.80330448e-007	5.80310706e-007	-4.78679758e-009	
4.88872987e+001	5.72914592e-007	5.72892538e-007	-5.02688015e-009	
4.89874776e+001	5.65498898e-007	5.65474370e-007	-5.26696271e-009	
4.90876565e+001	5.58536339e-007	5.58511805e-007	-5.23512550e-009	
4.91878354e+001	5.51772856e-007	5.51749436e-007	-5.08380395e-009	
4.92880143e+001	5.45009388e-007	5.44987067e-007	-4.93248240e-009	
4.93881932e+001	5.36851379e-007	5.36830298e-007	-4.75756721e-009	
4.94883721e+001	5.21480383e-007	5.21461535e-007	-4.43360379e-009	
4.95885510e+001	5.06901219e-007	5.06883984e-007	-4.18000291e-009	
4.96887299e+001	4.92322089e-007	4.92306432e-007	-3.92640203e-009	
4.97889088e+001	4.77742999e-007	4.77728880e-007	-3.67280114e-009	
4.98890877e+001	4.63042050e-007	4.63029444e-007	-3.41680781e-009	
4.99892665e+001	4.48162958e-007	4.48151837e-007	-3.15731720e-009	
5.00894454e+001	4.37149108e-007	4.37139090e-007	-2.95957430e-009	
5.01896243e+001	4.25862863e-007	4.25853832e-007	-2.77332777e-009	
5.02898032e+001	4.14576647e-007	4.14568574e-007	-2.58708124e-009	
5.03899821e+001	4.03290463e-007	4.03283317e-007	-2.40083472e-009	
5.04901610e+001	3.92004314e-007	3.91998059e-007	-2.21458819e-009	
5.05903399e+001	3.80718204e-007	3.80712801e-007	-2.02834166e-009	
5.06905188e+001	3.69432136e-007	3.69427543e-007	-1.84209514e-009	
5.07906977e+001	3.57650809e-007	3.57646924e-007	-1.66695719e-009	
5.08908766e+001	3.44770772e-007	3.44767481e-007	-1.50638508e-009	
5.09910555e+001	3.31890766e-007	3.31888037e-007	-1.34581298e-009	
5.10912343e+001	3.19010795e-007	3.19008594e-007	-1.18524088e-009	
5.11914132e+001	3.08771111e-007	3.08769249e-007	-1.07257628e-009	
5.12915921e+001	2.99131420e-007	2.99129842e-007	-9.71737289e-010	
5.13917710e+001	2.86156958e-007	2.86155612e-007	-8.77617431e-010	
5.14919499e+001	2.73182506e-007	2.73181382e-007	-7.83497573e-010	
5.15921288e+001	2.61397012e-007	2.61396105e-007	-6.88632614e-010	
5.16923077e+001	2.49735919e-007	2.49735214e-007	-5.93689703e-010	
5.17924866e+001	2.38074845e-007	2.38074322e-007	-4.98746793e-010	
5.18926655e+001	2.28099131e-007	2.28098753e-007	-4.15171448e-010	
5.19928444e+001	2.20939704e-007	2.20939412e-007	-3.59118934e-010	
5.20930233e+001	2.14549838e-007	2.14549611e-007	-3.11917825e-010	
5.21932021e+001	2.08159978e-007	2.08159810e-007	-2.64716716e-010	
5.22933810e+001	1.99344755e-007	1.99344620e-007	-2.32404885e-010	
5.23935599e+001	1.90845361e-007	1.90845259e-007	-1.98114811e-010	
5.24937388e+001	1.82705758e-007	1.82705686e-007	-1.61585535e-010	
5.25939177e+001	1.74566159e-007	1.74566114e-007	-1.25056260e-010	
5.26940966e+001	1.66443768e-007	1.66443745e-007	-8.87542678e-011	
5.27942755e+001	1.60160874e-007	1.60160862e-007	-6.19253869e-011	
5.28944544e+001	1.53945418e-007	1.53945414e-007	-3.48487426e-011	
5.29946333e+001	1.47729967e-007	1.47729967e-007	-7.77209830e-012	
5.30948122e+001	1.41514521e-007	1.41514520e-007	1.93045460e-011	
5.31949911e+001	1.35191914e-007	1.35191908e-007	4.14338596e-011	
5.32951699e+001	1.28625150e-007	1.28625140e-007	5.22914639e-011	
5.33953488e+001	1.22058388e-007	1.22058371e-007	6.31490682e-011	
5.34955277e+001	1.15491627e-007	1.15491603e-007	7.40066725e-011	
5.35957066e+001	1.08825324e-007	1.08825288e-007	8.86411542e-011	
5.36958855e+001	1.02560228e-007	1.02560178e-007	1.01789729e-010	
5.37960644e+001	9.71072491e-008	9.71071922e-008	1.05104400e-010	
5.38962433e+001	9.14647278e-008	9.14646637e-008	1.08326316e-010	
5.39964222e+001	8.56884260e-008	8.56883534e-008	1.11482764e-010	
5.40966011e+001	7.99121254e-008	7.99120432e-008	1.14639212e-010	
5.41967800e+001	7.48574939e-008	7.48574064e-008	1.14473177e-010	
5.42969589e+001	7.02214857e-008	7.02213958e-008	1.12379847e-010	
5.43971377e+001	6.60603905e-008	6.60602955e-008	1.12058097e-010	
5.44973166e+001	6.21805737e-008	6.21804715e-008	1.12785605e-010	
5.45974955e+001	5.83007580e-008	5.83006474e-008	1.13513113e-010	
5.46976744e+001	5.37514402e-008	5.37513290e-008	1.09333312e-010	
5.47978533e+001	4.89814311e-008	4.89813217e-008	1.03535890e-010	
5.48980322e+001	4.42114224e-008	4.42113143e-008	9.77384677e-011	
5.49982111e+001	3.98955846e-008	3.98954836e-008	8.97924732e-011	
5.50983900e+001	3.58797478e-008	3.58796577e-008	8.04272466e-011	
5.51985689e+001	3.18639110e-008	3.18638318e-008	7.10620199e-011	
5.52987478e+001	2.78480742e-008	2.78480059e-008	6.16967932e-011	
5.53989267e+001	2.38322374e-008	2.38321800e-008	5.23315666e-011	
5.54991055e+001	1.97677059e-008	1.97676565e-008	4.41805470e-011	
5.55992844e+001	1.57009180e-008	1.57008766e-008	3.60870469e-011	
5.56994633e+001	1.16243710e-008	1.16243382e-008	2.76131002e-011	
5.57996422e+001	7.76561293e-009	7.76559098e-009	1.84622893e-011	
5.58998211e+001	3.68268904e-009	3.68267836e-009	8.87033703e-012	
5.60000000e+001	2.34202892e-010	2.34201930e-010	6.71427353e-013	
