% Column 0: Length, cm
% Column 1: |B.t|, Tesla
% Column 2: Re[B.t], Tesla
% Column 3: Im[B.t], Tesla
0.00000000e+000	2.42059992e-006	-2.42050513e-006	2.14213121e-008	
1.00178891e-001	2.42020085e-006	-2.42010605e-006	2.14215329e-008	
2.00357782e-001	2.41902982e-006	-2.41893496e-006	2.14221835e-008	
3.00536673e-001	2.41709898e-006	-2.41700404e-006	2.14232305e-008	
4.00715564e-001	2.41492098e-006	-2.41482594e-006	2.14244050e-008	
5.00894454e-001	2.41175931e-006	-2.41166414e-006	2.14258616e-008	
6.01073345e-001	2.40777442e-006	-2.40767907e-006	2.14275541e-008	
7.01252236e-001	2.40378953e-006	-2.40369401e-006	2.14292467e-008	
8.01431127e-001	2.39980464e-006	-2.39970894e-006	2.14309392e-008	
9.01610018e-001	2.39524251e-006	-2.39514662e-006	2.14325274e-008	
1.00178891e+000	2.38805184e-006	-2.38795565e-006	2.14336404e-008	
1.10196780e+000	2.38086116e-006	-2.38076467e-006	2.14347534e-008	
1.20214669e+000	2.37367049e-006	-2.37357370e-006	2.14358664e-008	
1.30232558e+000	2.36647983e-006	-2.36638273e-006	2.14369794e-008	
1.40250447e+000	2.35928916e-006	-2.35919176e-006	2.14380924e-008	
1.50268336e+000	2.35209850e-006	-2.35200079e-006	2.14392054e-008	
1.60286225e+000	2.34490784e-006	-2.34480982e-006	2.14403184e-008	
1.70304114e+000	2.33771718e-006	-2.33761884e-006	2.14414314e-008	
1.80322004e+000	2.32810606e-006	-2.32800734e-006	2.14403729e-008	
1.90339893e+000	2.31555321e-006	-2.31545398e-006	2.14366751e-008	
2.00357782e+000	2.30300036e-006	-2.30290062e-006	2.14329773e-008	
2.10375671e+000	2.29044751e-006	-2.29034726e-006	2.14292796e-008	
2.20393560e+000	2.27734341e-006	-2.27724263e-006	2.14246195e-008	
2.30411449e+000	2.25845802e-006	-2.25835654e-006	2.14098676e-008	
2.40429338e+000	2.23957265e-006	-2.23947045e-006	2.13951157e-008	
2.50447227e+000	2.22068728e-006	-2.22058436e-006	2.13803638e-008	
2.60465116e+000	2.20180193e-006	-2.20169827e-006	2.13656119e-008	
2.70483005e+000	2.18617398e-006	-2.18606972e-006	2.13507478e-008	
2.80500894e+000	2.17179581e-006	-2.17169100e-006	2.13358407e-008	
2.90518784e+000	2.15741765e-006	-2.15731229e-006	2.13209337e-008	
3.00536673e+000	2.14303949e-006	-2.14293358e-006	2.13060266e-008	
3.10554562e+000	2.12726483e-006	-2.12715833e-006	2.12857418e-008	
3.20572451e+000	2.10898997e-006	-2.10888286e-006	2.12558291e-008	
3.30590340e+000	2.09071513e-006	-2.09060738e-006	2.12259164e-008	
3.40608229e+000	2.07244030e-006	-2.07233191e-006	2.11960037e-008	
3.50626118e+000	2.05416549e-006	-2.05405644e-006	2.11660911e-008	
3.60644007e+000	2.01900855e-006	-2.01889843e-006	2.10868764e-008	
3.70661896e+000	1.98375057e-006	-1.98363934e-006	2.10073665e-008	
3.80679785e+000	1.94849264e-006	-1.94838025e-006	2.09278566e-008	
3.90697674e+000	1.91323476e-006	-1.91312117e-006	2.08483467e-008	
4.00715564e+000	1.88211200e-006	-1.88199738e-006	2.07715293e-008	
4.10733453e+000	1.85342068e-006	-1.85330512e-006	2.06962951e-008	
4.20751342e+000	1.82472939e-006	-1.82461286e-006	2.06210608e-008	
4.30769231e+000	1.79603813e-006	-1.79592061e-006	2.05458265e-008	
4.40787120e+000	1.76901608e-006	-1.76889766e-006	2.04689178e-008	
4.50805009e+000	1.74661474e-006	-1.74649575e-006	2.03873742e-008	
4.60822898e+000	1.72421341e-006	-1.72409383e-006	2.03058305e-008	
4.70840787e+000	1.70181210e-006	-1.70169192e-006	2.02242869e-008	
4.80858676e+000	1.67941081e-006	-1.67929001e-006	2.01427432e-008	
4.90876565e+000	1.63832136e-006	-1.63819951e-006	1.99816963e-008	
5.00894454e+000	1.59517961e-006	-1.59505657e-006	1.98119178e-008	
5.10912343e+000	1.55203793e-006	-1.55191363e-006	1.96421394e-008	
5.20930233e+000	1.50889635e-006	-1.50877069e-006	1.94723610e-008	
5.30948122e+000	1.46532678e-006	-1.46519988e-006	1.92843194e-008	
5.40966011e+000	1.42138767e-006	-1.42125960e-006	1.90805123e-008	
5.50983900e+000	1.37744867e-006	-1.37731932e-006	1.88767052e-008	
5.61001789e+000	1.33350978e-006	-1.33337904e-006	1.86728982e-008	
5.71019678e+000	1.29215263e-006	-1.29202050e-006	1.84783129e-008	
5.81037567e+000	1.26319127e-006	-1.26305830e-006	1.83280070e-008	
5.91055456e+000	1.23422996e-006	-1.23409609e-006	1.81777011e-008	
6.01073345e+000	1.20526872e-006	-1.20513389e-006	1.80273953e-008	
6.11091234e+000	1.17630754e-006	-1.17617168e-006	1.78770894e-008	
6.21109123e+000	1.14839500e-006	-1.14825832e-006	1.77175716e-008	
6.31127013e+000	1.12073163e-006	-1.12059412e-006	1.75558654e-008	
6.41144902e+000	1.09306833e-006	-1.09292993e-006	1.73941591e-008	
6.51162791e+000	1.06540510e-006	-1.06526573e-006	1.72324529e-008	
6.61180680e+000	1.03202446e-006	-1.03188385e-006	1.70355869e-008	
6.71198569e+000	9.91475703e-007	-9.91333450e-007	1.67946395e-008	
6.81216458e+000	9.50927146e-007	-9.50783052e-007	1.65536922e-008	
6.91234347e+000	9.10378816e-007	-9.10232653e-007	1.63127448e-008	
7.01252236e+000	8.70548552e-007	-8.70400107e-007	1.60759554e-008	
7.11270125e+000	8.39044447e-007	-8.38894019e-007	1.58873954e-008	
7.21288014e+000	8.07540541e-007	-8.07387931e-007	1.56988353e-008	
7.31305903e+000	7.76036858e-007	-7.75881844e-007	1.55102753e-008	
7.41323792e+000	7.44533425e-007	-7.44375756e-007	1.53217153e-008	
7.51341682e+000	7.22003427e-007	-7.21843192e-007	1.52103604e-008	
7.61359571e+000	7.03049796e-007	-7.02886979e-007	1.51297753e-008	
7.71377460e+000	6.84096317e-007	-6.83930766e-007	1.50491902e-008	
7.81395349e+000	6.65143003e-007	-6.64974553e-007	1.49686051e-008	
7.91413238e+000	6.47510389e-007	-6.47338277e-007	1.49284561e-008	
8.01431127e+000	6.32322988e-007	-6.32145920e-007	1.49631747e-008	
8.11449016e+000	6.17135833e-007	-6.16953564e-007	1.49978933e-008	
8.21466905e+000	6.01948943e-007	-6.01761208e-007	1.50326119e-008	
8.31484794e+000	5.86762338e-007	-5.86568851e-007	1.50673305e-008	
8.41502683e+000	5.82223821e-007	-5.82021298e-007	1.53553352e-008	
8.51520572e+000	5.77832840e-007	-5.77620955e-007	1.56468430e-008	
8.61538462e+000	5.73442151e-007	-5.73220612e-007	1.59383509e-008	
8.71556351e+000	5.69051761e-007	-5.68820269e-007	1.62298588e-008	
8.81574240e+000	5.69011183e-007	-5.68771412e-007	1.65168503e-008	
8.91592129e+000	5.71613638e-007	-5.71366673e-007	1.68010953e-008	
9.01610018e+000	5.74216169e-007	-5.73961933e-007	1.70853404e-008	
9.11627907e+000	5.76818775e-007	-5.76557193e-007	1.73695854e-008	
9.21645796e+000	5.83583357e-007	-5.83313716e-007	1.77381745e-008	
9.31663685e+000	6.02336893e-007	-6.02057323e-007	1.83497278e-008	
9.41681574e+000	6.21090432e-007	-6.20800930e-007	1.89612811e-008	
9.51699463e+000	6.39843973e-007	-6.39544537e-007	1.95728344e-008	
9.61717352e+000	6.58597517e-007	-6.58288143e-007	2.01843877e-008	
9.71735242e+000	6.97994524e-007	-6.97668698e-007	2.13247099e-008	
9.81753131e+000	7.39855901e-007	-7.39512837e-007	2.25281548e-008	
9.91771020e+000	7.81717285e-007	-7.81356976e-007	2.37315997e-008	
1.00178891e+001	8.23578674e-007	-8.23201115e-007	2.49350446e-008	
1.01180680e+001	8.86117923e-007	-8.85720385e-007	2.65400248e-008	
1.02182469e+001	9.67066841e-007	-9.66646721e-007	2.85024925e-008	
1.03184258e+001	1.04801595e-006	-1.04757306e-006	3.04649603e-008	
1.04186047e+001	1.12896520e-006	-1.12849939e-006	3.24274280e-008	
1.05187835e+001	1.21766041e-006	-1.21717093e-006	3.45223821e-008	
1.06189624e+001	1.34564736e-006	-1.34513059e-006	3.72893896e-008	
1.07191413e+001	1.47363476e-006	-1.47309026e-006	4.00563970e-008	
1.08193202e+001	1.60162252e-006	-1.60104992e-006	4.28234044e-008	
1.09194991e+001	1.72961054e-006	-1.72900958e-006	4.55904118e-008	
1.10196780e+001	1.83802077e-006	-1.83739862e-006	4.78192406e-008	
1.11198569e+001	1.94154706e-006	-1.94090535e-006	4.99138114e-008	
1.12200358e+001	2.04507351e-006	-2.04441209e-006	5.20083822e-008	
1.13202147e+001	2.14860011e-006	-2.14791883e-006	5.41029530e-008	
1.14203936e+001	2.26219127e-006	-2.26149149e-006	5.62634758e-008	
1.15205725e+001	2.38880125e-006	-2.38808460e-006	5.85093087e-008	
1.16207513e+001	2.51541153e-006	-2.51467771e-006	6.07551415e-008	
1.17209302e+001	2.64202208e-006	-2.64127082e-006	6.30009743e-008	
1.18211091e+001	2.78341181e-006	-2.78264244e-006	6.54400741e-008	
1.19212880e+001	3.11620465e-006	-3.11540973e-006	7.03821108e-008	
1.20214669e+001	3.44899964e-006	-3.44817703e-006	7.53241474e-008	
1.21216458e+001	3.78179622e-006	-3.78094432e-006	8.02661841e-008	
1.22218247e+001	4.11459399e-006	-4.11371162e-006	8.52082207e-008	
1.23220036e+001	4.54229074e-006	-4.54138813e-006	9.05488287e-008	
1.24221825e+001	5.00925572e-006	-5.00833470e-006	9.60543584e-008	
1.25223614e+001	5.47622310e-006	-5.47528127e-006	1.01559888e-007	
1.26225403e+001	5.94319230e-006	-5.94222784e-006	1.07065418e-007	
1.27227191e+001	6.41016294e-006	-6.40917442e-006	1.12570948e-007	
1.28228980e+001	6.87713472e-006	-6.87612099e-006	1.18076477e-007	
1.29230769e+001	7.34410742e-006	-7.34306756e-006	1.23582007e-007	
1.30232558e+001	7.81108087e-006	-7.81001414e-006	1.29087537e-007	
1.31234347e+001	8.27805496e-006	-8.27696071e-006	1.34593067e-007	
1.32236136e+001	8.92437562e-006	-8.92327888e-006	1.39908146e-007	
1.33237925e+001	9.57460600e-006	-9.57350466e-006	1.45219057e-007	
1.34239714e+001	1.02248386e-005	-1.02237304e-005	1.50529968e-007	
1.35241503e+001	1.08750729e-005	-1.08739562e-005	1.55840879e-007	
1.36243292e+001	1.15253087e-005	-1.15241820e-005	1.61151790e-007	
1.37245081e+001	1.21755458e-005	-1.21744078e-005	1.66462701e-007	
1.38246869e+001	1.28257839e-005	-1.28246336e-005	1.71773612e-007	
1.39248658e+001	1.34760229e-005	-1.34748594e-005	1.77084523e-007	
1.40250447e+001	1.42616631e-005	-1.42604928e-005	1.82696040e-007	
1.41252236e+001	1.54534979e-005	-1.54523395e-005	1.89209345e-007	
1.42254025e+001	1.66453370e-005	-1.66441862e-005	1.95722650e-007	
1.43255814e+001	1.78371795e-005	-1.78360330e-005	2.02235955e-007	
1.44257603e+001	1.90290247e-005	-1.90278797e-005	2.08749260e-007	
1.45259392e+001	2.07096685e-005	-2.07085502e-005	2.15215896e-007	
1.46261181e+001	2.24534204e-005	-2.24523261e-005	2.21676511e-007	
1.47262970e+001	2.41971776e-005	-2.41961021e-005	2.28137126e-007	
1.48264758e+001	2.59409389e-005	-2.59398781e-005	2.34597740e-007	
1.49266547e+001	2.77556720e-005	-2.77546348e-005	2.39953725e-007	
1.50268336e+001	2.96355729e-005	-2.96345660e-005	2.44295479e-007	
1.51270125e+001	3.15154780e-005	-3.15144972e-005	2.48637233e-007	
1.52271914e+001	3.33953866e-005	-3.33944284e-005	2.52978988e-007	
1.53273703e+001	3.53188525e-005	-3.53179185e-005	2.56861360e-007	
1.54275492e+001	3.74762075e-005	-3.74753175e-005	2.58277022e-007	
1.55277281e+001	3.96335674e-005	-3.96327166e-005	2.59692685e-007	
1.56279070e+001	4.17909314e-005	-4.17901156e-005	2.61108347e-007	
1.57280859e+001	4.39482988e-005	-4.39475147e-005	2.62524010e-007	
1.58282648e+001	4.70252032e-005	-4.70244734e-005	2.61984943e-007	
1.59284436e+001	5.03426480e-005	-5.03419717e-005	2.60934564e-007	
1.60286225e+001	5.36600994e-005	-5.36594701e-005	2.59884185e-007	
1.61288014e+001	5.69775563e-005	-5.69769684e-005	2.58833806e-007	
1.62289803e+001	6.04279620e-005	-6.04274150e-005	2.57115823e-007	
1.63291592e+001	6.40558243e-005	-6.40553187e-005	2.54506797e-007	
1.64293381e+001	6.76836911e-005	-6.76832224e-005	2.51897772e-007	
1.65295170e+001	7.13115618e-005	-7.13111261e-005	2.49288747e-007	
1.66296959e+001	7.49282360e-005	-7.49278299e-005	2.46680905e-007	
1.67298748e+001	7.83811219e-005	-7.83807418e-005	2.44090453e-007	
1.68300537e+001	8.18340101e-005	-8.18336537e-005	2.41500000e-007	
1.69302326e+001	8.52869003e-005	-8.52865656e-005	2.38909548e-007	
1.70304114e+001	8.87397922e-005	-8.87394776e-005	2.36319096e-007	
1.71305903e+001	9.13719806e-005	-9.13716792e-005	2.34688229e-007	
1.72307692e+001	9.36518379e-005	-9.36515469e-005	2.33469309e-007	
1.73309481e+001	9.59316958e-005	-9.59314146e-005	2.32250389e-007	
1.74311270e+001	9.82115541e-005	-9.82112824e-005	2.31031468e-007	
1.75313059e+001	1.00986714e-004	-1.00986451e-004	2.30525832e-007	
1.76314848e+001	1.04743683e-004	-1.04743427e-004	2.31434098e-007	
1.77316637e+001	1.08500652e-004	-1.08500403e-004	2.32342363e-007	
1.78318426e+001	1.12257622e-004	-1.12257380e-004	2.33250629e-007	
1.79320215e+001	1.16014592e-004	-1.16014356e-004	2.34158895e-007	
1.80322004e+001	1.21091275e-004	-1.21091037e-004	2.39809199e-007	
1.81323792e+001	1.26207406e-004	-1.26207167e-004	2.45601250e-007	
1.82325581e+001	1.31323538e-004	-1.31323297e-004	2.51393301e-007	
1.83327370e+001	1.36439670e-004	-1.36439427e-004	2.57185352e-007	
1.84329159e+001	1.40449526e-004	-1.40449275e-004	2.65660052e-007	
1.85330948e+001	1.43742068e-004	-1.43741804e-004	2.75874245e-007	
1.86332737e+001	1.47034611e-004	-1.47034332e-004	2.86088438e-007	
1.87334526e+001	1.50327153e-004	-1.50326861e-004	2.96302632e-007	
1.88336315e+001	1.53619696e-004	-1.53619390e-004	3.06516825e-007	
1.89338104e+001	1.56912238e-004	-1.56911918e-004	3.16731018e-007	
1.90339893e+001	1.60204781e-004	-1.60204447e-004	3.26945211e-007	
1.91341682e+001	1.63497323e-004	-1.63496976e-004	3.37159405e-007	
1.92343470e+001	1.66789866e-004	-1.66789505e-004	3.47373598e-007	
1.93345259e+001	1.70706484e-004	-1.70706091e-004	3.66381997e-007	
1.94347048e+001	1.74709838e-004	-1.74709410e-004	3.86612637e-007	
1.95348837e+001	1.78713192e-004	-1.78712729e-004	4.06843277e-007	
1.96350626e+001	1.82716547e-004	-1.82716048e-004	4.27073917e-007	
1.97352415e+001	1.86285943e-004	-1.86285405e-004	4.47453124e-007	
1.98354204e+001	1.89444421e-004	-1.89443843e-004	4.67972964e-007	
1.99355993e+001	1.92602899e-004	-1.92602280e-004	4.88492804e-007	
2.00357782e+001	1.95761379e-004	-1.95760717e-004	5.09012644e-007	
2.01359571e+001	1.98812290e-004	-1.98811585e-004	5.29315795e-007	
2.02361360e+001	2.01250298e-004	-2.01249551e-004	5.48384251e-007	
2.03363148e+001	2.03688307e-004	-2.03687516e-004	5.67452708e-007	
2.04364937e+001	2.06126316e-004	-2.06125482e-004	5.86521165e-007	
2.05366726e+001	2.08564327e-004	-2.08563447e-004	6.05589621e-007	
2.06368515e+001	2.10167687e-004	-2.10166776e-004	6.18951756e-007	
2.07370304e+001	2.11542405e-004	-2.11541465e-004	6.30750695e-007	
2.08372093e+001	2.12917123e-004	-2.12916154e-004	6.42549635e-007	
2.09373882e+001	2.14291842e-004	-2.14290843e-004	6.54348574e-007	
2.10375671e+001	2.15363379e-004	-2.15362357e-004	6.63462894e-007	
2.11377460e+001	2.16017327e-004	-2.16016291e-004	6.68879528e-007	
2.12379249e+001	2.16671274e-004	-2.16670225e-004	6.74296162e-007	
2.13381038e+001	2.17325222e-004	-2.17324159e-004	6.79712795e-007	
2.14382826e+001	2.17940971e-004	-2.17939895e-004	6.84724860e-007	
2.15384615e+001	2.17916353e-004	-2.17915283e-004	6.82954782e-007	
2.16386404e+001	2.17891735e-004	-2.17890670e-004	6.81184705e-007	
2.17388193e+001	2.17867118e-004	-2.17866058e-004	6.79414627e-007	
2.18389982e+001	2.17842500e-004	-2.17841446e-004	6.77644550e-007	
2.19391771e+001	2.17122781e-004	-2.17121750e-004	6.69127577e-007	
2.20393560e+001	2.16093630e-004	-2.16092630e-004	6.57607149e-007	
2.21395349e+001	2.15064480e-004	-2.15063510e-004	6.46086721e-007	
2.22397138e+001	2.14035330e-004	-2.14034389e-004	6.34566292e-007	
2.23398927e+001	2.12680900e-004	-2.12679995e-004	6.20460645e-007	
2.24400716e+001	2.10658909e-004	-2.10658051e-004	6.01049464e-007	
2.25402504e+001	2.08636918e-004	-2.08636108e-004	5.81638284e-007	
2.26404293e+001	2.06614929e-004	-2.06614164e-004	5.62227103e-007	
2.27406082e+001	2.04592941e-004	-2.04592220e-004	5.42815922e-007	
2.28407871e+001	2.02349370e-004	-2.02348690e-004	5.24550374e-007	
2.29409660e+001	2.00097361e-004	-2.00096721e-004	5.06328534e-007	
2.30411449e+001	1.97845353e-004	-1.97844751e-004	4.88106693e-007	
2.31413238e+001	1.95593345e-004	-1.95592781e-004	4.69884853e-007	
2.32415027e+001	1.93341338e-004	-1.93340811e-004	4.51663012e-007	
2.33416816e+001	1.91089332e-004	-1.91088841e-004	4.33441172e-007	
2.34418605e+001	1.88837327e-004	-1.88836871e-004	4.15219331e-007	
2.35420394e+001	1.86585323e-004	-1.86584901e-004	3.96997491e-007	
2.36422182e+001	1.83951420e-004	-1.83951032e-004	3.77723872e-007	
2.37423971e+001	1.80071739e-004	-1.80071389e-004	3.55019436e-007	
2.38425760e+001	1.76192060e-004	-1.76191746e-004	3.32315000e-007	
2.39427549e+001	1.72312382e-004	-1.72312103e-004	3.09610565e-007	
2.40429338e+001	1.68432705e-004	-1.68432461e-004	2.86906129e-007	
2.41431127e+001	1.64056398e-004	-1.64056182e-004	2.65876147e-007	
2.42432916e+001	1.59606061e-004	-1.59605873e-004	2.45095691e-007	
2.43434705e+001	1.55155726e-004	-1.55155564e-004	2.24315235e-007	
2.44436494e+001	1.50705392e-004	-1.50705254e-004	2.03534778e-007	
2.45438283e+001	1.46523199e-004	-1.46523079e-004	1.87525596e-007	
2.46440072e+001	1.42602835e-004	-1.42602726e-004	1.76175414e-007	
2.47441860e+001	1.38682470e-004	-1.38682372e-004	1.64825231e-007	
2.48443649e+001	1.34762106e-004	-1.34762019e-004	1.53475049e-007	
2.49445438e+001	1.30853100e-004	-1.30853022e-004	1.42973735e-007	
2.50447227e+001	1.27012958e-004	-1.27012883e-004	1.37617714e-007	
2.51449016e+001	1.23172816e-004	-1.23172745e-004	1.32261694e-007	
2.52450805e+001	1.19332674e-004	-1.19332606e-004	1.26905674e-007	
2.53452594e+001	1.15492531e-004	-1.15492467e-004	1.21549654e-007	
2.54454383e+001	1.11603048e-004	-1.11602985e-004	1.18767493e-007	
2.55456172e+001	1.07699418e-004	-1.07699355e-004	1.16722839e-007	
2.56457961e+001	1.03795789e-004	-1.03795725e-004	1.14678185e-007	
2.57459750e+001	9.98921592e-005	-9.98920957e-005	1.12633531e-007	
2.58461538e+001	9.64831736e-005	-9.64831089e-005	1.11740508e-007	
2.59463327e+001	9.37773989e-005	-9.37773314e-005	1.12484653e-007	
2.60465116e+001	9.10716243e-005	-9.10715539e-005	1.13228798e-007	
2.61466905e+001	8.83658499e-005	-8.83657764e-005	1.13972943e-007	
2.62468694e+001	8.56865706e-005	-8.56864937e-005	1.14791191e-007	
2.63470483e+001	8.35258656e-005	-8.35257836e-005	1.17059828e-007	
2.64472272e+001	8.13651610e-005	-8.13650735e-005	1.19328466e-007	
2.65474061e+001	7.92044567e-005	-7.92043633e-005	1.21597104e-007	
2.66475850e+001	7.70437528e-005	-7.70436532e-005	1.23865742e-007	
2.67477639e+001	7.42891901e-005	-7.42890813e-005	1.27133146e-007	
2.68479428e+001	7.12606292e-005	-7.12605091e-005	1.30861375e-007	
2.69481216e+001	6.82320696e-005	-6.82319369e-005	1.34589604e-007	
2.70483005e+001	6.52035114e-005	-6.52033646e-005	1.38317833e-007	
2.71484794e+001	6.23168012e-005	-6.23166393e-005	1.42036823e-007	
2.72486583e+001	5.97316044e-005	-5.97314266e-005	1.45736151e-007	
2.73488372e+001	5.71464093e-005	-5.71462140e-005	1.49435479e-007	
2.74490161e+001	5.45612162e-005	-5.45610013e-005	1.53134807e-007	
2.75491950e+001	5.19760252e-005	-5.19757886e-005	1.56834135e-007	
2.76493739e+001	4.95655345e-005	-4.95652754e-005	1.60256495e-007	
2.77495528e+001	4.71631608e-005	-4.71628768e-005	1.63665989e-007	
2.78497317e+001	4.47721088e-005	-4.47717976e-005	1.66919308e-007	
2.79499106e+001	4.26970058e-005	-4.26966690e-005	1.69586786e-007	
2.80500894e+001	4.07256774e-005	-4.07253145e-005	1.71917135e-007	
2.81502683e+001	3.91904353e-005	-3.91900510e-005	1.73551205e-007	
2.82504472e+001	3.78630619e-005	-3.78626583e-005	1.74833186e-007	
2.83506261e+001	3.63060853e-005	-3.63056579e-005	1.76158702e-007	
2.84508050e+001	3.46704218e-005	-3.46699684e-005	1.77314930e-007	
2.85509839e+001	3.31859476e-005	-3.31854702e-005	1.78003857e-007	
2.86511628e+001	3.17014757e-005	-3.17009721e-005	1.78692784e-007	
2.87513417e+001	3.02256501e-005	-3.02251207e-005	1.78904904e-007	
2.88515206e+001	2.87512084e-005	-2.87506510e-005	1.79040837e-007	
2.89516995e+001	2.75214212e-005	-2.75208417e-005	1.78594800e-007	
2.90518784e+001	2.64067326e-005	-2.64061335e-005	1.77874966e-007	
2.91520572e+001	2.52920458e-005	-2.52914253e-005	1.77155133e-007	
2.92522361e+001	2.41773609e-005	-2.41767171e-005	1.76435299e-007	
2.93524150e+001	2.31682438e-005	-2.31675785e-005	1.75566144e-007	
2.94525939e+001	2.23879208e-005	-2.23872418e-005	1.74373365e-007	
2.95527728e+001	2.16075990e-005	-2.16069050e-005	1.73180586e-007	
2.96529517e+001	2.08272783e-005	-2.08265682e-005	1.71987808e-007	
2.97531306e+001	2.00469590e-005	-2.00462314e-005	1.70795029e-007	
2.98533095e+001	1.95255772e-005	-1.95248441e-005	1.69194525e-007	
2.99534884e+001	1.90174268e-005	-1.90166885e-005	1.67573191e-007	
3.00536673e+001	1.85092770e-005	-1.85085330e-005	1.65951857e-007	
3.01538462e+001	1.80011275e-005	-1.80003774e-005	1.64330524e-007	
3.02540250e+001	1.74866905e-005	-1.74859384e-005	1.62182008e-007	
3.03542039e+001	1.69678315e-005	-1.69670803e-005	1.59662668e-007	
3.04543828e+001	1.64489729e-005	-1.64482222e-005	1.57143328e-007	
3.05545617e+001	1.59301146e-005	-1.59293642e-005	1.54623989e-007	
3.06547406e+001	1.54454789e-005	-1.54447298e-005	1.52108284e-007	
3.07549195e+001	1.50802785e-005	-1.50795364e-005	1.49605276e-007	
3.08550984e+001	1.47150782e-005	-1.47143429e-005	1.47102268e-007	
3.09552773e+001	1.43498780e-005	-1.43491495e-005	1.44599260e-007	
3.10554562e+001	1.39846780e-005	-1.39839560e-005	1.42096252e-007	
3.11556351e+001	1.36194780e-005	-1.36187626e-005	1.39593244e-007	
3.12558140e+001	1.32542781e-005	-1.32535691e-005	1.37090236e-007	
3.13559928e+001	1.28890784e-005	-1.28883757e-005	1.34587228e-007	
3.14561717e+001	1.25238788e-005	-1.25231822e-005	1.32084220e-007	
3.15563506e+001	1.22225742e-005	-1.22218863e-005	1.29673673e-007	
3.16565295e+001	1.19867028e-005	-1.19860262e-005	1.27357815e-007	
3.17567084e+001	1.17508314e-005	-1.17501661e-005	1.25041957e-007	
3.18568873e+001	1.15149601e-005	-1.15143060e-005	1.22726099e-007	
3.19570662e+001	1.12790887e-005	-1.12784460e-005	1.20410241e-007	
3.20572451e+001	1.10432173e-005	-1.10425859e-005	1.18094382e-007	
3.21574240e+001	1.08073460e-005	-1.08067258e-005	1.15778524e-007	
3.22576029e+001	1.05714746e-005	-1.05708657e-005	1.13462666e-007	
3.23577818e+001	1.03356033e-005	-1.03350057e-005	1.11146808e-007	
3.24579606e+001	1.01380385e-005	-1.01374538e-005	1.08880058e-007	
3.25581395e+001	9.95221604e-006	-9.95164482e-006	1.06628363e-007	
3.26583184e+001	9.76639358e-006	-9.76583582e-006	1.04376668e-007	
3.27584973e+001	9.58057113e-006	-9.58002681e-006	1.02124973e-007	
3.28586762e+001	9.39474869e-006	-9.39421781e-006	9.98732785e-008	
3.29588551e+001	9.20892625e-006	-9.20840881e-006	9.76215836e-008	
3.30590340e+001	9.02310383e-006	-9.02259980e-006	9.53698887e-008	
3.31592129e+001	8.83728141e-006	-8.83679080e-006	9.31181938e-008	
3.32593918e+001	8.65222768e-006	-8.65175047e-006	9.08716134e-008	
3.33595707e+001	8.48733300e-006	-8.48686888e-006	8.87591310e-008	
3.34597496e+001	8.32243834e-006	-8.32198728e-006	8.66466485e-008	
3.35599284e+001	8.15754370e-006	-8.15710568e-006	8.45341660e-008	
3.36601073e+001	7.99264907e-006	-7.99222409e-006	8.24216836e-008	
3.37602862e+001	7.85317372e-006	-7.85275952e-006	8.06565374e-008	
3.38604651e+001	7.72608428e-006	-7.72567975e-006	7.90606363e-008	
3.39606440e+001	7.59899485e-006	-7.59859999e-006	7.74647351e-008	
3.40608229e+001	7.47190543e-006	-7.47152023e-006	7.58688339e-008	
3.41610018e+001	7.34968897e-006	-7.34931288e-006	7.43514034e-008	
3.42611807e+001	7.23841930e-006	-7.23805108e-006	7.30102518e-008	
3.43613596e+001	7.12714963e-006	-7.12678928e-006	7.16691003e-008	
3.44615385e+001	7.01587997e-006	-7.01552747e-006	7.03279488e-008	
3.45617174e+001	6.90461032e-006	-6.90426567e-006	6.89867972e-008	
3.46618962e+001	6.78001902e-006	-6.77968200e-006	6.76010014e-008	
3.47620751e+001	6.65463307e-006	-6.65430366e-006	6.62125433e-008	
3.48622540e+001	6.52924713e-006	-6.52892533e-006	6.48240852e-008	
3.49624329e+001	6.40386119e-006	-6.40354699e-006	6.34356271e-008	
3.50626118e+001	6.30355736e-006	-6.30324912e-006	6.23371473e-008	
3.51627907e+001	6.22146391e-006	-6.22116043e-006	6.14492000e-008	
3.52629696e+001	6.13937045e-006	-6.13907174e-006	6.05612527e-008	
3.53631485e+001	6.05727699e-006	-6.05698305e-006	5.96733053e-008	
3.54633274e+001	5.97427571e-006	-5.97398634e-006	5.87997584e-008	
3.55635063e+001	5.88796043e-006	-5.88767496e-006	5.79787796e-008	
3.56636852e+001	5.80164515e-006	-5.80136359e-006	5.71578008e-008	
3.57638640e+001	5.71532988e-006	-5.71505221e-006	5.63368220e-008	
3.58640429e+001	5.62901460e-006	-5.62874083e-006	5.55158431e-008	
3.59642218e+001	5.52168619e-006	-5.52141655e-006	5.45681498e-008	
3.60644007e+001	5.41066987e-006	-5.41040439e-006	5.35982179e-008	
3.61645796e+001	5.29965355e-006	-5.29939223e-006	5.26282860e-008	
3.62647585e+001	5.18863724e-006	-5.18838007e-006	5.16583542e-008	
3.63649374e+001	5.07885698e-006	-5.07860335e-006	5.07567910e-008	
3.64651163e+001	4.97038196e-006	-4.97013119e-006	4.99274297e-008	
3.65652952e+001	4.86190695e-006	-4.86165903e-006	4.90980683e-008	
3.66654741e+001	4.75343195e-006	-4.75318687e-006	4.82687069e-008	
3.67656530e+001	4.64494930e-006	-4.64470694e-006	4.74491886e-008	
3.68658318e+001	4.53641143e-006	-4.53617104e-006	4.67004910e-008	
3.69660107e+001	4.42787359e-006	-4.42763515e-006	4.59517933e-008	
3.70661896e+001	4.31933579e-006	-4.31909925e-006	4.52030957e-008	
3.71663685e+001	4.21079801e-006	-4.21056335e-006	4.44543980e-008	
3.72665474e+001	4.10429470e-006	-4.10406132e-006	4.37687919e-008	
3.73667263e+001	3.99844197e-006	-3.99820963e-006	4.31033619e-008	
3.74669052e+001	3.89258929e-006	-3.89235795e-006	4.24379319e-008	
3.75670841e+001	3.78673667e-006	-3.78650626e-006	4.17725019e-008	
3.76672630e+001	3.68457205e-006	-3.68434231e-006	4.11451046e-008	
3.77674419e+001	3.58809507e-006	-3.58786563e-006	4.05763619e-008	
3.78676208e+001	3.49161816e-006	-3.49138895e-006	4.00076193e-008	
3.79677996e+001	3.39514134e-006	-3.39491226e-006	3.94388767e-008	
3.80679785e+001	3.29914623e-006	-3.29891721e-006	3.88731459e-008	
3.81681574e+001	3.21926734e-006	-3.21903821e-006	3.84081950e-008	
3.82683363e+001	3.13938852e-006	-3.13915921e-006	3.79432441e-008	
3.83685152e+001	3.05950978e-006	-3.05928022e-006	3.74782932e-008	
3.84686941e+001	2.97963112e-006	-2.97940122e-006	3.70133423e-008	
3.85688730e+001	2.90143601e-006	-2.90120595e-006	3.65363293e-008	
3.86690519e+001	2.82409044e-006	-2.82386030e-006	3.60532323e-008	
3.87692308e+001	2.74674497e-006	-2.74651465e-006	3.55701352e-008	
3.88694097e+001	2.66939960e-006	-2.66916899e-006	3.50870382e-008	
3.89695886e+001	2.59205433e-006	-2.59182334e-006	3.46039412e-008	
3.90697674e+001	2.51470918e-006	-2.51447769e-006	3.41208442e-008	
3.91699463e+001	2.43736416e-006	-2.43713203e-006	3.36377471e-008	
3.92701252e+001	2.36001928e-006	-2.35978638e-006	3.31546501e-008	
3.93703041e+001	2.28267455e-006	-2.28244073e-006	3.26715531e-008	
3.94704830e+001	2.18096610e-006	-2.18073253e-006	3.19179534e-008	
3.95706619e+001	2.07759244e-006	-2.07735897e-006	3.11458623e-008	
3.96708408e+001	1.97421907e-006	-1.97398540e-006	3.03737712e-008	
3.97710197e+001	1.87084604e-006	-1.87061184e-006	2.96016801e-008	
3.98711986e+001	1.77526841e-006	-1.77503458e-006	2.88125971e-008	
3.99713775e+001	1.68553113e-006	-1.68529837e-006	2.80107811e-008	
4.00715564e+001	1.59579413e-006	-1.59556215e-006	2.72089651e-008	
4.01717352e+001	1.50605746e-006	-1.50582593e-006	2.64071490e-008	
4.02719141e+001	1.41895851e-006	-1.41872758e-006	2.55987892e-008	
4.03720930e+001	1.34194178e-006	-1.34171324e-006	2.47654084e-008	
4.04722719e+001	1.26492531e-006	-1.26469890e-006	2.39320277e-008	
4.05724508e+001	1.18790915e-006	-1.18768455e-006	2.30986469e-008	
4.06726297e+001	1.11089336e-006	-1.11067021e-006	2.22652662e-008	
4.07728086e+001	1.06045932e-006	-1.06023771e-006	2.16785193e-008	
4.08729875e+001	1.01497578e-006	-1.01475566e-006	2.11377047e-008	
4.09731664e+001	9.69492412e-007	-9.69273596e-007	2.05968900e-008	
4.10733453e+001	9.24009227e-007	-9.23791538e-007	2.00560754e-008	
4.11735242e+001	8.84095045e-007	-8.83879283e-007	1.95310311e-008	
4.12737030e+001	8.50246026e-007	-8.50033190e-007	1.90231625e-008	
4.13738819e+001	8.16397081e-007	-8.16187097e-007	1.85152939e-008	
4.14740608e+001	7.82548218e-007	-7.82341004e-007	1.80074253e-008	
4.15742397e+001	7.46876333e-007	-7.46672140e-007	1.74634871e-008	
4.16744186e+001	6.97083231e-007	-6.96884593e-007	1.66401586e-008	
4.17745975e+001	6.47290321e-007	-6.47097046e-007	1.58168301e-008	
4.18747764e+001	5.97497652e-007	-5.97309500e-007	1.49935016e-008	
4.19749553e+001	5.47705289e-007	-5.47521953e-007	1.41701731e-008	
4.20751342e+001	5.05967276e-007	-5.05789631e-007	1.34064796e-008	
4.21753131e+001	4.66913866e-007	-4.66742129e-007	1.26626604e-008	
4.22754919e+001	4.27860670e-007	-4.27694627e-007	1.19188411e-008	
4.23756708e+001	3.88807753e-007	-3.88647125e-007	1.11750218e-008	
4.24758497e+001	3.57992719e-007	-3.57836510e-007	1.05744548e-008	
4.25760286e+001	3.40299798e-007	-3.40146836e-007	1.02020826e-008	
4.26762075e+001	3.22606950e-007	-3.22457162e-007	9.82971041e-009	
4.27763864e+001	3.04914189e-007	-3.04767487e-007	9.45733820e-009	
4.28765653e+001	2.87330405e-007	-2.87186694e-007	9.08649045e-009	
4.29767442e+001	2.74742371e-007	-2.74601864e-007	8.78559197e-009	
4.30769231e+001	2.62154375e-007	-2.62017034e-007	8.48469349e-009	
4.31771020e+001	2.49566422e-007	-2.49432204e-007	8.18379501e-009	
4.32772809e+001	2.36978519e-007	-2.36847374e-007	7.88289652e-009	
4.33774597e+001	2.22135487e-007	-2.22008574e-007	7.50784506e-009	
4.34776386e+001	2.06115218e-007	-2.05993100e-007	7.09408161e-009	
4.35778175e+001	1.90095042e-007	-1.89977625e-007	6.68031816e-009	
4.36779964e+001	1.74074983e-007	-1.73962151e-007	6.26655471e-009	
4.37781753e+001	1.59435683e-007	-1.59327298e-007	5.87783914e-009	
4.38783542e+001	1.48133186e-007	-1.48029193e-007	5.54965956e-009	
4.39785331e+001	1.36830750e-007	-1.36731087e-007	5.22147999e-009	
4.40787120e+001	1.25528392e-007	-1.25432982e-007	4.89330041e-009	
4.41788909e+001	1.14226137e-007	-1.14134876e-007	4.56512084e-009	
4.42790698e+001	1.07525455e-007	-1.07437709e-007	4.34307241e-009	
4.43792487e+001	1.01180062e-007	-1.01095769e-007	4.12921811e-009	
4.44794275e+001	9.48346898e-008	-9.47538301e-008	3.91536382e-009	
4.45796064e+001	8.84893418e-008	-8.84118909e-008	3.70150952e-009	
4.46797853e+001	8.36284890e-008	-8.35541463e-008	3.52545279e-009	
4.47799642e+001	7.99152647e-008	-7.98438130e-008	3.37861692e-009	
4.48801431e+001	7.62020417e-008	-7.61334798e-008	3.23178105e-009	
4.49803220e+001	7.24888201e-008	-7.24231466e-008	3.08494518e-009	
4.50805009e+001	6.91196218e-008	-6.90567576e-008	2.94726073e-009	
4.51806798e+001	6.71295158e-008	-6.70691486e-008	2.84626206e-009	
4.52808587e+001	6.51394140e-008	-6.50815395e-008	2.74526340e-009	
4.53810376e+001	6.31493166e-008	-6.30939304e-008	2.64426473e-009	
4.54812165e+001	6.11592242e-008	-6.11063213e-008	2.54326607e-009	
4.55813953e+001	6.08454041e-008	-6.07944235e-008	2.49023396e-009	
4.56815742e+001	6.08620968e-008	-6.08128991e-008	2.44665872e-009	
4.57817531e+001	6.08788218e-008	-6.08313746e-008	2.40308349e-009	
4.58819320e+001	6.08955790e-008	-6.08498501e-008	2.35950826e-009	
4.59821109e+001	6.09123683e-008	-6.08683256e-008	2.31593303e-009	
4.60822898e+001	6.09291898e-008	-6.08868012e-008	2.27235779e-009	
4.61824687e+001	6.09460434e-008	-6.09052767e-008	2.22878256e-009	
4.62826476e+001	6.09629290e-008	-6.09237522e-008	2.18520733e-009	
4.63828265e+001	6.12339317e-008	-6.11962856e-008	2.14686453e-009	
4.64830054e+001	6.36333368e-008	-6.35969256e-008	2.15235030e-009	
4.65831843e+001	6.60328322e-008	-6.59975656e-008	2.15783608e-009	
4.66833631e+001	6.84324082e-008	-6.83982056e-008	2.16332186e-009	
4.67835420e+001	7.08320568e-008	-7.07988457e-008	2.16880764e-009	
4.68837209e+001	7.51355832e-008	-7.51030941e-008	2.20932553e-009	
4.69838998e+001	8.01001188e-008	-8.00681732e-008	2.26200458e-009	
4.70840787e+001	8.50647504e-008	-8.50332523e-008	2.31468362e-009	
4.71842576e+001	9.00294623e-008	-8.99983315e-008	2.36736267e-009	
4.72844365e+001	9.45701023e-008	-9.45392089e-008	2.41707215e-009	
4.73846154e+001	9.84127610e-008	-9.83819628e-008	2.46189425e-009	
4.74847943e+001	1.02255447e-007	-1.02224717e-007	2.50671636e-009	
4.75849732e+001	1.06098156e-007	-1.06067471e-007	2.55153847e-009	
4.76851521e+001	1.09952444e-007	-1.09921782e-007	2.59650168e-009	
4.77853309e+001	1.14642447e-007	-1.14611777e-007	2.65166814e-009	
4.78855098e+001	1.19332476e-007	-1.19301772e-007	2.70683460e-009	
4.79856887e+001	1.24022526e-007	-1.23991767e-007	2.76200105e-009	
4.80858676e+001	1.28712597e-007	-1.28681763e-007	2.81716751e-009	
4.81860465e+001	1.35985590e-007	-1.35954686e-007	2.89898655e-009	
4.82862254e+001	1.44653650e-007	-1.44622637e-007	2.99520047e-009	
4.83864043e+001	1.53321758e-007	-1.53290589e-007	3.09141440e-009	
4.84865832e+001	1.61989906e-007	-1.61958540e-007	3.18762832e-009	
4.85867621e+001	1.71063574e-007	-1.71032029e-007	3.28503481e-009	
4.86869410e+001	1.81154721e-007	-1.81123084e-007	3.38543378e-009	
4.87871199e+001	1.91245910e-007	-1.91214139e-007	3.48583275e-009	
4.88872987e+001	2.01337136e-007	-2.01305195e-007	3.58623173e-009	
4.89874776e+001	2.11428394e-007	-2.11396250e-007	3.68663070e-009	
4.90876565e+001	2.24471677e-007	-2.24439503e-007	3.80046076e-009	
4.91878354e+001	2.37769532e-007	-2.37737291e-007	3.91544901e-009	
4.92880143e+001	2.51067433e-007	-2.51035080e-007	4.03043725e-009	
4.93881932e+001	2.64365372e-007	-2.64332868e-007	4.14542550e-009	
4.94883721e+001	2.75104208e-007	-2.75071598e-007	4.23568958e-009	
4.95885510e+001	2.83801916e-007	-2.83769244e-007	4.30623391e-009	
4.96887299e+001	2.92499638e-007	-2.92466890e-007	4.37677824e-009	
4.97889088e+001	3.01197372e-007	-3.01164537e-007	4.44732258e-009	
4.98890877e+001	3.10024207e-007	-3.09991311e-007	4.51617347e-009	
4.99892665e+001	3.19394435e-007	-3.19361626e-007	4.57789614e-009	
5.00894454e+001	3.28764680e-007	-3.28731940e-007	4.63961881e-009	
5.01896243e+001	3.38134939e-007	-3.38102255e-007	4.70134149e-009	
5.02898032e+001	3.47505213e-007	-3.47472569e-007	4.76306416e-009	
5.03899821e+001	3.59217424e-007	-3.59184892e-007	4.83436989e-009	
5.04901610e+001	3.71417398e-007	-3.71384973e-007	4.90767134e-009	
5.05903399e+001	3.83617393e-007	-3.83585054e-007	4.98097278e-009	
5.06905188e+001	3.95817406e-007	-3.95785135e-007	5.05427422e-009	
5.07906977e+001	4.06666919e-007	-4.06634738e-007	5.11598184e-009	
5.08908766e+001	4.15951939e-007	-4.15919879e-007	5.16425857e-009	
5.09910555e+001	4.25236969e-007	-4.25205020e-007	5.21253529e-009	
5.10912343e+001	4.34522010e-007	-4.34490162e-007	5.26081202e-009	
5.11914132e+001	4.43732943e-007	-4.43701194e-007	5.30808496e-009	
5.12915921e+001	4.52269016e-007	-4.52237417e-007	5.34621802e-009	
5.13917710e+001	4.60805098e-007	-4.60773640e-007	5.38435108e-009	
5.14919499e+001	4.69341188e-007	-4.69309863e-007	5.42248414e-009	
5.15921288e+001	4.77877285e-007	-4.77846086e-007	5.46061720e-009	
5.16923077e+001	4.85607079e-007	-4.85576036e-007	5.49073494e-009	
5.17924866e+001	4.93045594e-007	-4.93014715e-007	5.51795714e-009	
5.18926655e+001	5.00484115e-007	-5.00453395e-007	5.54517933e-009	
5.19928444e+001	5.07922642e-007	-5.07892074e-007	5.57240153e-009	
5.20930233e+001	5.15361175e-007	-5.15330753e-007	5.59962373e-009	
5.21932021e+001	5.22799714e-007	-5.22769433e-007	5.62684592e-009	
5.22933810e+001	5.30238258e-007	-5.30208112e-007	5.65406812e-009	
5.23935599e+001	5.37676807e-007	-5.37646791e-007	5.68129031e-009	
5.24937388e+001	5.45106451e-007	-5.45076560e-007	5.70845691e-009	
5.25939177e+001	5.51046617e-007	-5.51016863e-007	5.72633959e-009	
5.26940966e+001	5.56986788e-007	-5.56957167e-007	5.74422226e-009	
5.27942755e+001	5.62926961e-007	-5.62897470e-007	5.76210493e-009	
5.28944544e+001	5.68867138e-007	-5.68837774e-007	5.77998760e-009	
5.29946333e+001	5.73709042e-007	-5.73679794e-007	5.79296245e-009	
5.30948122e+001	5.77937489e-007	-5.77908352e-007	5.80319595e-009	
5.31949911e+001	5.82165937e-007	-5.82136910e-007	5.81342945e-009	
5.32951699e+001	5.86394387e-007	-5.86365468e-007	5.82366296e-009	
5.33953488e+001	5.91078595e-007	-5.91049797e-007	5.83458359e-009	
5.34955277e+001	5.96950721e-007	-5.96922082e-007	5.84729520e-009	
5.35957066e+001	6.02822851e-007	-6.02794368e-007	5.86000682e-009	
5.36958855e+001	6.08694984e-007	-6.08666653e-007	5.87271844e-009	
5.37960644e+001	6.14567120e-007	-6.14538939e-007	5.88543005e-009	
5.38962433e+001	6.18245810e-007	-6.18217730e-007	5.89235833e-009	
5.39964222e+001	6.21715353e-007	-6.21687369e-007	5.89873516e-009	
5.40966011e+001	6.25184897e-007	-6.25157009e-007	5.90511198e-009	
5.41967800e+001	6.28654443e-007	-6.28626648e-007	5.91148881e-009	
5.42969589e+001	6.31085798e-007	-6.31058071e-007	5.91567820e-009	
5.43971377e+001	6.32662939e-007	-6.32635259e-007	5.91806779e-009	
5.44973166e+001	6.34240079e-007	-6.34212446e-007	5.92045737e-009	
5.45974955e+001	6.35817220e-007	-6.35789633e-007	5.92284695e-009	
5.46976744e+001	6.37491448e-007	-6.37463910e-007	5.92533473e-009	
5.47978533e+001	6.39595386e-007	-6.39567912e-007	5.92825710e-009	
5.48980322e+001	6.41699325e-007	-6.41671914e-007	5.93117947e-009	
5.49982111e+001	6.43803265e-007	-6.43775916e-007	5.93410184e-009	
5.50983900e+001	6.45907204e-007	-6.45879918e-007	5.93702420e-009	
5.51985689e+001	6.47465171e-007	-6.47437932e-007	5.93902427e-009	
5.52987478e+001	6.48903244e-007	-6.48876049e-007	5.94082180e-009	
5.53989267e+001	6.50341317e-007	-6.50314166e-007	5.94261934e-009	
5.54991055e+001	6.51779391e-007	-6.51752283e-007	5.94441687e-009	
5.55992844e+001	6.52887119e-007	-6.52860044e-007	5.94576700e-009	
5.56994633e+001	6.53600125e-007	-6.53573073e-007	5.94658254e-009	
5.57996422e+001	6.54225455e-007	-6.54198423e-007	5.94729772e-009	
5.58998211e+001	6.54586287e-007	-6.54559265e-007	5.94771016e-009	
5.60000000e+001	6.54710124e-007	-6.54683106e-007	5.94785134e-009	
