% Column 0: Length, cm
% Column 1: |B.n|, Tesla
% Column 2: Re[B.n], Tesla
% Column 3: Im[B.n], Tesla
0.00000000e+000	4.73511749e-010	-4.73498912e-010	-3.48660968e-012	
1.00178891e-001	7.42819890e-009	-7.42800804e-009	-5.32492043e-011	
2.00357782e-001	1.46234401e-008	-1.46230675e-008	-1.04388524e-010	
3.00536673e-001	2.20899483e-008	-2.20893768e-008	-1.58887619e-010	
4.00715564e-001	3.02064042e-008	-3.02056278e-008	-2.16574961e-010	
5.00894454e-001	3.80177677e-008	-3.80168003e-008	-2.71217214e-010	
6.01073345e-001	4.59414940e-008	-4.59403384e-008	-3.25845082e-010	
7.01252236e-001	5.37548843e-008	-5.37535542e-008	-3.78137940e-010	
8.01431127e-001	6.15476180e-008	-6.15461159e-008	-4.29988582e-010	
9.01610018e-001	6.90977034e-008	-6.90960594e-008	-4.76644632e-010	
1.00178891e+000	7.66477892e-008	-7.66460028e-008	-5.23300683e-010	
1.10196780e+000	8.43769361e-008	-8.43750191e-008	-5.68762903e-010	
1.20214669e+000	9.26680921e-008	-9.26660734e-008	-6.11671203e-010	
1.30232558e+000	1.01791444e-007	-1.01789351e-007	-6.52694559e-010	
1.40250447e+000	1.10729309e-007	-1.10727126e-007	-6.95159138e-010	
1.50268336e+000	1.19667175e-007	-1.19664902e-007	-7.37623716e-010	
1.60286225e+000	1.29051209e-007	-1.29048877e-007	-7.75810468e-010	
1.70304114e+000	1.39453094e-007	-1.39450775e-007	-8.04238144e-010	
1.80322004e+000	1.49854986e-007	-1.49852673e-007	-8.32665819e-010	
1.90339893e+000	1.59363009e-007	-1.59360616e-007	-8.73310973e-010	
2.00357782e+000	1.69892905e-007	-1.69890507e-007	-9.02633004e-010	
2.10375671e+000	1.81365477e-007	-1.81363136e-007	-9.21431635e-010	
2.20393560e+000	1.92757434e-007	-1.92755141e-007	-9.40247311e-010	
2.30411449e+000	2.03338255e-007	-2.03335993e-007	-9.59234482e-010	
2.40429338e+000	2.14293549e-007	-2.14291331e-007	-9.74916816e-010	
2.50447227e+000	2.27736295e-007	-2.27734215e-007	-9.73362469e-010	
2.60465116e+000	2.41504394e-007	-2.41502383e-007	-9.85446224e-010	
2.70483005e+000	2.55272501e-007	-2.55270552e-007	-9.97529980e-010	
2.80500894e+000	2.69040615e-007	-2.69038721e-007	-1.00961374e-009	
2.90518784e+000	2.82809290e-007	-2.82807543e-007	-9.94086798e-010	
3.00536673e+000	2.96578361e-007	-2.96576808e-007	-9.59781173e-010	
3.10554562e+000	3.10347454e-007	-3.10346074e-007	-9.25475547e-010	
3.20572451e+000	3.24116565e-007	-3.24115340e-007	-8.91169922e-010	
3.30590340e+000	3.38032397e-007	-3.38031290e-007	-8.65016945e-010	
3.40608229e+000	3.57153155e-007	-3.57152222e-007	-8.16070564e-010	
3.50626118e+000	3.76035990e-007	-3.76035276e-007	-7.32734509e-010	
3.60644007e+000	3.94918864e-007	-3.94918330e-007	-6.49398453e-010	
3.70661896e+000	4.13801771e-007	-4.13801384e-007	-5.66062397e-010	
3.80679785e+000	4.31941738e-007	-4.31941461e-007	-4.89094446e-010	
3.90697674e+000	4.49858241e-007	-4.49858052e-007	-4.11916610e-010	
4.00715564e+000	4.68967000e-007	-4.68966895e-007	-3.14854645e-010	
4.10733453e+000	4.88075786e-007	-4.88075737e-007	-2.17792680e-010	
4.20751342e+000	5.07184594e-007	-5.07184580e-007	-1.20730716e-010	
4.30769231e+000	5.28485859e-007	-5.28485859e-007	-1.16717968e-011	
4.40787120e+000	5.58447523e-007	-5.58447504e-007	1.44776400e-010	
4.50805009e+000	5.86205438e-007	-5.86205327e-007	3.61306105e-010	
4.60822898e+000	6.10124084e-007	-6.10123703e-007	6.82508431e-010	
4.70840787e+000	6.34053166e-007	-6.34052377e-007	1.00052476e-009	
4.80858676e+000	6.59460775e-007	-6.59459574e-007	1.25853849e-009	
4.90876565e+000	6.85768955e-007	-6.85767331e-007	1.49208029e-009	
5.00894454e+000	7.11830984e-007	-7.11828957e-007	1.69850522e-009	
5.10912343e+000	7.37893042e-007	-7.37890583e-007	1.90493014e-009	
5.20930233e+000	7.68830998e-007	-7.68827766e-007	2.22922085e-009	
5.30948122e+000	7.97136757e-007	-7.97132378e-007	2.64235753e-009	
5.40966011e+000	8.24507594e-007	-8.24501919e-007	3.05911268e-009	
5.50983900e+000	8.51878551e-007	-8.51871460e-007	3.47586782e-009	
5.61001789e+000	8.79249618e-007	-8.79241001e-007	3.89262297e-009	
5.71019678e+000	9.24434701e-007	-9.24423581e-007	4.53413888e-009	
5.81037567e+000	9.64876627e-007	-9.64862181e-007	5.27989989e-009	
5.91055456e+000	1.00033224e-006	-1.00031500e-006	5.87200135e-009	
6.01073345e+000	1.03506536e-006	-1.03504531e-006	6.44183531e-009	
6.11091234e+000	1.06053180e-006	-1.06050893e-006	6.96452385e-009	
6.21109123e+000	1.08134112e-006	-1.08131537e-006	7.46351840e-009	
6.31127013e+000	1.10215057e-006	-1.10212180e-006	7.96251295e-009	
6.41144902e+000	1.12357106e-006	-1.12353911e-006	8.47314608e-009	
6.51162791e+000	1.15252899e-006	-1.15249285e-006	9.12736770e-009	
6.61180680e+000	1.18148708e-006	-1.18144659e-006	9.78158932e-009	
6.71198569e+000	1.21436332e-006	-1.21431874e-006	1.04046483e-008	
6.81216458e+000	1.24583614e-006	-1.24578864e-006	1.08787445e-008	
6.91234347e+000	1.27486862e-006	-1.27481919e-006	1.12270091e-008	
7.01252236e+000	1.30390111e-006	-1.30384973e-006	1.15752738e-008	
7.11270125e+000	1.33587747e-006	-1.33582748e-006	1.15573652e-008	
7.21288014e+000	1.35462775e-006	-1.35458445e-006	1.08318390e-008	
7.31305903e+000	1.38946370e-006	-1.38943500e-006	8.92916716e-009	
7.41323792e+000	1.42497123e-006	-1.42495523e-006	6.75145761e-009	
7.51341682e+000	1.50187164e-006	-1.50187162e-006	-2.50317455e-010	
7.61359571e+000	1.57800547e-006	-1.57791421e-006	-1.69705846e-008	
7.71377460e+000	1.75114332e-006	-1.74981097e-006	-6.82970796e-008	
7.81395349e+000	1.65164809e-006	-1.65127062e-006	3.53097301e-008	
7.91413238e+000	2.78861013e-007	-1.74890687e-007	2.17202007e-007	
8.01431127e+000	5.85137275e-008	-3.49005570e-008	4.69660242e-008	
8.11449016e+000	4.29317038e-008	-2.92849361e-008	3.13930519e-008	
8.21466905e+000	2.91967242e-008	-2.31273329e-008	1.78206391e-008	
8.31484794e+000	1.88794280e-008	-1.22084963e-008	1.44008827e-008	
8.41502683e+000	2.01158658e-008	-1.85600712e-008	7.75704952e-009	
8.51520572e+000	8.28950644e-009	-4.41915733e-009	7.01334197e-009	
8.61538462e+000	1.33121722e-008	-1.23222611e-008	5.03744068e-009	
8.71556351e+000	5.00091389e-009	-2.96452133e-009	4.02749960e-009	
8.81574240e+000	6.76781805e-009	-6.55440418e-009	1.68616339e-009	
8.91592129e+000	2.41145407e-009	-2.08298419e-009	1.21502576e-009	
9.01610018e+000	3.62943686e-009	2.77739951e-009	2.33642117e-009	
9.11627907e+000	2.19014100e-009	2.09758092e-009	6.29977679e-010	
9.21645796e+000	1.33073676e-009	-1.34572417e-011	-1.33066872e-009	
9.31663685e+000	2.91694492e-009	1.51763320e-009	-2.49105542e-009	
9.41681574e+000	1.91332989e-009	2.75292282e-011	-1.91313183e-009	
9.51699463e+000	5.30341083e-009	2.89293445e-009	-4.44489558e-009	
9.61717352e+000	1.03636840e-008	7.74732878e-009	-6.88366496e-009	
9.71735242e+000	1.28415373e-008	8.24733475e-009	-9.84309660e-009	
9.81753131e+000	4.15265811e-008	2.12705114e-008	-3.56654213e-008	
9.91771020e+000	2.68575562e-007	2.59380309e-007	-6.96755904e-008	
1.00178891e+001	3.67145389e-007	3.66665263e-007	1.87702299e-008	
1.01180680e+001	2.75614462e-007	2.75556011e-007	-5.67594298e-009	
1.02182469e+001	2.40733170e-007	2.40438785e-007	-1.19016634e-008	
1.03184258e+001	2.16964759e-007	2.16373624e-007	-1.60050431e-008	
1.04186047e+001	2.18037155e-007	2.17240042e-007	-1.86270018e-008	
1.05187835e+001	2.23764196e-007	2.22774242e-007	-2.10250545e-008	
1.06189624e+001	2.42007771e-007	2.40957324e-007	-2.25239700e-008	
1.07191413e+001	2.60750115e-007	2.59648723e-007	-2.39408200e-008	
1.08193202e+001	2.85784390e-007	2.84647248e-007	-2.54688462e-008	
1.09194991e+001	3.04668052e-007	3.03517496e-007	-2.64528160e-008	
1.10196780e+001	3.11361170e-007	3.10107795e-007	-2.79093889e-008	
1.11198569e+001	3.09179785e-007	3.07705854e-007	-3.01537193e-008	
1.12200358e+001	2.97505117e-007	2.95633114e-007	-3.33220119e-008	
1.13202147e+001	3.04049605e-007	3.01635924e-007	-3.82352131e-008	
1.14203936e+001	3.30224821e-007	3.27301007e-007	-4.38461276e-008	
1.15205725e+001	3.69925074e-007	3.66345152e-007	-5.13399504e-008	
1.16207513e+001	3.98219149e-007	3.93931413e-007	-5.82797800e-008	
1.17209302e+001	4.57466293e-007	4.52407398e-007	-6.78450871e-008	
1.18211091e+001	5.59127331e-007	5.52941918e-007	-8.29373733e-008	
1.19212880e+001	6.82963738e-007	6.75440511e-007	-1.01091956e-007	
1.20214669e+001	8.15698063e-007	8.06746018e-007	-1.20516353e-007	
1.21216458e+001	9.96831818e-007	9.87006562e-007	-1.39612750e-007	
1.22218247e+001	1.30852209e-006	1.29753981e-006	-1.69175975e-007	
1.23220036e+001	1.53808545e-006	1.52695588e-006	-1.84695946e-007	
1.24221825e+001	1.68022591e-006	1.66992025e-006	-1.85810350e-007	
1.25223614e+001	1.79242679e-006	1.78352727e-006	-1.78393600e-007	
1.26225403e+001	1.88644304e-006	1.87806640e-006	-1.77577979e-007	
1.27227191e+001	1.63174645e-006	1.62296618e-006	-1.69048127e-007	
1.28228980e+001	1.29228268e-006	1.28268028e-006	-1.57244475e-007	
1.29230769e+001	9.17951811e-007	9.06975377e-007	-1.41531601e-007	
1.30232558e+001	6.24140454e-007	6.10916548e-007	-1.27797801e-007	
1.31234347e+001	9.94648456e-008	-2.30552934e-008	-9.67559247e-008	
1.32236136e+001	3.15556625e-007	-3.07992425e-007	-6.86778694e-008	
1.33237925e+001	4.54932921e-007	-4.53162628e-007	-4.00948329e-008	
1.34239714e+001	8.12676779e-007	-8.12485175e-007	1.76461803e-008	
1.35241503e+001	3.33571215e-007	-3.23807124e-007	8.01167995e-008	
1.36243292e+001	1.35978358e-007	1.09944525e-007	8.00144684e-008	
1.37245081e+001	8.20285474e-007	8.20284317e-007	1.37767858e-009	
1.38246869e+001	1.26972458e-006	1.26829974e-006	-6.01353676e-008	
1.39248658e+001	1.63270241e-006	1.62822872e-006	-1.20782422e-007	
1.40250447e+001	2.21005018e-006	2.20081698e-006	-2.01807935e-007	
1.41252236e+001	2.61196903e-006	2.59916332e-006	-2.58325919e-007	
1.42254025e+001	2.93148984e-006	2.91498042e-006	-3.10679631e-007	
1.43255814e+001	3.50414116e-006	3.48286710e-006	-3.85541194e-007	
1.44257603e+001	4.37473308e-006	4.34979557e-006	-4.66441923e-007	
1.45259392e+001	4.98901310e-006	4.95914748e-006	-5.45076070e-007	
1.46261181e+001	5.87840214e-006	5.83976804e-006	-6.72845479e-007	
1.47262970e+001	7.09715919e-006	7.04763595e-006	-8.36956423e-007	
1.48264758e+001	8.22519518e-006	8.16390649e-006	-1.00223086e-006	
1.49266547e+001	1.08881701e-005	1.08091725e-005	-1.30921287e-006	
1.50268336e+001	1.43709926e-005	1.42817840e-005	-1.59877294e-006	
1.51270125e+001	1.78544718e-005	1.77328826e-005	-2.08015281e-006	
1.52271914e+001	2.40054076e-005	2.38671543e-005	-2.57265255e-006	
1.53273703e+001	3.46981278e-005	3.45662730e-005	-3.02205948e-006	
1.54275492e+001	4.72881736e-005	4.72291322e-005	-2.36229338e-006	
1.55277281e+001	5.77876841e-005	5.77734642e-005	-1.28190211e-006	
1.56279070e+001	6.62094624e-005	6.62093284e-005	1.33190284e-007	
1.57280859e+001	7.08447640e-005	7.08390696e-005	8.98217951e-007	
1.58282648e+001	7.12912095e-005	7.12820293e-005	1.14405226e-006	
1.59284436e+001	7.15807915e-005	7.15687933e-005	1.31054860e-006	
1.60286225e+001	6.85603544e-005	6.85504638e-005	1.16452255e-006	
1.61288014e+001	6.72252849e-005	6.72171332e-005	1.04686482e-006	
1.62289803e+001	6.71972792e-005	6.71891720e-005	1.04379061e-006	
1.63291592e+001	6.71692736e-005	6.71612108e-005	1.04071640e-006	
1.64293381e+001	6.70841121e-005	6.70767624e-005	9.92993423e-007	
1.65295170e+001	6.69740484e-005	6.69676497e-005	9.25775093e-007	
1.66296959e+001	6.68640492e-005	6.68585369e-005	8.58556762e-007	
1.67298748e+001	6.68520833e-005	6.68472757e-005	8.01727843e-007	
1.68300537e+001	6.73559349e-005	6.73514456e-005	7.77647430e-007	
1.69302326e+001	6.80481968e-005	6.80441357e-005	7.43419950e-007	
1.70304114e+001	6.87404843e-005	6.87368259e-005	7.09192470e-007	
1.71305903e+001	6.94327968e-005	6.94295160e-005	6.74964990e-007	
1.72307692e+001	7.00526532e-005	7.00497417e-005	6.38680643e-007	
1.73309481e+001	7.14472175e-005	7.14444982e-005	6.23349706e-007	
1.74311270e+001	7.31509177e-005	7.31483244e-005	6.15958948e-007	
1.75313059e+001	7.48546244e-005	7.48521505e-005	6.08568190e-007	
1.76314848e+001	7.65583371e-005	7.65559767e-005	6.01177432e-007	
1.77316637e+001	7.82620554e-005	7.82598028e-005	5.93786674e-007	
1.78318426e+001	7.99657791e-005	7.99636290e-005	5.86395916e-007	
1.79320215e+001	8.16695076e-005	8.16674552e-005	5.79005158e-007	
1.80322004e+001	8.41809567e-005	8.41789612e-005	5.79614389e-007	
1.81323792e+001	8.59926274e-005	8.59907686e-005	5.65413849e-007	
1.82325581e+001	8.76637573e-005	8.76620396e-005	5.48775055e-007	
1.83327370e+001	8.93348955e-005	8.93333106e-005	5.32136261e-007	
1.84329159e+001	9.15468748e-005	9.15454442e-005	5.11782447e-007	
1.85330948e+001	9.46426182e-005	9.46413736e-005	4.85358111e-007	
1.86332737e+001	9.77383805e-005	9.77373031e-005	4.58933776e-007	
1.87334526e+001	1.00875219e-004	1.00874276e-004	4.36153445e-007	
1.88336315e+001	1.04770432e-004	1.04769507e-004	4.40206987e-007	
1.89338104e+001	1.07657868e-004	1.07657270e-004	3.58740469e-007	
1.90339893e+001	1.10523735e-004	1.10523391e-004	2.76026015e-007	
1.91341682e+001	1.13389676e-004	1.13389511e-004	1.93311560e-007	
1.92343470e+001	1.16941089e-004	1.16941026e-004	1.21692715e-007	
1.93345259e+001	1.20718454e-004	1.20718412e-004	-1.01127884e-007	
1.94347048e+001	1.22199201e-004	1.22198559e-004	-3.96114525e-007	
1.95348837e+001	1.23114851e-004	1.23113430e-004	-5.91543633e-007	
1.96350626e+001	1.24030798e-004	1.24028301e-004	-7.86972741e-007	
1.97352415e+001	1.24947035e-004	1.24943173e-004	-9.82401850e-007	
1.98354204e+001	1.25863555e-004	1.25858044e-004	-1.17783096e-006	
1.99355993e+001	1.23626838e-004	1.23615435e-004	-1.67907274e-006	
2.00357782e+001	1.19250783e-004	1.19234710e-004	-1.95785501e-006	
2.01359571e+001	1.14724810e-004	1.14703896e-004	-2.19049186e-006	
2.02361360e+001	1.10776198e-004	1.10750397e-004	-2.39069705e-006	
2.03363148e+001	1.07157187e-004	1.07126306e-004	-2.57239721e-006	
2.04364937e+001	1.03538850e-004	1.03502215e-004	-2.75409736e-006	
2.05366726e+001	9.62983091e-005	9.62585585e-005	-2.76662915e-006	
2.06368515e+001	8.68400402e-005	8.67988123e-005	-2.67558708e-006	
2.07370304e+001	7.77137067e-005	7.76707430e-005	-2.58377668e-006	
2.08372093e+001	6.98564297e-005	6.98144404e-005	-2.42171179e-006	
2.09373882e+001	6.12251373e-005	6.11865790e-005	-2.17255207e-006	
2.10375671e+001	5.25938992e-005	5.25587176e-005	-1.92339236e-006	
2.11377460e+001	4.48781200e-005	4.48463872e-005	-1.68736917e-006	
2.12379249e+001	3.44244438e-005	3.44002620e-005	-1.29007911e-006	
2.13381038e+001	2.39707685e-005	2.39541368e-005	-8.92789049e-007	
2.14382826e+001	1.41365501e-005	1.41268683e-005	-5.23107257e-007	
2.15384615e+001	4.52420813e-006	4.52125953e-006	-1.63314096e-007	
2.16386404e+001	5.37377455e-006	-5.36909151e-006	2.24297372e-007	
2.17388193e+001	1.56748580e-005	-1.56616161e-005	6.44167863e-007	
2.18389982e+001	2.49269065e-005	-2.49068667e-005	9.99330872e-007	
2.19391771e+001	3.28425036e-005	-3.28176657e-005	1.27705269e-006	
2.20393560e+001	4.08514982e-005	-4.08218136e-005	1.55706214e-006	
2.21395349e+001	4.89205810e-005	-4.88860205e-005	1.83854342e-006	
2.22397138e+001	5.64681432e-005	-5.64297580e-005	2.08173162e-006	
2.23398927e+001	6.58656374e-005	-6.58248791e-005	2.31678205e-006	
2.24400716e+001	7.61719768e-005	-7.61285321e-005	2.57228520e-006	
2.25402504e+001	8.64784310e-005	-8.64321852e-005	2.82778835e-006	
2.26404293e+001	9.22541709e-005	-9.22095447e-005	2.86913108e-006	
2.27406082e+001	9.64493838e-005	-9.64105499e-005	2.73669438e-006	
2.28407871e+001	1.00943251e-004	-1.00910109e-004	2.58647357e-006	
2.29409660e+001	1.05437818e-004	-1.05409668e-004	2.43625276e-006	
2.30411449e+001	1.09945334e-004	-1.09921542e-004	2.28713908e-006	
2.31413238e+001	1.15432740e-004	-1.15411500e-004	2.21431086e-006	
2.32415027e+001	1.18619326e-004	-1.18605885e-004	1.78565578e-006	
2.33416816e+001	1.21807829e-004	-1.21800270e-004	1.35700071e-006	
2.34418605e+001	1.24998102e-004	-1.24994655e-004	9.28345640e-007	
2.35420394e+001	1.27062268e-004	-1.27060836e-004	6.03399340e-007	
2.36422182e+001	1.24863800e-004	-1.24863010e-004	4.43983739e-007	
2.37423971e+001	1.22026785e-004	-1.22026480e-004	2.73111251e-007	
2.38425760e+001	1.19189993e-004	-1.19189949e-004	1.02238764e-007	
2.39427549e+001	1.16353438e-004	-1.16353418e-004	-6.86337234e-008	
2.40429338e+001	1.13780037e-004	-1.13779911e-004	-1.69269698e-007	
2.41431127e+001	1.11398461e-004	-1.11398246e-004	-2.18677558e-007	
2.42432916e+001	1.08272159e-004	-1.08271776e-004	-2.87719238e-007	
2.43434705e+001	1.04959006e-004	-1.04958383e-004	-3.61688433e-007	
2.44436494e+001	1.01119594e-004	-1.01118874e-004	-3.81598242e-007	
2.45438283e+001	9.74199558e-005	-9.74192216e-005	-3.78222460e-007	
2.46440072e+001	9.44586042e-005	-9.44577763e-005	-3.95476227e-007	
2.47441860e+001	9.14972619e-005	-9.14963310e-005	-4.12729993e-007	
2.48443649e+001	8.86493770e-005	-8.86483605e-005	-4.24525418e-007	
2.49445438e+001	8.65329066e-005	-8.65318788e-005	-4.21761427e-007	
2.50447227e+001	8.44164369e-005	-8.44153971e-005	-4.18997436e-007	
2.51449016e+001	8.22999680e-005	-8.22989154e-005	-4.16233446e-007	
2.52450805e+001	8.01834997e-005	-8.01824337e-005	-4.13469455e-007	
2.53452594e+001	7.83739984e-005	-7.83729258e-005	-4.10023247e-007	
2.54454383e+001	7.66510241e-005	-7.66499468e-005	-4.06384738e-007	
2.55456172e+001	7.49280502e-005	-7.49269678e-005	-4.02746228e-007	
2.56457961e+001	7.32050767e-005	-7.32039888e-005	-3.99107719e-007	
2.57459750e+001	7.13900995e-005	-7.13890059e-005	-3.95156695e-007	
2.58461538e+001	6.94919071e-005	-6.94908076e-005	-3.90923009e-007	
2.59463327e+001	6.75937154e-005	-6.75926093e-005	-3.86689322e-007	
2.60465116e+001	6.60528715e-005	-6.60517496e-005	-3.84970178e-007	
2.61466905e+001	6.45156397e-005	-6.45145229e-005	-3.79608661e-007	
2.62468694e+001	6.30691567e-005	-6.30680363e-005	-3.75936134e-007	
2.63470483e+001	6.16226741e-005	-6.16215497e-005	-3.72263608e-007	
2.64472272e+001	6.01761919e-005	-6.01750630e-005	-3.68591081e-007	
2.65474061e+001	5.87297101e-005	-5.87285764e-005	-3.64918555e-007	
2.66475850e+001	5.72832289e-005	-5.72820898e-005	-3.61246028e-007	
2.67477639e+001	5.58367481e-005	-5.58356032e-005	-3.57573501e-007	
2.68479428e+001	5.44227765e-005	-5.44216611e-005	-3.48432197e-007	
2.69481216e+001	5.28887257e-005	-5.28876560e-005	-3.36380889e-007	
2.70483005e+001	5.12517816e-005	-5.12507590e-005	-3.23747335e-007	
2.71484794e+001	4.96148375e-005	-4.96138621e-005	-3.11113780e-007	
2.72486583e+001	4.79778936e-005	-4.79769652e-005	-2.98480225e-007	
2.73488372e+001	4.59087733e-005	-4.59079615e-005	-2.73014398e-007	
2.74490161e+001	4.32704334e-005	-4.32698187e-005	-2.30646847e-007	
2.75491950e+001	4.06205672e-005	-4.06201377e-005	-1.86807792e-007	
2.76493739e+001	3.73891987e-005	-3.73889881e-005	-1.25481996e-007	
2.77495528e+001	3.45172578e-005	-3.45171753e-005	-7.54661716e-008	
2.78497317e+001	3.16746205e-005	-3.16746096e-005	-2.62904788e-008	
2.79499106e+001	2.79581839e-005	-2.79581413e-005	4.88241112e-008	
2.80500894e+001	2.41187609e-005	-2.41184798e-005	1.16453258e-007	
2.81502683e+001	2.15374817e-005	-2.15369593e-005	1.50015954e-007	
2.82504472e+001	1.89563277e-005	-1.89554388e-005	1.83578651e-007	
2.83506261e+001	1.61754082e-005	-1.61739639e-005	2.16147784e-007	
2.84508050e+001	1.27892250e-005	-1.27868646e-005	2.45707597e-007	
2.85509839e+001	1.10957950e-005	-1.10931711e-005	2.41291173e-007	
2.86511628e+001	9.40808956e-006	-9.40510994e-006	2.36761743e-007	
2.87513417e+001	7.59929751e-006	-7.59559552e-006	2.37173494e-007	
2.88515206e+001	5.91093099e-006	-5.90596734e-006	2.42187857e-007	
2.89516995e+001	5.35911572e-006	-5.35411841e-006	2.31381363e-007	
2.90518784e+001	4.90676626e-006	-4.90190859e-006	2.18282605e-007	
2.91520572e+001	4.45442697e-006	-4.44969878e-006	2.05183846e-007	
2.92522361e+001	4.00210128e-006	-3.99748896e-006	1.92085088e-007	
2.93524150e+001	3.54979440e-006	-3.54527914e-006	1.78986330e-007	
2.94525939e+001	3.27617082e-006	-3.27151482e-006	1.74602430e-007	
2.95527728e+001	3.00951393e-006	-3.00467710e-006	1.70556809e-007	
2.96529517e+001	2.74289818e-006	-2.73783938e-006	1.66511188e-007	
2.97531306e+001	2.49893534e-006	-2.49366103e-006	1.62272983e-007	
2.98533095e+001	2.51536344e-006	-2.51053273e-006	1.55816096e-007	
2.99534884e+001	2.53181385e-006	-2.52740444e-006	1.49359209e-007	
3.00536673e+001	2.54828612e-006	-2.54427614e-006	1.42902322e-007	
3.01538462e+001	2.46491163e-006	-2.46101334e-006	1.38573747e-007	
3.02540250e+001	2.33554801e-006	-2.33163003e-006	1.35225442e-007	
3.03542039e+001	2.20619179e-006	-2.20224672e-006	1.31877137e-007	
3.04543828e+001	2.09486349e-006	-2.09092225e-006	1.28441466e-007	
3.05545617e+001	2.14412103e-006	-2.14051923e-006	1.24227281e-007	
3.06547406e+001	2.19340197e-006	-2.19011622e-006	1.20013095e-007	
3.07549195e+001	2.24270476e-006	-2.23971321e-006	1.15798910e-007	
3.08550984e+001	2.27158779e-006	-2.26883298e-006	1.11839149e-007	
3.09552773e+001	2.24053624e-006	-2.23790151e-006	1.08625511e-007	
3.10554562e+001	2.25351270e-006	-2.25103894e-006	1.05561270e-007	
3.11556351e+001	2.27831512e-006	-2.27600657e-006	1.02537135e-007	
3.12558140e+001	2.28676045e-006	-2.28460837e-006	9.91863530e-008	
3.13559928e+001	2.28798263e-006	-2.28598068e-006	9.56912782e-008	
3.14561717e+001	2.28921031e-006	-2.28735299e-006	9.21962033e-008	
3.15563506e+001	2.28493401e-006	-2.28320908e-006	8.87678943e-008	
3.16565295e+001	2.26604853e-006	-2.26441296e-006	8.60806749e-008	
3.17567084e+001	2.25581481e-006	-2.25423875e-006	8.43098298e-008	
3.18568873e+001	2.25013397e-006	-2.24862392e-006	8.24217920e-008	
3.19570662e+001	2.24445437e-006	-2.24300908e-006	8.05337541e-008	
3.20572451e+001	2.24068332e-006	-2.23930629e-006	7.85435505e-008	
3.21574240e+001	2.23753465e-006	-2.23622584e-006	7.65200936e-008	
3.22576029e+001	2.23363525e-006	-2.23239106e-006	7.45423776e-008	
3.23577818e+001	2.22081780e-006	-2.21963966e-006	7.23291421e-008	
3.24579606e+001	2.20074888e-006	-2.19964177e-006	6.97978409e-008	
3.25581395e+001	2.18068159e-006	-2.17964387e-006	6.72665396e-008	
3.26583184e+001	2.16061598e-006	-2.15964598e-006	6.47352384e-008	
3.27584973e+001	2.14736306e-006	-2.14644483e-006	6.27910135e-008	
3.28586762e+001	2.13711714e-006	-2.13624273e-006	6.11282106e-008	
3.29588551e+001	2.13014226e-006	-2.12930263e-006	5.98024127e-008	
3.30590340e+001	2.12316797e-006	-2.12236253e-006	5.84766147e-008	
3.31592129e+001	2.11427274e-006	-2.11350951e-006	5.68046840e-008	
3.32593918e+001	2.09740599e-006	-2.09668430e-006	5.50168010e-008	
3.33595707e+001	2.07447298e-006	-2.07378940e-006	5.32509556e-008	
3.34597496e+001	2.05154063e-006	-2.05089450e-006	5.14851102e-008	
3.35599284e+001	2.03157845e-006	-2.03096632e-006	4.98679413e-008	
3.36601073e+001	2.01824445e-006	-2.01766539e-006	4.83426438e-008	
3.37602862e+001	2.00441855e-006	-2.00387240e-006	4.67883672e-008	
3.38604651e+001	1.99059341e-006	-1.99007940e-006	4.52340906e-008	
3.39606440e+001	1.97683853e-006	-1.97635303e-006	4.38095832e-008	
3.40608229e+001	1.96319236e-006	-1.96273039e-006	4.25871060e-008	
3.41610018e+001	1.94962999e-006	-1.94919109e-006	4.13666821e-008	
3.42611807e+001	1.94402854e-006	-1.94360990e-006	4.03423382e-008	
3.43613596e+001	1.93842751e-006	-1.93802872e-006	3.93179942e-008	
3.44615385e+001	1.92276807e-006	-1.92239151e-006	3.80514481e-008	
3.45617174e+001	1.90051453e-006	-1.90016157e-006	3.66261139e-008	
3.46618962e+001	1.87941863e-006	-1.87908653e-006	3.53300362e-008	
3.47620751e+001	1.85892087e-006	-1.85860807e-006	3.41007281e-008	
3.48622540e+001	1.83829337e-006	-1.83799969e-006	3.28580019e-008	
3.49624329e+001	1.81733843e-006	-1.81706400e-006	3.15814674e-008	
3.50626118e+001	1.79655996e-006	-1.79630303e-006	3.03825858e-008	
3.51627907e+001	1.77981271e-006	-1.77957162e-006	2.92943864e-008	
3.52629696e+001	1.77103678e-006	-1.77080894e-006	2.84073821e-008	
3.53631485e+001	1.76234909e-006	-1.76213324e-006	2.75816620e-008	
3.54633274e+001	1.75417416e-006	-1.75397005e-006	2.67588314e-008	
3.55635063e+001	1.74670502e-006	-1.74651240e-006	2.59399789e-008	
3.56636852e+001	1.73923617e-006	-1.73905474e-006	2.51211264e-008	
3.57638640e+001	1.73123593e-006	-1.73106573e-006	2.42751963e-008	
3.58640429e+001	1.71784721e-006	-1.71769029e-006	2.32180450e-008	
3.59642218e+001	1.70546981e-006	-1.70532561e-006	2.21768034e-008	
3.60644007e+001	1.69309286e-006	-1.69296093e-006	2.11355618e-008	
3.61645796e+001	1.68071638e-006	-1.68059625e-006	2.00943203e-008	
3.62647585e+001	1.67635509e-006	-1.67624197e-006	1.94738839e-008	
3.63649374e+001	1.67276667e-006	-1.67266002e-006	1.88886586e-008	
3.64651163e+001	1.66917843e-006	-1.66907807e-006	1.83034334e-008	
3.65652952e+001	1.66559036e-006	-1.66549612e-006	1.77182081e-008	
3.66654741e+001	1.66200248e-006	-1.66191417e-006	1.71329829e-008	
3.67656530e+001	1.65841478e-006	-1.65833222e-006	1.65477576e-008	
3.68658318e+001	1.65474217e-006	-1.65466584e-006	1.58930975e-008	
3.69660107e+001	1.65104090e-006	-1.65097079e-006	1.52148565e-008	
3.70661896e+001	1.64733988e-006	-1.64727574e-006	1.45366154e-008	
3.71663685e+001	1.64423759e-006	-1.64417876e-006	1.39095865e-008	
3.72665474e+001	1.64116479e-006	-1.64111102e-006	1.32850620e-008	
3.73667263e+001	1.63873282e-006	-1.63868388e-006	1.26651094e-008	
3.74669052e+001	1.64289616e-006	-1.64285166e-006	1.20922237e-008	
3.75670841e+001	1.65315987e-006	-1.65312034e-006	1.14312464e-008	
3.76672630e+001	1.66758863e-006	-1.66755424e-006	1.07101273e-008	
3.77674419e+001	1.68201779e-006	-1.68198813e-006	9.98900823e-009	
3.78676208e+001	1.69511549e-006	-1.69509007e-006	9.28310250e-009	
3.79677996e+001	1.70595126e-006	-1.70592957e-006	8.60303795e-009	
3.80679785e+001	1.72000742e-006	-1.71999010e-006	7.71867914e-009	
3.81681574e+001	1.73270669e-006	-1.73269296e-006	6.89906662e-009	
3.82683363e+001	1.74540640e-006	-1.74539581e-006	6.07945411e-009	
3.83685152e+001	1.75810654e-006	-1.75809867e-006	5.25984160e-009	
3.84686941e+001	1.77080709e-006	-1.77080153e-006	4.44022908e-009	
3.85688730e+001	1.79751439e-006	-1.79751095e-006	3.51522633e-009	
3.86690519e+001	1.82634438e-006	-1.82634253e-006	2.59741727e-009	
3.87692308e+001	1.85517488e-006	-1.85517412e-006	1.67960821e-009	
3.88694097e+001	1.88400586e-006	-1.88400571e-006	7.61799146e-010	
3.89695886e+001	1.93651501e-006	-1.93651469e-006	-1.11888886e-009	
3.90697674e+001	1.99683782e-006	-1.99683507e-006	-3.31723991e-009	
3.91699463e+001	2.05483729e-006	-2.05483099e-006	-5.08594386e-009	
3.92701252e+001	2.10765357e-006	-2.10764532e-006	-5.89689179e-009	
3.93703041e+001	2.16047006e-006	-2.16045964e-006	-6.70783972e-009	
3.94704830e+001	2.21328674e-006	-2.21327397e-006	-7.51878764e-009	
3.95706619e+001	2.26610361e-006	-2.26608830e-006	-8.32973557e-009	
3.96708408e+001	2.38385804e-006	-2.38382499e-006	-1.25521483e-008	
3.97710197e+001	2.52410803e-006	-2.52406756e-006	-1.42923723e-008	
3.98711986e+001	2.62180603e-006	-2.62176784e-006	-1.41521742e-008	
3.99713775e+001	2.70674185e-006	-2.70670817e-006	-1.35022002e-008	
4.00715564e+001	2.80871660e-006	-2.80869362e-006	-1.13616980e-008	
4.01717352e+001	2.91186662e-006	-2.91186047e-006	-5.98646043e-009	
4.02719141e+001	2.78612923e-006	-2.78608620e-006	1.54854482e-008	
4.03720930e+001	2.76308015e-006	-2.76288583e-006	3.27696085e-008	
4.04722719e+001	2.41127004e-006	-2.40914966e-006	1.01099634e-007	
4.05724508e+001	1.92133497e-006	-1.91552387e-006	1.49319709e-007	
4.06726297e+001	1.37269106e-006	-1.36404751e-006	1.53802244e-007	
4.07728086e+001	9.74376297e-007	-9.65756260e-007	1.29321362e-007	
4.08729875e+001	7.46442470e-007	-7.39436391e-007	1.02030314e-007	
4.09731664e+001	5.59302544e-007	-5.53656289e-007	7.92719982e-008	
4.10733453e+001	4.08312238e-007	-4.04080065e-007	5.86360338e-008	
4.11735242e+001	3.42333135e-007	-3.38917640e-007	4.82370025e-008	
4.12737030e+001	2.75162517e-007	-2.72465691e-007	3.84299044e-008	
4.13738819e+001	2.33857206e-007	-2.31816010e-007	3.08306737e-008	
4.14740608e+001	1.87234246e-007	-1.85574978e-007	2.48714774e-008	
4.15742397e+001	1.57963905e-007	-1.56679614e-007	2.01020884e-008	
4.16744186e+001	1.28748919e-007	-1.27766154e-007	1.58774676e-008	
4.17745975e+001	1.08418193e-007	-1.07674580e-007	1.26763262e-008	
4.18747764e+001	9.05258185e-008	-9.00146503e-008	9.60658814e-009	
4.19749553e+001	7.16480692e-008	-7.13532423e-008	6.49312167e-009	
4.20751342e+001	5.59238584e-008	-5.58426976e-008	3.01182075e-009	
4.21753131e+001	3.61887277e-008	-3.61799274e-008	-7.98039739e-010	
4.22754919e+001	8.61740995e-009	-4.39824461e-009	-7.41047897e-009	
4.23756708e+001	3.21922015e-008	3.01390477e-008	-1.13126319e-008	
4.24758497e+001	6.22190782e-008	6.11546355e-008	-1.14596794e-008	
4.25760286e+001	8.18256674e-008	8.13110582e-008	-9.16251406e-009	
4.26762075e+001	7.88716827e-008	7.86912720e-008	-5.33160740e-009	
4.27763864e+001	6.48944048e-008	6.48741835e-008	-1.61990518e-009	
4.28765653e+001	2.33166466e-008	2.31334712e-008	2.91693670e-009	
4.29767442e+001	1.12579327e-008	-9.66700627e-009	5.76975207e-009	
4.30769231e+001	4.83949202e-008	-4.76261414e-008	8.59179602e-009	
4.31771020e+001	8.22862278e-008	-8.15437468e-008	1.10290814e-008	
4.32772809e+001	9.66795027e-008	-9.59321783e-008	1.19976421e-008	
4.33774597e+001	1.12307026e-007	-1.11552369e-007	1.29975779e-008	
4.34776386e+001	1.04586895e-007	-1.03727989e-007	1.33762079e-008	
4.35778175e+001	9.96326364e-008	-9.87129053e-008	1.35064643e-008	
4.36779964e+001	8.67205590e-008	-8.57365261e-008	1.30270269e-008	
4.37781753e+001	7.07710274e-008	-6.97864307e-008	1.17640306e-008	
4.38783542e+001	5.71104214e-008	-5.62033222e-008	1.01383828e-008	
4.39785331e+001	4.47701724e-008	-4.40228226e-008	8.14613002e-009	
4.40787120e+001	3.53790108e-008	-3.47724092e-008	6.52333971e-009	
4.41788909e+001	2.80607805e-008	-2.75434149e-008	5.36355285e-009	
4.42790698e+001	2.31852946e-008	-2.27532831e-008	4.45488416e-009	
4.43792487e+001	1.88070721e-008	-1.84421578e-008	3.68683867e-009	
4.44794275e+001	1.51787268e-008	-1.48781422e-008	3.00576657e-009	
4.45796064e+001	1.41636065e-008	-1.39130222e-008	2.65246299e-009	
4.46797853e+001	1.33284985e-008	-1.31247730e-008	2.32146607e-009	
4.47799642e+001	1.30760056e-008	-1.29168957e-008	2.03364870e-009	
4.48801431e+001	1.28491520e-008	-1.27151269e-008	1.85101460e-009	
4.49803220e+001	1.25304756e-008	-1.24199494e-008	1.66062524e-009	
4.50805009e+001	1.23328509e-008	-1.22349483e-008	1.55088689e-009	
4.51806798e+001	1.14512421e-008	-1.13690418e-008	1.36961105e-009	
4.52808587e+001	1.02902347e-008	-1.02061908e-008	1.31247843e-009	
4.53810376e+001	9.40206741e-009	-9.32073302e-009	1.23402091e-009	
4.54812165e+001	8.93978026e-009	-8.87253941e-009	1.09440193e-009	
4.55813953e+001	8.90545612e-009	-8.85463402e-009	9.50055345e-010	
4.56815742e+001	9.04677095e-009	-9.00962106e-009	8.19019591e-010	
4.57817531e+001	1.11701247e-008	-1.11529102e-008	6.19904136e-010	
4.58819320e+001	1.40047217e-008	-1.40009987e-008	3.22899769e-010	
4.59821109e+001	2.08244901e-008	-2.07931577e-008	-1.14191999e-009	
4.60822898e+001	1.59247097e-008	-1.54247103e-008	3.95912734e-009	
4.61824687e+001	1.92086541e-009	-8.87471080e-010	1.70356069e-009	
4.62826476e+001	2.69270659e-010	7.63532152e-011	2.58218656e-010	
4.63828265e+001	4.69552140e-010	-4.69550443e-010	-1.26250099e-012	
4.64830054e+001	2.98046214e-010	2.37636086e-010	-1.79890623e-010	
4.65831843e+001	9.73269831e-010	9.58979885e-010	-1.66167820e-010	
4.66833631e+001	5.15292214e-010	2.59990688e-010	-4.44894266e-010	
4.67835420e+001	6.60071482e-010	4.07755523e-010	-5.19066272e-010	
4.68837209e+001	8.40870336e-010	6.25999052e-010	-5.61416163e-010	
4.69838998e+001	8.01665030e-010	5.50225724e-010	-5.83025275e-010	
4.70840787e+001	1.79541105e-009	1.48059161e-009	-1.01555371e-009	
4.71842576e+001	1.20084431e-009	5.10598673e-010	-1.08688365e-009	
4.72844365e+001	2.21789008e-009	1.66065796e-009	-1.47011957e-009	
4.73846154e+001	1.94110828e-009	6.77510667e-010	-1.81903289e-009	
4.74847943e+001	3.47210982e-009	2.89502892e-009	-1.91686050e-009	
4.75849732e+001	3.75018801e-009	2.64333644e-009	-2.66020348e-009	
4.76851521e+001	4.39106419e-009	2.24478422e-009	-3.77390892e-009	
4.77853309e+001	8.48536293e-009	7.31576006e-009	-4.29895788e-009	
4.78855098e+001	1.07467836e-008	6.88979843e-009	-8.24766841e-009	
4.79856887e+001	1.62796833e-008	1.08893023e-008	-1.21017016e-008	
4.80858676e+001	7.08275458e-008	4.42998671e-008	-5.52635778e-008	
4.81860465e+001	4.20349949e-007	4.20238066e-007	-9.69777864e-009	
4.82862254e+001	4.50534398e-007	4.50152005e-007	1.85584582e-008	
4.83864043e+001	4.03025029e-007	4.02998484e-007	4.62553017e-009	
4.84865832e+001	3.80479995e-007	3.80479974e-007	-1.26424590e-010	
4.85867621e+001	3.72763644e-007	3.72760997e-007	-1.40480559e-009	
4.86869410e+001	3.59346002e-007	3.59334595e-007	-2.86325376e-009	
4.87871199e+001	3.48198269e-007	3.48186424e-007	-2.87207856e-009	
4.88872987e+001	3.43748755e-007	3.43735523e-007	-3.01612810e-009	
4.89874776e+001	3.39299339e-007	3.39284622e-007	-3.16017763e-009	
4.90876565e+001	3.35121804e-007	3.35107083e-007	-3.14107531e-009	
4.91878354e+001	3.31063714e-007	3.31049661e-007	-3.05028238e-009	
4.92880143e+001	3.27005633e-007	3.26992240e-007	-2.95948945e-009	
4.93881932e+001	3.22110828e-007	3.22098179e-007	-2.85454033e-009	
4.94883721e+001	3.12888230e-007	3.12876921e-007	-2.66016228e-009	
4.95885510e+001	3.04140731e-007	3.04130390e-007	-2.50800175e-009	
4.96887299e+001	2.95393254e-007	2.95383859e-007	-2.35584122e-009	
4.97889088e+001	2.86645799e-007	2.86637328e-007	-2.20368069e-009	
4.98890877e+001	2.77825230e-007	2.77817666e-007	-2.05008469e-009	
4.99892665e+001	2.68897775e-007	2.68891102e-007	-1.89439033e-009	
5.00894454e+001	2.62289465e-007	2.62283454e-007	-1.77574458e-009	
5.01896243e+001	2.55517718e-007	2.55512299e-007	-1.66399667e-009	
5.02898032e+001	2.48745988e-007	2.48741145e-007	-1.55224875e-009	
5.03899821e+001	2.41974278e-007	2.41969990e-007	-1.44050084e-009	
5.04901610e+001	2.35202589e-007	2.35198835e-007	-1.32875292e-009	
5.05903399e+001	2.28430923e-007	2.28427681e-007	-1.21700500e-009	
5.06905188e+001	2.21659282e-007	2.21656526e-007	-1.10525709e-009	
5.07906977e+001	2.14590486e-007	2.14588155e-007	-1.00017432e-009	
5.08908766e+001	2.06862463e-007	2.06860489e-007	-9.03831055e-010	
5.09910555e+001	1.99134460e-007	1.99132822e-007	-8.07487792e-010	
5.10912343e+001	1.91406477e-007	1.91405156e-007	-7.11144529e-010	
5.11914132e+001	1.85262667e-007	1.85261549e-007	-6.43545770e-010	
5.12915921e+001	1.79478852e-007	1.79477905e-007	-5.83042376e-010	
5.13917710e+001	1.71694175e-007	1.71693367e-007	-5.26570461e-010	
5.14919499e+001	1.63909503e-007	1.63908829e-007	-4.70098546e-010	
5.15921288e+001	1.56838207e-007	1.56837663e-007	-4.13179570e-010	
5.16923077e+001	1.49841552e-007	1.49841128e-007	-3.56213823e-010	
5.17924866e+001	1.42844907e-007	1.42844593e-007	-2.99248077e-010	
5.18926655e+001	1.36859479e-007	1.36859252e-007	-2.49102870e-010	
5.19928444e+001	1.32563822e-007	1.32563647e-007	-2.15471360e-010	
5.20930233e+001	1.28729903e-007	1.28729767e-007	-1.87150695e-010	
5.21932021e+001	1.24895987e-007	1.24895886e-007	-1.58830029e-010	
5.22933810e+001	1.19606853e-007	1.19606772e-007	-1.39442930e-010	
5.23935599e+001	1.14507217e-007	1.14507155e-007	-1.18868885e-010	
5.24937388e+001	1.09623455e-007	1.09623412e-007	-9.69513200e-011	
5.25939177e+001	1.04739695e-007	1.04739668e-007	-7.50337547e-011	
5.26940966e+001	9.98662611e-008	9.98662469e-008	-5.32525588e-011	
5.27942755e+001	9.60965242e-008	9.60965170e-008	-3.71552299e-011	
5.28944544e+001	9.23672510e-008	9.23672486e-008	-2.09092430e-011	
5.29946333e+001	8.86379803e-008	8.86379802e-008	-4.66325601e-012	
5.30948122e+001	8.49087126e-008	8.49087118e-008	1.15827309e-011	
5.31949911e+001	8.11151486e-008	8.11151448e-008	2.48603195e-011	
5.32951699e+001	7.71750902e-008	7.71750838e-008	3.13748822e-011	
5.33953488e+001	7.32350326e-008	7.32350228e-008	3.78894450e-011	
5.34955277e+001	6.92949760e-008	6.92949618e-008	4.44040078e-011	
5.35957066e+001	6.52951943e-008	6.52951727e-008	5.31846971e-011	
5.36958855e+001	6.15361370e-008	6.15361066e-008	6.10738426e-011	
5.37960644e+001	5.82643494e-008	5.82643153e-008	6.30626459e-011	
5.38962433e+001	5.48788367e-008	5.48787982e-008	6.49957960e-011	
5.39964222e+001	5.14130556e-008	5.14130121e-008	6.68896655e-011	
5.40966011e+001	4.79472752e-008	4.79472259e-008	6.87835350e-011	
5.41967800e+001	4.49144963e-008	4.49144438e-008	6.86839149e-011	
5.42969589e+001	4.21328914e-008	4.21328375e-008	6.74279171e-011	
5.43971377e+001	3.96362343e-008	3.96361773e-008	6.72348679e-011	
5.44973166e+001	3.73083442e-008	3.73082829e-008	6.76713737e-011	
5.45974955e+001	3.49804548e-008	3.49803885e-008	6.81078795e-011	
5.46976744e+001	3.22508641e-008	3.22507974e-008	6.56000002e-011	
5.47978533e+001	2.93888586e-008	2.93887930e-008	6.21215483e-011	
5.48980322e+001	2.65268534e-008	2.65267886e-008	5.86430964e-011	
5.49982111e+001	2.39373508e-008	2.39372902e-008	5.38755021e-011	
5.50983900e+001	2.15278487e-008	2.15277946e-008	4.82563690e-011	
5.51985689e+001	1.91183466e-008	1.91182991e-008	4.26372359e-011	
5.52987478e+001	1.67088445e-008	1.67088035e-008	3.70181028e-011	
5.53989267e+001	1.42993425e-008	1.42993080e-008	3.13989697e-011	
5.54991055e+001	1.18606235e-008	1.18605939e-008	2.65083657e-011	
5.55992844e+001	9.42055081e-009	9.42052592e-009	2.16522737e-011	
5.56994633e+001	6.97462258e-009	6.97460290e-009	1.65679158e-011	
5.57996422e+001	4.65936774e-009	4.65935457e-009	1.10774468e-011	
5.58998211e+001	2.20961339e-009	2.20960698e-009	5.32231209e-012	
5.60000000e+001	1.40521676e-010	1.40521098e-010	4.03053916e-013	
