% Column 0: Length, cm
% Column 1: |B.n|, Tesla
% Column 2: Re[B.n], Tesla
% Column 3: Im[B.n], Tesla
0.00000000e+000	7.84215489e-016	-7.84215346e-016	-4.73195794e-019	
1.00178891e-001	7.75181908e-015	-7.75181765e-015	-4.71256393e-018	
2.00357782e-001	1.24430375e-014	-1.24430352e-014	-7.55220268e-018	
3.00536673e-001	2.17677877e-014	-2.17677838e-014	-1.30685715e-017	
4.00715564e-001	2.17677877e-014	-2.17677838e-014	-1.30685715e-017	
5.00894454e-001	3.50903241e-014	-3.50903183e-014	-2.01954133e-017	
6.01073345e-001	3.50903241e-014	-3.50903183e-014	-2.01954133e-017	
7.01252236e-001	3.50903241e-014	-3.50903183e-014	-2.01954133e-017	
8.01431127e-001	3.50903241e-014	-3.50903183e-014	-2.01954133e-017	
9.01610018e-001	1.02430653e-013	-1.02430651e-013	-1.79570775e-017	
1.00178891e+000	1.02430653e-013	-1.02430651e-013	-1.79570775e-017	
1.10196780e+000	1.02430653e-013	-1.02430651e-013	-1.79570775e-017	
1.20214669e+000	1.02430653e-013	-1.02430651e-013	-1.79570775e-017	
1.30232558e+000	1.02430653e-013	-1.02430651e-013	-1.79570775e-017	
1.40250447e+000	1.02430653e-013	-1.02430651e-013	-1.79570775e-017	
1.50268336e+000	1.02430653e-013	-1.02430651e-013	-1.79570775e-017	
1.60286225e+000	1.02430653e-013	-1.02430651e-013	-1.79570775e-017	
1.70304114e+000	1.02430653e-013	-1.02430651e-013	-1.79570775e-017	
1.80322004e+000	1.18237568e-013	-1.18237568e-013	1.04648895e-017	
1.90339893e+000	1.18237568e-013	-1.18237568e-013	1.04648895e-017	
2.00357782e+000	1.18237568e-013	-1.18237568e-013	1.04648895e-017	
2.10375671e+000	1.18237568e-013	-1.18237568e-013	1.04648895e-017	
2.20393560e+000	1.65882417e-013	-1.65882380e-013	1.10740188e-016	
2.30411449e+000	1.65882417e-013	-1.65882380e-013	1.10740188e-016	
2.40429338e+000	1.65882417e-013	-1.65882380e-013	1.10740188e-016	
2.50447227e+000	1.65882417e-013	-1.65882380e-013	1.10740188e-016	
2.60465116e+000	1.65882417e-013	-1.65882380e-013	1.10740188e-016	
2.70483005e+000	1.96386593e-013	-1.96386404e-013	2.72318665e-016	
2.80500894e+000	1.96386593e-013	-1.96386404e-013	2.72318665e-016	
2.90518784e+000	1.96386593e-013	-1.96386404e-013	2.72318665e-016	
3.00536673e+000	1.96386593e-013	-1.96386404e-013	2.72318665e-016	
3.10554562e+000	1.96386593e-013	-1.96386404e-013	2.72318665e-016	
3.20572451e+000	1.96386593e-013	-1.96386404e-013	2.72318665e-016	
3.30590340e+000	1.96386593e-013	-1.96386404e-013	2.72318665e-016	
3.40608229e+000	1.96386593e-013	-1.96386404e-013	2.72318665e-016	
3.50626118e+000	1.96386593e-013	-1.96386404e-013	2.72318665e-016	
3.60644007e+000	2.90221456e-013	-2.90220758e-013	6.36533646e-016	
3.70661896e+000	2.90221456e-013	-2.90220758e-013	6.36533646e-016	
3.80679785e+000	2.90221456e-013	-2.90220758e-013	6.36533646e-016	
3.90697674e+000	2.90221456e-013	-2.90220758e-013	6.36533646e-016	
4.00715564e+000	3.36644262e-013	-3.36642483e-013	1.09427162e-015	
4.10733453e+000	3.36644262e-013	-3.36642483e-013	1.09427162e-015	
4.20751342e+000	3.36644262e-013	-3.36642483e-013	1.09427162e-015	
4.30769231e+000	3.36644262e-013	-3.36642483e-013	1.09427162e-015	
4.40787120e+000	3.36644262e-013	-3.36642483e-013	1.09427162e-015	
4.50805009e+000	3.36644262e-013	-3.36642483e-013	1.09427162e-015	
4.60822898e+000	3.36644262e-013	-3.36642483e-013	1.09427162e-015	
4.70840787e+000	3.36644262e-013	-3.36642483e-013	1.09427162e-015	
4.80858676e+000	3.36644262e-013	-3.36642483e-013	1.09427162e-015	
4.90876565e+000	4.09889975e-013	-4.09886616e-013	1.65938940e-015	
5.00894454e+000	4.09889975e-013	-4.09886616e-013	1.65938940e-015	
5.10912343e+000	4.09889975e-013	-4.09886616e-013	1.65938940e-015	
5.20930233e+000	4.09889975e-013	-4.09886616e-013	1.65938940e-015	
5.30948122e+000	4.40907060e-013	-4.40901720e-013	2.16999301e-015	
5.40966011e+000	4.40907060e-013	-4.40901720e-013	2.16999301e-015	
5.50983900e+000	4.40907060e-013	-4.40901720e-013	2.16999301e-015	
5.61001789e+000	4.40907060e-013	-4.40901720e-013	2.16999301e-015	
5.71019678e+000	3.61793303e-013	-3.61787131e-013	2.11326230e-015	
5.81037567e+000	3.61793303e-013	-3.61787131e-013	2.11326230e-015	
5.91055456e+000	3.61793303e-013	-3.61787131e-013	2.11326230e-015	
6.01073345e+000	3.61793303e-013	-3.61787131e-013	2.11326230e-015	
6.11091234e+000	3.61793303e-013	-3.61787131e-013	2.11326230e-015	
6.21109123e+000	3.61793303e-013	-3.61787131e-013	2.11326230e-015	
6.31127013e+000	3.61793303e-013	-3.61787131e-013	2.11326230e-015	
6.41144902e+000	3.61793303e-013	-3.61787131e-013	2.11326230e-015	
6.51162791e+000	3.61793303e-013	-3.61787131e-013	2.11326230e-015	
6.61180680e+000	3.97669221e-013	-3.97661142e-013	2.53487946e-015	
6.71198569e+000	3.97669221e-013	-3.97661142e-013	2.53487946e-015	
6.81216458e+000	3.97669221e-013	-3.97661142e-013	2.53487946e-015	
6.91234347e+000	3.97669221e-013	-3.97661142e-013	2.53487946e-015	
7.01252236e+000	3.79599988e-013	-3.79592775e-013	2.33998360e-015	
7.11270125e+000	3.79599988e-013	-3.79592775e-013	2.33998360e-015	
7.21288014e+000	3.79599988e-013	-3.79592775e-013	2.33998360e-015	
7.31305903e+000	3.79599988e-013	-3.79592775e-013	2.33998360e-015	
7.41323792e+000	3.79599988e-013	-3.79592775e-013	2.33998360e-015	
7.51341682e+000	2.67903841e-013	-2.67899656e-013	1.49745504e-015	
7.61359571e+000	2.67903841e-013	-2.67899656e-013	1.49745504e-015	
7.71377460e+000	2.67903841e-013	-2.67899656e-013	1.49745504e-015	
7.81395349e+000	2.67903841e-013	-2.67899656e-013	1.49745504e-015	
7.91413238e+000	1.95400867e-013	-1.95400861e-013	4.52036157e-017	
8.01431127e+000	1.95400867e-013	-1.95400861e-013	4.52036157e-017	
8.11449016e+000	1.95400867e-013	-1.95400861e-013	4.52036157e-017	
8.21466905e+000	1.95400867e-013	-1.95400861e-013	4.52036157e-017	
8.31484794e+000	1.95400867e-013	-1.95400861e-013	4.52036157e-017	
8.41502683e+000	5.42959035e-014	-5.42239308e-014	-2.79472237e-015	
8.51520572e+000	5.42959035e-014	-5.42239308e-014	-2.79472237e-015	
8.61538462e+000	5.42959035e-014	-5.42239308e-014	-2.79472237e-015	
8.71556351e+000	5.42959035e-014	-5.42239308e-014	-2.79472237e-015	
8.81574240e+000	1.46342053e-013	1.46202134e-013	-6.39785118e-015	
8.91592129e+000	1.46342053e-013	1.46202134e-013	-6.39785118e-015	
9.01610018e+000	1.46342053e-013	1.46202134e-013	-6.39785118e-015	
9.11627907e+000	1.46342053e-013	1.46202134e-013	-6.39785118e-015	
9.21645796e+000	1.46342053e-013	1.46202134e-013	-6.39785118e-015	
9.31663685e+000	1.46342053e-013	1.46202134e-013	-6.39785118e-015	
9.41681574e+000	1.46342053e-013	1.46202134e-013	-6.39785118e-015	
9.51699463e+000	1.46342053e-013	1.46202134e-013	-6.39785118e-015	
9.61717352e+000	1.46342053e-013	1.46202134e-013	-6.39785118e-015	
9.71735242e+000	3.57403053e-013	3.57238673e-013	-1.08384810e-014	
9.81753131e+000	3.57403053e-013	3.57238673e-013	-1.08384810e-014	
9.91771020e+000	3.57403053e-013	3.57238673e-013	-1.08384810e-014	
1.00178891e+001	3.57403053e-013	3.57238673e-013	-1.08384810e-014	
1.01180680e+001	6.93520614e-013	6.93268773e-013	-1.86882231e-014	
1.02182469e+001	6.93520614e-013	6.93268773e-013	-1.86882231e-014	
1.03184258e+001	6.93520614e-013	6.93268773e-013	-1.86882231e-014	
1.04186047e+001	6.93520614e-013	6.93268773e-013	-1.86882231e-014	
1.05187835e+001	1.14853959e-012	1.14823649e-012	-2.63845067e-014	
1.06189624e+001	1.14853959e-012	1.14823649e-012	-2.63845067e-014	
1.07191413e+001	1.14853959e-012	1.14823649e-012	-2.63845067e-014	
1.08193202e+001	1.14853959e-012	1.14823649e-012	-2.63845067e-014	
1.09194991e+001	1.14853959e-012	1.14823649e-012	-2.63845067e-014	
1.10196780e+001	1.48040949e-012	1.48010874e-012	-2.98394402e-014	
1.11198569e+001	1.48040949e-012	1.48010874e-012	-2.98394402e-014	
1.12200358e+001	1.48040949e-012	1.48010874e-012	-2.98394402e-014	
1.13202147e+001	1.48040949e-012	1.48010874e-012	-2.98394402e-014	
1.14203936e+001	1.48040949e-012	1.48010874e-012	-2.98394402e-014	
1.15205725e+001	1.48040949e-012	1.48010874e-012	-2.98394402e-014	
1.16207513e+001	1.48040949e-012	1.48010874e-012	-2.98394402e-014	
1.17209302e+001	1.48040949e-012	1.48010874e-012	-2.98394402e-014	
1.18211091e+001	2.98894379e-012	2.98852521e-012	-5.00203027e-014	
1.19212880e+001	2.98894379e-012	2.98852521e-012	-5.00203027e-014	
1.20214669e+001	2.98894379e-012	2.98852521e-012	-5.00203027e-014	
1.21216458e+001	2.98894379e-012	2.98852521e-012	-5.00203027e-014	
1.22218247e+001	2.98894379e-012	2.98852521e-012	-5.00203027e-014	
1.23220036e+001	4.54341970e-012	4.54303781e-012	-5.89065890e-014	
1.24221825e+001	4.54341970e-012	4.54303781e-012	-5.89065890e-014	
1.25223614e+001	4.54341970e-012	4.54303781e-012	-5.89065890e-014	
1.26225403e+001	4.54341970e-012	4.54303781e-012	-5.89065890e-014	
1.27227191e+001	4.54341970e-012	4.54303781e-012	-5.89065890e-014	
1.28228980e+001	4.54341970e-012	4.54303781e-012	-5.89065890e-014	
1.29230769e+001	4.54341970e-012	4.54303781e-012	-5.89065890e-014	
1.30232558e+001	4.54341970e-012	4.54303781e-012	-5.89065890e-014	
1.31234347e+001	4.54341970e-012	4.54303781e-012	-5.89065890e-014	
1.32236136e+001	8.83439696e-012	8.83406989e-012	-7.60186514e-014	
1.33237925e+001	8.83439696e-012	8.83406989e-012	-7.60186514e-014	
1.34239714e+001	8.83439696e-012	8.83406989e-012	-7.60186514e-014	
1.35241503e+001	8.83439696e-012	8.83406989e-012	-7.60186514e-014	
1.36243292e+001	8.83439696e-012	8.83406989e-012	-7.60186514e-014	
1.37245081e+001	8.83439696e-012	8.83406989e-012	-7.60186514e-014	
1.38246869e+001	8.83439696e-012	8.83406989e-012	-7.60186514e-014	
1.39248658e+001	8.83439696e-012	8.83406989e-012	-7.60186514e-014	
1.40250447e+001	1.07814707e-011	1.07812239e-011	-7.29402984e-014	
1.41252236e+001	1.07814707e-011	1.07812239e-011	-7.29402984e-014	
1.42254025e+001	1.07814707e-011	1.07812239e-011	-7.29402984e-014	
1.43255814e+001	1.07814707e-011	1.07812239e-011	-7.29402984e-014	
1.44257603e+001	1.07814707e-011	1.07812239e-011	-7.29402984e-014	
1.45259392e+001	1.75688696e-011	1.75687156e-011	-7.35690756e-014	
1.46261181e+001	1.75688696e-011	1.75687156e-011	-7.35690756e-014	
1.47262970e+001	1.75688696e-011	1.75687156e-011	-7.35690756e-014	
1.48264758e+001	1.75688696e-011	1.75687156e-011	-7.35690756e-014	
1.49266547e+001	1.96215005e-011	1.96214452e-011	-4.65958881e-014	
1.50268336e+001	1.96215005e-011	1.96214452e-011	-4.65958881e-014	
1.51270125e+001	1.96215005e-011	1.96214452e-011	-4.65958881e-014	
1.52271914e+001	1.96215005e-011	1.96214452e-011	-4.65958881e-014	
1.53273703e+001	2.17671942e-011	2.17671818e-011	-2.32271825e-014	
1.54275492e+001	2.17671942e-011	2.17671818e-011	-2.32271825e-014	
1.55277281e+001	2.17671942e-011	2.17671818e-011	-2.32271825e-014	
1.56279070e+001	2.17671942e-011	2.17671818e-011	-2.32271825e-014	
1.57280859e+001	2.17671942e-011	2.17671818e-011	-2.32271825e-014	
1.58282648e+001	3.62386340e-011	3.62386329e-011	8.66722064e-015	
1.59284436e+001	3.62386340e-011	3.62386329e-011	8.66722064e-015	
1.60286225e+001	3.62386340e-011	3.62386329e-011	8.66722064e-015	
1.61288014e+001	3.62386340e-011	3.62386329e-011	8.66722064e-015	
1.62289803e+001	3.72610116e-011	3.72609991e-011	3.04892362e-014	
1.63291592e+001	3.72610116e-011	3.72609991e-011	3.04892362e-014	
1.64293381e+001	3.72610116e-011	3.72609991e-011	3.04892362e-014	
1.65295170e+001	3.72610116e-011	3.72609991e-011	3.04892362e-014	
1.66296959e+001	3.66900414e-011	3.66900277e-011	3.16963408e-014	
1.67298748e+001	3.66900414e-011	3.66900277e-011	3.16963408e-014	
1.68300537e+001	3.66900414e-011	3.66900277e-011	3.16963408e-014	
1.69302326e+001	3.66900414e-011	3.66900277e-011	3.16963408e-014	
1.70304114e+001	3.66900414e-011	3.66900277e-011	3.16963408e-014	
1.71305903e+001	3.55960043e-011	3.55960012e-011	1.49305563e-014	
1.72307692e+001	3.55960043e-011	3.55960012e-011	1.49305563e-014	
1.73309481e+001	3.55960043e-011	3.55960012e-011	1.49305563e-014	
1.74311270e+001	3.55960043e-011	3.55960012e-011	1.49305563e-014	
1.75313059e+001	3.55960043e-011	3.55960012e-011	1.49305563e-014	
1.76314848e+001	3.55960043e-011	3.55960012e-011	1.49305563e-014	
1.77316637e+001	3.55960043e-011	3.55960012e-011	1.49305563e-014	
1.78318426e+001	3.55960043e-011	3.55960012e-011	1.49305563e-014	
1.79320215e+001	3.55960043e-011	3.55960012e-011	1.49305563e-014	
1.80322004e+001	4.52710035e-011	4.52709676e-011	-5.70049530e-014	
1.81323792e+001	4.52710035e-011	4.52709676e-011	-5.70049530e-014	
1.82325581e+001	4.52710035e-011	4.52709676e-011	-5.70049530e-014	
1.83327370e+001	4.52710035e-011	4.52709676e-011	-5.70049530e-014	
1.84329159e+001	3.91428601e-011	3.91426696e-011	-1.22117512e-013	
1.85330948e+001	3.91428601e-011	3.91426696e-011	-1.22117512e-013	
1.86332737e+001	3.91428601e-011	3.91426696e-011	-1.22117512e-013	
1.87334526e+001	3.91428601e-011	3.91426696e-011	-1.22117512e-013	
1.88336315e+001	3.91428601e-011	3.91426696e-011	-1.22117512e-013	
1.89338104e+001	3.91428601e-011	3.91426696e-011	-1.22117512e-013	
1.90339893e+001	3.91428601e-011	3.91426696e-011	-1.22117512e-013	
1.91341682e+001	3.91428601e-011	3.91426696e-011	-1.22117512e-013	
1.92343470e+001	3.91428601e-011	3.91426696e-011	-1.22117512e-013	
1.93345259e+001	4.41926415e-011	4.41921174e-011	-2.15219936e-013	
1.94347048e+001	4.41926415e-011	4.41921174e-011	-2.15219936e-013	
1.95348837e+001	4.41926415e-011	4.41921174e-011	-2.15219936e-013	
1.96350626e+001	4.41926415e-011	4.41921174e-011	-2.15219936e-013	
1.97352415e+001	3.43677724e-011	3.43670805e-011	-2.18069703e-013	
1.98354204e+001	3.43677724e-011	3.43670805e-011	-2.18069703e-013	
1.99355993e+001	3.43677724e-011	3.43670805e-011	-2.18069703e-013	
2.00357782e+001	3.43677724e-011	3.43670805e-011	-2.18069703e-013	
2.01359571e+001	2.35380534e-011	2.35372653e-011	-1.92621353e-013	
2.02361360e+001	2.35380534e-011	2.35372653e-011	-1.92621353e-013	
2.03363148e+001	2.35380534e-011	2.35372653e-011	-1.92621353e-013	
2.04364937e+001	2.35380534e-011	2.35372653e-011	-1.92621353e-013	
2.05366726e+001	2.35380534e-011	2.35372653e-011	-1.92621353e-013	
2.06368515e+001	1.28134484e-011	1.28129807e-011	-1.09472706e-013	
2.07370304e+001	1.28134484e-011	1.28129807e-011	-1.09472706e-013	
2.08372093e+001	1.28134484e-011	1.28129807e-011	-1.09472706e-013	
2.09373882e+001	1.28134484e-011	1.28129807e-011	-1.09472706e-013	
2.10375671e+001	1.28134484e-011	1.28129807e-011	-1.09472706e-013	
2.11377460e+001	1.28134484e-011	1.28129807e-011	-1.09472706e-013	
2.12379249e+001	1.28134484e-011	1.28129807e-011	-1.09472706e-013	
2.13381038e+001	1.28134484e-011	1.28129807e-011	-1.09472706e-013	
2.14382826e+001	2.52694510e-012	-2.52661732e-012	4.06993944e-014	
2.15384615e+001	2.52694510e-012	-2.52661732e-012	4.06993944e-014	
2.16386404e+001	2.52694510e-012	-2.52661732e-012	4.06993944e-014	
2.17388193e+001	2.52694510e-012	-2.52661732e-012	4.06993944e-014	
2.18389982e+001	2.52694510e-012	-2.52661732e-012	4.06993944e-014	
2.19391771e+001	1.07421542e-011	-1.07414459e-011	1.23360442e-013	
2.20393560e+001	1.07421542e-011	-1.07414459e-011	1.23360442e-013	
2.21395349e+001	1.07421542e-011	-1.07414459e-011	1.23360442e-013	
2.22397138e+001	1.07421542e-011	-1.07414459e-011	1.23360442e-013	
2.23398927e+001	1.92013936e-011	-1.92004574e-011	1.89606771e-013	
2.24400716e+001	1.92013936e-011	-1.92004574e-011	1.89606771e-013	
2.25402504e+001	1.92013936e-011	-1.92004574e-011	1.89606771e-013	
2.26404293e+001	1.92013936e-011	-1.92004574e-011	1.89606771e-013	
2.27406082e+001	1.92013936e-011	-1.92004574e-011	1.89606771e-013	
2.28407871e+001	3.28311088e-011	-3.28300264e-011	2.66591417e-013	
2.29409660e+001	3.28311088e-011	-3.28300264e-011	2.66591417e-013	
2.30411449e+001	3.28311088e-011	-3.28300264e-011	2.66591417e-013	
2.31413238e+001	3.28311088e-011	-3.28300264e-011	2.66591417e-013	
2.32415027e+001	3.28311088e-011	-3.28300264e-011	2.66591417e-013	
2.33416816e+001	3.28311088e-011	-3.28300264e-011	2.66591417e-013	
2.34418605e+001	3.28311088e-011	-3.28300264e-011	2.66591417e-013	
2.35420394e+001	3.28311088e-011	-3.28300264e-011	2.66591417e-013	
2.36422182e+001	3.49431831e-011	-3.49424776e-011	2.22053527e-013	
2.37423971e+001	3.49431831e-011	-3.49424776e-011	2.22053527e-013	
2.38425760e+001	3.49431831e-011	-3.49424776e-011	2.22053527e-013	
2.39427549e+001	3.49431831e-011	-3.49424776e-011	2.22053527e-013	
2.40429338e+001	3.49431831e-011	-3.49424776e-011	2.22053527e-013	
2.41431127e+001	4.20819104e-011	-4.20814790e-011	1.90552119e-013	
2.42432916e+001	4.20819104e-011	-4.20814790e-011	1.90552119e-013	
2.43434705e+001	4.20819104e-011	-4.20814790e-011	1.90552119e-013	
2.44436494e+001	4.20819104e-011	-4.20814790e-011	1.90552119e-013	
2.45438283e+001	4.18428666e-011	-4.18427449e-011	1.00919008e-013	
2.46440072e+001	4.18428666e-011	-4.18427449e-011	1.00919008e-013	
2.47441860e+001	4.18428666e-011	-4.18427449e-011	1.00919008e-013	
2.48443649e+001	4.18428666e-011	-4.18427449e-011	1.00919008e-013	
2.49445438e+001	4.29381675e-011	-4.29381229e-011	6.19046912e-014	
2.50447227e+001	4.29381675e-011	-4.29381229e-011	6.19046912e-014	
2.51449016e+001	4.29381675e-011	-4.29381229e-011	6.19046912e-014	
2.52450805e+001	4.29381675e-011	-4.29381229e-011	6.19046912e-014	
2.53452594e+001	4.29381675e-011	-4.29381229e-011	6.19046912e-014	
2.54454383e+001	4.22585526e-011	-4.22585482e-011	1.93877791e-014	
2.55456172e+001	4.22585526e-011	-4.22585482e-011	1.93877791e-014	
2.56457961e+001	4.22585526e-011	-4.22585482e-011	1.93877791e-014	
2.57459750e+001	4.22585526e-011	-4.22585482e-011	1.93877791e-014	
2.58461538e+001	2.56641765e-011	-2.56641679e-011	-2.09928714e-014	
2.59463327e+001	2.56641765e-011	-2.56641679e-011	-2.09928714e-014	
2.60465116e+001	2.56641765e-011	-2.56641679e-011	-2.09928714e-014	
2.61466905e+001	2.56641765e-011	-2.56641679e-011	-2.09928714e-014	
2.62468694e+001	2.56641765e-011	-2.56641679e-011	-2.09928714e-014	
2.63470483e+001	2.56641765e-011	-2.56641679e-011	-2.09928714e-014	
2.64472272e+001	2.56641765e-011	-2.56641679e-011	-2.09928714e-014	
2.65474061e+001	2.56641765e-011	-2.56641679e-011	-2.09928714e-014	
2.66475850e+001	2.56641765e-011	-2.56641679e-011	-2.09928714e-014	
2.67477639e+001	2.96621146e-011	-2.96620897e-011	-3.84018604e-014	
2.68479428e+001	2.96621146e-011	-2.96620897e-011	-3.84018604e-014	
2.69481216e+001	2.96621146e-011	-2.96620897e-011	-3.84018604e-014	
2.70483005e+001	2.96621146e-011	-2.96620897e-011	-3.84018604e-014	
2.71484794e+001	2.87077684e-011	-2.87077376e-011	-4.20629666e-014	
2.72486583e+001	2.87077684e-011	-2.87077376e-011	-4.20629666e-014	
2.73488372e+001	2.87077684e-011	-2.87077376e-011	-4.20629666e-014	
2.74490161e+001	2.87077684e-011	-2.87077376e-011	-4.20629666e-014	
2.75491950e+001	2.87077684e-011	-2.87077376e-011	-4.20629666e-014	
2.76493739e+001	2.15635135e-011	-2.15634923e-011	-3.02211026e-014	
2.77495528e+001	2.15635135e-011	-2.15634923e-011	-3.02211026e-014	
2.78497317e+001	1.91873992e-011	-1.91873826e-011	-2.51841785e-014	
2.79499106e+001	1.76491231e-011	-1.76491107e-011	-2.09446196e-014	
2.80500894e+001	1.62682597e-011	-1.62682497e-011	-1.80538454e-014	
2.81502683e+001	1.58098416e-011	-1.58098343e-011	-1.52386037e-014	
2.82504472e+001	1.56448115e-011	-1.56448058e-011	-1.33092203e-014	
2.83506261e+001	1.57415125e-011	-1.57415095e-011	-9.80829799e-015	
2.84508050e+001	1.65815052e-011	-1.65815040e-011	-6.08019046e-015	
2.85509839e+001	1.65815052e-011	-1.65815040e-011	-6.08019046e-015	
2.86511628e+001	1.65815052e-011	-1.65815040e-011	-6.08019046e-015	
2.87513417e+001	1.51707685e-011	-1.51707685e-011	-1.15124391e-015	
2.88515206e+001	1.51707685e-011	-1.51707685e-011	-1.15124391e-015	
2.89516995e+001	1.09877107e-011	-1.09877084e-011	7.09819883e-015	
2.90518784e+001	1.09877107e-011	-1.09877084e-011	7.09819883e-015	
2.91520572e+001	1.09877107e-011	-1.09877084e-011	7.09819883e-015	
2.92522361e+001	1.09877107e-011	-1.09877084e-011	7.09819883e-015	
2.93524150e+001	9.95801463e-012	-9.95799497e-012	1.97889249e-014	
2.94525939e+001	9.95801463e-012	-9.95799497e-012	1.97889249e-014	
2.95527728e+001	9.95801463e-012	-9.95799497e-012	1.97889249e-014	
2.96529517e+001	9.95801463e-012	-9.95799497e-012	1.97889249e-014	
2.97531306e+001	9.95801463e-012	-9.95799497e-012	1.97889249e-014	
2.98533095e+001	6.99237693e-012	-6.99234004e-012	2.27122571e-014	
2.99534884e+001	6.99237693e-012	-6.99234004e-012	2.27122571e-014	
3.00536673e+001	6.99237693e-012	-6.99234004e-012	2.27122571e-014	
3.01538462e+001	6.99237693e-012	-6.99234004e-012	2.27122571e-014	
3.02540250e+001	5.52606037e-012	-5.52598720e-012	2.84357572e-014	
3.03542039e+001	5.52606037e-012	-5.52598720e-012	2.84357572e-014	
3.04543828e+001	5.52606037e-012	-5.52598720e-012	2.84357572e-014	
3.05545617e+001	5.52606037e-012	-5.52598720e-012	2.84357572e-014	
3.06547406e+001	4.26405125e-012	-4.26392687e-012	3.25688375e-014	
3.07549195e+001	4.26405125e-012	-4.26392687e-012	3.25688375e-014	
3.08550984e+001	4.26405125e-012	-4.26392687e-012	3.25688375e-014	
3.09552773e+001	4.26405125e-012	-4.26392687e-012	3.25688375e-014	
3.10554562e+001	4.26405125e-012	-4.26392687e-012	3.25688375e-014	
3.11556351e+001	4.26405125e-012	-4.26392687e-012	3.25688375e-014	
3.12558140e+001	4.26405125e-012	-4.26392687e-012	3.25688375e-014	
3.13559928e+001	4.26405125e-012	-4.26392687e-012	3.25688375e-014	
3.14561717e+001	4.26405125e-012	-4.26392687e-012	3.25688375e-014	
3.15563506e+001	2.78094431e-012	-2.78079859e-012	2.84680830e-014	
3.16565295e+001	2.78094431e-012	-2.78079859e-012	2.84680830e-014	
3.17567084e+001	2.78094431e-012	-2.78079859e-012	2.84680830e-014	
3.18568873e+001	2.78094431e-012	-2.78079859e-012	2.84680830e-014	
3.19570662e+001	2.78094431e-012	-2.78079859e-012	2.84680830e-014	
3.20572451e+001	2.78094431e-012	-2.78079859e-012	2.84680830e-014	
3.21574240e+001	2.78094431e-012	-2.78079859e-012	2.84680830e-014	
3.22576029e+001	2.78094431e-012	-2.78079859e-012	2.84680830e-014	
3.23577818e+001	2.78094431e-012	-2.78079859e-012	2.84680830e-014	
3.24579606e+001	2.04898212e-012	-2.04880765e-012	2.67381665e-014	
3.25581395e+001	2.04898212e-012	-2.04880765e-012	2.67381665e-014	
3.26583184e+001	2.04898212e-012	-2.04880765e-012	2.67381665e-014	
3.27584973e+001	2.04898212e-012	-2.04880765e-012	2.67381665e-014	
3.28586762e+001	2.04898212e-012	-2.04880765e-012	2.67381665e-014	
3.29588551e+001	2.04898212e-012	-2.04880765e-012	2.67381665e-014	
3.30590340e+001	2.04898212e-012	-2.04880765e-012	2.67381665e-014	
3.31592129e+001	2.04898212e-012	-2.04880765e-012	2.67381665e-014	
3.32593918e+001	1.40395637e-012	-1.40382599e-012	1.91329691e-014	
3.33595707e+001	1.40395637e-012	-1.40382599e-012	1.91329691e-014	
3.34597496e+001	1.40395637e-012	-1.40382599e-012	1.91329691e-014	
3.35599284e+001	1.40395637e-012	-1.40382599e-012	1.91329691e-014	
3.36601073e+001	1.40395637e-012	-1.40382599e-012	1.91329691e-014	
3.37602862e+001	1.77257520e-012	-1.77241769e-012	2.36295194e-014	
3.38604651e+001	1.77257520e-012	-1.77241769e-012	2.36295194e-014	
3.39606440e+001	1.77257520e-012	-1.77241769e-012	2.36295194e-014	
3.40608229e+001	1.77257520e-012	-1.77241769e-012	2.36295194e-014	
3.41610018e+001	1.30660836e-012	-1.30650430e-012	1.64897025e-014	
3.42611807e+001	1.30660836e-012	-1.30650430e-012	1.64897025e-014	
3.43613596e+001	1.30660836e-012	-1.30650430e-012	1.64897025e-014	
3.44615385e+001	1.30660836e-012	-1.30650430e-012	1.64897025e-014	
3.45617174e+001	1.30660836e-012	-1.30650430e-012	1.64897025e-014	
3.46618962e+001	1.34772488e-012	-1.34762915e-012	1.60637285e-014	
3.47620751e+001	1.34772488e-012	-1.34762915e-012	1.60637285e-014	
3.48622540e+001	1.34772488e-012	-1.34762915e-012	1.60637285e-014	
3.49624329e+001	1.34772488e-012	-1.34762915e-012	1.60637285e-014	
3.50626118e+001	1.02450144e-012	-1.02444252e-012	1.09880783e-014	
3.51627907e+001	1.02450144e-012	-1.02444252e-012	1.09880783e-014	
3.52629696e+001	1.02450144e-012	-1.02444252e-012	1.09880783e-014	
3.53631485e+001	1.02450144e-012	-1.02444252e-012	1.09880783e-014	
3.54633274e+001	1.02450144e-012	-1.02444252e-012	1.09880783e-014	
3.55635063e+001	1.02450144e-012	-1.02444252e-012	1.09880783e-014	
3.56636852e+001	1.02450144e-012	-1.02444252e-012	1.09880783e-014	
3.57638640e+001	1.02450144e-012	-1.02444252e-012	1.09880783e-014	
3.58640429e+001	1.02450144e-012	-1.02444252e-012	1.09880783e-014	
3.59642218e+001	1.07561768e-012	-1.07557165e-012	9.95094439e-015	
3.60644007e+001	1.07561768e-012	-1.07557165e-012	9.95094439e-015	
3.61645796e+001	1.07561768e-012	-1.07557165e-012	9.95094439e-015	
3.62647585e+001	1.07561768e-012	-1.07557165e-012	9.95094439e-015	
3.63649374e+001	1.19730497e-012	-1.19726551e-012	9.71958904e-015	
3.64651163e+001	1.19730497e-012	-1.19726551e-012	9.71958904e-015	
3.65652952e+001	1.19730497e-012	-1.19726551e-012	9.71958904e-015	
3.66654741e+001	1.19730497e-012	-1.19726551e-012	9.71958904e-015	
3.67656530e+001	1.17487751e-012	-1.17484667e-012	8.51293075e-015	
3.68658318e+001	1.17487751e-012	-1.17484667e-012	8.51293075e-015	
3.69660107e+001	1.17487751e-012	-1.17484667e-012	8.51293075e-015	
3.70661896e+001	1.17487751e-012	-1.17484667e-012	8.51293075e-015	
3.71663685e+001	1.17487751e-012	-1.17484667e-012	8.51293075e-015	
3.72665474e+001	1.13124458e-012	-1.13122030e-012	7.41191482e-015	
3.73667263e+001	1.13124458e-012	-1.13122030e-012	7.41191482e-015	
3.74669052e+001	1.13124458e-012	-1.13122030e-012	7.41191482e-015	
3.75670841e+001	1.13124458e-012	-1.13122030e-012	7.41191482e-015	
3.76672630e+001	1.09551833e-012	-1.09549742e-012	6.76780642e-015	
3.77674419e+001	1.09551833e-012	-1.09549742e-012	6.76780642e-015	
3.78676208e+001	1.09551833e-012	-1.09549742e-012	6.76780642e-015	
3.79677996e+001	1.09551833e-012	-1.09549742e-012	6.76780642e-015	
3.80679785e+001	1.02063678e-012	-1.02061848e-012	6.11204904e-015	
3.81681574e+001	1.02063678e-012	-1.02061848e-012	6.11204904e-015	
3.82683363e+001	1.02063678e-012	-1.02061848e-012	6.11204904e-015	
3.83685152e+001	1.02063678e-012	-1.02061848e-012	6.11204904e-015	
3.84686941e+001	1.02063678e-012	-1.02061848e-012	6.11204904e-015	
3.85688730e+001	1.08306018e-012	-1.08303863e-012	6.83112067e-015	
3.86690519e+001	1.08306018e-012	-1.08303863e-012	6.83112067e-015	
3.87692308e+001	1.08306018e-012	-1.08303863e-012	6.83112067e-015	
3.88694097e+001	1.08306018e-012	-1.08303863e-012	6.83112067e-015	
3.89695886e+001	1.08306018e-012	-1.08303863e-012	6.83112067e-015	
3.90697674e+001	1.08306018e-012	-1.08303863e-012	6.83112067e-015	
3.91699463e+001	1.08306018e-012	-1.08303863e-012	6.83112067e-015	
3.92701252e+001	1.08306018e-012	-1.08303863e-012	6.83112067e-015	
3.93703041e+001	1.08306018e-012	-1.08303863e-012	6.83112067e-015	
3.94704830e+001	9.72551224e-013	-9.72520080e-013	7.78318884e-015	
3.95706619e+001	9.72551224e-013	-9.72520080e-013	7.78318884e-015	
3.96708408e+001	9.72551224e-013	-9.72520080e-013	7.78318884e-015	
3.97710197e+001	9.72551224e-013	-9.72520080e-013	7.78318884e-015	
3.98711986e+001	8.98436823e-013	-8.98397046e-013	8.45406556e-015	
3.99713775e+001	8.98436823e-013	-8.98397046e-013	8.45406556e-015	
4.00715564e+001	8.98436823e-013	-8.98397046e-013	8.45406556e-015	
4.01717352e+001	8.98436823e-013	-8.98397046e-013	8.45406556e-015	
4.02719141e+001	7.77459837e-013	-7.77410638e-013	8.74633688e-015	
4.03720930e+001	7.77459837e-013	-7.77410638e-013	8.74633688e-015	
4.04722719e+001	7.77459837e-013	-7.77410638e-013	8.74633688e-015	
4.05724508e+001	7.77459837e-013	-7.77410638e-013	8.74633688e-015	
4.06726297e+001	7.77459837e-013	-7.77410638e-013	8.74633688e-015	
4.07728086e+001	4.92299478e-013	-4.92250134e-013	6.97011404e-015	
4.08729875e+001	4.92299478e-013	-4.92250134e-013	6.97011404e-015	
4.09731664e+001	4.92299478e-013	-4.92250134e-013	6.97011404e-015	
4.10733453e+001	4.92299478e-013	-4.92250134e-013	6.97011404e-015	
4.11735242e+001	4.92299478e-013	-4.92250134e-013	6.97011404e-015	
4.12737030e+001	4.92299478e-013	-4.92250134e-013	6.97011404e-015	
4.13738819e+001	4.92299478e-013	-4.92250134e-013	6.97011404e-015	
4.14740608e+001	4.92299478e-013	-4.92250134e-013	6.97011404e-015	
4.15742397e+001	4.29361390e-013	-4.29298918e-013	7.32407042e-015	
4.16744186e+001	4.29361390e-013	-4.29298918e-013	7.32407042e-015	
4.17745975e+001	4.29361390e-013	-4.29298918e-013	7.32407042e-015	
4.18747764e+001	4.29361390e-013	-4.29298918e-013	7.32407042e-015	
4.19749553e+001	4.29361390e-013	-4.29298918e-013	7.32407042e-015	
4.20751342e+001	3.24962651e-013	-3.24890300e-013	6.85694728e-015	
4.21753131e+001	3.24962651e-013	-3.24890300e-013	6.85694728e-015	
4.22754919e+001	3.24962651e-013	-3.24890300e-013	6.85694728e-015	
4.23756708e+001	3.24962651e-013	-3.24890300e-013	6.85694728e-015	
4.24758497e+001	2.12873017e-013	-2.12813737e-013	5.02342399e-015	
4.25760286e+001	2.12873017e-013	-2.12813737e-013	5.02342399e-015	
4.26762075e+001	2.12873017e-013	-2.12813737e-013	5.02342399e-015	
4.27763864e+001	2.12873017e-013	-2.12813737e-013	5.02342399e-015	
4.28765653e+001	2.12873017e-013	-2.12813737e-013	5.02342399e-015	
4.29767442e+001	2.12873017e-013	-2.12813737e-013	5.02342399e-015	
4.30769231e+001	2.12873017e-013	-2.12813737e-013	5.02342399e-015	
4.31771020e+001	2.12873017e-013	-2.12813737e-013	5.02342399e-015	
4.32772809e+001	2.12873017e-013	-2.12813737e-013	5.02342399e-015	
4.33774597e+001	1.63443761e-013	-1.63385144e-013	4.37696190e-015	
4.34776386e+001	1.63443761e-013	-1.63385144e-013	4.37696190e-015	
4.35778175e+001	1.63443761e-013	-1.63385144e-013	4.37696190e-015	
4.36779964e+001	1.63443761e-013	-1.63385144e-013	4.37696190e-015	
4.37781753e+001	1.05648377e-013	-1.05597452e-013	3.27988618e-015	
4.38783542e+001	1.05648377e-013	-1.05597452e-013	3.27988618e-015	
4.39785331e+001	1.05648377e-013	-1.05597452e-013	3.27988618e-015	
4.40787120e+001	1.05648377e-013	-1.05597452e-013	3.27988618e-015	
4.41788909e+001	1.05648377e-013	-1.05597452e-013	3.27988618e-015	
4.42790698e+001	6.45793689e-014	-6.45374393e-014	2.32676188e-015	
4.43792487e+001	6.45793689e-014	-6.45374393e-014	2.32676188e-015	
4.44794275e+001	6.45793689e-014	-6.45374393e-014	2.32676188e-015	
4.45796064e+001	6.45793689e-014	-6.45374393e-014	2.32676188e-015	
4.46797853e+001	3.85574695e-014	-3.85228460e-014	1.63364319e-015	
4.47799642e+001	3.85574695e-014	-3.85228460e-014	1.63364319e-015	
4.48801431e+001	3.85574695e-014	-3.85228460e-014	1.63364319e-015	
4.49803220e+001	3.85574695e-014	-3.85228460e-014	1.63364319e-015	
4.50805009e+001	2.20011526e-014	-2.19685056e-014	1.19811462e-015	
4.51806798e+001	2.20011526e-014	-2.19685056e-014	1.19811462e-015	
4.52808587e+001	2.20011526e-014	-2.19685056e-014	1.19811462e-015	
4.53810376e+001	2.20011526e-014	-2.19685056e-014	1.19811462e-015	
4.54812165e+001	2.20011526e-014	-2.19685056e-014	1.19811462e-015	
4.55813953e+001	1.76529589e-015	-1.64674596e-015	6.36001032e-016	
4.56815742e+001	1.76529589e-015	-1.64674596e-015	6.36001032e-016	
4.57817531e+001	1.76529589e-015	-1.64674596e-015	6.36001032e-016	
4.58819320e+001	1.76529589e-015	-1.64674596e-015	6.36001032e-016	
4.59821109e+001	1.76529589e-015	-1.64674596e-015	6.36001032e-016	
4.60822898e+001	1.76529589e-015	-1.64674596e-015	6.36001032e-016	
4.61824687e+001	1.76529589e-015	-1.64674596e-015	6.36001032e-016	
4.62826476e+001	1.76529589e-015	-1.64674596e-015	6.36001032e-016	
4.63828265e+001	2.71659419e-014	2.71655795e-014	-1.40315192e-016	
4.64830054e+001	2.71659419e-014	2.71655795e-014	-1.40315192e-016	
4.65831843e+001	2.71659419e-014	2.71655795e-014	-1.40315192e-016	
4.66833631e+001	2.71659419e-014	2.71655795e-014	-1.40315192e-016	
4.67835420e+001	2.71659419e-014	2.71655795e-014	-1.40315192e-016	
4.68837209e+001	4.57845714e-014	4.57816482e-014	-5.17366929e-016	
4.69838998e+001	4.57845714e-014	4.57816482e-014	-5.17366929e-016	
4.70840787e+001	4.57845714e-014	4.57816482e-014	-5.17366929e-016	
4.71842576e+001	4.57845714e-014	4.57816482e-014	-5.17366929e-016	
4.72844365e+001	5.64486769e-014	5.64441779e-014	-7.12679955e-016	
4.73846154e+001	5.64486769e-014	5.64441779e-014	-7.12679955e-016	
4.74847943e+001	5.64486769e-014	5.64441779e-014	-7.12679955e-016	
4.75849732e+001	5.64486769e-014	5.64441779e-014	-7.12679955e-016	
4.76851521e+001	5.64486769e-014	5.64441779e-014	-7.12679955e-016	
4.77853309e+001	5.64486769e-014	5.64441779e-014	-7.12679955e-016	
4.78855098e+001	5.64486769e-014	5.64441779e-014	-7.12679955e-016	
4.79856887e+001	5.64486769e-014	5.64441779e-014	-7.12679955e-016	
4.80858676e+001	5.64486769e-014	5.64441779e-014	-7.12679955e-016	
4.81860465e+001	8.18454245e-014	8.18397003e-014	-9.67975837e-016	
4.82862254e+001	8.18454245e-014	8.18397003e-014	-9.67975837e-016	
4.83864043e+001	8.18454245e-014	8.18397003e-014	-9.67975837e-016	
4.84865832e+001	8.18454245e-014	8.18397003e-014	-9.67975837e-016	
4.85867621e+001	9.54382027e-014	9.54330150e-014	-9.95072766e-016	
4.86869410e+001	9.54382027e-014	9.54330150e-014	-9.95072766e-016	
4.87871199e+001	9.54382027e-014	9.54330150e-014	-9.95072766e-016	
4.88872987e+001	9.54382027e-014	9.54330150e-014	-9.95072766e-016	
4.89874776e+001	9.54382027e-014	9.54330150e-014	-9.95072766e-016	
4.90876565e+001	1.11446283e-013	1.11441649e-013	-1.01629535e-015	
4.91878354e+001	1.11446283e-013	1.11441649e-013	-1.01629535e-015	
4.92880143e+001	1.11446283e-013	1.11441649e-013	-1.01629535e-015	
4.93881932e+001	1.11446283e-013	1.11441649e-013	-1.01629535e-015	
4.94883721e+001	9.51859080e-014	9.51829080e-014	-7.55710684e-016	
4.95885510e+001	9.51859080e-014	9.51829080e-014	-7.55710684e-016	
4.96887299e+001	9.51859080e-014	9.51829080e-014	-7.55710684e-016	
4.97889088e+001	9.51859080e-014	9.51829080e-014	-7.55710684e-016	
4.98890877e+001	9.51859080e-014	9.51829080e-014	-7.55710684e-016	
4.99892665e+001	9.51859080e-014	9.51829080e-014	-7.55710684e-016	
5.00894454e+001	9.51859080e-014	9.51829080e-014	-7.55710684e-016	
5.01896243e+001	9.51859080e-014	9.51829080e-014	-7.55710684e-016	
5.02898032e+001	9.51859080e-014	9.51829080e-014	-7.55710684e-016	
5.03899821e+001	1.32626228e-013	1.32623752e-013	-8.10441047e-016	
5.04901610e+001	1.32626228e-013	1.32623752e-013	-8.10441047e-016	
5.05903399e+001	1.32626228e-013	1.32623752e-013	-8.10441047e-016	
5.06905188e+001	1.32626228e-013	1.32623752e-013	-8.10441047e-016	
5.07906977e+001	1.03505878e-013	1.03504362e-013	-5.60247919e-016	
5.08908766e+001	1.03505878e-013	1.03504362e-013	-5.60247919e-016	
5.09910555e+001	1.03505878e-013	1.03504362e-013	-5.60247919e-016	
5.10912343e+001	1.03505878e-013	1.03504362e-013	-5.60247919e-016	
5.11914132e+001	9.10581166e-014	9.10571537e-014	-4.18762743e-016	
5.12915921e+001	9.10581166e-014	9.10571537e-014	-4.18762743e-016	
5.13917710e+001	9.10581166e-014	9.10571537e-014	-4.18762743e-016	
5.14919499e+001	9.10581166e-014	9.10571537e-014	-4.18762743e-016	
5.15921288e+001	9.10581166e-014	9.10571537e-014	-4.18762743e-016	
5.16923077e+001	9.15387202e-014	9.15380072e-014	-3.61287510e-016	
5.17924866e+001	9.15387202e-014	9.15380072e-014	-3.61287510e-016	
5.18926655e+001	9.15387202e-014	9.15380072e-014	-3.61287510e-016	
5.19928444e+001	9.15387202e-014	9.15380072e-014	-3.61287510e-016	
5.20930233e+001	9.15387202e-014	9.15380072e-014	-3.61287510e-016	
5.21932021e+001	9.15387202e-014	9.15380072e-014	-3.61287510e-016	
5.22933810e+001	9.15387202e-014	9.15380072e-014	-3.61287510e-016	
5.23935599e+001	9.15387202e-014	9.15380072e-014	-3.61287510e-016	
5.24937388e+001	5.29032758e-014	5.29030801e-014	-1.43921465e-016	
5.25939177e+001	5.29032758e-014	5.29030801e-014	-1.43921465e-016	
5.26940966e+001	5.29032758e-014	5.29030801e-014	-1.43921465e-016	
5.27942755e+001	5.29032758e-014	5.29030801e-014	-1.43921465e-016	
5.28944544e+001	5.29032758e-014	5.29030801e-014	-1.43921465e-016	
5.29946333e+001	5.29032758e-014	5.29030801e-014	-1.43921465e-016	
5.30948122e+001	5.29032758e-014	5.29030801e-014	-1.43921465e-016	
5.31949911e+001	5.29032758e-014	5.29030801e-014	-1.43921465e-016	
5.32951699e+001	5.29032758e-014	5.29030801e-014	-1.43921465e-016	
5.33953488e+001	4.94753157e-014	4.94751967e-014	-1.08536946e-016	
5.34955277e+001	4.94753157e-014	4.94751967e-014	-1.08536946e-016	
5.35957066e+001	4.94753157e-014	4.94751967e-014	-1.08536946e-016	
5.36958855e+001	4.94753157e-014	4.94751967e-014	-1.08536946e-016	
5.37960644e+001	4.94753157e-014	4.94751967e-014	-1.08536946e-016	
5.38962433e+001	3.13799707e-014	3.13799252e-014	-5.34581229e-017	
5.39964222e+001	3.13799707e-014	3.13799252e-014	-5.34581229e-017	
5.40966011e+001	3.13799707e-014	3.13799252e-014	-5.34581229e-017	
5.41967800e+001	3.13799707e-014	3.13799252e-014	-5.34581229e-017	
5.42969589e+001	3.13799707e-014	3.13799252e-014	-5.34581229e-017	
5.43971377e+001	3.13799707e-014	3.13799252e-014	-5.34581229e-017	
5.44973166e+001	3.13799707e-014	3.13799252e-014	-5.34581229e-017	
5.45974955e+001	3.13799707e-014	3.13799252e-014	-5.34581229e-017	
5.46976744e+001	2.25927144e-014	2.25926914e-014	-3.22232607e-017	
5.47978533e+001	2.25927144e-014	2.25926914e-014	-3.22232607e-017	
5.48980322e+001	2.25927144e-014	2.25926914e-014	-3.22232607e-017	
5.49982111e+001	2.25927144e-014	2.25926914e-014	-3.22232607e-017	
5.50983900e+001	2.25927144e-014	2.25926914e-014	-3.22232607e-017	
5.51985689e+001	1.27452596e-014	1.27452496e-014	-1.59410869e-017	
5.52987478e+001	1.27452596e-014	1.27452496e-014	-1.59410869e-017	
5.53989267e+001	1.27452596e-014	1.27452496e-014	-1.59410869e-017	
5.54991055e+001	1.27452596e-014	1.27452496e-014	-1.59410869e-017	
5.55992844e+001	6.40089009e-015	6.40088560e-015	-7.57937679e-018	
5.56994633e+001	6.40089009e-015	6.40088560e-015	-7.57937679e-018	
5.57996422e+001	3.83514306e-015	3.83514038e-015	-4.53886692e-018	
5.58998211e+001	2.39954493e-015	2.39954325e-015	-2.83808554e-018	
5.60000000e+001	2.46260495e-016	2.46260324e-016	-2.90046999e-019	
