% Column 0: Length, cm
% Column 1: |B.n|, Tesla
% Column 2: Re[B.n], Tesla
% Column 3: Im[B.n], Tesla
0.00000000e+000	7.35033857e-016	-7.35033251e-016	-9.43676528e-019	
1.00178891e-001	7.26614571e-015	-7.26613980e-015	-9.26718884e-018	
2.00357782e-001	1.16634621e-014	-1.16634526e-014	-1.48541070e-017	
3.00536673e-001	2.04041312e-014	-2.04041149e-014	-2.57512314e-017	
4.00715564e-001	2.04041312e-014	-2.04041149e-014	-2.57512314e-017	
5.00894454e-001	3.28926686e-014	-3.28926441e-014	-4.01258890e-017	
6.01073345e-001	3.28926686e-014	-3.28926441e-014	-4.01258890e-017	
7.01252236e-001	3.28926686e-014	-3.28926441e-014	-4.01258890e-017	
8.01431127e-001	3.28926686e-014	-3.28926441e-014	-4.01258890e-017	
9.01610018e-001	9.60436498e-014	-9.60436357e-014	-5.20043677e-017	
1.00178891e+000	9.60436498e-014	-9.60436357e-014	-5.20043677e-017	
1.10196780e+000	9.60436498e-014	-9.60436357e-014	-5.20043677e-017	
1.20214669e+000	9.60436498e-014	-9.60436357e-014	-5.20043677e-017	
1.30232558e+000	9.60436498e-014	-9.60436357e-014	-5.20043677e-017	
1.40250447e+000	9.60436498e-014	-9.60436357e-014	-5.20043677e-017	
1.50268336e+000	9.60436498e-014	-9.60436357e-014	-5.20043677e-017	
1.60286225e+000	9.60436498e-014	-9.60436357e-014	-5.20043677e-017	
1.70304114e+000	9.60436498e-014	-9.60436357e-014	-5.20043677e-017	
1.80322004e+000	1.10886335e-013	-1.10886334e-013	-1.05006481e-017	
1.90339893e+000	1.10886335e-013	-1.10886334e-013	-1.05006481e-017	
2.00357782e+000	1.10886335e-013	-1.10886334e-013	-1.05006481e-017	
2.10375671e+000	1.10886335e-013	-1.10886334e-013	-1.05006481e-017	
2.20393560e+000	1.55634936e-013	-1.55634876e-013	1.37593018e-016	
2.30411449e+000	1.55634936e-013	-1.55634876e-013	1.37593018e-016	
2.40429338e+000	1.55634936e-013	-1.55634876e-013	1.37593018e-016	
2.50447227e+000	1.55634936e-013	-1.55634876e-013	1.37593018e-016	
2.60465116e+000	1.55634936e-013	-1.55634876e-013	1.37593018e-016	
2.70483005e+000	1.84351958e-013	-1.84351554e-013	3.86330600e-016	
2.80500894e+000	1.84351958e-013	-1.84351554e-013	3.86330600e-016	
2.90518784e+000	1.84351958e-013	-1.84351554e-013	3.86330600e-016	
3.00536673e+000	1.84351958e-013	-1.84351554e-013	3.86330600e-016	
3.10554562e+000	1.84351958e-013	-1.84351554e-013	3.86330600e-016	
3.20572451e+000	1.84351958e-013	-1.84351554e-013	3.86330600e-016	
3.30590340e+000	1.84351958e-013	-1.84351554e-013	3.86330600e-016	
3.40608229e+000	1.84351958e-013	-1.84351554e-013	3.86330600e-016	
3.50626118e+000	1.84351958e-013	-1.84351554e-013	3.86330600e-016	
3.60644007e+000	2.72598395e-013	-2.72596774e-013	9.40015609e-016	
3.70661896e+000	2.72598395e-013	-2.72596774e-013	9.40015609e-016	
3.80679785e+000	2.72598395e-013	-2.72596774e-013	9.40015609e-016	
3.90697674e+000	2.72598395e-013	-2.72596774e-013	9.40015609e-016	
4.00715564e+000	3.16449760e-013	-3.16445470e-013	1.64779229e-015	
4.10733453e+000	3.16449760e-013	-3.16445470e-013	1.64779229e-015	
4.20751342e+000	3.16449760e-013	-3.16445470e-013	1.64779229e-015	
4.30769231e+000	3.16449760e-013	-3.16445470e-013	1.64779229e-015	
4.40787120e+000	3.16449760e-013	-3.16445470e-013	1.64779229e-015	
4.50805009e+000	3.16449760e-013	-3.16445470e-013	1.64779229e-015	
4.60822898e+000	3.16449760e-013	-3.16445470e-013	1.64779229e-015	
4.70840787e+000	3.16449760e-013	-3.16445470e-013	1.64779229e-015	
4.80858676e+000	3.16449760e-013	-3.16445470e-013	1.64779229e-015	
4.90876565e+000	3.85531205e-013	-3.85523017e-013	2.51262061e-015	
5.00894454e+000	3.85531205e-013	-3.85523017e-013	2.51262061e-015	
5.10912343e+000	3.85531205e-013	-3.85523017e-013	2.51262061e-015	
5.20930233e+000	3.85531205e-013	-3.85523017e-013	2.51262061e-015	
5.30948122e+000	4.14978605e-013	-4.14965564e-013	3.28979570e-015	
5.40966011e+000	4.14978605e-013	-4.14965564e-013	3.28979570e-015	
5.50983900e+000	4.14978605e-013	-4.14965564e-013	3.28979570e-015	
5.61001789e+000	4.14978605e-013	-4.14965564e-013	3.28979570e-015	
5.71019678e+000	3.40763185e-013	-3.40748358e-013	3.17879227e-015	
5.81037567e+000	3.40763185e-013	-3.40748358e-013	3.17879227e-015	
5.91055456e+000	3.40763185e-013	-3.40748358e-013	3.17879227e-015	
6.01073345e+000	3.40763185e-013	-3.40748358e-013	3.17879227e-015	
6.11091234e+000	3.40763185e-013	-3.40748358e-013	3.17879227e-015	
6.21109123e+000	3.40763185e-013	-3.40748358e-013	3.17879227e-015	
6.31127013e+000	3.40763185e-013	-3.40748358e-013	3.17879227e-015	
6.41144902e+000	3.40763185e-013	-3.40748358e-013	3.17879227e-015	
6.51162791e+000	3.40763185e-013	-3.40748358e-013	3.17879227e-015	
6.61180680e+000	3.74728949e-013	-3.74710245e-013	3.74408208e-015	
6.71198569e+000	3.74728949e-013	-3.74710245e-013	3.74408208e-015	
6.81216458e+000	3.74728949e-013	-3.74710245e-013	3.74408208e-015	
6.91234347e+000	3.74728949e-013	-3.74710245e-013	3.74408208e-015	
7.01252236e+000	3.57688987e-013	-3.57673587e-013	3.31912453e-015	
7.11270125e+000	3.57688987e-013	-3.57673587e-013	3.31912453e-015	
7.21288014e+000	3.57688987e-013	-3.57673587e-013	3.31912453e-015	
7.31305903e+000	3.57688987e-013	-3.57673587e-013	3.31912453e-015	
7.41323792e+000	3.57688987e-013	-3.57673587e-013	3.31912453e-015	
7.51341682e+000	2.52370226e-013	-2.52362405e-013	1.98686409e-015	
7.61359571e+000	2.52370226e-013	-2.52362405e-013	1.98686409e-015	
7.71377460e+000	2.52370226e-013	-2.52362405e-013	1.98686409e-015	
7.81395349e+000	2.52370226e-013	-2.52362405e-013	1.98686409e-015	
7.91413238e+000	1.83464285e-013	-1.83463478e-013	-5.44232724e-016	
8.01431127e+000	1.83464285e-013	-1.83463478e-013	-5.44232724e-016	
8.11449016e+000	1.83464285e-013	-1.83463478e-013	-5.44232724e-016	
8.21466905e+000	1.83464285e-013	-1.83463478e-013	-5.44232724e-016	
8.31484794e+000	1.83464285e-013	-1.83463478e-013	-5.44232724e-016	
8.41502683e+000	4.95290593e-014	-4.92389240e-014	-5.35313724e-015	
8.51520572e+000	4.95290593e-014	-4.92389240e-014	-5.35313724e-015	
8.61538462e+000	4.95290593e-014	-4.92389240e-014	-5.35313724e-015	
8.71556351e+000	4.95290593e-014	-4.92389240e-014	-5.35313724e-015	
8.81574240e+000	1.41543709e-013	1.41090563e-013	-1.13170045e-014	
8.91592129e+000	1.41543709e-013	1.41090563e-013	-1.13170045e-014	
9.01610018e+000	1.41543709e-013	1.41090563e-013	-1.13170045e-014	
9.11627907e+000	1.41543709e-013	1.41090563e-013	-1.13170045e-014	
9.21645796e+000	1.41543709e-013	1.41090563e-013	-1.13170045e-014	
9.31663685e+000	1.41543709e-013	1.41090563e-013	-1.13170045e-014	
9.41681574e+000	1.41543709e-013	1.41090563e-013	-1.13170045e-014	
9.51699463e+000	1.41543709e-013	1.41090563e-013	-1.13170045e-014	
9.61717352e+000	1.41543709e-013	1.41090563e-013	-1.13170045e-014	
9.71735242e+000	3.42407461e-013	3.41890347e-013	-1.88111703e-014	
9.81753131e+000	3.42407461e-013	3.41890347e-013	-1.88111703e-014	
9.91771020e+000	3.42407461e-013	3.41890347e-013	-1.88111703e-014	
1.00178891e+001	3.42407461e-013	3.41890347e-013	-1.88111703e-014	
1.01180680e+001	6.62859254e-013	6.62074556e-013	-3.22439545e-014	
1.02182469e+001	6.62859254e-013	6.62074556e-013	-3.22439545e-014	
1.03184258e+001	6.62859254e-013	6.62074556e-013	-3.22439545e-014	
1.04186047e+001	6.62859254e-013	6.62074556e-013	-3.22439545e-014	
1.05187835e+001	1.09470045e-012	1.09375866e-012	-4.53990259e-014	
1.06189624e+001	1.09470045e-012	1.09375866e-012	-4.53990259e-014	
1.07191413e+001	1.09470045e-012	1.09375866e-012	-4.53990259e-014	
1.08193202e+001	1.09470045e-012	1.09375866e-012	-4.53990259e-014	
1.09194991e+001	1.09470045e-012	1.09375866e-012	-4.53990259e-014	
1.10196780e+001	1.40820175e-012	1.40726331e-012	-5.14017501e-014	
1.11198569e+001	1.40820175e-012	1.40726331e-012	-5.14017501e-014	
1.12200358e+001	1.40820175e-012	1.40726331e-012	-5.14017501e-014	
1.13202147e+001	1.40820175e-012	1.40726331e-012	-5.14017501e-014	
1.14203936e+001	1.40820175e-012	1.40726331e-012	-5.14017501e-014	
1.15205725e+001	1.40820175e-012	1.40726331e-012	-5.14017501e-014	
1.16207513e+001	1.40820175e-012	1.40726331e-012	-5.14017501e-014	
1.17209302e+001	1.40820175e-012	1.40726331e-012	-5.14017501e-014	
1.18211091e+001	2.83623003e-012	2.83490836e-012	-8.65756259e-014	
1.19212880e+001	2.83623003e-012	2.83490836e-012	-8.65756259e-014	
1.20214669e+001	2.83623003e-012	2.83490836e-012	-8.65756259e-014	
1.21216458e+001	2.83623003e-012	2.83490836e-012	-8.65756259e-014	
1.22218247e+001	2.83623003e-012	2.83490836e-012	-8.65756259e-014	
1.23220036e+001	4.29966633e-012	4.29843252e-012	-1.02997086e-013	
1.24221825e+001	4.29966633e-012	4.29843252e-012	-1.02997086e-013	
1.25223614e+001	4.29966633e-012	4.29843252e-012	-1.02997086e-013	
1.26225403e+001	4.29966633e-012	4.29843252e-012	-1.02997086e-013	
1.27227191e+001	4.29966633e-012	4.29843252e-012	-1.02997086e-013	
1.28228980e+001	4.29966633e-012	4.29843252e-012	-1.02997086e-013	
1.29230769e+001	4.29966633e-012	4.29843252e-012	-1.02997086e-013	
1.30232558e+001	4.29966633e-012	4.29843252e-012	-1.02997086e-013	
1.31234347e+001	4.29966633e-012	4.29843252e-012	-1.02997086e-013	
1.32236136e+001	8.33420486e-012	8.33308977e-012	-1.36328837e-013	
1.33237925e+001	8.33420486e-012	8.33308977e-012	-1.36328837e-013	
1.34239714e+001	8.33420486e-012	8.33308977e-012	-1.36328837e-013	
1.35241503e+001	8.33420486e-012	8.33308977e-012	-1.36328837e-013	
1.36243292e+001	8.33420486e-012	8.33308977e-012	-1.36328837e-013	
1.37245081e+001	8.33420486e-012	8.33308977e-012	-1.36328837e-013	
1.38246869e+001	8.33420486e-012	8.33308977e-012	-1.36328837e-013	
1.39248658e+001	8.33420486e-012	8.33308977e-012	-1.36328837e-013	
1.40250447e+001	1.01574731e-011	1.01565951e-011	-1.33550288e-013	
1.41252236e+001	1.01574731e-011	1.01565951e-011	-1.33550288e-013	
1.42254025e+001	1.01574731e-011	1.01565951e-011	-1.33550288e-013	
1.43255814e+001	1.01574731e-011	1.01565951e-011	-1.33550288e-013	
1.44257603e+001	1.01574731e-011	1.01565951e-011	-1.33550288e-013	
1.45259392e+001	1.65208942e-011	1.65202785e-011	-1.42630731e-013	
1.46261181e+001	1.65208942e-011	1.65202785e-011	-1.42630731e-013	
1.47262970e+001	1.65208942e-011	1.65202785e-011	-1.42630731e-013	
1.48264758e+001	1.65208942e-011	1.65202785e-011	-1.42630731e-013	
1.49266547e+001	1.84265061e-011	1.84262376e-011	-9.94702047e-014	
1.50268336e+001	1.84265061e-011	1.84262376e-011	-9.94702047e-014	
1.51270125e+001	1.84265061e-011	1.84262376e-011	-9.94702047e-014	
1.52271914e+001	1.84265061e-011	1.84262376e-011	-9.94702047e-014	
1.53273703e+001	2.04218762e-011	2.04217830e-011	-6.16745842e-014	
1.54275492e+001	2.04218762e-011	2.04217830e-011	-6.16745842e-014	
1.55277281e+001	2.04218762e-011	2.04217830e-011	-6.16745842e-014	
1.56279070e+001	2.04218762e-011	2.04217830e-011	-6.16745842e-014	
1.57280859e+001	2.04218762e-011	2.04217830e-011	-6.16745842e-014	
1.58282648e+001	3.39663484e-011	3.39663456e-011	-1.39740462e-014	
1.59284436e+001	3.39663484e-011	3.39663456e-011	-1.39740462e-014	
1.60286225e+001	3.39663484e-011	3.39663456e-011	-1.39740462e-014	
1.61288014e+001	3.39663484e-011	3.39663456e-011	-1.39740462e-014	
1.62289803e+001	3.49101503e-011	3.49101325e-011	3.52659735e-014	
1.63291592e+001	3.49101503e-011	3.49101325e-011	3.52659735e-014	
1.64293381e+001	3.49101503e-011	3.49101325e-011	3.52659735e-014	
1.65295170e+001	3.49101503e-011	3.49101325e-011	3.52659735e-014	
1.66296959e+001	3.43752223e-011	3.43751587e-011	6.61362590e-014	
1.67298748e+001	3.43752223e-011	3.43751587e-011	6.61362590e-014	
1.68300537e+001	3.43752223e-011	3.43751587e-011	6.61362590e-014	
1.69302326e+001	3.43752223e-011	3.43751587e-011	6.61362590e-014	
1.70304114e+001	3.43752223e-011	3.43751587e-011	6.61362590e-014	
1.71305903e+001	3.33623060e-011	3.33622493e-011	6.15081180e-014	
1.72307692e+001	3.33623060e-011	3.33622493e-011	6.15081180e-014	
1.73309481e+001	3.33623060e-011	3.33622493e-011	6.15081180e-014	
1.74311270e+001	3.33623060e-011	3.33622493e-011	6.15081180e-014	
1.75313059e+001	3.33623060e-011	3.33622493e-011	6.15081180e-014	
1.76314848e+001	3.33623060e-011	3.33622493e-011	6.15081180e-014	
1.77316637e+001	3.33623060e-011	3.33622493e-011	6.15081180e-014	
1.78318426e+001	3.33623060e-011	3.33622493e-011	6.15081180e-014	
1.79320215e+001	3.33623060e-011	3.33622493e-011	6.15081180e-014	
1.80322004e+001	4.24870800e-011	4.24870663e-011	3.40614542e-014	
1.81323792e+001	4.24870800e-011	4.24870663e-011	3.40614542e-014	
1.82325581e+001	4.24870800e-011	4.24870663e-011	3.40614542e-014	
1.83327370e+001	4.24870800e-011	4.24870663e-011	3.40614542e-014	
1.84329159e+001	3.67899411e-011	3.67899340e-011	-2.28502654e-014	
1.85330948e+001	3.67899411e-011	3.67899340e-011	-2.28502654e-014	
1.86332737e+001	3.67899411e-011	3.67899340e-011	-2.28502654e-014	
1.87334526e+001	3.67899411e-011	3.67899340e-011	-2.28502654e-014	
1.88336315e+001	3.67899411e-011	3.67899340e-011	-2.28502654e-014	
1.89338104e+001	3.67899411e-011	3.67899340e-011	-2.28502654e-014	
1.90339893e+001	3.67899411e-011	3.67899340e-011	-2.28502654e-014	
1.91341682e+001	3.67899411e-011	3.67899340e-011	-2.28502654e-014	
1.92343470e+001	3.67899411e-011	3.67899340e-011	-2.28502654e-014	
1.93345259e+001	4.15935956e-011	4.15935133e-011	-8.27436583e-014	
1.94347048e+001	4.15935956e-011	4.15935133e-011	-8.27436583e-014	
1.95348837e+001	4.15935956e-011	4.15935133e-011	-8.27436583e-014	
1.96350626e+001	4.15935956e-011	4.15935133e-011	-8.27436583e-014	
1.97352415e+001	3.23841390e-011	3.23839799e-011	-1.01511276e-013	
1.98354204e+001	3.23841390e-011	3.23839799e-011	-1.01511276e-013	
1.99355993e+001	3.23841390e-011	3.23839799e-011	-1.01511276e-013	
2.00357782e+001	3.23841390e-011	3.23839799e-011	-1.01511276e-013	
2.01359571e+001	2.22115566e-011	2.22113315e-011	-1.00002245e-013	
2.02361360e+001	2.22115566e-011	2.22113315e-011	-1.00002245e-013	
2.03363148e+001	2.22115566e-011	2.22113315e-011	-1.00002245e-013	
2.04364937e+001	2.22115566e-011	2.22113315e-011	-1.00002245e-013	
2.05366726e+001	2.22115566e-011	2.22113315e-011	-1.00002245e-013	
2.06368515e+001	1.20948459e-011	1.20947200e-011	-5.51927580e-014	
2.07370304e+001	1.20948459e-011	1.20947200e-011	-5.51927580e-014	
2.08372093e+001	1.20948459e-011	1.20947200e-011	-5.51927580e-014	
2.09373882e+001	1.20948459e-011	1.20947200e-011	-5.51927580e-014	
2.10375671e+001	1.20948459e-011	1.20947200e-011	-5.51927580e-014	
2.11377460e+001	1.20948459e-011	1.20947200e-011	-5.51927580e-014	
2.12379249e+001	1.20948459e-011	1.20947200e-011	-5.51927580e-014	
2.13381038e+001	1.20948459e-011	1.20947200e-011	-5.51927580e-014	
2.14382826e+001	2.39897622e-012	-2.39870333e-012	3.61829620e-014	
2.15384615e+001	2.39897622e-012	-2.39870333e-012	3.61829620e-014	
2.16386404e+001	2.39897622e-012	-2.39870333e-012	3.61829620e-014	
2.17388193e+001	2.39897622e-012	-2.39870333e-012	3.61829620e-014	
2.18389982e+001	2.39897622e-012	-2.39870333e-012	3.61829620e-014	
2.19391771e+001	1.01624671e-011	-1.01621129e-011	8.48389611e-014	
2.20393560e+001	1.01624671e-011	-1.01621129e-011	8.48389611e-014	
2.21395349e+001	1.01624671e-011	-1.01621129e-011	8.48389611e-014	
2.22397138e+001	1.01624671e-011	-1.01621129e-011	8.48389611e-014	
2.23398927e+001	1.81426566e-011	-1.81422501e-011	1.21445704e-013	
2.24400716e+001	1.81426566e-011	-1.81422501e-011	1.21445704e-013	
2.25402504e+001	1.81426566e-011	-1.81422501e-011	1.21445704e-013	
2.26404293e+001	1.81426566e-011	-1.81422501e-011	1.21445704e-013	
2.27406082e+001	1.81426566e-011	-1.81422501e-011	1.21445704e-013	
2.28407871e+001	3.09783830e-011	-3.09779624e-011	1.61431253e-013	
2.29409660e+001	3.09783830e-011	-3.09779624e-011	1.61431253e-013	
2.30411449e+001	3.09783830e-011	-3.09779624e-011	1.61431253e-013	
2.31413238e+001	3.09783830e-011	-3.09779624e-011	1.61431253e-013	
2.32415027e+001	3.09783830e-011	-3.09779624e-011	1.61431253e-013	
2.33416816e+001	3.09783830e-011	-3.09779624e-011	1.61431253e-013	
2.34418605e+001	3.09783830e-011	-3.09779624e-011	1.61431253e-013	
2.35420394e+001	3.09783830e-011	-3.09779624e-011	1.61431253e-013	
2.36422182e+001	3.29256009e-011	-3.29253647e-011	1.24712127e-013	
2.37423971e+001	3.29256009e-011	-3.29253647e-011	1.24712127e-013	
2.38425760e+001	3.29256009e-011	-3.29253647e-011	1.24712127e-013	
2.39427549e+001	3.29256009e-011	-3.29253647e-011	1.24712127e-013	
2.40429338e+001	3.29256009e-011	-3.29253647e-011	1.24712127e-013	
2.41431127e+001	3.95951020e-011	-3.95949943e-011	9.23654980e-014	
2.42432916e+001	3.95951020e-011	-3.95949943e-011	9.23654980e-014	
2.43434705e+001	3.95951020e-011	-3.95949943e-011	9.23654980e-014	
2.44436494e+001	3.95951020e-011	-3.95949943e-011	9.23654980e-014	
2.45438283e+001	3.93043317e-011	-3.93043231e-011	2.60881139e-014	
2.46440072e+001	3.93043317e-011	-3.93043231e-011	2.60881139e-014	
2.47441860e+001	3.93043317e-011	-3.93043231e-011	2.60881139e-014	
2.48443649e+001	3.93043317e-011	-3.93043231e-011	2.60881139e-014	
2.49445438e+001	4.03021711e-011	-4.03021710e-011	-3.65182709e-015	
2.50447227e+001	4.03021711e-011	-4.03021710e-011	-3.65182709e-015	
2.51449016e+001	4.03021711e-011	-4.03021710e-011	-3.65182709e-015	
2.52450805e+001	4.03021711e-011	-4.03021710e-011	-3.65182709e-015	
2.53452594e+001	4.03021711e-011	-4.03021710e-011	-3.65182709e-015	
2.54454383e+001	3.96333331e-011	-3.96333193e-011	-3.31180654e-014	
2.55456172e+001	3.96333331e-011	-3.96333193e-011	-3.31180654e-014	
2.56457961e+001	3.96333331e-011	-3.96333193e-011	-3.31180654e-014	
2.57459750e+001	3.96333331e-011	-3.96333193e-011	-3.31180654e-014	
2.58461538e+001	2.40453295e-011	-2.40452954e-011	-4.04549146e-014	
2.59463327e+001	2.40453295e-011	-2.40452954e-011	-4.04549146e-014	
2.60465116e+001	2.40453295e-011	-2.40452954e-011	-4.04549146e-014	
2.61466905e+001	2.40453295e-011	-2.40452954e-011	-4.04549146e-014	
2.62468694e+001	2.40453295e-011	-2.40452954e-011	-4.04549146e-014	
2.63470483e+001	2.40453295e-011	-2.40452954e-011	-4.04549146e-014	
2.64472272e+001	2.40453295e-011	-2.40452954e-011	-4.04549146e-014	
2.65474061e+001	2.40453295e-011	-2.40452954e-011	-4.04549146e-014	
2.66475850e+001	2.40453295e-011	-2.40452954e-011	-4.04549146e-014	
2.67477639e+001	2.77803744e-011	-2.77803251e-011	-5.23375869e-014	
2.68479428e+001	2.77803744e-011	-2.77803251e-011	-5.23375869e-014	
2.69481216e+001	2.77803744e-011	-2.77803251e-011	-5.23375869e-014	
2.70483005e+001	2.77803744e-011	-2.77803251e-011	-5.23375869e-014	
2.71484794e+001	2.68824033e-011	-2.68823680e-011	-4.35439918e-014	
2.72486583e+001	2.68824033e-011	-2.68823680e-011	-4.35439918e-014	
2.73488372e+001	2.68824033e-011	-2.68823680e-011	-4.35439918e-014	
2.74490161e+001	2.68824033e-011	-2.68823680e-011	-4.35439918e-014	
2.75491950e+001	2.68824033e-011	-2.68823680e-011	-4.35439918e-014	
2.76493739e+001	2.01930315e-011	-2.01930168e-011	-2.43768565e-014	
2.77495528e+001	2.01930315e-011	-2.01930168e-011	-2.43768565e-014	
2.78497317e+001	1.79689908e-011	-1.79689830e-011	-1.68174701e-014	
2.79499106e+001	1.65298154e-011	-1.65298124e-011	-9.95560026e-015	
2.80500894e+001	1.52373385e-011	-1.52373372e-011	-6.30943394e-015	
2.81502683e+001	1.48094821e-011	-1.48094821e-011	-1.19495118e-015	
2.82504472e+001	1.46560599e-011	-1.46560597e-011	2.49599787e-015	
2.83506261e+001	1.47490256e-011	-1.47490225e-011	9.57811294e-015	
2.84508050e+001	1.55388857e-011	-1.55388750e-011	1.82900222e-014	
2.85509839e+001	1.55388857e-011	-1.55388750e-011	1.82900222e-014	
2.86511628e+001	1.55388857e-011	-1.55388750e-011	1.82900222e-014	
2.87513417e+001	1.42197971e-011	-1.42197752e-011	2.49980603e-014	
2.88515206e+001	1.42197971e-011	-1.42197752e-011	2.49980603e-014	
2.89516995e+001	1.03042608e-011	-1.03042094e-011	3.25333266e-014	
2.90518784e+001	1.03042608e-011	-1.03042094e-011	3.25333266e-014	
2.91520572e+001	1.03042608e-011	-1.03042094e-011	3.25333266e-014	
2.92522361e+001	1.03042608e-011	-1.03042094e-011	3.25333266e-014	
2.93524150e+001	9.34758752e-012	-9.34743519e-012	5.33650338e-014	
2.94525939e+001	9.34758752e-012	-9.34743519e-012	5.33650338e-014	
2.95527728e+001	9.34758752e-012	-9.34743519e-012	5.33650338e-014	
2.96529517e+001	9.34758752e-012	-9.34743519e-012	5.33650338e-014	
2.97531306e+001	9.34758752e-012	-9.34743519e-012	5.33650338e-014	
2.98533095e+001	6.56968940e-012	-6.56947584e-012	5.29717414e-014	
2.99534884e+001	6.56968940e-012	-6.56947584e-012	5.29717414e-014	
3.00536673e+001	6.56968940e-012	-6.56947584e-012	5.29717414e-014	
3.01538462e+001	6.56968940e-012	-6.56947584e-012	5.29717414e-014	
3.02540250e+001	5.19912089e-012	-5.19877423e-012	6.00383545e-014	
3.03542039e+001	5.19912089e-012	-5.19877423e-012	6.00383545e-014	
3.04543828e+001	5.19912089e-012	-5.19877423e-012	6.00383545e-014	
3.05545617e+001	5.19912089e-012	-5.19877423e-012	6.00383545e-014	
3.06547406e+001	4.01905121e-012	-4.01853229e-012	6.45821040e-014	
3.07549195e+001	4.01905121e-012	-4.01853229e-012	6.45821040e-014	
3.08550984e+001	4.01905121e-012	-4.01853229e-012	6.45821040e-014	
3.09552773e+001	4.01905121e-012	-4.01853229e-012	6.45821040e-014	
3.10554562e+001	4.01905121e-012	-4.01853229e-012	6.45821040e-014	
3.11556351e+001	4.01905121e-012	-4.01853229e-012	6.45821040e-014	
3.12558140e+001	4.01905121e-012	-4.01853229e-012	6.45821040e-014	
3.13559928e+001	4.01905121e-012	-4.01853229e-012	6.45821040e-014	
3.14561717e+001	4.01905121e-012	-4.01853229e-012	6.45821040e-014	
3.15563506e+001	2.62617258e-012	-2.62560963e-012	5.43737132e-014	
3.16565295e+001	2.62617258e-012	-2.62560963e-012	5.43737132e-014	
3.17567084e+001	2.62617258e-012	-2.62560963e-012	5.43737132e-014	
3.18568873e+001	2.62617258e-012	-2.62560963e-012	5.43737132e-014	
3.19570662e+001	2.62617258e-012	-2.62560963e-012	5.43737132e-014	
3.20572451e+001	2.62617258e-012	-2.62560963e-012	5.43737132e-014	
3.21574240e+001	2.62617258e-012	-2.62560963e-012	5.43737132e-014	
3.22576029e+001	2.62617258e-012	-2.62560963e-012	5.43737132e-014	
3.23577818e+001	2.62617258e-012	-2.62560963e-012	5.43737132e-014	
3.24579606e+001	1.93904076e-012	-1.93840969e-012	4.94667912e-014	
3.25581395e+001	1.93904076e-012	-1.93840969e-012	4.94667912e-014	
3.26583184e+001	1.93904076e-012	-1.93840969e-012	4.94667912e-014	
3.27584973e+001	1.93904076e-012	-1.93840969e-012	4.94667912e-014	
3.28586762e+001	1.93904076e-012	-1.93840969e-012	4.94667912e-014	
3.29588551e+001	1.93904076e-012	-1.93840969e-012	4.94667912e-014	
3.30590340e+001	1.93904076e-012	-1.93840969e-012	4.94667912e-014	
3.31592129e+001	1.93904076e-012	-1.93840969e-012	4.94667912e-014	
3.32593918e+001	1.32926382e-012	-1.32880773e-012	3.48182388e-014	
3.33595707e+001	1.32926382e-012	-1.32880773e-012	3.48182388e-014	
3.34597496e+001	1.32926382e-012	-1.32880773e-012	3.48182388e-014	
3.35599284e+001	1.32926382e-012	-1.32880773e-012	3.48182388e-014	
3.36601073e+001	1.32926382e-012	-1.32880773e-012	3.48182388e-014	
3.37602862e+001	1.67792453e-012	-1.67737674e-012	4.28720954e-014	
3.38604651e+001	1.67792453e-012	-1.67737674e-012	4.28720954e-014	
3.39606440e+001	1.67792453e-012	-1.67737674e-012	4.28720954e-014	
3.40608229e+001	1.67792453e-012	-1.67737674e-012	4.28720954e-014	
3.41610018e+001	1.23621409e-012	-1.23585519e-012	2.97863102e-014	
3.42611807e+001	1.23621409e-012	-1.23585519e-012	2.97863102e-014	
3.43613596e+001	1.23621409e-012	-1.23585519e-012	2.97863102e-014	
3.44615385e+001	1.23621409e-012	-1.23585519e-012	2.97863102e-014	
3.45617174e+001	1.23621409e-012	-1.23585519e-012	2.97863102e-014	
3.46618962e+001	1.27446742e-012	-1.27413819e-012	2.89668439e-014	
3.47620751e+001	1.27446742e-012	-1.27413819e-012	2.89668439e-014	
3.48622540e+001	1.27446742e-012	-1.27413819e-012	2.89668439e-014	
3.49624329e+001	1.27446742e-012	-1.27413819e-012	2.89668439e-014	
3.50626118e+001	9.67974154e-013	-9.67772220e-013	1.97710438e-014	
3.51627907e+001	9.67974154e-013	-9.67772220e-013	1.97710438e-014	
3.52629696e+001	9.67974154e-013	-9.67772220e-013	1.97710438e-014	
3.53631485e+001	9.67974154e-013	-9.67772220e-013	1.97710438e-014	
3.54633274e+001	9.67974154e-013	-9.67772220e-013	1.97710438e-014	
3.55635063e+001	9.67974154e-013	-9.67772220e-013	1.97710438e-014	
3.56636852e+001	9.67974154e-013	-9.67772220e-013	1.97710438e-014	
3.57638640e+001	9.67974154e-013	-9.67772220e-013	1.97710438e-014	
3.58640429e+001	9.67974154e-013	-9.67772220e-013	1.97710438e-014	
3.59642218e+001	1.01518474e-012	-1.01502721e-012	1.78838387e-014	
3.60644007e+001	1.01518474e-012	-1.01502721e-012	1.78838387e-014	
3.61645796e+001	1.01518474e-012	-1.01502721e-012	1.78838387e-014	
3.62647585e+001	1.01518474e-012	-1.01502721e-012	1.78838387e-014	
3.63649374e+001	1.12911736e-012	-1.12898239e-012	1.74576050e-014	
3.64651163e+001	1.12911736e-012	-1.12898239e-012	1.74576050e-014	
3.65652952e+001	1.12911736e-012	-1.12898239e-012	1.74576050e-014	
3.66654741e+001	1.12911736e-012	-1.12898239e-012	1.74576050e-014	
3.67656530e+001	1.10728502e-012	-1.10717977e-012	1.52665780e-014	
3.68658318e+001	1.10728502e-012	-1.10717977e-012	1.52665780e-014	
3.69660107e+001	1.10728502e-012	-1.10717977e-012	1.52665780e-014	
3.70661896e+001	1.10728502e-012	-1.10717977e-012	1.52665780e-014	
3.71663685e+001	1.10728502e-012	-1.10717977e-012	1.52665780e-014	
3.72665474e+001	1.06565427e-012	-1.06557210e-012	1.32336650e-014	
3.73667263e+001	1.06565427e-012	-1.06557210e-012	1.32336650e-014	
3.74669052e+001	1.06565427e-012	-1.06557210e-012	1.32336650e-014	
3.75670841e+001	1.06565427e-012	-1.06557210e-012	1.32336650e-014	
3.76672630e+001	1.03175097e-012	-1.03168129e-012	1.19910075e-014	
3.77674419e+001	1.03175097e-012	-1.03168129e-012	1.19910075e-014	
3.78676208e+001	1.03175097e-012	-1.03168129e-012	1.19910075e-014	
3.79677996e+001	1.03175097e-012	-1.03168129e-012	1.19910075e-014	
3.80679785e+001	9.61123836e-013	-9.61063874e-013	1.07358483e-014	
3.81681574e+001	9.61123836e-013	-9.61063874e-013	1.07358483e-014	
3.82683363e+001	9.61123836e-013	-9.61063874e-013	1.07358483e-014	
3.83685152e+001	9.61123836e-013	-9.61063874e-013	1.07358483e-014	
3.84686941e+001	9.61123836e-013	-9.61063874e-013	1.07358483e-014	
3.85688730e+001	1.02018341e-012	-1.02011499e-012	1.18144596e-014	
3.86690519e+001	1.02018341e-012	-1.02011499e-012	1.18144596e-014	
3.87692308e+001	1.02018341e-012	-1.02011499e-012	1.18144596e-014	
3.88694097e+001	1.02018341e-012	-1.02011499e-012	1.18144596e-014	
3.89695886e+001	1.02018341e-012	-1.02011499e-012	1.18144596e-014	
3.90697674e+001	1.02018341e-012	-1.02011499e-012	1.18144596e-014	
3.91699463e+001	1.02018341e-012	-1.02011499e-012	1.18144596e-014	
3.92701252e+001	1.02018341e-012	-1.02011499e-012	1.18144596e-014	
3.93703041e+001	1.02018341e-012	-1.02011499e-012	1.18144596e-014	
3.94704830e+001	9.17294611e-013	-9.17201760e-013	1.30512006e-014	
3.95706619e+001	9.17294611e-013	-9.17201760e-013	1.30512006e-014	
3.96708408e+001	9.17294611e-013	-9.17201760e-013	1.30512006e-014	
3.97710197e+001	9.17294611e-013	-9.17201760e-013	1.30512006e-014	
3.98711986e+001	8.48287872e-013	-8.48171905e-013	1.40261734e-014	
3.99713775e+001	8.48287872e-013	-8.48171905e-013	1.40261734e-014	
4.00715564e+001	8.48287872e-013	-8.48171905e-013	1.40261734e-014	
4.01717352e+001	8.48287872e-013	-8.48171905e-013	1.40261734e-014	
4.02719141e+001	7.35075698e-013	-7.34934927e-013	1.43852063e-014	
4.03720930e+001	7.35075698e-013	-7.34934927e-013	1.43852063e-014	
4.04722719e+001	7.35075698e-013	-7.34934927e-013	1.43852063e-014	
4.05724508e+001	7.35075698e-013	-7.34934927e-013	1.43852063e-014	
4.06726297e+001	7.35075698e-013	-7.34934927e-013	1.43852063e-014	
4.07728086e+001	4.66464133e-013	-4.66324855e-013	1.13981085e-014	
4.08729875e+001	4.66464133e-013	-4.66324855e-013	1.13981085e-014	
4.09731664e+001	4.66464133e-013	-4.66324855e-013	1.13981085e-014	
4.10733453e+001	4.66464133e-013	-4.66324855e-013	1.13981085e-014	
4.11735242e+001	4.66464133e-013	-4.66324855e-013	1.13981085e-014	
4.12737030e+001	4.66464133e-013	-4.66324855e-013	1.13981085e-014	
4.13738819e+001	4.66464133e-013	-4.66324855e-013	1.13981085e-014	
4.14740608e+001	4.66464133e-013	-4.66324855e-013	1.13981085e-014	
4.15742397e+001	4.07692755e-013	-4.07517188e-013	1.19634543e-014	
4.16744186e+001	4.07692755e-013	-4.07517188e-013	1.19634543e-014	
4.17745975e+001	4.07692755e-013	-4.07517188e-013	1.19634543e-014	
4.18747764e+001	4.07692755e-013	-4.07517188e-013	1.19634543e-014	
4.19749553e+001	4.07692755e-013	-4.07517188e-013	1.19634543e-014	
4.20751342e+001	3.09462823e-013	-3.09259058e-013	1.12282714e-014	
4.21753131e+001	3.09462823e-013	-3.09259058e-013	1.12282714e-014	
4.22754919e+001	3.09462823e-013	-3.09259058e-013	1.12282714e-014	
4.23756708e+001	3.09462823e-013	-3.09259058e-013	1.12282714e-014	
4.24758497e+001	2.03079911e-013	-2.02912300e-013	8.24915129e-015	
4.25760286e+001	2.03079911e-013	-2.02912300e-013	8.24915129e-015	
4.26762075e+001	2.03079911e-013	-2.02912300e-013	8.24915129e-015	
4.27763864e+001	2.03079911e-013	-2.02912300e-013	8.24915129e-015	
4.28765653e+001	2.03079911e-013	-2.02912300e-013	8.24915129e-015	
4.29767442e+001	2.03079911e-013	-2.02912300e-013	8.24915129e-015	
4.30769231e+001	2.03079911e-013	-2.02912300e-013	8.24915129e-015	
4.31771020e+001	2.03079911e-013	-2.02912300e-013	8.24915129e-015	
4.32772809e+001	2.03079911e-013	-2.02912300e-013	8.24915129e-015	
4.33774597e+001	1.56275732e-013	-1.56109029e-013	7.21632721e-015	
4.34776386e+001	1.56275732e-013	-1.56109029e-013	7.21632721e-015	
4.35778175e+001	1.56275732e-013	-1.56109029e-013	7.21632721e-015	
4.36779964e+001	1.56275732e-013	-1.56109029e-013	7.21632721e-015	
4.37781753e+001	1.01319217e-013	-1.01173231e-013	5.43700834e-015	
4.38783542e+001	1.01319217e-013	-1.01173231e-013	5.43700834e-015	
4.39785331e+001	1.01319217e-013	-1.01173231e-013	5.43700834e-015	
4.40787120e+001	1.01319217e-013	-1.01173231e-013	5.43700834e-015	
4.41788909e+001	1.01319217e-013	-1.01173231e-013	5.43700834e-015	
4.42790698e+001	6.21515050e-014	-6.20302754e-014	3.88001471e-015	
4.43792487e+001	6.21515050e-014	-6.20302754e-014	3.88001471e-015	
4.44794275e+001	6.21515050e-014	-6.20302754e-014	3.88001471e-015	
4.45796064e+001	6.21515050e-014	-6.20302754e-014	3.88001471e-015	
4.46797853e+001	3.72752941e-014	-3.71741612e-014	2.74395502e-015	
4.47799642e+001	3.72752941e-014	-3.71741612e-014	2.74395502e-015	
4.48801431e+001	3.72752941e-014	-3.71741612e-014	2.74395502e-015	
4.49803220e+001	3.72752941e-014	-3.71741612e-014	2.74395502e-015	
4.50805009e+001	2.14563097e-014	-2.13596562e-014	2.03428514e-015	
4.51806798e+001	2.14563097e-014	-2.13596562e-014	2.03428514e-015	
4.52808587e+001	2.14563097e-014	-2.13596562e-014	2.03428514e-015	
4.53810376e+001	2.14563097e-014	-2.13596562e-014	2.03428514e-015	
4.54812165e+001	2.14563097e-014	-2.13596562e-014	2.03428514e-015	
4.55813953e+001	2.22947758e-015	-1.93029334e-015	1.11558857e-015	
4.56815742e+001	2.22947758e-015	-1.93029334e-015	1.11558857e-015	
4.57817531e+001	2.22947758e-015	-1.93029334e-015	1.11558857e-015	
4.58819320e+001	2.22947758e-015	-1.93029334e-015	1.11558857e-015	
4.59821109e+001	2.22947758e-015	-1.93029334e-015	1.11558857e-015	
4.60822898e+001	2.22947758e-015	-1.93029334e-015	1.11558857e-015	
4.61824687e+001	2.22947758e-015	-1.93029334e-015	1.11558857e-015	
4.62826476e+001	2.22947758e-015	-1.93029334e-015	1.11558857e-015	
4.63828265e+001	2.56008787e-014	2.56003997e-014	-1.56614811e-016	
4.64830054e+001	2.56008787e-014	2.56003997e-014	-1.56614811e-016	
4.65831843e+001	2.56008787e-014	2.56003997e-014	-1.56614811e-016	
4.66833631e+001	2.56008787e-014	2.56003997e-014	-1.56614811e-016	
4.67835420e+001	2.56008787e-014	2.56003997e-014	-1.56614811e-016	
4.68837209e+001	4.33136083e-014	4.33067186e-014	-7.72518122e-016	
4.69838998e+001	4.33136083e-014	4.33067186e-014	-7.72518122e-016	
4.70840787e+001	4.33136083e-014	4.33067186e-014	-7.72518122e-016	
4.71842576e+001	4.33136083e-014	4.33067186e-014	-7.72518122e-016	
4.72844365e+001	5.34414934e-014	5.34301551e-014	-1.10078835e-015	
4.73846154e+001	5.34414934e-014	5.34301551e-014	-1.10078835e-015	
4.74847943e+001	5.34414934e-014	5.34301551e-014	-1.10078835e-015	
4.75849732e+001	5.34414934e-014	5.34301551e-014	-1.10078835e-015	
4.76851521e+001	5.34414934e-014	5.34301551e-014	-1.10078835e-015	
4.77853309e+001	5.34414934e-014	5.34301551e-014	-1.10078835e-015	
4.78855098e+001	5.34414934e-014	5.34301551e-014	-1.10078835e-015	
4.79856887e+001	5.34414934e-014	5.34301551e-014	-1.10078835e-015	
4.80858676e+001	5.34414934e-014	5.34301551e-014	-1.10078835e-015	
4.81860465e+001	7.74308740e-014	7.74161290e-014	-1.51102921e-015	
4.82862254e+001	7.74308740e-014	7.74161290e-014	-1.51102921e-015	
4.83864043e+001	7.74308740e-014	7.74161290e-014	-1.51102921e-015	
4.84865832e+001	7.74308740e-014	7.74161290e-014	-1.51102921e-015	
4.85867621e+001	9.01917051e-014	9.01782022e-014	-1.56061258e-015	
4.86869410e+001	9.01917051e-014	9.01782022e-014	-1.56061258e-015	
4.87871199e+001	9.01917051e-014	9.01782022e-014	-1.56061258e-015	
4.88872987e+001	9.01917051e-014	9.01782022e-014	-1.56061258e-015	
4.89874776e+001	9.01917051e-014	9.01782022e-014	-1.56061258e-015	
4.90876565e+001	1.05214914e-013	1.05202789e-013	-1.59732176e-015	
4.91878354e+001	1.05214914e-013	1.05202789e-013	-1.59732176e-015	
4.92880143e+001	1.05214914e-013	1.05202789e-013	-1.59732176e-015	
4.93881932e+001	1.05214914e-013	1.05202789e-013	-1.59732176e-015	
4.94883721e+001	8.97837161e-014	8.97758376e-014	-1.18939605e-015	
4.95885510e+001	8.97837161e-014	8.97758376e-014	-1.18939605e-015	
4.96887299e+001	8.97837161e-014	8.97758376e-014	-1.18939605e-015	
4.97889088e+001	8.97837161e-014	8.97758376e-014	-1.18939605e-015	
4.98890877e+001	8.97837161e-014	8.97758376e-014	-1.18939605e-015	
4.99892665e+001	8.97837161e-014	8.97758376e-014	-1.18939605e-015	
5.00894454e+001	8.97837161e-014	8.97758376e-014	-1.18939605e-015	
5.01896243e+001	8.97837161e-014	8.97758376e-014	-1.18939605e-015	
5.02898032e+001	8.97837161e-014	8.97758376e-014	-1.18939605e-015	
5.03899821e+001	1.24928144e-013	1.24921618e-013	-1.27685853e-015	
5.04901610e+001	1.24928144e-013	1.24921618e-013	-1.27685853e-015	
5.05903399e+001	1.24928144e-013	1.24921618e-013	-1.27685853e-015	
5.06905188e+001	1.24928144e-013	1.24921618e-013	-1.27685853e-015	
5.07906977e+001	9.74474347e-014	9.74434367e-014	-8.82699007e-016	
5.08908766e+001	9.74474347e-014	9.74434367e-014	-8.82699007e-016	
5.09910555e+001	9.74474347e-014	9.74434367e-014	-8.82699007e-016	
5.10912343e+001	9.74474347e-014	9.74434367e-014	-8.82699007e-016	
5.11914132e+001	8.56765077e-014	8.56739684e-014	-6.59633839e-016	
5.12915921e+001	8.56765077e-014	8.56739684e-014	-6.59633839e-016	
5.13917710e+001	8.56765077e-014	8.56739684e-014	-6.59633839e-016	
5.14919499e+001	8.56765077e-014	8.56739684e-014	-6.59633839e-016	
5.15921288e+001	8.56765077e-014	8.56739684e-014	-6.59633839e-016	
5.16923077e+001	8.60871339e-014	8.60852547e-014	-5.68808631e-016	
5.17924866e+001	8.60871339e-014	8.60852547e-014	-5.68808631e-016	
5.18926655e+001	8.60871339e-014	8.60852547e-014	-5.68808631e-016	
5.19928444e+001	8.60871339e-014	8.60852547e-014	-5.68808631e-016	
5.20930233e+001	8.60871339e-014	8.60852547e-014	-5.68808631e-016	
5.21932021e+001	8.60871339e-014	8.60852547e-014	-5.68808631e-016	
5.22933810e+001	8.60871339e-014	8.60852547e-014	-5.68808631e-016	
5.23935599e+001	8.60871339e-014	8.60852547e-014	-5.68808631e-016	
5.24937388e+001	4.97075520e-014	4.97070376e-014	-2.26138361e-016	
5.25939177e+001	4.97075520e-014	4.97070376e-014	-2.26138361e-016	
5.26940966e+001	4.97075520e-014	4.97070376e-014	-2.26138361e-016	
5.27942755e+001	4.97075520e-014	4.97070376e-014	-2.26138361e-016	
5.28944544e+001	4.97075520e-014	4.97070376e-014	-2.26138361e-016	
5.29946333e+001	4.97075520e-014	4.97070376e-014	-2.26138361e-016	
5.30948122e+001	4.97075520e-014	4.97070376e-014	-2.26138361e-016	
5.31949911e+001	4.97075520e-014	4.97070376e-014	-2.26138361e-016	
5.32951699e+001	4.97075520e-014	4.97070376e-014	-2.26138361e-016	
5.33953488e+001	4.64686036e-014	4.64682917e-014	-1.70259521e-016	
5.34955277e+001	4.64686036e-014	4.64682917e-014	-1.70259521e-016	
5.35957066e+001	4.64686036e-014	4.64682917e-014	-1.70259521e-016	
5.36958855e+001	4.64686036e-014	4.64682917e-014	-1.70259521e-016	
5.37960644e+001	4.64686036e-014	4.64682917e-014	-1.70259521e-016	
5.38962433e+001	2.94623005e-014	2.94621817e-014	-8.36527729e-017	
5.39964222e+001	2.94623005e-014	2.94621817e-014	-8.36527729e-017	
5.40966011e+001	2.94623005e-014	2.94621817e-014	-8.36527729e-017	
5.41967800e+001	2.94623005e-014	2.94621817e-014	-8.36527729e-017	
5.42969589e+001	2.94623005e-014	2.94621817e-014	-8.36527729e-017	
5.43971377e+001	2.94623005e-014	2.94621817e-014	-8.36527729e-017	
5.44973166e+001	2.94623005e-014	2.94621817e-014	-8.36527729e-017	
5.45974955e+001	2.94623005e-014	2.94621817e-014	-8.36527729e-017	
5.46976744e+001	2.12077126e-014	2.12076529e-014	-5.03159241e-017	
5.47978533e+001	2.12077126e-014	2.12076529e-014	-5.03159241e-017	
5.48980322e+001	2.12077126e-014	2.12076529e-014	-5.03159241e-017	
5.49982111e+001	2.12077126e-014	2.12076529e-014	-5.03159241e-017	
5.50983900e+001	2.12077126e-014	2.12076529e-014	-5.03159241e-017	
5.51985689e+001	1.19623921e-014	1.19623663e-014	-2.48454661e-017	
5.52987478e+001	1.19623921e-014	1.19623663e-014	-2.48454661e-017	
5.53989267e+001	1.19623921e-014	1.19623663e-014	-2.48454661e-017	
5.54991055e+001	1.19623921e-014	1.19623663e-014	-2.48454661e-017	
5.55992844e+001	6.00742649e-015	6.00741489e-015	-1.18029608e-017	
5.56994633e+001	6.00742649e-015	6.00741489e-015	-1.18029608e-017	
5.57996422e+001	3.59939651e-015	3.59938957e-015	-7.06765579e-018	
5.58998211e+001	2.25204408e-015	2.25203974e-015	-4.41910243e-018	
5.60000000e+001	2.31131274e-016	2.31130837e-016	-4.49326865e-019	
