% Column 0: Length, cm
% Column 1: |B.n|, Tesla
% Column 2: Re[B.n], Tesla
% Column 3: Im[B.n], Tesla
0.00000000e+000	1.18276214e-009	-1.18271983e-009	-1.00043055e-011	
1.00178891e-001	1.85533620e-008	-1.85527151e-008	-1.54927686e-010	
2.00357782e-001	3.65251317e-008	-3.65238708e-008	-3.03491853e-010	
3.00536673e-001	5.51739096e-008	-5.51719767e-008	-4.61829941e-010	
4.00715564e-001	7.54466030e-008	-7.54439768e-008	-6.29490040e-010	
5.00894454e-001	9.49575630e-008	-9.49542907e-008	-7.88326626e-010	
6.01073345e-001	1.14749481e-007	-1.14745572e-007	-9.47145079e-010	
7.01252236e-001	1.34266398e-007	-1.34261899e-007	-1.09922217e-009	
8.01431127e-001	1.53731833e-007	-1.53726751e-007	-1.25002227e-009	
9.01610018e-001	1.72592514e-007	-1.72586951e-007	-1.38582193e-009	
1.00178891e+000	1.91453197e-007	-1.91447150e-007	-1.52162160e-009	
1.10196780e+000	2.10762066e-007	-2.10755575e-007	-1.65402603e-009	
1.20214669e+000	2.31477171e-007	-2.31470334e-007	-1.77919707e-009	
1.30232558e+000	2.54273836e-007	-2.54266744e-007	-1.89910012e-009	
1.40250447e+000	2.76606155e-007	-2.76598757e-007	-2.02310829e-009	
1.50268336e+000	2.98938480e-007	-2.98930769e-007	-2.14711645e-009	
1.60286225e+000	3.22388047e-007	-3.22380133e-007	-2.25890701e-009	
1.70304114e+000	3.48386405e-007	-3.48378528e-007	-2.34282534e-009	
1.80322004e+000	3.74384787e-007	-3.74376922e-007	-2.42674366e-009	
1.90339893e+000	3.98143443e-007	-3.98135305e-007	-2.54561505e-009	
2.00357782e+000	4.24461546e-007	-4.24453385e-007	-2.63210881e-009	
2.10375671e+000	4.53140775e-007	-4.53132799e-007	-2.68851106e-009	
2.20393560e+000	4.81618431e-007	-4.81610609e-007	-2.74494745e-009	
2.30411449e+000	5.08067838e-007	-5.08060113e-007	-2.80172738e-009	
2.40429338e+000	5.35454861e-007	-5.35447281e-007	-2.84908037e-009	
2.50447227e+000	5.69068215e-007	-5.69061091e-007	-2.84736426e-009	
2.60465116e+000	6.03489865e-007	-6.03482970e-007	-2.88489339e-009	
2.70483005e+000	6.37911542e-007	-6.37904848e-007	-2.92242253e-009	
2.80500894e+000	6.72333243e-007	-6.72326727e-007	-2.95995166e-009	
2.90518784e+000	7.06766959e-007	-7.06760934e-007	-2.91808390e-009	
3.00536673e+000	7.41208900e-007	-7.41203527e-007	-2.82221641e-009	
3.10554562e+000	7.75650912e-007	-7.75646120e-007	-2.72634893e-009	
3.20572451e+000	8.10092984e-007	-8.10088713e-007	-2.63048145e-009	
3.30590340e+000	8.44898790e-007	-8.44894918e-007	-2.55807097e-009	
3.40608229e+000	8.92728025e-007	-8.92724742e-007	-2.42113339e-009	
3.50626118e+000	9.39975628e-007	-9.39973087e-007	-2.18534472e-009	
3.60644007e+000	9.87223358e-007	-9.87221433e-007	-1.94955605e-009	
3.70661896e+000	1.03447120e-006	-1.03446978e-006	-1.71376739e-009	
3.80679785e+000	1.07985894e-006	-1.07985791e-006	-1.49609374e-009	
3.90697674e+000	1.12468803e-006	-1.12468731e-006	-1.27775548e-009	
4.00715564e+000	1.17250598e-006	-1.17250555e-006	-1.00254666e-009	
4.10733453e+000	1.22032401e-006	-1.22032379e-006	-7.27337832e-010	
4.20751342e+000	1.26814212e-006	-1.26814204e-006	-4.52129008e-010	
4.30769231e+000	1.32144704e-006	-1.32144703e-006	-1.42860081e-010	
4.40787120e+000	1.39642534e-006	-1.39642531e-006	3.00949974e-010	
4.50805009e+000	1.46591654e-006	-1.46591625e-006	9.17909173e-010	
4.60822898e+000	1.52584841e-006	-1.52584731e-006	1.83652483e-009	
4.70840787e+000	1.58580525e-006	-1.58580287e-006	2.74597714e-009	
4.80858676e+000	1.64943581e-006	-1.64943213e-006	3.48272490e-009	
4.90876565e+000	1.71530880e-006	-1.71530378e-006	4.14900552e-009	
5.00894454e+000	1.78055583e-006	-1.78054953e-006	4.73732794e-009	
5.10912343e+000	1.84580296e-006	-1.84579528e-006	5.32565035e-009	
5.20930233e+000	1.92328824e-006	-1.92327808e-006	6.25158515e-009	
5.30948122e+000	1.99422585e-006	-1.99421199e-006	7.43402147e-009	
5.40966011e+000	2.06282710e-006	-2.06280906e-006	8.62716859e-009	
5.50983900e+000	2.13142876e-006	-2.13140614e-006	9.82031570e-009	
5.61001789e+000	2.20003078e-006	-2.20000321e-006	1.10134628e-008	
5.71019678e+000	2.31326482e-006	-2.31322913e-006	1.28485056e-008	
5.81037567e+000	2.41467695e-006	-2.41463043e-006	1.49877483e-008	
5.91055456e+000	2.50356176e-006	-2.50350616e-006	1.66850645e-008	
6.01073345e+000	2.59063151e-006	-2.59056674e-006	1.83183392e-008	
6.11091234e+000	2.65450905e-006	-2.65443504e-006	1.98219011e-008	
6.21109123e+000	2.70673104e-006	-2.70664755e-006	2.12602731e-008	
6.31127013e+000	2.75895343e-006	-2.75886005e-006	2.26986450e-008	
6.41144902e+000	2.81270859e-006	-2.81260474e-006	2.41701044e-008	
6.51162791e+000	2.88537003e-006	-2.88525244e-006	2.60497741e-008	
6.61180680e+000	2.95803199e-006	-2.95790013e-006	2.79294438e-008	
6.71198569e+000	3.04047551e-006	-3.04033020e-006	2.97249725e-008	
6.81216458e+000	3.11934276e-006	-3.11918769e-006	3.11032472e-008	
6.91234347e+000	3.19205185e-006	-3.19189017e-006	3.21281225e-008	
7.01252236e+000	3.26476098e-006	-3.26459264e-006	3.31529978e-008	
7.11270125e+000	3.34467629e-006	-3.34451213e-006	3.31380201e-008	
7.21288014e+000	3.39120177e-006	-3.39105879e-006	3.11397000e-008	
7.31305903e+000	3.47739813e-006	-3.47730190e-006	2.58699355e-008	
7.41323792e+000	3.56514188e-006	-3.56508665e-006	1.98440261e-008	
7.51341682e+000	3.75425973e-006	-3.75425973e-006	4.96299080e-011	
7.61359571e+000	3.93640523e-006	-3.93614372e-006	-4.53735775e-008	
7.71377460e+000	4.34328782e-006	-4.33955732e-006	-1.79976121e-007	
7.81395349e+000	4.12865365e-006	-4.12851134e-006	3.42786354e-008	
7.91413238e+000	8.39966636e-007	-5.47808669e-007	6.36749253e-007	
8.01431127e+000	1.63278142e-007	-8.17961950e-008	1.41312187e-007	
8.11449016e+000	1.24875125e-007	-8.49310457e-008	9.15451493e-008	
8.21466905e+000	8.19687461e-008	-6.26768444e-008	5.28250747e-008	
8.31484794e+000	5.53756133e-008	-3.54024524e-008	4.25808045e-008	
8.41502683e+000	5.28519455e-008	-4.77610108e-008	2.26321450e-008	
8.51520572e+000	2.55892983e-008	-1.37680817e-008	2.15697036e-008	
8.61538462e+000	3.44426847e-008	-3.17210825e-008	1.34190705e-008	
8.71556351e+000	1.50671393e-008	-8.85406519e-009	1.21911532e-008	
8.81574240e+000	1.71750364e-008	-1.64509428e-008	4.93440545e-009	
8.91592129e+000	6.83088934e-009	-5.48846974e-009	4.06666313e-009	
9.01610018e+000	8.33465228e-009	5.70445117e-009	6.07664920e-009	
9.11627907e+000	4.89170773e-009	4.63079443e-009	1.57624473e-009	
9.21645796e+000	3.72341709e-009	4.36492290e-010	-3.69774381e-009	
9.31663685e+000	8.32360231e-009	4.56813323e-009	-6.95805391e-009	
9.41681574e+000	7.20770856e-009	6.86610256e-010	-7.17493059e-009	
9.51699463e+000	1.61070360e-008	8.72096881e-009	-1.35418356e-008	
9.61717352e+000	2.95932842e-008	2.15525315e-008	-2.02793210e-008	
9.71735242e+000	3.57910444e-008	2.02066030e-008	-2.95413618e-008	
9.81753131e+000	1.33053857e-007	6.87323483e-008	-1.13926262e-007	
9.91771020e+000	7.00581102e-007	6.82367102e-007	-1.58710487e-007	
1.00178891e+001	9.06998475e-007	9.05855699e-007	4.55157912e-008	
1.01180680e+001	6.90413256e-007	6.90177525e-007	-1.80401948e-008	
1.02182469e+001	6.06138428e-007	6.05101504e-007	-3.54395755e-008	
1.03184258e+001	5.48627952e-007	5.46598922e-007	-4.71407280e-008	
1.04186047e+001	5.52479766e-007	5.49762399e-007	-5.47283871e-008	
1.05187835e+001	5.67872972e-007	5.64514524e-007	-6.16689918e-008	
1.06189624e+001	6.14092785e-007	6.10530085e-007	-6.60527355e-008	
1.07191413e+001	6.61520724e-007	6.57785393e-007	-7.02000344e-008	
1.08193202e+001	7.24646997e-007	7.20778743e-007	-7.47748222e-008	
1.09194991e+001	7.72114944e-007	7.68178386e-007	-7.78681844e-008	
1.10196780e+001	7.89375988e-007	7.85077831e-007	-8.22632922e-008	
1.11198569e+001	7.84857431e-007	7.79810032e-007	-8.88678866e-008	
1.12200358e+001	7.57090800e-007	7.50707015e-007	-9.81094159e-008	
1.13202147e+001	7.75640511e-007	7.67446270e-007	-1.12447433e-007	
1.14203936e+001	8.43492099e-007	8.33588807e-007	-1.28874442e-007	
1.15205725e+001	9.45910247e-007	9.33803469e-007	-1.50855155e-007	
1.16207513e+001	1.01961002e-006	1.00513047e-006	-1.71223021e-007	
1.17209302e+001	1.17157273e-006	1.15448092e-006	-1.99390204e-007	
1.18211091e+001	1.43192886e-006	1.41105258e-006	-2.43620335e-007	
1.19212880e+001	1.74912923e-006	1.72376420e-006	-2.96799693e-007	
1.20214669e+001	2.08915318e-006	2.05899569e-006	-3.53691608e-007	
1.21216458e+001	2.55023304e-006	2.51717173e-006	-4.09310503e-007	
1.22218247e+001	3.34337480e-006	3.30668944e-006	-4.93923072e-007	
1.23220036e+001	3.92443264e-006	3.88731615e-006	-5.38465140e-007	
1.24221825e+001	4.27982511e-006	4.24535583e-006	-5.42085668e-007	
1.25223614e+001	4.55621135e-006	4.52625075e-006	-5.21647359e-007	
1.26225403e+001	4.79058597e-006	4.76228181e-006	-5.19986402e-007	
1.27227191e+001	4.15062927e-006	4.12089331e-006	-4.95945199e-007	
1.28228980e+001	3.29775075e-006	3.26517406e-006	-4.62383347e-007	
1.29230769e+001	2.35698779e-006	2.31972246e-006	-4.17467555e-007	
1.30232558e+001	1.61911139e-006	1.57430523e-006	-3.78265452e-007	
1.31234347e+001	2.89166554e-007	-2.17778308e-008	-2.88345317e-007	
1.32236136e+001	7.71891733e-007	-7.43330289e-007	-2.08031076e-007	
1.33237925e+001	1.12180065e-006	-1.11467657e-006	-1.26225378e-007	
1.34239714e+001	2.03114736e-006	-2.03080842e-006	3.71047786e-008	
1.35241503e+001	8.57968191e-007	-8.32246011e-007	2.08508979e-007	
1.36243292e+001	3.30608551e-007	2.55125414e-007	2.10268964e-007	
1.37245081e+001	2.06489795e-006	2.06488151e-006	-8.23990660e-009	
1.38246869e+001	3.21212569e-006	3.20688735e-006	-1.83371181e-007	
1.39248658e+001	4.14276335e-006	4.12736243e-006	-3.56885954e-007	
1.40250447e+001	5.61607056e-006	5.58480308e-006	-5.91796536e-007	
1.41252236e+001	6.64407810e-006	6.60091417e-006	-7.56112373e-007	
1.42254025e+001	7.46521091e-006	7.40970158e-006	-9.08678439e-007	
1.43255814e+001	8.92998936e-006	8.85828043e-006	-1.12941479e-006	
1.44257603e+001	1.11391954e-005	1.10548920e-005	-1.36785878e-006	
1.45259392e+001	1.27066867e-005	1.26057354e-005	-1.59853761e-006	
1.46261181e+001	1.49816153e-005	1.48515831e-005	-1.96958790e-006	
1.47262970e+001	1.80989731e-005	1.79326950e-005	-2.44770837e-006	
1.48264758e+001	2.09903366e-005	2.07848729e-005	-2.92972495e-006	
1.49266547e+001	2.77844883e-005	2.75203358e-005	-3.82215974e-006	
1.50268336e+001	3.66174622e-005	3.63204766e-005	-4.65419316e-006	
1.51270125e+001	4.55431903e-005	4.51416662e-005	-6.03424908e-006	
1.52271914e+001	6.11517968e-005	6.07016659e-005	-7.40607898e-006	
1.53273703e+001	8.81176786e-005	8.76998251e-005	-8.57122864e-006	
1.54275492e+001	1.19302259e-004	1.19120317e-004	-6.58627119e-006	
1.55277281e+001	1.45054278e-004	1.45011241e-004	-3.53324019e-006	
1.56279070e+001	1.65459387e-004	1.65459026e-004	3.45526978e-007	
1.57280859e+001	1.76716192e-004	1.76699053e-004	2.46115678e-006	
1.58282648e+001	1.77738705e-004	1.77710656e-004	3.15753156e-006	
1.59284436e+001	1.78396759e-004	1.78359900e-004	3.62621473e-006	
1.60286225e+001	1.70910423e-004	1.70880033e-004	3.22286991e-006	
1.61288014e+001	1.67618448e-004	1.67593615e-004	2.88520182e-006	
1.62289803e+001	1.67549132e-004	1.67524484e-004	2.87378301e-006	
1.63291592e+001	1.67479816e-004	1.67455354e-004	2.86236419e-006	
1.64293381e+001	1.67285110e-004	1.67262935e-004	2.72366807e-006	
1.65295170e+001	1.67035837e-004	1.67016685e-004	2.52939782e-006	
1.66296959e+001	1.66786781e-004	1.66770434e-004	2.33512757e-006	
1.67298748e+001	1.66778755e-004	1.66764629e-004	2.17068209e-006	
1.68300537e+001	1.68047202e-004	1.68034079e-004	2.10008034e-006	
1.69302326e+001	1.69790512e-004	1.69778731e-004	2.00012030e-006	
1.70304114e+001	1.71533908e-004	1.71523383e-004	1.90016026e-006	
1.71305903e+001	1.73277386e-004	1.73268035e-004	1.80020021e-006	
1.72307692e+001	1.74840593e-004	1.74832383e-004	1.69437083e-006	
1.73309481e+001	1.78331486e-004	1.78323891e-004	1.64588040e-006	
1.74311270e+001	1.82591976e-004	1.82584789e-004	1.62005478e-006	
1.75313059e+001	1.86852488e-004	1.86845687e-004	1.59422917e-006	
1.76314848e+001	1.91113021e-004	1.91106585e-004	1.56840355e-006	
1.77316637e+001	1.95373573e-004	1.95367483e-004	1.54257793e-006	
1.78318426e+001	1.99634143e-004	1.99628381e-004	1.51675232e-006	
1.79320215e+001	2.03894730e-004	2.03889279e-004	1.49092670e-006	
1.80322004e+001	2.10170339e-004	2.10165089e-004	1.48556728e-006	
1.81323792e+001	2.14705044e-004	2.14700160e-004	1.44817600e-006	
1.82325581e+001	2.18889720e-004	2.18885210e-004	1.40505640e-006	
1.83327370e+001	2.23074419e-004	2.23070261e-004	1.36193680e-006	
1.84329159e+001	2.28613698e-004	2.28609929e-004	1.31270428e-006	
1.85330948e+001	2.36366433e-004	2.36363109e-004	1.25348294e-006	
1.86332737e+001	2.44119209e-004	2.44116288e-004	1.19426160e-006	
1.87334526e+001	2.51972606e-004	2.51970013e-004	1.14310524e-006	
1.88336315e+001	2.61707294e-004	2.61704750e-004	1.15408610e-006	
1.89338104e+001	2.68970740e-004	2.68968974e-004	9.74724012e-007	
1.90339893e+001	2.76180924e-004	2.76179786e-004	7.92542375e-007	
1.91341682e+001	2.83391256e-004	2.83390599e-004	6.10360737e-007	
1.92343470e+001	2.92309296e-004	2.92308943e-004	4.54616434e-007	
1.93345259e+001	3.01878205e-004	3.01878202e-004	-3.83236289e-008	
1.94347048e+001	3.05744766e-004	3.05743975e-004	-6.95403318e-007	
1.95348837e+001	3.08141425e-004	3.08139355e-004	-1.12949638e-006	
1.96350626e+001	3.10538671e-004	3.10534735e-004	-1.56358944e-006	
1.97352415e+001	3.12936491e-004	3.12930115e-004	-1.99768250e-006	
1.98354204e+001	3.15334872e-004	3.15325495e-004	-2.43177555e-006	
1.99355993e+001	3.10015999e-004	3.09995678e-004	-3.54957626e-006	
2.00357782e+001	2.99220206e-004	2.99191204e-004	-4.16595833e-006	
2.01359571e+001	2.88023127e-004	2.87985125e-004	-4.67859860e-006	
2.02361360e+001	2.78253977e-004	2.78206826e-004	-5.12231337e-006	
2.03363148e+001	2.69299913e-004	2.69243196e-004	-5.52670024e-006	
2.04364937e+001	2.60347135e-004	2.60279567e-004	-5.93108710e-006	
2.05366726e+001	2.42241632e-004	2.42168354e-004	-5.95789146e-006	
2.06368515e+001	2.18532256e-004	2.18456504e-004	-5.75351976e-006	
2.07370304e+001	1.95653578e-004	1.95574870e-004	-5.54913386e-006	
2.08372093e+001	1.75918829e-004	1.75841975e-004	-5.19944522e-006	
2.09373882e+001	1.54202476e-004	1.54132108e-004	-4.65798634e-006	
2.10375671e+001	1.32486210e-004	1.32422241e-004	-4.11652747e-006	
2.11377460e+001	1.13070816e-004	1.13013207e-004	-3.60893199e-006	
2.12379249e+001	8.67304517e-005	8.66866403e-005	-2.75638385e-006	
2.13381038e+001	6.03900907e-005	6.03600734e-005	-1.90383571e-006	
2.14382826e+001	3.56134116e-005	3.55960650e-005	-1.11141416e-006	
2.15384615e+001	1.13968168e-005	1.13917283e-005	-3.40528533e-007	
2.16386404e+001	1.35471242e-005	-1.35382795e-005	4.89449918e-007	
2.17388193e+001	3.95142542e-005	-3.94898655e-005	1.38809594e-006	
2.18389982e+001	6.28288031e-005	-6.27919595e-005	2.15135223e-006	
2.19391771e+001	8.27650620e-005	-8.27193439e-005	2.75057147e-006	
2.20393560e+001	1.02935119e-004	-1.02880479e-004	3.35347660e-006	
2.21395349e+001	1.23255595e-004	-1.23192004e-004	3.95875317e-006	
2.22397138e+001	1.42253004e-004	-1.42182393e-004	4.48155994e-006	
2.23398927e+001	1.65878697e-004	-1.65803537e-004	4.99291173e-006	
2.24400716e+001	1.91789103e-004	-1.91708776e-004	5.55026253e-006	
2.25402504e+001	2.17699707e-004	-2.17614015e-004	6.10761333e-006	
2.26404293e+001	2.32167671e-004	-2.32084958e-004	6.19676627e-006	
2.27406082e+001	2.42594219e-004	-2.42522272e-004	5.90785292e-006	
2.28407871e+001	2.53758611e-004	-2.53697239e-004	5.58065522e-006	
2.29409660e+001	2.64924299e-004	-2.64872205e-004	5.25345753e-006	
2.30411449e+001	2.76122511e-004	-2.76078521e-004	4.92862318e-006	
2.31413238e+001	2.89806490e-004	-2.89767325e-004	4.76431779e-006	
2.32415027e+001	2.97542837e-004	-2.97518433e-004	3.81073968e-006	
2.33416816e+001	3.05282912e-004	-3.05269541e-004	2.85716158e-006	
2.34418605e+001	3.13026438e-004	-3.13020649e-004	1.90358348e-006	
2.35420394e+001	3.18010194e-004	-3.18008001e-004	1.18115709e-006	
2.36422182e+001	3.12424903e-004	-3.12423802e-004	8.29581961e-007	
2.37423971e+001	3.05236249e-004	-3.05235913e-004	4.53062227e-007	
2.38425760e+001	2.98048034e-004	-2.98048024e-004	7.65424926e-008	
2.39427549e+001	2.90860290e-004	-2.90860135e-004	-2.99977241e-007	
2.40429338e+001	2.84370390e-004	-2.84369914e-004	-5.20399279e-007	
2.41431127e+001	2.78389253e-004	-2.78388547e-004	-6.26968985e-007	
2.42432916e+001	2.70535019e-004	-2.70533906e-004	-7.76031807e-007	
2.43434705e+001	2.62210798e-004	-2.62209128e-004	-9.35759161e-007	
2.44436494e+001	2.52601473e-004	-2.52599595e-004	-9.73977025e-007	
2.45438283e+001	2.43354981e-004	-2.43353082e-004	-9.61530404e-007	
2.46440072e+001	2.35942879e-004	-2.35940769e-004	-9.97908749e-007	
2.47441860e+001	2.28530796e-004	-2.28528456e-004	-1.03428709e-006	
2.48443649e+001	2.21405372e-004	-2.21402840e-004	-1.05885556e-006	
2.49445438e+001	2.16116437e-004	-2.16113875e-004	-1.05231710e-006	
2.50447227e+001	2.10827503e-004	-2.10824909e-004	-1.04577864e-006	
2.51449016e+001	2.05538572e-004	-2.05535944e-004	-1.03924018e-006	
2.52450805e+001	2.00249642e-004	-2.00246979e-004	-1.03270172e-006	
2.53452594e+001	1.95728688e-004	-1.95725999e-004	-1.02601769e-006	
2.54454383e+001	1.91424210e-004	-1.91421496e-004	-1.01929262e-006	
2.55456172e+001	1.87119732e-004	-1.87116993e-004	-1.01256756e-006	
2.56457961e+001	1.82815257e-004	-1.82812490e-004	-1.00584249e-006	
2.57459750e+001	1.78280897e-004	-1.78278103e-004	-9.98116714e-007	
2.58461538e+001	1.73538613e-004	-1.73535792e-004	-9.89485812e-007	
2.59463327e+001	1.68796331e-004	-1.68793481e-004	-9.80854910e-007	
2.60465116e+001	1.64945752e-004	-1.64942857e-004	-9.77256752e-007	
2.61466905e+001	1.61106114e-004	-1.61103219e-004	-9.65839844e-007	
2.62468694e+001	1.57492853e-004	-1.57489928e-004	-9.59915015e-007	
2.63470483e+001	1.53879593e-004	-1.53876636e-004	-9.53990186e-007	
2.64472272e+001	1.50266335e-004	-1.50263344e-004	-9.48065357e-007	
2.65474061e+001	1.46653079e-004	-1.46650053e-004	-9.42140528e-007	
2.66475850e+001	1.43039825e-004	-1.43036761e-004	-9.36215699e-007	
2.67477639e+001	1.39426573e-004	-1.39423469e-004	-9.30290870e-007	
2.68479428e+001	1.35896316e-004	-1.35893287e-004	-9.07407977e-007	
2.69481216e+001	1.32067106e-004	-1.32064197e-004	-8.76553103e-007	
2.70483005e+001	1.27981099e-004	-1.27978311e-004	-8.44706882e-007	
2.71484794e+001	1.23895092e-004	-1.23892425e-004	-8.12860662e-007	
2.72486583e+001	1.19809085e-004	-1.19806539e-004	-7.81014441e-007	
2.73488372e+001	1.14647693e-004	-1.14645477e-004	-7.12851386e-007	
2.74490161e+001	1.08069919e-004	-1.08068271e-004	-5.96854477e-007	
2.75491950e+001	1.01464116e-004	-1.01462995e-004	-4.77039895e-007	
2.76493739e+001	9.34115563e-005	-9.34110474e-005	-3.08343995e-007	
2.77495528e+001	8.62525338e-005	-8.62523658e-005	-1.70264737e-007	
2.78497317e+001	7.91664640e-005	-7.91664565e-005	-3.45157209e-008	
2.79499106e+001	6.99062273e-005	-6.99060111e-005	1.73865872e-007	
2.80500894e+001	6.03347767e-005	-6.03336871e-005	3.62592511e-007	
2.81502683e+001	5.38955173e-005	-5.38935885e-005	4.55960516e-007	
2.82504472e+001	4.74566693e-005	-4.74534899e-005	5.49328521e-007	
2.83506261e+001	4.05180498e-005	-4.05129912e-005	6.40240051e-007	
2.84508050e+001	3.20650418e-005	-3.20568736e-005	7.23711373e-007	
2.85509839e+001	2.78305635e-005	-2.78214639e-005	7.11628436e-007	
2.86511628e+001	2.36104483e-005	-2.36000922e-005	6.99227688e-007	
2.87513417e+001	1.90898610e-005	-1.90770020e-005	7.00563414e-007	
2.88515206e+001	1.48725349e-005	-1.48553661e-005	7.14418177e-007	
2.89516995e+001	1.34892235e-005	-1.34718998e-005	6.83423106e-007	
2.90518784e+001	1.23535313e-005	-1.23366271e-005	6.46039678e-007	
2.91520572e+001	1.12178788e-005	-1.12013545e-005	6.08656250e-007	
2.92522361e+001	1.00822793e-005	-1.00660818e-005	5.71272822e-007	
2.93524150e+001	8.94675301e-006	-8.93080912e-006	5.33889394e-007	
2.94525939e+001	8.26132900e-006	-8.24488484e-006	5.20990289e-007	
2.95527728e+001	7.59348406e-006	-7.57640263e-006	5.09041576e-007	
2.96529517e+001	6.92578269e-006	-6.90792042e-006	4.97092863e-007	
2.97531306e+001	6.31462797e-006	-6.29600770e-006	4.84575480e-007	
2.98533095e+001	6.35288855e-006	-6.33581064e-006	4.65506664e-007	
2.99534884e+001	6.39122486e-006	-6.37561357e-006	4.46437849e-007	
3.00536673e+001	6.42963555e-006	-6.41541651e-006	4.27369034e-007	
3.01538462e+001	6.21952810e-006	-6.20570332e-006	4.14458785e-007	
3.02540250e+001	5.89495309e-006	-5.88106662e-006	4.04385084e-007	
3.03542039e+001	5.57040348e-006	-5.55642992e-006	3.94311382e-007	
3.04543828e+001	5.29085217e-006	-5.27690031e-006	3.83978968e-007	
3.05545617e+001	5.41207252e-006	-5.39931799e-006	3.71341171e-007	
3.06547406e+001	5.53337446e-006	-5.52173567e-006	3.58703374e-007	
3.07549195e+001	5.65475272e-006	-5.64415335e-006	3.46065577e-007	
3.08550984e+001	5.72524203e-006	-5.71548106e-006	3.34174434e-007	
3.09552773e+001	5.64631378e-006	-5.63698294e-006	3.24472916e-007	
3.10554562e+001	5.67744754e-006	-5.66868866e-006	3.15244987e-007	
3.11556351e+001	5.73815098e-006	-5.72997839e-006	3.06144192e-007	
3.12558140e+001	5.75783671e-006	-5.75021900e-006	2.96082781e-007	
3.13559928e+001	5.75941191e-006	-5.75232648e-006	2.85597026e-007	
3.14561717e+001	5.76100653e-006	-5.75443395e-006	2.75111271e-007	
3.15563506e+001	5.74888043e-006	-5.74277756e-006	2.64824801e-007	
3.16565295e+001	5.70056997e-006	-5.69478560e-006	2.56739084e-007	
3.17567084e+001	5.67428104e-006	-5.66870994e-006	2.51381902e-007	
3.18568873e+001	5.65932045e-006	-5.65398524e-006	2.45680431e-007	
3.19570662e+001	5.64436439e-006	-5.63926054e-006	2.39978960e-007	
3.20572451e+001	5.63413807e-006	-5.62927798e-006	2.33968281e-007	
3.21574240e+001	5.62545544e-006	-5.62083892e-006	2.27856961e-007	
3.22576029e+001	5.61492217e-006	-5.61053641e-006	2.21883115e-007	
3.23577818e+001	5.58200337e-006	-5.57785312e-006	2.15211918e-007	
3.24579606e+001	5.53082071e-006	-5.52692338e-006	2.07595028e-007	
3.25581395e+001	5.47964393e-006	-5.47599364e-006	1.99978137e-007	
3.26583184e+001	5.42847318e-006	-5.42506389e-006	1.92361246e-007	
3.27584973e+001	5.39457368e-006	-5.39134860e-006	1.86508720e-007	
3.28586762e+001	5.36830390e-006	-5.36523476e-006	1.81501339e-007	
3.29588551e+001	5.35034182e-006	-5.34739651e-006	1.77505231e-007	
3.30590340e+001	5.33238189e-006	-5.32955826e-006	1.73509124e-007	
3.31592129e+001	5.30946033e-006	-5.30678586e-006	1.68501748e-007	
3.32593918e+001	5.26654018e-006	-5.26401156e-006	1.63179999e-007	
3.33595707e+001	5.20845062e-006	-5.20605530e-006	1.57943236e-007	
3.34597496e+001	5.15036338e-006	-5.14809904e-006	1.52706473e-007	
3.35599284e+001	5.09977548e-006	-5.09763043e-006	1.47898719e-007	
3.36601073e+001	5.06578805e-006	-5.06375879e-006	1.43372088e-007	
3.37602862e+001	5.03055858e-006	-5.02864447e-006	1.38760402e-007	
3.38604651e+001	4.99533175e-006	-4.99353015e-006	1.34148715e-007	
3.39606440e+001	4.96033614e-006	-4.95863431e-006	1.29924669e-007	
3.40608229e+001	4.92569819e-006	-4.92407859e-006	1.26304120e-007	
3.41610018e+001	4.89127099e-006	-4.88973201e-006	1.22689688e-007	
3.42611807e+001	4.87682424e-006	-4.87535602e-006	1.19659482e-007	
3.43613596e+001	4.86237896e-006	-4.86098002e-006	1.16629276e-007	
3.44615385e+001	4.82268536e-006	-4.82136396e-006	1.12887446e-007	
3.45617174e+001	4.76643965e-006	-4.76520050e-006	1.08679073e-007	
3.46618962e+001	4.71314601e-006	-4.71197961e-006	1.04849791e-007	
3.47620751e+001	4.66137777e-006	-4.66027874e-006	1.01216335e-007	
3.48622540e+001	4.60927684e-006	-4.60824451e-006	9.75478444e-008	
3.49624329e+001	4.55633576e-006	-4.55537032e-006	9.37910801e-008	
3.50626118e+001	4.50387352e-006	-4.50296902e-006	9.02592111e-008	
3.51627907e+001	4.46153491e-006	-4.46068548e-006	8.70562937e-008	
3.52629696e+001	4.43920593e-006	-4.43840253e-006	8.44524288e-008	
3.53631485e+001	4.41713188e-006	-4.41637030e-006	8.20210102e-008	
3.54633274e+001	4.39633849e-006	-4.39561777e-006	7.96022250e-008	
3.55635063e+001	4.37730779e-006	-4.37662695e-006	7.72008316e-008	
3.56636852e+001	4.35827806e-006	-4.35763614e-006	7.47994382e-008	
3.57638640e+001	4.33790636e-006	-4.33730347e-006	7.23200564e-008	
3.58640429e+001	4.30399121e-006	-4.30343471e-006	6.92100530e-008	
3.59642218e+001	4.27261634e-006	-4.27210435e-006	6.61426170e-008	
3.60644007e+001	4.24124304e-006	-4.24077399e-006	6.30751810e-008	
3.61645796e+001	4.20987134e-006	-4.20944364e-006	6.00077450e-008	
3.62647585e+001	4.19873210e-006	-4.19832917e-006	5.81673223e-008	
3.63649374e+001	4.18954013e-006	-4.18916006e-006	5.64307071e-008	
3.64651163e+001	4.18034877e-006	-4.17999096e-006	5.46940919e-008	
3.65652952e+001	4.17115804e-006	-4.17082185e-006	5.29574768e-008	
3.66654741e+001	4.16196794e-006	-4.16165274e-006	5.12208616e-008	
3.67656530e+001	4.15277847e-006	-4.15248364e-006	4.94842464e-008	
3.68658318e+001	4.14335216e-006	-4.14307934e-006	4.75468759e-008	
3.69660107e+001	4.13384605e-006	-4.13359518e-006	4.55413263e-008	
3.70661896e+001	4.12434080e-006	-4.12411102e-006	4.35357767e-008	
3.71663685e+001	4.11634850e-006	-4.11613747e-006	4.16809576e-008	
3.72665474e+001	4.10843089e-006	-4.10823779e-006	3.98335098e-008	
3.73667263e+001	4.10211723e-006	-4.10194122e-006	3.80002155e-008	
3.74669052e+001	4.11230875e-006	-4.11214842e-006	3.63126297e-008	
3.75670841e+001	4.13771765e-006	-4.13757486e-006	3.43748689e-008	
3.76672630e+001	4.17351651e-006	-4.17339178e-006	3.22663087e-008	
3.77674419e+001	4.20931673e-006	-4.20920869e-006	3.01577486e-008	
3.78676208e+001	4.24179510e-006	-4.24170207e-006	2.80919921e-008	
3.79677996e+001	4.26862993e-006	-4.26855015e-006	2.60989414e-008	
3.80679785e+001	4.30342971e-006	-4.30336539e-006	2.35276716e-008	
3.81681574e+001	4.33486267e-006	-4.33481113e-006	2.11397603e-008	
3.82683363e+001	4.36629713e-006	-4.36625686e-006	1.87518491e-008	
3.83685152e+001	4.39773304e-006	-4.39770260e-006	1.63639378e-008	
3.84686941e+001	4.42917038e-006	-4.42914833e-006	1.39760265e-008	
3.85688730e+001	4.49558532e-006	-4.49557113e-006	1.12950893e-008	
3.86690519e+001	4.56731090e-006	-4.56730273e-006	8.63554239e-009	
3.87692308e+001	4.63903819e-006	-4.63903434e-006	5.97599547e-009	
3.88694097e+001	4.71076711e-006	-4.71076595e-006	3.31644854e-009	
3.89695886e+001	4.84131360e-006	-4.84131315e-006	-2.08537813e-009	
3.90697674e+001	4.99127125e-006	-4.99126419e-006	-8.39190934e-009	
3.91699463e+001	5.13559580e-006	-5.13557810e-006	-1.34832640e-008	
3.92701252e+001	5.26734977e-006	-5.26732587e-006	-1.58657846e-008	
3.93703041e+001	5.39910449e-006	-5.39907365e-006	-1.82483053e-008	
3.94704830e+001	5.53085991e-006	-5.53082143e-006	-2.06308259e-008	
3.95706619e+001	5.66261597e-006	-5.66256921e-006	-2.30133465e-008	
3.96708408e+001	5.95540864e-006	-5.95530500e-006	-3.51347315e-008	
3.97710197e+001	6.30543722e-006	-6.30530903e-006	-4.02065884e-008	
3.98711986e+001	6.54980241e-006	-6.54968067e-006	-3.99333044e-008	
3.99713775e+001	6.76245576e-006	-6.76234781e-006	-3.82110134e-008	
4.00715564e+001	7.01817732e-006	-7.01810408e-006	-3.20642805e-008	
4.01717352e+001	7.27801222e-006	-7.27799332e-006	-1.65866533e-008	
4.02719141e+001	6.97249052e-006	-6.97235453e-006	4.35462311e-008	
4.03720930e+001	6.92141233e-006	-6.92078973e-006	9.28341548e-008	
4.04722719e+001	6.07269257e-006	-6.06622357e-006	2.80226143e-007	
4.05724508e+001	4.87065579e-006	-4.85278689e-006	4.16829928e-007	
4.06726297e+001	3.50003926e-006	-3.47261004e-006	4.37326363e-007	
4.07728086e+001	2.49221577e-006	-2.46426855e-006	3.72182641e-007	
4.08729875e+001	1.91036547e-006	-1.88737319e-006	2.95497298e-007	
4.09731664e+001	1.43290288e-006	-1.41418769e-006	2.30832957e-007	
4.10733453e+001	1.04675012e-006	-1.03257751e-006	1.71666846e-007	
4.11735242e+001	8.77225600e-007	-8.65746987e-007	1.41445780e-007	
4.12737030e+001	7.04892543e-007	-6.95796897e-007	1.12872389e-007	
4.13738819e+001	5.98063523e-007	-5.91169595e-007	9.05455022e-008	
4.14740608e+001	4.78960018e-007	-4.73337899e-007	7.31705739e-008	
4.15742397e+001	4.03736812e-007	-3.99381339e-007	5.91435468e-008	
4.16744186e+001	3.28886585e-007	-3.25556323e-007	4.66847520e-008	
4.17745975e+001	2.76754970e-007	-2.74233742e-007	3.72715482e-008	
4.18747764e+001	2.30808360e-007	-2.29069619e-007	2.82773542e-008	
4.19749553e+001	1.82420850e-007	-1.81401106e-007	1.92615012e-008	
4.20751342e+001	1.41820220e-007	-1.41521430e-007	9.20107642e-009	
4.21753131e+001	9.11148536e-008	-9.10967531e-008	-1.81607115e-009	
4.22754919e+001	2.28025734e-008	-9.37163064e-009	-2.07877342e-008	
4.23756708e+001	8.47148053e-008	7.86163710e-008	-3.15604889e-008	
4.24758497e+001	1.59621823e-007	1.56430801e-007	-3.17573760e-008	
4.25760286e+001	2.07726662e-007	2.06185961e-007	-2.52530323e-008	
4.26762075e+001	1.98958704e-007	1.98433906e-007	-1.44412804e-008	
4.27763864e+001	1.62769487e-007	1.62724552e-007	-3.82437036e-009	
4.28765653e+001	5.75656999e-008	5.68204359e-008	9.23297728e-009	
4.29767442e+001	3.14829654e-008	-2.62419446e-008	1.73936038e-008	
4.30769231e+001	1.24855989e-007	-1.22235645e-007	2.54453337e-008	
4.31771020e+001	2.10494970e-007	-2.07987841e-007	3.23912053e-008	
4.32772809e+001	2.46868801e-007	-2.44355811e-007	3.51346405e-008	
4.33774597e+001	2.86349868e-007	-2.83821712e-007	3.79668688e-008	
4.34776386e+001	2.67260254e-007	-2.64395899e-007	3.90237333e-008	
4.35778175e+001	2.54933724e-007	-2.51871439e-007	3.93951965e-008	
4.36779964e+001	2.22454981e-007	-2.19177130e-007	3.80473958e-008	
4.37781753e+001	1.82017216e-007	-1.78728017e-007	3.44465201e-008	
4.38783542e+001	1.47136973e-007	-1.44096343e-007	2.97579000e-008	
4.39785331e+001	1.15399021e-007	-1.12884814e-007	2.39573130e-008	
4.40787120e+001	9.12124908e-008	-8.91656696e-008	1.92146256e-008	
4.41788909e+001	7.24251852e-008	-7.06768600e-008	1.58173608e-008	
4.42790698e+001	5.98538994e-008	-5.83927298e-008	1.31445194e-008	
4.43792487e+001	4.85828803e-008	-4.73473079e-008	1.08870884e-008	
4.44794275e+001	3.92265624e-008	-3.82088384e-008	8.87737928e-009	
4.45796064e+001	3.65286935e-008	-3.56782991e-008	7.83609746e-009	
4.46797853e+001	3.42908077e-008	-3.35974697e-008	6.86072304e-009	
4.47799642e+001	3.35275283e-008	-3.29840950e-008	6.01204015e-009	
4.48801431e+001	3.28786884e-008	-3.24198729e-008	5.47357249e-009	
4.49803220e+001	3.19986513e-008	-3.16193789e-008	4.91208338e-009	
4.50805009e+001	3.14613217e-008	-3.11259827e-008	4.58126217e-009	
4.51806798e+001	2.91826112e-008	-2.89010332e-008	4.04414142e-009	
4.52808587e+001	2.62651309e-008	-2.59789254e-008	3.86685048e-009	
4.53810376e+001	2.40157395e-008	-2.37395266e-008	3.63188928e-009	
4.54812165e+001	2.27959369e-008	-2.25665685e-008	3.22563559e-009	
4.55813953e+001	2.26431411e-008	-2.24687402e-008	2.80491595e-009	
4.56815742e+001	2.29380373e-008	-2.28098997e-008	2.42116340e-009	
4.57817531e+001	2.81548661e-008	-2.80943683e-008	1.84470974e-009	
4.58819320e+001	3.51062044e-008	-3.50918457e-008	1.00396657e-009	
4.59821109e+001	5.14346539e-008	-5.13566188e-008	-2.83219557e-009	
4.60822898e+001	4.14090500e-008	-4.04512141e-008	8.85486856e-009	
4.61824687e+001	6.31511655e-009	-2.89427990e-009	5.61282825e-009	
4.62826476e+001	9.07307375e-010	2.75020980e-010	8.64621381e-010	
4.63828265e+001	1.12246393e-009	-1.12125297e-009	-5.21252401e-011	
4.64830054e+001	8.52383942e-010	6.78549233e-010	-5.15877236e-010	
4.65831843e+001	2.43254264e-009	2.38797748e-009	-4.63494628e-010	
4.66833631e+001	1.56735865e-009	8.51881690e-010	-1.31564080e-009	
4.67835420e+001	1.96073185e-009	1.20608181e-009	-1.54590946e-009	
4.68837209e+001	2.43826164e-009	1.72076853e-009	-1.72744768e-009	
4.69838998e+001	2.46295214e-009	1.52447336e-009	-1.93445450e-009	
4.70840787e+001	4.93005303e-009	4.03960743e-009	-2.82612714e-009	
4.71842576e+001	3.76030101e-009	1.67072103e-009	-3.36876163e-009	
4.72844365e+001	6.43044645e-009	4.69009224e-009	-4.39928134e-009	
4.73846154e+001	5.81562693e-009	2.33228412e-009	-5.32747289e-009	
4.74847943e+001	9.68787918e-009	7.74441154e-009	-5.82057496e-009	
4.75849732e+001	1.08950403e-008	7.39857125e-009	-7.99769008e-009	
4.76851521e+001	1.37077394e-008	7.24250766e-009	-1.16382216e-008	
4.77853309e+001	2.29217819e-008	1.90479045e-008	-1.27508988e-008	
4.78855098e+001	3.16985333e-008	2.02539841e-008	-2.43838706e-008	
4.79856887e+001	4.46652643e-008	2.59410800e-008	-3.63599533e-008	
4.80858676e+001	2.13579575e-007	1.38762969e-007	-1.62360935e-007	
4.81860465e+001	1.05123726e-006	1.05118432e-006	-1.05503417e-008	
4.82862254e+001	1.11693292e-006	1.11586454e-006	4.88414786e-008	
4.83864043e+001	1.00521036e-006	1.00513580e-006	1.22431067e-008	
4.84865832e+001	9.51181244e-007	9.51181049e-007	-6.08598817e-010	
4.85867621e+001	9.32491619e-007	9.32482391e-007	-4.14860497e-009	
4.86869410e+001	8.99603017e-007	8.99565091e-007	-8.26046726e-009	
4.87871199e+001	8.71726940e-007	8.71687474e-007	-8.29486021e-009	
4.88872987e+001	8.60674962e-007	8.60631107e-007	-8.68836915e-009	
4.89874776e+001	8.49623280e-007	8.49574739e-007	-9.08187810e-009	
4.90876565e+001	8.39177376e-007	8.39128916e-007	-9.01827976e-009	
4.91878354e+001	8.28997593e-007	8.28951373e-007	-8.75382377e-009	
4.92880143e+001	8.18817840e-007	8.18773830e-007	-8.48936778e-009	
4.93881932e+001	8.06539217e-007	8.06497680e-007	-8.18534303e-009	
4.94883721e+001	7.83401740e-007	7.83364607e-007	-7.62743068e-009	
4.95885510e+001	7.61469566e-007	7.61435618e-007	-7.19025350e-009	
4.96887299e+001	7.39537461e-007	7.39506628e-007	-6.75307632e-009	
4.97889088e+001	7.17605433e-007	7.17577638e-007	-6.31589914e-009	
4.98890877e+001	6.95490071e-007	6.95465260e-007	-5.87455191e-009	
4.99892665e+001	6.73106685e-007	6.73084806e-007	-5.42710893e-009	
5.00894454e+001	6.56536589e-007	6.56516885e-007	-5.08638280e-009	
5.01896243e+001	6.39560299e-007	6.39542542e-007	-4.76579217e-009	
5.02898032e+001	6.22584069e-007	6.22568199e-007	-4.44520155e-009	
5.03899821e+001	6.05607902e-007	6.05593857e-007	-4.12461092e-009	
5.04901610e+001	5.88631805e-007	5.88619514e-007	-3.80402029e-009	
5.05903399e+001	5.71655784e-007	5.71645171e-007	-3.48342966e-009	
5.06905188e+001	5.54679845e-007	5.54670828e-007	-3.16283903e-009	
5.07906977e+001	5.36963466e-007	5.36955842e-007	-2.86147780e-009	
5.08908766e+001	5.17602067e-007	5.17595611e-007	-2.58538254e-009	
5.09910555e+001	4.98240731e-007	4.98235379e-007	-2.30928729e-009	
5.10912343e+001	4.78879464e-007	4.78875148e-007	-2.03319203e-009	
5.11914132e+001	4.63490674e-007	4.63487024e-007	-1.83947712e-009	
5.12915921e+001	4.49004836e-007	4.49001744e-007	-1.66609966e-009	
5.13917710e+001	4.29517462e-007	4.29514827e-007	-1.50445357e-009	
5.14919499e+001	4.10030108e-007	4.10027909e-007	-1.34280749e-009	
5.15921288e+001	3.92326403e-007	3.92324629e-007	-1.17978883e-009	
5.16923077e+001	3.74809328e-007	3.74807949e-007	-1.01662656e-009	
5.17924866e+001	3.57292288e-007	3.57291269e-007	-8.53464301e-010	
5.18926655e+001	3.42306406e-007	3.42305670e-007	-7.09843940e-010	
5.19928444e+001	3.31552184e-007	3.31551616e-007	-6.13527215e-010	
5.20930233e+001	3.21954599e-007	3.21954158e-007	-5.32422300e-010	
5.21932021e+001	3.12357026e-007	3.12356700e-007	-4.51317385e-010	
5.22933810e+001	2.99124254e-007	2.99123992e-007	-3.95896927e-010	
5.23935599e+001	2.86364856e-007	2.86364657e-007	-3.37057921e-010	
5.24937388e+001	2.74144721e-007	2.74144584e-007	-2.74351569e-010	
5.25939177e+001	2.61924597e-007	2.61924511e-007	-2.11645218e-010	
5.26940966e+001	2.49730346e-007	2.49730301e-007	-1.49329616e-010	
5.27942755e+001	2.40298051e-007	2.40298029e-007	-1.03277970e-010	
5.28944544e+001	2.30966878e-007	2.30966871e-007	-5.67986395e-011	
5.29946333e+001	2.21635713e-007	2.21635713e-007	-1.03193090e-011	
5.30948122e+001	2.12304558e-007	2.12304555e-007	3.61600214e-011	
5.31949911e+001	2.02813796e-007	2.02813782e-007	7.41231689e-011	
5.32951699e+001	1.92959377e-007	1.92959355e-007	9.26835422e-011	
5.33953488e+001	1.83104961e-007	1.83104927e-007	1.11243915e-010	
5.34955277e+001	1.73250548e-007	1.73250499e-007	1.29804289e-010	
5.35957066e+001	1.63245914e-007	1.63245841e-007	1.54862572e-010	
5.36958855e+001	1.53843548e-007	1.53843446e-007	1.77369822e-010	
5.37960644e+001	1.45661870e-007	1.45661755e-007	1.82966609e-010	
5.38962433e+001	1.37195851e-007	1.37195722e-007	1.88400823e-010	
5.39964222e+001	1.28529142e-007	1.28528996e-007	1.93720289e-010	
5.40966011e+001	1.19862435e-007	1.19862270e-007	1.99039756e-010	
5.41967800e+001	1.12279198e-007	1.12279023e-007	1.98653064e-010	
5.42969589e+001	1.05324457e-007	1.05324277e-007	1.94956360e-010	
5.43971377e+001	9.90817970e-008	9.90816065e-008	1.94318384e-010	
5.44973166e+001	9.32608839e-008	9.32606790e-008	1.95492007e-010	
5.45974955e+001	8.74399728e-008	8.74397516e-008	1.96665631e-010	
5.46976744e+001	8.06157786e-008	8.06155562e-008	1.89376592e-010	
5.47978533e+001	7.34608672e-008	7.34606484e-008	1.79297962e-010	
5.48980322e+001	6.63059565e-008	6.63057406e-008	1.69219331e-010	
5.49982111e+001	5.98329231e-008	5.98327211e-008	1.55449728e-010	
5.50983900e+001	5.38103009e-008	5.38101208e-008	1.39242064e-010	
5.51985689e+001	4.77876788e-008	4.77875204e-008	1.23034400e-010	
5.52987478e+001	4.17650566e-008	4.17649200e-008	1.06826736e-010	
5.53989267e+001	3.57424345e-008	3.57423196e-008	9.06190720e-011	
5.54991055e+001	2.96464831e-008	2.96463844e-008	7.65026764e-011	
5.55992844e+001	2.35471337e-008	2.35470508e-008	6.24853524e-011	
5.56994633e+001	1.74332373e-008	1.74331718e-008	4.78136376e-011	
5.57996422e+001	1.16462577e-008	1.16462138e-008	3.19838858e-011	
5.58998211e+001	5.52312224e-009	5.52310078e-009	1.53965071e-011	
5.60000000e+001	3.51617804e-010	3.51615636e-010	1.23481618e-012	
