% Column 0: Length, cm
% Column 1: |B.t|, Tesla
% Column 2: Re[B.t], Tesla
% Column 3: Im[B.t], Tesla
0.00000000e+000	5.29090495e-006	-5.29073978e-006	4.18063381e-008	
1.00178891e-001	5.29195789e-006	-5.29179277e-006	4.18037168e-008	
2.00357782e-001	5.29231944e-006	-5.29215430e-006	4.18086397e-008	
3.00536673e-001	5.28972971e-006	-5.28956432e-006	4.18293390e-008	
4.00715564e-001	5.28865545e-006	-5.28848988e-006	4.18479216e-008	
5.00894454e-001	5.28789580e-006	-5.28773004e-006	4.18695001e-008	
6.01073345e-001	5.28531938e-006	-5.28515324e-006	4.19064066e-008	
7.01252236e-001	5.28140909e-006	-5.28124245e-006	4.19534766e-008	
8.01431127e-001	5.27722092e-006	-5.27705376e-006	4.20031227e-008	
9.01610018e-001	5.26976863e-006	-5.26960059e-006	4.20830302e-008	
1.00178891e+000	5.26231633e-006	-5.26214742e-006	4.21629377e-008	
1.10196780e+000	5.25530826e-006	-5.25513854e-006	4.22355957e-008	
1.20214669e+000	5.24831618e-006	-5.24814568e-006	4.23036785e-008	
1.30232558e+000	5.24114948e-006	-5.24097809e-006	4.23854979e-008	
1.40250447e+000	5.23578423e-006	-5.23561201e-006	4.24674294e-008	
1.50268336e+000	5.23041899e-006	-5.23024592e-006	4.25493610e-008	
1.60286225e+000	5.22362293e-006	-5.22344891e-006	4.26376826e-008	
1.70304114e+000	5.21356269e-006	-5.21338749e-006	4.27405819e-008	
1.80322004e+000	5.20350246e-006	-5.20332608e-006	4.28434812e-008	
1.90339893e+000	5.19540926e-006	-5.19523178e-006	4.29438060e-008	
2.00357782e+000	5.18538965e-006	-5.18521078e-006	4.30694052e-008	
2.10375671e+000	5.17358345e-006	-5.17340294e-006	4.32176620e-008	
2.20393560e+000	5.16175739e-006	-5.16157523e-006	4.33641785e-008	
2.30411449e+000	5.14973144e-006	-5.14954777e-006	4.34931875e-008	
2.40429338e+000	5.13615794e-006	-5.13597269e-006	4.36228264e-008	
2.50447227e+000	5.11391523e-006	-5.11372798e-006	4.37623146e-008	
2.60465116e+000	5.09596637e-006	-5.09577708e-006	4.39221817e-008	
2.70483005e+000	5.07801752e-006	-5.07782618e-006	4.40820488e-008	
2.80500894e+000	5.06006870e-006	-5.05987528e-006	4.42419159e-008	
2.90518784e+000	5.04305358e-006	-5.04285798e-006	4.44161938e-008	
3.00536673e+000	5.02667351e-006	-5.02647564e-006	4.46002729e-008	
3.10554562e+000	5.01029346e-006	-5.01009331e-006	4.47843519e-008	
3.20572451e+000	4.99391344e-006	-4.99371097e-006	4.49684309e-008	
3.30590340e+000	4.97773880e-006	-4.97753394e-006	4.51605284e-008	
3.40608229e+000	4.95122704e-006	-4.95101899e-006	4.53881730e-008	
3.50626118e+000	4.91008786e-006	-4.90987642e-006	4.55666809e-008	
3.60644007e+000	4.86894874e-006	-4.86873384e-006	4.57451889e-008	
3.70661896e+000	4.82780969e-006	-4.82759126e-006	4.59236968e-008	
3.80679785e+000	4.79382762e-006	-4.79360537e-006	4.61605374e-008	
3.90697674e+000	4.76210707e-006	-4.76188079e-006	4.64226729e-008	
4.00715564e+000	4.71939604e-006	-4.71916571e-006	4.66264393e-008	
4.10733453e+000	4.67668510e-006	-4.67645063e-006	4.68302057e-008	
4.20751342e+000	4.63397425e-006	-4.63373555e-006	4.70339720e-008	
4.30769231e+000	4.58944655e-006	-4.58920332e-006	4.72495586e-008	
4.40787120e+000	4.53774191e-006	-4.53749317e-006	4.75118364e-008	
4.50805009e+000	4.47896591e-006	-4.47871127e-006	4.77590230e-008	
4.60822898e+000	4.40787028e-006	-4.40760914e-006	4.79799182e-008	
4.70840787e+000	4.33680930e-006	-4.33654154e-006	4.81914677e-008	
4.80858676e+000	4.27020691e-006	-4.26993365e-006	4.83082191e-008	
4.90876565e+000	4.20793318e-006	-4.20765416e-006	4.84572636e-008	
5.00894454e+000	4.14818163e-006	-4.14789682e-006	4.86087958e-008	
5.10912343e+000	4.08843026e-006	-4.08813948e-006	4.87603279e-008	
5.20930233e+000	4.02034568e-006	-4.02004685e-006	4.90178753e-008	
5.30948122e+000	3.92149976e-006	-3.92119283e-006	4.90628114e-008	
5.40966011e+000	3.81818855e-006	-3.81787334e-006	4.90606961e-008	
5.50983900e+000	3.71487780e-006	-3.71455385e-006	4.90585808e-008	
5.61001789e+000	3.61156755e-006	-3.61123436e-006	4.90564655e-008	
5.71019678e+000	3.50887276e-006	-3.50852909e-006	4.91085669e-008	
5.81037567e+000	3.35140894e-006	-3.35105185e-006	4.89222533e-008	
5.91055456e+000	3.21157549e-006	-3.21120659e-006	4.86762711e-008	
6.01073345e+000	3.07429782e-006	-3.07391646e-006	4.84216420e-008	
6.11091234e+000	2.91838732e-006	-2.91799463e-006	4.78735937e-008	
6.21109123e+000	2.75311329e-006	-2.75270904e-006	4.71780811e-008	
6.31127013e+000	2.58784093e-006	-2.58742344e-006	4.64825685e-008	
6.41144902e+000	2.42296470e-006	-2.42253193e-006	4.57929961e-008	
6.51162791e+000	2.26295342e-006	-2.26250243e-006	4.51767089e-008	
6.61180680e+000	2.10294510e-006	-2.10247294e-006	4.45604217e-008	
6.71198569e+000	1.92117136e-006	-1.92068245e-006	4.33395962e-008	
6.81216458e+000	1.72383215e-006	-1.72331910e-006	4.20544972e-008	
6.91234347e+000	1.51886436e-006	-1.51831382e-006	4.08912120e-008	
7.01252236e+000	1.31390930e-006	-1.31330854e-006	3.97279268e-008	
7.11270125e+000	1.05774845e-006	-1.05708413e-006	3.74822847e-008	
7.21288014e+000	8.06353108e-007	-8.05557667e-007	3.58075449e-008	
7.31305903e+000	4.97701129e-007	-4.96549513e-007	3.38377762e-008	
7.41323792e+000	1.84886983e-007	-1.82068135e-007	3.21619458e-008	
7.51341682e+000	1.79043075e-007	1.77372776e-007	2.43992010e-008	
7.61359571e+000	6.73956258e-007	6.73372242e-007	2.80510517e-008	
7.71377460e+000	1.49996932e-006	1.49952807e-006	3.63803363e-008	
7.81395349e+000	4.61307903e-006	4.58085762e-006	5.44280791e-007	
7.91413238e+000	2.19498887e-006	2.13457687e-006	-5.11427157e-007	
8.01431127e+000	1.38081341e-006	1.32683305e-006	-3.82308409e-007	
8.11449016e+000	1.04914725e-006	1.01093023e-006	-2.80588734e-007	
8.21466905e+000	8.35520418e-007	8.06947654e-007	-2.16632990e-007	
8.31484794e+000	7.88468431e-007	7.62386772e-007	-2.01119060e-007	
8.41502683e+000	6.04518027e-007	5.82128539e-007	-1.62998187e-007	
8.51520572e+000	5.53397313e-007	5.34242824e-007	-1.44337073e-007	
8.61538462e+000	5.45618294e-007	5.27479774e-007	-1.39514914e-007	
8.71556351e+000	5.05162173e-007	4.87247339e-007	-1.33337361e-007	
8.81574240e+000	5.11493262e-007	4.98109388e-007	-1.16242827e-007	
8.91592129e+000	4.38550927e-007	4.24379365e-007	-1.10585124e-007	
9.01610018e+000	4.13937542e-007	4.01453749e-007	-1.00891903e-007	
9.11627907e+000	4.50065649e-007	4.37705744e-007	-1.04750991e-007	
9.21645796e+000	4.23765385e-007	4.11763126e-007	-1.00141046e-007	
9.31663685e+000	4.72408264e-007	4.60730916e-007	-1.04386739e-007	
9.41681574e+000	5.14729781e-007	5.05127935e-007	-9.89571500e-008	
9.51699463e+000	4.87548822e-007	4.71388571e-007	-1.24485616e-007	
9.61717352e+000	5.38888739e-007	5.20559994e-007	-1.39349794e-007	
9.71735242e+000	5.58855727e-007	5.33150806e-007	-1.67540869e-007	
9.81753131e+000	7.67592348e-007	7.44561224e-007	-1.86618854e-007	
9.91771020e+000	1.35751841e-006	1.35482706e-006	-8.54393233e-008	
1.00178891e+001	8.32449738e-007	8.31952840e-007	-2.87582590e-008	
1.01180680e+001	7.09614586e-007	7.08760658e-007	-3.48021696e-008	
1.02182469e+001	7.18118652e-007	7.17370052e-007	-3.27812013e-008	
1.03184258e+001	7.68126578e-007	7.67462297e-007	-3.19384086e-008	
1.04186047e+001	8.42046994e-007	8.41454659e-007	-3.15784337e-008	
1.05187835e+001	9.04832253e-007	9.04291784e-007	-3.12694011e-008	
1.06189624e+001	9.61391110e-007	9.60900346e-007	-3.07146658e-008	
1.07191413e+001	1.02111347e-006	1.02066794e-006	-3.01606724e-008	
1.08193202e+001	1.07440961e-006	1.07396702e-006	-3.08360229e-008	
1.09194991e+001	1.11900472e-006	1.11850080e-006	-3.35785412e-008	
1.10196780e+001	1.19654164e-006	1.19594361e-006	-3.78254451e-008	
1.11198569e+001	1.27904173e-006	1.27833466e-006	-4.25233507e-008	
1.12200358e+001	1.37770131e-006	1.37685327e-006	-4.83317736e-008	
1.13202147e+001	1.55491278e-006	1.55395445e-006	-5.45832120e-008	
1.14203936e+001	1.70480734e-006	1.70379688e-006	-5.86876523e-008	
1.15205725e+001	1.96301514e-006	1.96199344e-006	-6.33260054e-008	
1.16207513e+001	2.25758385e-006	2.25648114e-006	-7.05527696e-008	
1.17209302e+001	2.54839748e-006	2.54722077e-006	-7.74339571e-008	
1.18211091e+001	2.86433961e-006	2.86310493e-006	-8.40924351e-008	
1.19212880e+001	3.16555740e-006	3.16431935e-006	-8.85253550e-008	
1.20214669e+001	3.46231391e-006	3.46108565e-006	-9.22154396e-008	
1.21216458e+001	3.61321588e-006	3.61233516e-006	-7.97727038e-008	
1.22218247e+001	3.71828315e-006	3.71808865e-006	-3.80313904e-008	
1.23220036e+001	3.65608306e-006	3.65608300e-006	6.71513655e-010	
1.24221825e+001	3.44554516e-006	3.44539425e-006	3.22478798e-008	
1.25223614e+001	2.79110402e-006	2.79018230e-006	7.17243313e-008	
1.26225403e+001	2.42172656e-006	2.41955602e-006	1.02509673e-007	
1.27227191e+001	2.10764578e-006	2.10375924e-006	1.27936788e-007	
1.28228980e+001	1.71418755e-006	1.70689749e-006	1.57923772e-007	
1.29230769e+001	1.79338517e-006	1.78401222e-006	1.83114020e-007	
1.30232558e+001	1.88355542e-006	1.87235610e-006	2.05094266e-007	
1.31234347e+001	3.02202461e-006	3.01390103e-006	2.21434719e-007	
1.32236136e+001	4.62725509e-006	4.62245684e-006	2.10671367e-007	
1.33237925e+001	6.65466297e-006	6.65202363e-006	1.87405675e-007	
1.34239714e+001	9.68556006e-006	9.68390287e-006	1.79161614e-007	
1.35241503e+001	1.25116073e-005	1.25116027e-005	1.06868289e-008	
1.36243292e+001	1.44741203e-005	1.44736489e-005	-1.16817881e-007	
1.37245081e+001	1.59184196e-005	1.59164831e-005	-2.48287241e-007	
1.38246869e+001	1.73114166e-005	1.73088357e-005	-2.98915956e-007	
1.39248658e+001	1.88199827e-005	1.88169693e-005	-3.36774969e-007	
1.40250447e+001	2.05936817e-005	2.05906914e-005	-3.50931042e-007	
1.41252236e+001	2.26917563e-005	2.26887708e-005	-3.68080554e-007	
1.42254025e+001	2.49624770e-005	2.49594808e-005	-3.86748696e-007	
1.43255814e+001	2.76323729e-005	2.76293825e-005	-4.06519953e-007	
1.44257603e+001	3.10330383e-005	3.10298180e-005	-4.47056076e-007	
1.45259392e+001	3.44205756e-005	3.44174039e-005	-4.67265852e-007	
1.46261181e+001	3.88214398e-005	3.88182451e-005	-4.98026236e-007	
1.47262970e+001	4.35196597e-005	4.35168625e-005	-4.93418513e-007	
1.48264758e+001	4.85067858e-005	4.85041215e-005	-5.08395977e-007	
1.49266547e+001	5.71252970e-005	5.71229427e-005	-5.18626072e-007	
1.50268336e+001	6.45767744e-005	6.45757924e-005	-3.56129975e-007	
1.51270125e+001	7.59550312e-005	7.59550096e-005	-5.72080119e-008	
1.52271914e+001	8.42712854e-005	8.42686305e-005	6.68918029e-007	
1.53273703e+001	9.34920661e-005	9.34620136e-005	2.37032805e-006	
1.54275492e+001	9.29811243e-005	9.28677289e-005	4.59068747e-006	
1.55277281e+001	8.09680826e-005	8.07520605e-005	5.91059493e-006	
1.56279070e+001	5.59637656e-005	5.56651095e-005	5.77396251e-006	
1.57280859e+001	3.23572042e-005	3.19721863e-005	4.97674204e-006	
1.58282648e+001	7.99059681e-006	7.04562790e-006	3.76945154e-006	
1.59284436e+001	1.30649038e-005	-1.27104072e-005	3.02278982e-006	
1.60286225e+001	3.12501187e-005	-3.11704240e-005	2.23037850e-006	
1.61288014e+001	4.10152859e-005	-4.09702436e-005	1.92167062e-006	
1.62289803e+001	5.30824123e-005	-5.30598775e-005	1.54657605e-006	
1.63291592e+001	6.51600430e-005	-6.51495114e-005	1.17148148e-006	
1.64293381e+001	7.32265161e-005	-7.32200906e-005	9.70049213e-007	
1.65295170e+001	7.95402796e-005	-7.95357969e-005	8.44444550e-007	
1.66296959e+001	8.58545126e-005	-8.58515032e-005	7.18839887e-007	
1.67298748e+001	9.23118724e-005	-9.23099668e-005	5.93150022e-007	
1.68300537e+001	9.93483070e-005	-9.93471377e-005	4.82013714e-007	
1.69302326e+001	1.06422266e-004	-1.06421546e-004	3.91303366e-007	
1.70304114e+001	1.13496353e-004	-1.13495955e-004	3.00593018e-007	
1.71305903e+001	1.20570547e-004	-1.20570364e-004	2.09882670e-007	
1.72307692e+001	1.27375495e-004	-1.27375438e-004	1.20349259e-007	
1.73309481e+001	1.33435977e-004	-1.33435971e-004	3.91509240e-008	
1.74311270e+001	1.39681642e-004	-1.39681635e-004	-4.49648888e-008	
1.75313059e+001	1.45927356e-004	-1.45927299e-004	-1.29080702e-007	
1.76314848e+001	1.52173112e-004	-1.52172962e-004	-2.13196515e-007	
1.77316637e+001	1.58418905e-004	-1.58418626e-004	-2.97312327e-007	
1.78318426e+001	1.64664732e-004	-1.64664290e-004	-3.81428140e-007	
1.79320215e+001	1.70910588e-004	-1.70909954e-004	-4.65543953e-007	
1.80322004e+001	1.79285800e-004	-1.79284858e-004	-5.81288405e-007	
1.81323792e+001	1.89137111e-004	-1.89135800e-004	-7.04192601e-007	
1.82325581e+001	1.99087113e-004	-1.99085412e-004	-8.22789861e-007	
1.83327370e+001	2.09037145e-004	-2.09035025e-004	-9.41387121e-007	
1.84329159e+001	2.20390596e-004	-2.20387891e-004	-1.09190566e-006	
1.85330948e+001	2.34037321e-004	-2.34033740e-004	-1.29458513e-006	
1.86332737e+001	2.47684115e-004	-2.47679590e-004	-1.49726459e-006	
1.87334526e+001	2.61143561e-004	-2.61138030e-004	-1.69974495e-006	
1.88336315e+001	2.75034436e-004	-2.75027282e-004	-1.98363588e-006	
1.89338104e+001	2.92297747e-004	-2.92289149e-004	-2.24183823e-006	
1.90339893e+001	3.09582558e-004	-3.09572476e-004	-2.49839924e-006	
1.91341682e+001	3.26867413e-004	-3.26855803e-004	-2.75496025e-006	
1.92343470e+001	3.44484234e-004	-3.44470074e-004	-3.12330087e-006	
1.93345259e+001	3.68115692e-004	-3.68097584e-004	-3.65120875e-006	
1.94347048e+001	3.92540580e-004	-3.92521816e-004	-3.83811179e-006	
1.95348837e+001	4.12979813e-004	-4.12961856e-004	-3.85115799e-006	
1.96350626e+001	4.33419123e-004	-4.33401896e-004	-3.86420420e-006	
1.97352415e+001	4.53858498e-004	-4.53841937e-004	-3.87725040e-006	
1.98354204e+001	4.74297932e-004	-4.74281977e-004	-3.89029661e-006	
1.99355993e+001	5.00959308e-004	-5.00945318e-004	-3.74388854e-006	
2.00357782e+001	5.28247319e-004	-5.28240412e-004	-2.70119883e-006	
2.01359571e+001	5.55327369e-004	-5.55325235e-004	-1.53956513e-006	
2.02361360e+001	5.78898362e-004	-5.78897887e-004	-7.41615465e-007	
2.03363148e+001	6.00466563e-004	-6.00466544e-004	-1.51178679e-007	
2.04364937e+001	6.22035357e-004	-6.22035202e-004	4.39258107e-007	
2.05366726e+001	6.41484953e-004	-6.41482891e-004	1.62643338e-006	
2.06368515e+001	6.59639671e-004	-6.59632011e-004	3.17896364e-006	
2.07370304e+001	6.76900809e-004	-6.76885209e-004	4.59555482e-006	
2.08372093e+001	6.89231750e-004	-6.89210319e-004	5.43517862e-006	
2.09373882e+001	7.01678541e-004	-7.01648272e-004	6.51743784e-006	
2.10375671e+001	7.14126664e-004	-7.14086225e-004	7.59969707e-006	
2.11377460e+001	7.23146820e-004	-7.23099835e-004	8.24327400e-006	
2.12379249e+001	7.31992025e-004	-7.31937317e-004	8.94921906e-006	
2.13381038e+001	7.40837719e-004	-7.40774799e-004	9.65516412e-006	
2.14382826e+001	7.43076608e-004	-7.43011469e-004	9.83879882e-006	
2.15384615e+001	7.42948988e-004	-7.42883884e-004	9.83535425e-006	
2.16386404e+001	7.42703652e-004	-7.42638462e-004	9.84021962e-006	
2.17388193e+001	7.42300595e-004	-7.42235565e-004	9.82541771e-006	
2.18389982e+001	7.37211583e-004	-7.37152251e-004	9.35290728e-006	
2.19391771e+001	7.29855000e-004	-7.29802492e-004	8.75464330e-006	
2.20393560e+001	7.23926411e-004	-7.23879142e-004	8.27262491e-006	
2.21395349e+001	7.18916545e-004	-7.18873518e-004	7.86539686e-006	
2.22397138e+001	7.14153015e-004	-7.14113822e-004	7.48185837e-006	
2.23398927e+001	7.00598853e-004	-7.00569598e-004	6.40251476e-006	
2.24400716e+001	6.84072957e-004	-6.84054055e-004	5.08528268e-006	
2.25402504e+001	6.67549147e-004	-6.67538512e-004	3.76805060e-006	
2.26404293e+001	6.48687381e-004	-6.48681381e-004	2.79008007e-006	
2.27406082e+001	6.25954550e-004	-6.25952506e-004	1.59958020e-006	
2.28407871e+001	6.02394977e-004	-6.02394912e-004	2.80324765e-007	
2.29409660e+001	5.78838250e-004	-5.78837317e-004	-1.03893067e-006	
2.30411449e+001	5.55357565e-004	-5.55352581e-004	-2.35295436e-006	
2.31413238e+001	5.37930527e-004	-5.37921364e-004	-3.13970661e-006	
2.32415027e+001	5.10346611e-004	-5.10334830e-004	-3.46765433e-006	
2.33416816e+001	4.82763218e-004	-4.82748297e-004	-3.79560204e-006	
2.34418605e+001	4.55180441e-004	-4.55161763e-004	-4.12354976e-006	
2.35420394e+001	4.30676618e-004	-4.30654624e-004	-4.35250705e-006	
2.36422182e+001	4.09255459e-004	-4.09234826e-004	-4.10952115e-006	
2.37423971e+001	3.86926919e-004	-3.86908452e-004	-3.78018319e-006	
2.38425760e+001	3.64598410e-004	-3.64582079e-004	-3.45084523e-006	
2.39427549e+001	3.42269940e-004	-3.42255706e-004	-3.12150727e-006	
2.40429338e+001	3.23620043e-004	-3.23607197e-004	-2.88353784e-006	
2.41431127e+001	3.07653151e-004	-3.07641196e-004	-2.71220949e-006	
2.42432916e+001	2.88757868e-004	-2.88748052e-004	-2.38102008e-006	
2.43434705e+001	2.69127783e-004	-2.69120279e-004	-2.00971022e-006	
2.44436494e+001	2.53993396e-004	-2.53987653e-004	-1.70804127e-006	
2.45438283e+001	2.40814762e-004	-2.40810251e-004	-1.47400999e-006	
2.46440072e+001	2.25948859e-004	-2.25945298e-004	-1.26860293e-006	
2.47441860e+001	2.11083023e-004	-2.11080345e-004	-1.06319586e-006	
2.48443649e+001	1.97612455e-004	-1.97610510e-004	-8.76801306e-007	
2.49445438e+001	1.89603624e-004	-1.89602067e-004	-7.68186835e-007	
2.50447227e+001	1.81594823e-004	-1.81593625e-004	-6.59572363e-007	
2.51449016e+001	1.73586057e-004	-1.73585183e-004	-5.50957891e-007	
2.52450805e+001	1.65577331e-004	-1.65576740e-004	-4.42343420e-007	
2.53452594e+001	1.58587268e-004	-1.58586834e-004	-3.70891389e-007	
2.54454383e+001	1.51884347e-004	-1.51884031e-004	-3.09914592e-007	
2.55456172e+001	1.45181440e-004	-1.45181227e-004	-2.48937796e-007	
2.56457961e+001	1.38478550e-004	-1.38478423e-004	-1.87961000e-007	
2.57459750e+001	1.31796833e-004	-1.31796772e-004	-1.27345525e-007	
2.58461538e+001	1.25134270e-004	-1.25134252e-004	-6.70568571e-008	
2.59463327e+001	1.18471733e-004	-1.18471733e-004	-6.76818951e-009	
2.60465116e+001	1.10833624e-004	-1.10833610e-004	5.60920689e-008	
2.61466905e+001	1.03607303e-004	-1.03607238e-004	1.15824186e-007	
2.62468694e+001	9.64181882e-005	-9.64180250e-005	1.77401593e-007	
2.63470483e+001	8.92291319e-005	-8.92288119e-005	2.38979001e-007	
2.64472272e+001	8.20401493e-005	-8.20395988e-005	3.00556408e-007	
2.65474061e+001	7.48512617e-005	-7.48503857e-005	3.62133816e-007	
2.66475850e+001	6.76624992e-005	-6.76611725e-005	4.23711224e-007	
2.67477639e+001	6.04739066e-005	-6.04719594e-005	4.85288631e-007	
2.68479428e+001	5.35733352e-005	-5.35705985e-005	5.41495754e-007	
2.69481216e+001	4.64101166e-005	-4.64061266e-005	6.08552550e-007	
2.70483005e+001	3.89560610e-005	-3.89500266e-005	6.85649442e-007	
2.71484794e+001	3.15031617e-005	-3.14939266e-005	7.62746334e-007	
2.72486583e+001	2.40524936e-005	-2.40378266e-005	8.39843226e-007	
2.73488372e+001	1.70888069e-005	-1.70646715e-005	9.07913773e-007	
2.74490161e+001	1.07708504e-005	-1.07276157e-005	9.64095484e-007	
2.75491950e+001	3.87204289e-006	-3.73122916e-006	1.03471984e-006	
2.76493739e+001	3.50704075e-006	3.32921579e-006	1.10256840e-006	
2.77495528e+001	7.77129098e-006	7.69001658e-006	1.12098548e-006	
2.78497317e+001	1.20465535e-005	1.19926266e-005	1.13857718e-006	
2.79499106e+001	1.55022333e-005	1.54610003e-005	1.12991425e-006	
2.80500894e+001	1.69280522e-005	1.68941300e-005	1.07113190e-006	
2.81502683e+001	1.75108548e-005	1.74806331e-005	1.02834841e-006	
2.82504472e+001	1.80939977e-005	1.80671363e-005	9.85564915e-007	
2.83506261e+001	1.75960957e-005	1.75719973e-005	9.20593884e-007	
2.84508050e+001	1.38232672e-005	1.38007648e-005	7.88420912e-007	
2.85509839e+001	1.02323206e-005	1.02066561e-005	7.24262471e-007	
2.86511628e+001	6.64602216e-006	6.61313651e-006	6.60330245e-007	
2.87513417e+001	3.62494350e-006	3.57495637e-006	5.99918597e-007	
2.88515206e+001	1.70350351e-006	1.61103963e-006	5.53602288e-007	
2.89516995e+001	6.69805802e-007	-4.10244234e-007	5.29470944e-007	
2.90518784e+001	2.75564206e-006	-2.70927317e-006	5.03390549e-007	
2.91520572e+001	5.03099543e-006	-5.00830211e-006	4.77310153e-007	
2.92522361e+001	7.32124958e-006	-7.30733105e-006	4.51229758e-007	
2.93524150e+001	9.61576332e-006	-9.60635999e-006	4.25149362e-007	
2.94525939e+001	1.04155860e-005	-1.04075368e-005	4.09403530e-007	
2.95527728e+001	1.11575332e-005	-1.11505724e-005	3.94058848e-007	
2.96529517e+001	1.18996359e-005	-1.18936080e-005	3.78714166e-007	
2.97531306e+001	1.26781854e-005	-1.26729713e-005	3.63568292e-007	
2.98533095e+001	1.38752860e-005	-1.38708529e-005	3.50712810e-007	
2.99534884e+001	1.50725216e-005	-1.50687345e-005	3.37857327e-007	
3.00536673e+001	1.62698625e-005	-1.62666161e-005	3.25001845e-007	
3.01538462e+001	1.68868385e-005	-1.68839379e-005	3.12979549e-007	
3.02540250e+001	1.72364965e-005	-1.72338622e-005	3.01341008e-007	
3.03542039e+001	1.75861728e-005	-1.75837864e-005	2.89702467e-007	
3.04543828e+001	1.79172478e-005	-1.79150817e-005	2.78600267e-007	
3.05545617e+001	1.80824242e-005	-1.80803742e-005	2.72277373e-007	
3.06547406e+001	1.82476049e-005	-1.82456666e-005	2.65954480e-007	
3.07549195e+001	1.84127897e-005	-1.84109591e-005	2.59631587e-007	
3.08550984e+001	1.85510760e-005	-1.85493538e-005	2.52776986e-007	
3.09552773e+001	1.86104725e-005	-1.86088682e-005	2.44363106e-007	
3.10554562e+001	1.86538157e-005	-1.86523135e-005	2.36729351e-007	
3.11556351e+001	1.86928517e-005	-1.86914452e-005	2.29305019e-007	
3.12558140e+001	1.86416736e-005	-1.86403431e-005	2.22721617e-007	
3.13559928e+001	1.85506443e-005	-1.85493808e-005	2.16509690e-007	
3.14561717e+001	1.84596165e-005	-1.84584186e-005	2.10297762e-007	
3.15563506e+001	1.83797910e-005	-1.83786571e-005	2.04153699e-007	
3.16565295e+001	1.83018568e-005	-1.83007823e-005	1.98317394e-007	
3.17567084e+001	1.81575362e-005	-1.81565008e-005	1.93905548e-007	
3.18568873e+001	1.80075098e-005	-1.80065092e-005	1.89827726e-007	
3.19570662e+001	1.78574837e-005	-1.78565176e-005	1.85749904e-007	
3.20572451e+001	1.77111444e-005	-1.77102147e-005	1.81474795e-007	
3.21574240e+001	1.75660054e-005	-1.75651122e-005	1.77135473e-007	
3.22576029e+001	1.74112249e-005	-1.74103640e-005	1.73141703e-007	
3.23577818e+001	1.72264824e-005	-1.72256514e-005	1.69209084e-007	
3.24579606e+001	1.70310992e-005	-1.70303031e-005	1.64669614e-007	
3.25581395e+001	1.68357163e-005	-1.68349548e-005	1.60130143e-007	
3.26583184e+001	1.66403339e-005	-1.66396065e-005	1.55590673e-007	
3.27584973e+001	1.64424944e-005	-1.64417928e-005	1.51902846e-007	
3.28586762e+001	1.62444592e-005	-1.62437817e-005	1.48363366e-007	
3.29588551e+001	1.60474382e-005	-1.60467861e-005	1.44671016e-007	
3.30590340e+001	1.58504175e-005	-1.58497905e-005	1.40978665e-007	
3.31592129e+001	1.56465683e-005	-1.56459635e-005	1.37571044e-007	
3.32593918e+001	1.54435408e-005	-1.54429548e-005	1.34534488e-007	
3.33595707e+001	1.52435739e-005	-1.52430048e-005	1.31712624e-007	
3.34597496e+001	1.50436070e-005	-1.50430548e-005	1.28890761e-007	
3.35599284e+001	1.48501581e-005	-1.48496225e-005	1.26124498e-007	
3.36601073e+001	1.46404246e-005	-1.46399049e-005	1.23353812e-007	
3.37602862e+001	1.44298257e-005	-1.44293219e-005	1.20577301e-007	
3.38604651e+001	1.42192268e-005	-1.42187388e-005	1.17800790e-007	
3.39606440e+001	1.40137862e-005	-1.40133123e-005	1.15238381e-007	
3.40608229e+001	1.38163759e-005	-1.38159138e-005	1.13009294e-007	
3.41610018e+001	1.36190958e-005	-1.36186453e-005	1.10781187e-007	
3.42611807e+001	1.34342375e-005	-1.34337981e-005	1.08646605e-007	
3.43613596e+001	1.32493791e-005	-1.32489510e-005	1.06512023e-007	
3.44615385e+001	1.30704138e-005	-1.30699944e-005	1.04702255e-007	
3.45617174e+001	1.28953120e-005	-1.28948998e-005	1.03105436e-007	
3.46618962e+001	1.27033548e-005	-1.27029519e-005	1.01173663e-007	
3.47620751e+001	1.25026907e-005	-1.25022982e-005	9.90688622e-008	
3.48622540e+001	1.23061353e-005	-1.23057522e-005	9.71027592e-008	
3.49624329e+001	1.21199321e-005	-1.21195560e-005	9.54861188e-008	
3.50626118e+001	1.19426737e-005	-1.19423051e-005	9.38334675e-008	
3.51627907e+001	1.17667179e-005	-1.17663563e-005	9.22477903e-008	
3.52629696e+001	1.15907024e-005	-1.15903467e-005	9.08060627e-008	
3.53631485e+001	1.14148958e-005	-1.14145460e-005	8.93644795e-008	
3.54633274e+001	1.12363370e-005	-1.12359930e-005	8.79234439e-008	
3.55635063e+001	1.10539893e-005	-1.10536510e-005	8.64831620e-008	
3.56636852e+001	1.08716417e-005	-1.08713090e-005	8.50428801e-008	
3.57638640e+001	1.06884955e-005	-1.06881687e-005	8.35801005e-008	
3.58640429e+001	1.05108961e-005	-1.05105723e-005	8.25110918e-008	
3.59642218e+001	1.03320145e-005	-1.03316936e-005	8.14290365e-008	
3.60644007e+001	1.01531328e-005	-1.01528149e-005	8.03469812e-008	
3.61645796e+001	9.97425112e-006	-9.97393616e-006	7.92649259e-008	
3.62647585e+001	9.81484733e-006	-9.81453416e-006	7.84053726e-008	
3.63649374e+001	9.65673967e-006	-9.65642816e-006	7.75641906e-008	
3.64651163e+001	9.49863202e-006	-9.49832216e-006	7.67230085e-008	
3.65652952e+001	9.34052440e-006	-9.34021616e-006	7.58818265e-008	
3.66654741e+001	9.18241679e-006	-9.18211016e-006	7.50406445e-008	
3.67656530e+001	9.02430921e-006	-9.02400417e-006	7.41994624e-008	
3.68658318e+001	8.87130410e-006	-8.87099978e-006	7.34803276e-008	
3.69660107e+001	8.72003188e-006	-8.71972796e-006	7.28026417e-008	
3.70661896e+001	8.56875969e-006	-8.56845614e-006	7.21249557e-008	
3.71663685e+001	8.40796198e-006	-8.40765938e-006	7.13330920e-008	
3.72665474e+001	8.24669847e-006	-8.24639681e-006	7.05356447e-008	
3.73667263e+001	8.08689472e-006	-8.08659382e-006	6.97604323e-008	
3.74669052e+001	7.94211850e-006	-7.94181690e-006	6.92141250e-008	
3.75670841e+001	7.78273718e-006	-7.78243358e-006	6.87436225e-008	
3.76672630e+001	7.61338478e-006	-7.61307819e-006	6.83248735e-008	
3.77674419e+001	7.44403255e-006	-7.44372281e-006	6.79061245e-008	
3.78676208e+001	7.27921064e-006	-7.27889824e-006	6.74386992e-008	
3.79677996e+001	7.12208373e-006	-7.12176962e-006	6.68885931e-008	
3.80679785e+001	6.98436876e-006	-6.98405255e-006	6.64605621e-008	
3.81681574e+001	6.82388935e-006	-6.82356696e-006	6.63308364e-008	
3.82683363e+001	6.66341024e-006	-6.66308138e-006	6.62011106e-008	
3.83685152e+001	6.50293145e-006	-6.50259579e-006	6.60713848e-008	
3.84686941e+001	6.34245301e-006	-6.34211021e-006	6.59416590e-008	
3.85688730e+001	6.16620500e-006	-6.16584901e-006	6.62579112e-008	
3.86690519e+001	5.98485321e-006	-5.98448168e-006	6.66862137e-008	
3.87692308e+001	5.80350243e-006	-5.80311435e-006	6.71145162e-008	
3.88694097e+001	5.62215275e-006	-5.62174701e-006	6.75428187e-008	
3.89695886e+001	5.45165071e-006	-5.45122012e-006	6.85183475e-008	
3.90697674e+001	5.28472890e-006	-5.28426958e-006	6.96744115e-008	
3.91699463e+001	5.07140197e-006	-5.07089350e-006	7.18130760e-008	
3.92701252e+001	4.75463673e-006	-4.75402701e-006	7.61421232e-008	
3.93703041e+001	4.43789017e-006	-4.43716053e-006	8.04711705e-008	
3.94704830e+001	4.12116659e-006	-4.12029404e-006	8.48002177e-008	
3.95706619e+001	3.80447174e-006	-3.80342756e-006	8.91292649e-008	
3.96708408e+001	3.53378346e-006	-3.53251008e-006	9.48582720e-008	
3.97710197e+001	2.99509965e-006	-2.99306895e-006	1.10273200e-007	
3.98711986e+001	2.53218856e-006	-2.52931722e-006	1.20554213e-007	
3.99713775e+001	2.09622087e-006	-2.09223736e-006	1.29169404e-007	
4.00715564e+001	1.43864749e-006	-1.43090678e-006	1.49038222e-007	
4.01717352e+001	5.31053052e-007	-4.99309048e-007	1.80853030e-007	
4.02719141e+001	4.05578111e-007	3.58161655e-007	1.90299324e-007	
4.03720930e+001	1.58305994e-006	1.56641446e-006	2.28963973e-007	
4.04722719e+001	3.01349012e-006	3.00390402e-006	2.40173593e-007	
4.05724508e+001	3.49068592e-006	3.48746579e-006	1.49901811e-007	
4.06726297e+001	3.44454041e-006	3.44423752e-006	4.56790118e-008	
4.07728086e+001	3.19274044e-006	3.19271515e-006	-1.27077989e-008	
4.08729875e+001	2.73863483e-006	2.73838440e-006	-3.70356689e-008	
4.09731664e+001	2.39157606e-006	2.39109786e-006	-4.78233593e-008	
4.10733453e+001	2.08078170e-006	2.08017783e-006	-5.01264920e-008	
4.11735242e+001	1.83381252e-006	1.83320653e-006	-4.71402006e-008	
4.12737030e+001	1.60764273e-006	1.60702802e-006	-4.44530988e-008	
4.13738819e+001	1.40623803e-006	1.40567029e-006	-3.99554514e-008	
4.14740608e+001	1.24206474e-006	1.24153767e-006	-3.61808157e-008	
4.15742397e+001	1.10623131e-006	1.10573637e-006	-3.30877706e-008	
4.16744186e+001	9.95966093e-007	9.95499209e-007	-3.04923690e-008	
4.17745975e+001	9.16893309e-007	9.16429359e-007	-2.91645523e-008	
4.18747764e+001	8.43030253e-007	8.42560389e-007	-2.81424706e-008	
4.19749553e+001	7.76454402e-007	7.75988834e-007	-2.68843460e-008	
4.20751342e+001	7.06938104e-007	7.06477486e-007	-2.55155693e-008	
4.21753131e+001	6.43581589e-007	6.43173111e-007	-2.29262152e-008	
4.22754919e+001	5.93020828e-007	5.92707107e-007	-1.92869589e-008	
4.23756708e+001	5.27603463e-007	5.27515589e-007	-9.62899178e-009	
4.24758497e+001	4.36334718e-007	4.36333681e-007	9.51204551e-010	
4.25760286e+001	3.06693828e-007	3.06480031e-007	1.14496573e-008	
4.26762075e+001	1.79442399e-007	1.78596335e-007	1.74047069e-008	
4.27763864e+001	6.52380173e-008	6.17209165e-008	2.11311942e-008	
4.28765653e+001	3.76216956e-008	-3.14028565e-008	2.07184116e-008	
4.29767442e+001	8.11470595e-008	-7.86813679e-008	1.98516399e-008	
4.30769231e+001	8.98473881e-008	-8.79616351e-008	1.83113051e-008	
4.31771020e+001	8.49227554e-008	-8.33232327e-008	1.64046725e-008	
4.32772809e+001	3.76608794e-008	-3.52238440e-008	1.33275147e-008	
4.33774597e+001	2.07320541e-008	1.81176214e-008	1.00781874e-008	
4.34776386e+001	7.71758056e-008	7.69212987e-008	6.26248915e-009	
4.35778175e+001	1.06670575e-007	1.06618944e-007	3.31848017e-009	
4.36779964e+001	1.32154627e-007	1.32154438e-007	-2.23314392e-010	
4.37781753e+001	1.47197743e-007	1.47156288e-007	-3.49319553e-009	
4.38783542e+001	1.47929265e-007	1.47834288e-007	-5.30007753e-009	
4.39785331e+001	1.39982691e-007	1.39849522e-007	-6.10451894e-009	
4.40787120e+001	1.30971449e-007	1.30812430e-007	-6.45203076e-009	
4.41788909e+001	1.20629524e-007	1.20467473e-007	-6.25060457e-009	
4.42790698e+001	1.06551832e-007	1.06403918e-007	-5.61241253e-009	
4.43792487e+001	9.69735825e-008	9.68335381e-008	-5.20975853e-009	
4.44794275e+001	8.54242966e-008	8.52912773e-008	-4.76534039e-009	
4.45796064e+001	7.74893294e-008	7.73676375e-008	-4.34106500e-009	
4.46797853e+001	6.98003244e-008	6.96902669e-008	-3.91816046e-009	
4.47799642e+001	6.16474286e-008	6.15526031e-008	-3.41796674e-009	
4.48801431e+001	5.80874532e-008	5.80036013e-008	-3.12000816e-009	
4.49803220e+001	5.43304981e-008	5.42569488e-008	-2.82604455e-009	
4.50805009e+001	5.28037876e-008	5.27419462e-008	-2.55481927e-009	
4.51806798e+001	5.15511679e-008	5.14925224e-008	-2.45826253e-009	
4.52808587e+001	5.05221667e-008	5.04620401e-008	-2.46410990e-009	
4.53810376e+001	4.91179283e-008	4.90548694e-008	-2.48810450e-009	
4.54812165e+001	4.70314576e-008	4.69643505e-008	-2.51153056e-009	
4.55813953e+001	4.54189831e-008	4.53483750e-008	-2.53158280e-009	
4.56815742e+001	4.34602949e-008	4.33855962e-008	-2.54701319e-009	
4.57817531e+001	4.20806019e-008	4.19952925e-008	-2.67814470e-009	
4.58819320e+001	4.36140113e-008	4.35154666e-008	-2.93021181e-009	
4.59821109e+001	5.28994522e-008	5.28104325e-008	-3.06761377e-009	
4.60822898e+001	8.97827988e-008	8.94847476e-008	-7.30964460e-009	
4.61824687e+001	5.16030759e-008	4.99979245e-008	-1.27704732e-008	
4.62826476e+001	4.56116180e-008	4.39506306e-008	-1.21967932e-008	
4.63828265e+001	4.76975602e-008	4.60398113e-008	-1.24656742e-008	
4.64830054e+001	4.81829724e-008	4.63662842e-008	-1.31059725e-008	
4.65831843e+001	4.99607512e-008	4.83171637e-008	-1.27093803e-008	
4.66833631e+001	5.70804355e-008	5.52733519e-008	-1.42489539e-008	
4.67835420e+001	5.40700746e-008	5.21412672e-008	-1.43129741e-008	
4.68837209e+001	6.18203841e-008	5.96498610e-008	-1.62374249e-008	
4.69838998e+001	7.27807050e-008	7.02944247e-008	-1.88606699e-008	
4.70840787e+001	8.05889228e-008	7.77224256e-008	-2.13025592e-008	
4.71842576e+001	8.16113686e-008	7.80442978e-008	-2.38642634e-008	
4.72844365e+001	1.02074144e-007	9.89810591e-008	-2.49375389e-008	
4.73846154e+001	1.00539240e-007	9.72136487e-008	-2.56445939e-008	
4.74847943e+001	1.23673998e-007	1.19507216e-007	-3.18321088e-008	
4.75849732e+001	1.56485760e-007	1.52468889e-007	-3.52282694e-008	
4.76851521e+001	1.86981591e-007	1.82103314e-007	-4.24322797e-008	
4.77853309e+001	2.12748378e-007	2.06073269e-007	-5.28741939e-008	
4.78855098e+001	2.58955358e-007	2.51318144e-007	-6.24264983e-008	
4.79856887e+001	2.98894391e-007	2.87305579e-007	-8.24218514e-008	
4.80858676e+001	5.48710810e-007	5.34177845e-007	-1.25449526e-007	
4.81860465e+001	1.16568038e-006	1.15728518e-006	1.39648707e-007	
4.82862254e+001	3.67510997e-007	3.67425004e-007	7.94979227e-009	
4.83864043e+001	1.86008935e-007	1.85758363e-007	9.65165698e-009	
4.84865832e+001	5.15249929e-008	5.08635100e-008	8.22971671e-009	
4.85867621e+001	5.00505310e-008	-4.94308425e-008	7.85159018e-009	
4.86869410e+001	1.35107928e-007	-1.34807643e-007	9.00287778e-009	
4.87871199e+001	1.98625938e-007	-1.98382902e-007	9.82280323e-009	
4.88872987e+001	2.62010826e-007	-2.61819621e-007	1.00079425e-008	
4.89874776e+001	3.25416020e-007	-3.25256341e-007	1.01930818e-008	
4.90876565e+001	3.79443843e-007	-3.79299970e-007	1.04480826e-008	
4.91878354e+001	4.29350372e-007	-4.29216179e-007	1.07337814e-008	
4.92880143e+001	4.79259089e-007	-4.79132388e-007	1.10194801e-008	
4.93881932e+001	5.32715471e-007	-5.32593430e-007	1.14022456e-008	
4.94883721e+001	5.78842154e-007	-5.78725361e-007	1.16273819e-008	
4.95885510e+001	6.19532781e-007	-6.19421011e-007	1.17676755e-008	
4.96887299e+001	6.60224058e-007	-6.60116661e-007	1.19079691e-008	
4.97889088e+001	7.00915870e-007	-7.00812311e-007	1.20482628e-008	
4.98890877e+001	7.42548447e-007	-7.42448276e-007	1.21964983e-008	
4.99892665e+001	7.85555972e-007	-7.85458786e-007	1.23563432e-008	
5.00894454e+001	8.19119578e-007	-8.19024975e-007	1.24488361e-008	
5.01896243e+001	8.49562707e-007	-8.49470583e-007	1.25108881e-008	
5.02898032e+001	8.80006012e-007	-8.79916191e-007	1.25729400e-008	
5.03899821e+001	9.10449476e-007	-9.10361799e-007	1.26349919e-008	
5.04901610e+001	9.40893082e-007	-9.40807407e-007	1.26970438e-008	
5.05903399e+001	9.71336817e-007	-9.71253015e-007	1.27590957e-008	
5.06905188e+001	1.00178067e-006	-1.00169862e-006	1.28211476e-008	
5.07906977e+001	1.03008594e-006	-1.03000569e-006	1.28574848e-008	
5.08908766e+001	1.05502134e-006	-1.05494311e-006	1.28476118e-008	
5.09910555e+001	1.07995684e-006	-1.07988054e-006	1.28377389e-008	
5.10912343e+001	1.10489243e-006	-1.10481796e-006	1.28278659e-008	
5.11914132e+001	1.12498603e-006	-1.12491300e-006	1.28181342e-008	
5.12915921e+001	1.14385082e-006	-1.14377911e-006	1.28079879e-008	
5.13917710e+001	1.15962906e-006	-1.15955879e-006	1.27656860e-008	
5.14919499e+001	1.17540734e-006	-1.17533847e-006	1.27233840e-008	
5.15921288e+001	1.19228214e-006	-1.19221440e-006	1.27095498e-008	
5.16923077e+001	1.20927168e-006	-1.20920501e-006	1.26986937e-008	
5.17924866e+001	1.22626126e-006	-1.22619562e-006	1.26878376e-008	
5.18926655e+001	1.24175352e-006	-1.24168901e-006	1.26578017e-008	
5.19928444e+001	1.25511175e-006	-1.25504822e-006	1.26275019e-008	
5.20930233e+001	1.26794429e-006	-1.26788166e-006	1.26020905e-008	
5.21932021e+001	1.28077685e-006	-1.28071510e-006	1.25766791e-008	
5.22933810e+001	1.28893869e-006	-1.28887776e-006	1.25328651e-008	
5.23935599e+001	1.29797335e-006	-1.29791319e-006	1.24976274e-008	
5.24937388e+001	1.30790567e-006	-1.30784622e-006	1.24699021e-008	
5.25939177e+001	1.31783799e-006	-1.31777925e-006	1.24421767e-008	
5.26940966e+001	1.32774705e-006	-1.32768901e-006	1.24143032e-008	
5.27942755e+001	1.33546178e-006	-1.33540432e-006	1.23882303e-008	
5.28944544e+001	1.34310787e-006	-1.34305097e-006	1.23629315e-008	
5.29946333e+001	1.35075397e-006	-1.35069763e-006	1.23376327e-008	
5.30948122e+001	1.35840008e-006	-1.35834428e-006	1.23123339e-008	
5.31949911e+001	1.36551971e-006	-1.36546445e-006	1.22852283e-008	
5.32951699e+001	1.37143984e-006	-1.37138509e-006	1.22540062e-008	
5.33953488e+001	1.37735998e-006	-1.37730574e-006	1.22227840e-008	
5.34955277e+001	1.38328012e-006	-1.38322639e-006	1.21915619e-008	
5.35957066e+001	1.38996977e-006	-1.38991653e-006	1.21658283e-008	
5.36958855e+001	1.39612551e-006	-1.39607266e-006	1.21477556e-008	
5.37960644e+001	1.39992460e-006	-1.39987204e-006	1.21303901e-008	
5.38962433e+001	1.40382780e-006	-1.40377556e-006	1.21109025e-008	
5.39964222e+001	1.40780448e-006	-1.40775257e-006	1.20899170e-008	
5.40966011e+001	1.41178117e-006	-1.41172958e-006	1.20689315e-008	
5.41967800e+001	1.41524352e-006	-1.41519222e-006	1.20497351e-008	
5.42969589e+001	1.41840752e-006	-1.41835649e-006	1.20315763e-008	
5.43971377e+001	1.42149280e-006	-1.42144201e-006	1.20166560e-008	
5.44973166e+001	1.42453147e-006	-1.42448089e-006	1.20036538e-008	
5.45974955e+001	1.42757013e-006	-1.42751978e-006	1.19906516e-008	
5.46976744e+001	1.42979477e-006	-1.42974461e-006	1.19772971e-008	
5.47978533e+001	1.43175108e-006	-1.43170109e-006	1.19638265e-008	
5.48980322e+001	1.43370739e-006	-1.43365758e-006	1.19503559e-008	
5.49982111e+001	1.43506059e-006	-1.43501091e-006	1.19401359e-008	
5.50983900e+001	1.43601541e-006	-1.43596584e-006	1.19320630e-008	
5.51985689e+001	1.43697024e-006	-1.43692076e-006	1.19239901e-008	
5.52987478e+001	1.43792506e-006	-1.43787569e-006	1.19159172e-008	
5.53989267e+001	1.43887988e-006	-1.43883061e-006	1.19078444e-008	
5.54991055e+001	1.44053526e-006	-1.44048610e-006	1.19018129e-008	
5.55992844e+001	1.44222500e-006	-1.44217594e-006	1.18958796e-008	
5.56994633e+001	1.44374041e-006	-1.44369144e-006	1.18908501e-008	
5.57996422e+001	1.44383069e-006	-1.44378174e-006	1.18891464e-008	
5.58998211e+001	1.44425084e-006	-1.44420191e-006	1.18875857e-008	
5.60000000e+001	1.44410409e-006	-1.44405516e-006	1.18876123e-008	
