% Column 0: Length, cm
% Column 1: |B.t|, Tesla
% Column 2: Re[B.t], Tesla
% Column 3: Im[B.t], Tesla
0.00000000e+000	7.18051387e-006	-7.18028971e-006	5.67371689e-008	
1.00178891e-001	7.18194285e-006	-7.18171876e-006	5.67336168e-008	
2.00357782e-001	7.18243353e-006	-7.18220941e-006	5.67402977e-008	
3.00536673e-001	7.17891890e-006	-7.17869444e-006	5.67683894e-008	
4.00715564e-001	7.17746096e-006	-7.17723626e-006	5.67936084e-008	
5.00894454e-001	7.17643002e-006	-7.17620505e-006	5.68228935e-008	
6.01073345e-001	7.17293344e-006	-7.17270797e-006	5.68729807e-008	
7.01252236e-001	7.16762662e-006	-7.16740047e-006	5.69368613e-008	
8.01431127e-001	7.16194268e-006	-7.16171582e-006	5.70042382e-008	
9.01610018e-001	7.15182885e-006	-7.15160080e-006	5.71126840e-008	
1.00178891e+000	7.14171502e-006	-7.14148579e-006	5.72211299e-008	
1.10196780e+000	7.13220407e-006	-7.13197374e-006	5.73197373e-008	
1.20214669e+000	7.12271482e-006	-7.12248343e-006	5.74121353e-008	
1.30232558e+000	7.11298858e-006	-7.11275598e-006	5.75231759e-008	
1.40250447e+000	7.10570718e-006	-7.10547344e-006	5.76343687e-008	
1.50268336e+000	7.09842578e-006	-7.09819089e-006	5.77455615e-008	
1.60286225e+000	7.08920254e-006	-7.08896637e-006	5.78654266e-008	
1.70304114e+000	7.07554936e-006	-7.07531160e-006	5.80050757e-008	
1.80322004e+000	7.06189619e-006	-7.06165682e-006	5.81447247e-008	
1.90339893e+000	7.05091257e-006	-7.05067170e-006	5.82808797e-008	
2.00357782e+000	7.03731453e-006	-7.03707178e-006	5.84513358e-008	
2.10375671e+000	7.02129182e-006	-7.02104684e-006	5.86525414e-008	
2.20393560e+000	7.00524217e-006	-7.00499496e-006	5.88513853e-008	
2.30411449e+000	6.98892124e-006	-6.98867198e-006	5.90264689e-008	
2.40429338e+000	6.97050006e-006	-6.97024865e-006	5.92024073e-008	
2.50447227e+000	6.94031353e-006	-6.94005940e-006	5.93917128e-008	
2.60465116e+000	6.91595436e-006	-6.91569747e-006	5.96086753e-008	
2.70483005e+000	6.89159521e-006	-6.89133553e-006	5.98256378e-008	
2.80500894e+000	6.86723609e-006	-6.86697359e-006	6.00426002e-008	
2.90518784e+000	6.84414414e-006	-6.84387869e-006	6.02791202e-008	
3.00536673e+000	6.82191405e-006	-6.82164552e-006	6.05289418e-008	
3.10554562e+000	6.79968398e-006	-6.79941234e-006	6.07787633e-008	
3.20572451e+000	6.77745395e-006	-6.77717917e-006	6.10285848e-008	
3.30590340e+000	6.75550266e-006	-6.75522463e-006	6.12892886e-008	
3.40608229e+000	6.71952241e-006	-6.71924006e-006	6.15982347e-008	
3.50626118e+000	6.66369066e-006	-6.66340371e-006	6.18404954e-008	
3.60644007e+000	6.60785900e-006	-6.60756735e-006	6.20827562e-008	
3.70661896e+000	6.55202743e-006	-6.55173100e-006	6.23250169e-008	
3.80679785e+000	6.50590891e-006	-6.50560729e-006	6.26464434e-008	
3.90697674e+000	6.46285959e-006	-6.46255250e-006	6.30021987e-008	
4.00715564e+000	6.40489463e-006	-6.40458203e-006	6.32787388e-008	
4.10733453e+000	6.34692978e-006	-6.34661157e-006	6.35552788e-008	
4.20751342e+000	6.28896505e-006	-6.28864110e-006	6.38318189e-008	
4.30769231e+000	6.22853460e-006	-6.22820450e-006	6.41244006e-008	
4.40787120e+000	6.15836402e-006	-6.15802645e-006	6.44803491e-008	
4.50805009e+000	6.07859659e-006	-6.07825102e-006	6.48158166e-008	
4.60822898e+000	5.98210967e-006	-5.98175527e-006	6.51156029e-008	
4.70840787e+000	5.88566977e-006	-5.88530637e-006	6.54027058e-008	
4.80858676e+000	5.79528081e-006	-5.79490995e-006	6.55611543e-008	
4.90876565e+000	5.71076645e-006	-5.71038779e-006	6.57634289e-008	
5.00894454e+000	5.62967507e-006	-5.62928854e-006	6.59690797e-008	
5.10912343e+000	5.54858393e-006	-5.54818930e-006	6.61747305e-008	
5.20930233e+000	5.45618343e-006	-5.45577787e-006	6.65242591e-008	
5.30948122e+000	5.32203539e-006	-5.32161885e-006	6.65852438e-008	
5.40966011e+000	5.18182732e-006	-5.18139954e-006	6.65823730e-008	
5.50983900e+000	5.04161987e-006	-5.04118023e-006	6.65795022e-008	
5.61001789e+000	4.90141310e-006	-4.90096092e-006	6.65766315e-008	
5.71019678e+000	4.76204160e-006	-4.76157520e-006	6.66473405e-008	
5.81037567e+000	4.54834070e-006	-4.54785608e-006	6.63944864e-008	
5.91055456e+000	4.35856674e-006	-4.35806609e-006	6.60606533e-008	
6.01073345e+000	4.17226132e-006	-4.17174377e-006	6.57150852e-008	
6.11091234e+000	3.96066851e-006	-3.96013557e-006	6.49713055e-008	
6.21109123e+000	3.73636804e-006	-3.73581940e-006	6.40273955e-008	
6.31127013e+000	3.51206983e-006	-3.51150324e-006	6.30834856e-008	
6.41144902e+000	3.28830924e-006	-3.28772190e-006	6.21476373e-008	
6.51162791e+000	3.07115107e-006	-3.07053902e-006	6.13112475e-008	
6.61180680e+000	2.85399692e-006	-2.85335613e-006	6.04748578e-008	
6.71198569e+000	2.60730399e-006	-2.60664046e-006	5.88180232e-008	
6.81216458e+000	2.33948649e-006	-2.33879020e-006	5.70739602e-008	
6.91234347e+000	2.06131592e-006	-2.06056876e-006	5.54952160e-008	
7.01252236e+000	1.78316262e-006	-1.78234731e-006	5.39164718e-008	
7.11270125e+000	1.43551575e-006	-1.43461418e-006	5.08688147e-008	
7.21288014e+000	1.09433636e-006	-1.09325683e-006	4.85959535e-008	
7.31305903e+000	6.75451532e-007	-6.73888625e-007	4.59226961e-008	
7.41323792e+000	2.50918048e-007	-2.47092469e-007	4.36483548e-008	
7.51341682e+000	2.42987031e-007	2.40720196e-007	3.31132011e-008	
7.61359571e+000	9.14654923e-007	9.13862330e-007	3.80692841e-008	
7.71377460e+000	2.03567266e-006	2.03507382e-006	4.93733164e-008	
7.81395349e+000	6.26060726e-006	6.21687820e-006	7.38666809e-007	
7.91413238e+000	2.97891348e-006	2.89692576e-006	-6.94079712e-007	
8.01431127e+000	1.87396105e-006	1.80070200e-006	-5.18847128e-007	
8.11449016e+000	1.42384272e-006	1.37197675e-006	-3.80799013e-007	
8.21466905e+000	1.13392057e-006	1.09514325e-006	-2.94001913e-007	
8.31484794e+000	1.07006432e-006	1.03466779e-006	-2.72947277e-007	
8.41502683e+000	8.20417268e-007	7.90031543e-007	-2.21211790e-007	
8.51520572e+000	7.51039197e-007	7.25043812e-007	-1.95886053e-007	
8.61538462e+000	7.40481967e-007	7.15865408e-007	-1.89341653e-007	
8.71556351e+000	6.85577247e-007	6.61264264e-007	-1.80957826e-007	
8.81574240e+000	6.94169415e-007	6.76005590e-007	-1.57758103e-007	
8.91592129e+000	5.95176238e-007	5.75943396e-007	-1.50079841e-007	
9.01610018e+000	5.61772411e-007	5.44830116e-007	-1.36924748e-007	
9.11627907e+000	6.10803417e-007	5.94029261e-007	-1.42162062e-007	
9.21645796e+000	5.75110203e-007	5.58821417e-007	-1.35905738e-007	
9.31663685e+000	6.41125523e-007	6.25277692e-007	-1.41667724e-007	
9.41681574e+000	6.98561847e-007	6.85530771e-007	-1.34298980e-007	
9.51699463e+000	6.61673420e-007	6.39741654e-007	-1.68944756e-007	
9.61717352e+000	7.31348995e-007	7.06474274e-007	-1.89117562e-007	
9.71735242e+000	7.58447028e-007	7.23561780e-007	-2.27376879e-007	
9.81753131e+000	1.04173248e-006	1.01047595e-006	-2.53268434e-007	
9.91771020e+000	1.84234641e-006	1.83869386e-006	-1.15953363e-007	
1.00178891e+001	1.12975321e-006	1.12907885e-006	-3.90290659e-008	
1.01180680e+001	9.63048364e-007	9.61889462e-007	-4.72315135e-008	
1.02182469e+001	9.74589599e-007	9.73573642e-007	-4.44887680e-008	
1.03184258e+001	1.04245750e-006	1.04155598e-006	-4.33449790e-008	
1.04186047e+001	1.14277806e-006	1.14197418e-006	-4.28564424e-008	
1.05187835e+001	1.22798663e-006	1.22725314e-006	-4.24370414e-008	
1.06189624e+001	1.30474508e-006	1.30407904e-006	-4.16841862e-008	
1.07191413e+001	1.38579685e-006	1.38519221e-006	-4.09323377e-008	
1.08193202e+001	1.45812733e-006	1.45752667e-006	-4.18488849e-008	
1.09194991e+001	1.51864927e-006	1.51796538e-006	-4.55708748e-008	
1.10196780e+001	1.62387794e-006	1.62306633e-006	-5.13345308e-008	
1.11198569e+001	1.73584234e-006	1.73488275e-006	-5.77102605e-008	
1.12200358e+001	1.86973749e-006	1.86858658e-006	-6.55931208e-008	
1.13202147e+001	2.11023878e-006	2.10893818e-006	-7.40772164e-008	
1.14203936e+001	2.31366710e-006	2.31229577e-006	-7.96475286e-008	
1.15205725e+001	2.66409198e-006	2.66270538e-006	-8.59424370e-008	
1.16207513e+001	3.06386379e-006	3.06236726e-006	-9.57501886e-008	
1.17209302e+001	3.45853943e-006	3.45694248e-006	-1.05088943e-007	
1.18211091e+001	3.88731804e-006	3.88564241e-006	-1.14125448e-007	
1.19212880e+001	4.29611362e-006	4.29443340e-006	-1.20141554e-007	
1.20214669e+001	4.69885459e-006	4.69718767e-006	-1.25149526e-007	
1.21216458e+001	4.90365013e-006	4.90245487e-006	-1.08262956e-007	
1.22218247e+001	5.04624143e-006	5.04597746e-006	-5.16140308e-008	
1.23220036e+001	4.96182702e-006	4.96182694e-006	9.11339306e-010	
1.24221825e+001	4.67609701e-006	4.67589220e-006	4.37649802e-008	
1.25223614e+001	3.78792689e-006	3.78667599e-006	9.73401659e-008	
1.26225403e+001	3.28662891e-006	3.28368317e-006	1.39120273e-007	
1.27227191e+001	2.86037642e-006	2.85510183e-006	1.73628500e-007	
1.28228980e+001	2.32639740e-006	2.31650374e-006	2.14325120e-007	
1.29230769e+001	2.43387987e-006	2.42115945e-006	2.48511885e-007	
1.30232558e+001	2.55625378e-006	2.54105470e-006	2.78342219e-007	
1.31234347e+001	4.10131912e-006	4.09029425e-006	3.00518548e-007	
1.32236136e+001	6.27984619e-006	6.27333428e-006	2.85911142e-007	
1.33237925e+001	9.03132832e-006	9.02774636e-006	2.54336274e-007	
1.34239714e+001	1.31446887e-005	1.31424396e-005	2.43147906e-007	
1.35241503e+001	1.69800384e-005	1.69800322e-005	1.45035532e-008	
1.36243292e+001	1.96434490e-005	1.96428092e-005	-1.58538554e-007	
1.37245081e+001	2.16035694e-005	2.16009414e-005	-3.36961259e-007	
1.38246869e+001	2.34940653e-005	2.34905627e-005	-4.05671656e-007	
1.39248658e+001	2.55414051e-005	2.55373154e-005	-4.57051744e-007	
1.40250447e+001	2.79485680e-005	2.79445098e-005	-4.76263560e-007	
1.41252236e+001	3.07959549e-005	3.07919032e-005	-4.99537897e-007	
1.42254025e+001	3.38776473e-005	3.38735811e-005	-5.24873232e-007	
1.43255814e+001	3.75010776e-005	3.74970191e-005	-5.51705656e-007	
1.44257603e+001	4.21162662e-005	4.21118959e-005	-6.06718963e-007	
1.45259392e+001	4.67136384e-005	4.67093339e-005	-6.34146506e-007	
1.46261181e+001	5.26862397e-005	5.26819041e-005	-6.75892737e-007	
1.47262970e+001	5.90623954e-005	5.90585991e-005	-6.69639402e-007	
1.48264758e+001	6.58306379e-005	6.58270221e-005	-6.89965969e-007	
1.49266547e+001	7.75271887e-005	7.75239936e-005	-7.03849669e-007	
1.50268336e+001	8.76399082e-005	8.76385754e-005	-4.83319253e-007	
1.51270125e+001	1.03081828e-004	1.03081799e-004	-7.76394467e-008	
1.52271914e+001	1.14368173e-004	1.14364570e-004	9.07817323e-007	
1.53273703e+001	1.26882090e-004	1.26841304e-004	3.21687378e-006	
1.54275492e+001	1.26188669e-004	1.26034775e-004	6.23021871e-006	
1.55277281e+001	1.09885255e-004	1.09592082e-004	8.02152169e-006	
1.56279070e+001	7.59508247e-005	7.55455057e-005	7.83609199e-006	
1.57280859e+001	4.39133485e-005	4.33908243e-005	6.75414991e-006	
1.58282648e+001	1.08443814e-005	9.56192357e-006	5.11568424e-006	
1.59284436e+001	1.77309408e-005	-1.72498384e-005	4.10235762e-006	
1.60286225e+001	4.24108754e-005	-4.23027183e-005	3.02694226e-006	
1.61288014e+001	5.56636023e-005	-5.56024734e-005	2.60798156e-006	
1.62289803e+001	7.20404167e-005	-7.20098337e-005	2.09892464e-006	
1.63291592e+001	8.84314870e-005	-8.84171941e-005	1.58986772e-006	
1.64293381e+001	9.93788433e-005	-9.93701230e-005	1.31649536e-006	
1.65295170e+001	1.07947522e-004	-1.07941439e-004	1.14603189e-006	
1.66296959e+001	1.16516839e-004	-1.16512754e-004	9.75568419e-007	
1.67298748e+001	1.25280398e-004	-1.25277812e-004	8.04989316e-007	
1.68300537e+001	1.34829845e-004	-1.34828258e-004	6.54161470e-007	
1.69302326e+001	1.44430218e-004	-1.44429242e-004	5.31054568e-007	
1.70304114e+001	1.54030765e-004	-1.54030225e-004	4.07947667e-007	
1.71305903e+001	1.63631456e-004	-1.63631208e-004	2.84840766e-007	
1.72307692e+001	1.72866743e-004	-1.72866666e-004	1.63331138e-007	
1.73309481e+001	1.81091682e-004	-1.81091675e-004	5.31333968e-008	
1.74311270e+001	1.89567943e-004	-1.89567933e-004	-6.10237778e-008	
1.75313059e+001	1.98044268e-004	-1.98044191e-004	-1.75180952e-007	
1.76314848e+001	2.06520652e-004	-2.06520449e-004	-2.89338127e-007	
1.77316637e+001	2.14997086e-004	-2.14996707e-004	-4.03495302e-007	
1.78318426e+001	2.23473565e-004	-2.23472965e-004	-5.17652476e-007	
1.79320215e+001	2.31950084e-004	-2.31949224e-004	-6.31809651e-007	
1.80322004e+001	2.43316443e-004	-2.43315164e-004	-7.88891408e-007	
1.81323792e+001	2.56686079e-004	-2.56684300e-004	-9.55689958e-007	
1.82325581e+001	2.70189653e-004	-2.70187345e-004	-1.11664338e-006	
1.83327370e+001	2.83693268e-004	-2.83690391e-004	-1.27759681e-006	
1.84329159e+001	2.99101523e-004	-2.99097852e-004	-1.48187197e-006	
1.85330948e+001	3.17622078e-004	-3.17617219e-004	-1.75693696e-006	
1.86332737e+001	3.36142728e-004	-3.36136586e-004	-2.03200195e-006	
1.87334526e+001	3.54409119e-004	-3.54401612e-004	-2.30679672e-006	
1.88336315e+001	3.73261020e-004	-3.73251311e-004	-2.69207727e-006	
1.89338104e+001	3.96689799e-004	-3.96678131e-004	-3.04249474e-006	
1.90339893e+001	4.20147757e-004	-4.20134075e-004	-3.39068468e-006	
1.91341682e+001	4.43605775e-004	-4.43590018e-004	-3.73887463e-006	
1.92343470e+001	4.67514317e-004	-4.67495101e-004	-4.23876547e-006	
1.93345259e+001	4.99585581e-004	-4.99561006e-004	-4.95521188e-006	
1.94347048e+001	5.32733644e-004	-5.32708178e-004	-5.20886600e-006	
1.95348837e+001	5.60472603e-004	-5.60448233e-004	-5.22657156e-006	
1.96350626e+001	5.88211666e-004	-5.88188288e-004	-5.24427713e-006	
1.97352415e+001	6.15950819e-004	-6.15928343e-004	-5.26198269e-006	
1.98354204e+001	6.43690050e-004	-6.43668397e-004	-5.27968825e-006	
1.99355993e+001	6.79873347e-004	-6.79854360e-004	-5.08099159e-006	
2.00357782e+001	7.16907076e-004	-7.16897703e-004	-3.66591269e-006	
2.01359571e+001	7.53658572e-004	-7.53655676e-004	-2.08940982e-006	
2.02361360e+001	7.85647777e-004	-7.85647132e-004	-1.00647813e-006	
2.03363148e+001	8.14918907e-004	-8.14918882e-004	-2.05171062e-007	
2.04364937e+001	8.44190842e-004	-8.44190631e-004	5.96136004e-007	
2.05366726e+001	8.70586722e-004	-8.70583924e-004	2.20730245e-006	
2.06368515e+001	8.95225268e-004	-8.95214872e-004	4.31430780e-006	
2.07370304e+001	9.18651098e-004	-9.18629927e-004	6.23682440e-006	
2.08372093e+001	9.35385947e-004	-9.35356862e-004	7.37631384e-006	
2.09373882e+001	9.52278020e-004	-9.52236941e-004	8.84509422e-006	
2.10375671e+001	9.69171901e-004	-9.69117020e-004	1.03138746e-005	
2.11377460e+001	9.81413541e-004	-9.81349776e-004	1.11873004e-005	
2.12379249e+001	9.93417749e-004	-9.93343502e-004	1.21453687e-005	
2.13381038e+001	1.00542262e-003	-1.00533723e-003	1.31034370e-005	
2.14382826e+001	1.00846111e-003	-1.00837271e-003	1.33526555e-005	
2.15384615e+001	1.00828791e-003	-1.00819956e-003	1.33479808e-005	
2.16386404e+001	1.00795496e-003	-1.00786648e-003	1.33545838e-005	
2.17388193e+001	1.00740795e-003	-1.00731970e-003	1.33344955e-005	
2.18389982e+001	1.00050143e-003	-1.00042091e-003	1.26932313e-005	
2.19391771e+001	9.90517500e-004	-9.90446239e-004	1.18813016e-005	
2.20393560e+001	9.82471557e-004	-9.82407406e-004	1.12271338e-005	
2.21395349e+001	9.75672454e-004	-9.75614060e-004	1.06744672e-005	
2.22397138e+001	9.69207663e-004	-9.69154473e-004	1.01539506e-005	
2.23398927e+001	9.50812730e-004	-9.50773025e-004	8.68912717e-006	
2.24400716e+001	9.28384727e-004	-9.28359075e-004	6.90145507e-006	
2.25402504e+001	9.05959556e-004	-9.05945124e-004	5.11378296e-006	
2.26404293e+001	8.80361446e-004	-8.80353303e-004	3.78653723e-006	
2.27406082e+001	8.49509746e-004	-8.49506972e-004	2.17085884e-006	
2.28407871e+001	8.17536040e-004	-8.17535952e-004	3.80440752e-007	
2.29409660e+001	7.85566196e-004	-7.85564931e-004	-1.40997734e-006	
2.30411449e+001	7.53699553e-004	-7.53692788e-004	-3.19329520e-006	
2.31413238e+001	7.30048572e-004	-7.30036137e-004	-4.26103040e-006	
2.32415027e+001	6.92613258e-004	-6.92597270e-004	-4.70610230e-006	
2.33416816e+001	6.55178653e-004	-6.55158403e-004	-5.15117420e-006	
2.34418605e+001	6.17744885e-004	-6.17719536e-004	-5.59624610e-006	
2.35420394e+001	5.84489696e-004	-5.84459847e-004	-5.90697385e-006	
2.36422182e+001	5.55418123e-004	-5.55390121e-004	-5.57720727e-006	
2.37423971e+001	5.25115104e-004	-5.25090043e-004	-5.13024861e-006	
2.38425760e+001	4.94812128e-004	-4.94789964e-004	-4.68328996e-006	
2.39427549e+001	4.64509204e-004	-4.64489886e-004	-4.23633130e-006	
2.40429338e+001	4.39198630e-004	-4.39181195e-004	-3.91337278e-006	
2.41431127e+001	4.17529277e-004	-4.17513052e-004	-3.68085573e-006	
2.42432916e+001	3.91885678e-004	-3.91872356e-004	-3.23138440e-006	
2.43434705e+001	3.65244849e-004	-3.65234665e-004	-2.72746387e-006	
2.44436494e+001	3.44705323e-004	-3.44697529e-004	-2.31805600e-006	
2.45438283e+001	3.26820034e-004	-3.26813912e-004	-2.00044213e-006	
2.46440072e+001	3.06644880e-004	-3.06640047e-004	-1.72167540e-006	
2.47441860e+001	2.86469816e-004	-2.86466182e-004	-1.44290866e-006	
2.48443649e+001	2.68188332e-004	-2.68185692e-004	-1.18994463e-006	
2.49445438e+001	2.57319204e-004	-2.57317092e-004	-1.04253928e-006	
2.50447227e+001	2.46450117e-004	-2.46448491e-004	-8.95133921e-007	
2.51449016e+001	2.35581077e-004	-2.35579891e-004	-7.47728567e-007	
2.52450805e+001	2.24712092e-004	-2.24711290e-004	-6.00323213e-007	
2.53452594e+001	2.15225578e-004	-2.15224989e-004	-5.03352600e-007	
2.54454383e+001	2.06128756e-004	-2.06128327e-004	-4.20598376e-007	
2.55456172e+001	1.97031955e-004	-1.97031665e-004	-3.37844152e-007	
2.56457961e+001	1.87935176e-004	-1.87935003e-004	-2.55089928e-007	
2.57459750e+001	1.78867131e-004	-1.78867047e-004	-1.72826069e-007	
2.58461538e+001	1.69825081e-004	-1.69825057e-004	-9.10057349e-008	
2.59463327e+001	1.60783066e-004	-1.60783066e-004	-9.18540033e-009	
2.60465116e+001	1.50417062e-004	-1.50417042e-004	7.61249504e-008	
2.61466905e+001	1.40609911e-004	-1.40609823e-004	1.57189966e-007	
2.62468694e+001	1.30853255e-004	-1.30853034e-004	2.40759305e-007	
2.63470483e+001	1.21096679e-004	-1.21096245e-004	3.24328644e-007	
2.64472272e+001	1.11340203e-004	-1.11339455e-004	4.07897983e-007	
2.65474061e+001	1.01583855e-004	-1.01582666e-004	4.91467322e-007	
2.66475850e+001	9.18276775e-005	-9.18258770e-005	5.75036660e-007	
2.67477639e+001	8.20717304e-005	-8.20690878e-005	6.58605999e-007	
2.68479428e+001	7.27066692e-005	-7.27029551e-005	7.34887094e-007	
2.69481216e+001	6.29851582e-005	-6.29797433e-005	8.25892747e-007	
2.70483005e+001	5.28689399e-005	-5.28607504e-005	9.30524243e-007	
2.71484794e+001	4.27542909e-005	-4.27417576e-005	1.03515574e-006	
2.72486583e+001	3.26426698e-005	-3.26227647e-005	1.13978724e-006	
2.73488372e+001	2.31919522e-005	-2.31591970e-005	1.23216869e-006	
2.74490161e+001	1.46175827e-005	-1.45589070e-005	1.30841530e-006	
2.75491950e+001	5.25491536e-006	-5.06381100e-006	1.40426264e-006	
2.76493739e+001	4.75955531e-006	4.51822142e-006	1.49634283e-006	
2.77495528e+001	1.05467520e-005	1.04364511e-005	1.52133744e-006	
2.78497317e+001	1.63488941e-005	1.62757076e-005	1.54521189e-006	
2.79499106e+001	2.10387452e-005	2.09827862e-005	1.53345505e-006	
2.80500894e+001	2.29737851e-005	2.29277478e-005	1.45367901e-006	
2.81502683e+001	2.37647315e-005	2.37237164e-005	1.39561570e-006	
2.82504472e+001	2.45561397e-005	2.45196850e-005	1.33755239e-006	
2.83506261e+001	2.38804155e-005	2.38477106e-005	1.24937741e-006	
2.84508050e+001	1.87601484e-005	1.87296094e-005	1.06999981e-006	
2.85509839e+001	1.38867208e-005	1.38518904e-005	9.82927639e-007	
2.86511628e+001	9.01960150e-006	8.97497098e-006	8.96162475e-007	
2.87513417e+001	4.91956618e-006	4.85172650e-006	8.14175239e-007	
2.88515206e+001	2.31189762e-006	2.18641093e-006	7.51317390e-007	
2.89516995e+001	9.09022160e-007	-5.56760033e-007	7.18567710e-007	
2.90518784e+001	3.73979994e-006	-3.67687074e-006	6.83172887e-007	
2.91520572e+001	6.82777951e-006	-6.79698144e-006	6.47778065e-007	
2.92522361e+001	9.93598157e-006	-9.91709214e-006	6.12383242e-007	
2.93524150e+001	1.30499645e-005	-1.30372028e-005	5.76988420e-007	
2.94525939e+001	1.41354382e-005	-1.41245142e-005	5.55619077e-007	
2.95527728e+001	1.51423664e-005	-1.51329196e-005	5.34794151e-007	
2.96529517e+001	1.61495059e-005	-1.61413251e-005	5.13969226e-007	
2.97531306e+001	1.72061087e-005	-1.71990325e-005	4.93414111e-007	
2.98533095e+001	1.88307453e-005	-1.88247290e-005	4.75967385e-007	
2.99534884e+001	2.04555651e-005	-2.04504255e-005	4.58520658e-007	
3.00536673e+001	2.20805277e-005	-2.20761219e-005	4.41073932e-007	
3.01538462e+001	2.29178523e-005	-2.29139157e-005	4.24757960e-007	
3.02540250e+001	2.33923881e-005	-2.33888129e-005	4.08962797e-007	
3.03542039e+001	2.38669488e-005	-2.38637102e-005	3.93167634e-007	
3.04543828e+001	2.43162649e-005	-2.43133251e-005	3.78100362e-007	
3.05545617e+001	2.45404328e-005	-2.45376506e-005	3.69519292e-007	
3.06547406e+001	2.47646066e-005	-2.47619762e-005	3.60938223e-007	
3.07549195e+001	2.49887860e-005	-2.49863017e-005	3.52357154e-007	
3.08550984e+001	2.51764603e-005	-2.51741230e-005	3.43054481e-007	
3.09552773e+001	2.52570699e-005	-2.52548925e-005	3.31635644e-007	
3.10554562e+001	2.53158928e-005	-2.53138541e-005	3.21275548e-007	
3.11556351e+001	2.53688702e-005	-2.53669613e-005	3.11199669e-007	
3.12558140e+001	2.52994142e-005	-2.52976084e-005	3.02265052e-007	
3.13559928e+001	2.51758745e-005	-2.51741597e-005	2.93834579e-007	
3.14561717e+001	2.50523367e-005	-2.50507109e-005	2.85404106e-007	
3.15563506e+001	2.49440020e-005	-2.49424632e-005	2.77065734e-007	
3.16565295e+001	2.48382343e-005	-2.48367760e-005	2.69145035e-007	
3.17567084e+001	2.46423705e-005	-2.46409654e-005	2.63157529e-007	
3.18568873e+001	2.44387633e-005	-2.44374054e-005	2.57623342e-007	
3.19570662e+001	2.42351565e-005	-2.42338454e-005	2.52089155e-007	
3.20572451e+001	2.40365531e-005	-2.40352913e-005	2.46287222e-007	
3.21574240e+001	2.38395787e-005	-2.38383666e-005	2.40398142e-007	
3.22576029e+001	2.36295195e-005	-2.36283511e-005	2.34978025e-007	
3.23577818e+001	2.33787976e-005	-2.33776697e-005	2.29640900e-007	
3.24579606e+001	2.31136346e-005	-2.31125542e-005	2.23480190e-007	
3.25581395e+001	2.28484721e-005	-2.28474386e-005	2.17319480e-007	
3.26583184e+001	2.25833103e-005	-2.25823230e-005	2.11158770e-007	
3.27584973e+001	2.23148139e-005	-2.23138616e-005	2.06153863e-007	
3.28586762e+001	2.20460518e-005	-2.20451323e-005	2.01350282e-007	
3.29588551e+001	2.17786662e-005	-2.17777811e-005	1.96339235e-007	
3.30590340e+001	2.15112809e-005	-2.15104300e-005	1.91328188e-007	
3.31592129e+001	2.12346284e-005	-2.12338076e-005	1.86703559e-007	
3.32593918e+001	2.09590911e-005	-2.09582958e-005	1.82582519e-007	
3.33595707e+001	2.06877074e-005	-2.06869351e-005	1.78752847e-007	
3.34597496e+001	2.04163238e-005	-2.04155744e-005	1.74923175e-007	
3.35599284e+001	2.01537860e-005	-2.01530591e-005	1.71168962e-007	
3.36601073e+001	1.98691477e-005	-1.98684424e-005	1.67408745e-007	
3.37602862e+001	1.95833348e-005	-1.95826511e-005	1.63640622e-007	
3.38604651e+001	1.92975221e-005	-1.92968599e-005	1.59872500e-007	
3.39606440e+001	1.90187098e-005	-1.90180667e-005	1.56394945e-007	
3.40608229e+001	1.87507959e-005	-1.87501687e-005	1.53369756e-007	
3.41610018e+001	1.84830586e-005	-1.84824472e-005	1.50345897e-007	
3.42611807e+001	1.82321794e-005	-1.82315832e-005	1.47448964e-007	
3.43613596e+001	1.79813002e-005	-1.79807192e-005	1.44552031e-007	
3.44615385e+001	1.77384187e-005	-1.77378496e-005	1.42095918e-007	
3.45617174e+001	1.75007806e-005	-1.75002211e-005	1.39928806e-007	
3.46618962e+001	1.72402672e-005	-1.72397205e-005	1.37307113e-007	
3.47620751e+001	1.69679374e-005	-1.69674047e-005	1.34450599e-007	
3.48622540e+001	1.67011837e-005	-1.67006637e-005	1.31782316e-007	
3.49624329e+001	1.64484793e-005	-1.64479688e-005	1.29588304e-007	
3.50626118e+001	1.62079143e-005	-1.62074141e-005	1.27345420e-007	
3.51627907e+001	1.59691171e-005	-1.59686263e-005	1.25193430e-007	
3.52629696e+001	1.57302390e-005	-1.57297562e-005	1.23236799e-007	
3.53631485e+001	1.54916443e-005	-1.54911695e-005	1.21280365e-007	
3.54633274e+001	1.52493145e-005	-1.52488476e-005	1.19324674e-007	
3.55635063e+001	1.50018427e-005	-1.50013835e-005	1.17370006e-007	
3.56636852e+001	1.47543708e-005	-1.47539194e-005	1.15415337e-007	
3.57638640e+001	1.45058153e-005	-1.45053718e-005	1.13430137e-007	
3.58640429e+001	1.42647876e-005	-1.42643481e-005	1.11979339e-007	
3.59642218e+001	1.40220196e-005	-1.40215841e-005	1.10510835e-007	
3.60644007e+001	1.37792516e-005	-1.37788202e-005	1.09042332e-007	
3.61645796e+001	1.35364837e-005	-1.35360562e-005	1.07573828e-007	
3.62647585e+001	1.33201499e-005	-1.33197249e-005	1.06407292e-007	
3.63649374e+001	1.31055753e-005	-1.31051525e-005	1.05265687e-007	
3.64651163e+001	1.28910006e-005	-1.28905801e-005	1.04124083e-007	
3.65652952e+001	1.26764260e-005	-1.26760076e-005	1.02982479e-007	
3.66654741e+001	1.24618514e-005	-1.24614352e-005	1.01840875e-007	
3.67656530e+001	1.22472768e-005	-1.22468628e-005	1.00699271e-007	
3.68658318e+001	1.20396270e-005	-1.20392140e-005	9.97233020e-008	
3.69660107e+001	1.18343290e-005	-1.18339165e-005	9.88035854e-008	
3.70661896e+001	1.16290310e-005	-1.16286191e-005	9.78838687e-008	
3.71663685e+001	1.14108055e-005	-1.14103949e-005	9.68091965e-008	
3.72665474e+001	1.11919479e-005	-1.11915385e-005	9.57269465e-008	
3.73667263e+001	1.09750714e-005	-1.09746630e-005	9.46748726e-008	
3.74669052e+001	1.07785894e-005	-1.07781801e-005	9.39334556e-008	
3.75670841e+001	1.05622862e-005	-1.05618741e-005	9.32949166e-008	
3.76672630e+001	1.03324508e-005	-1.03320347e-005	9.27266143e-008	
3.77674419e+001	1.01026156e-005	-1.01021952e-005	9.21583121e-008	
3.78676208e+001	9.87892872e-006	-9.87850475e-006	9.15239492e-008	
3.79677996e+001	9.66568506e-006	-9.66525877e-006	9.07773766e-008	
3.80679785e+001	9.47878618e-006	-9.47835703e-006	9.01964774e-008	
3.81681574e+001	9.26099269e-006	-9.26055516e-006	9.00204210e-008	
3.82683363e+001	9.04319961e-006	-9.04275330e-006	8.98443646e-008	
3.83685152e+001	8.82540697e-006	-8.82495144e-006	8.96683081e-008	
3.84686941e+001	8.60761480e-006	-8.60714957e-006	8.94922517e-008	
3.85688730e+001	8.36842107e-006	-8.36793794e-006	8.99214511e-008	
3.86690519e+001	8.12230079e-006	-8.12179656e-006	9.05027188e-008	
3.87692308e+001	7.87618187e-006	-7.87565518e-006	9.10839864e-008	
3.88694097e+001	7.63006444e-006	-7.62951380e-006	9.16652541e-008	
3.89695886e+001	7.39866883e-006	-7.39808444e-006	9.29891860e-008	
3.90697674e+001	7.17213208e-006	-7.17150872e-006	9.45581300e-008	
3.91699463e+001	6.88261696e-006	-6.88192689e-006	9.74606032e-008	
3.92701252e+001	6.45272128e-006	-6.45189380e-006	1.03335739e-007	
3.93703041e+001	6.02285094e-006	-6.02186072e-006	1.09210874e-007	
3.94704830e+001	5.59301180e-006	-5.59182763e-006	1.15086010e-007	
3.95706619e+001	5.16321165e-006	-5.16179454e-006	1.20961145e-007	
3.96708408e+001	4.79584899e-006	-4.79412083e-006	1.28736226e-007	
3.97710197e+001	4.06477809e-006	-4.06202214e-006	1.49656486e-007	
3.98711986e+001	3.43654162e-006	-3.43264480e-006	1.63609288e-007	
3.99713775e+001	2.84487118e-006	-2.83946499e-006	1.75301334e-007	
4.00715564e+001	1.95245017e-006	-1.94194491e-006	2.02266158e-007	
4.01717352e+001	7.20714856e-007	-6.77633708e-007	2.45443398e-007	
4.02719141e+001	5.50427436e-007	4.86076532e-007	2.58263369e-007	
4.03720930e+001	2.14843849e-006	2.12584820e-006	3.10736821e-007	
4.04722719e+001	4.08973659e-006	4.07672688e-006	3.25949876e-007	
4.05724508e+001	4.73735946e-006	4.73298929e-006	2.03438173e-007	
4.06726297e+001	4.67473342e-006	4.67432235e-006	6.19929450e-008	
4.07728086e+001	4.33300488e-006	4.33297056e-006	-1.72462980e-008	
4.08729875e+001	3.71671870e-006	3.71637883e-006	-5.02626930e-008	
4.09731664e+001	3.24571037e-006	3.24506138e-006	-6.49031300e-008	
4.10733453e+001	2.82391802e-006	2.82309848e-006	-6.80288101e-008	
4.11735242e+001	2.48874557e-006	2.48792314e-006	-6.39759861e-008	
4.12737030e+001	2.18180084e-006	2.18096660e-006	-6.03292052e-008	
4.13738819e+001	1.90846590e-006	1.90769540e-006	-5.42252551e-008	
4.14740608e+001	1.68565930e-006	1.68494398e-006	-4.91025352e-008	
4.15742397e+001	1.50131392e-006	1.50064221e-006	-4.49048312e-008	
4.16744186e+001	1.35166827e-006	1.35103464e-006	-4.13825005e-008	
4.17745975e+001	1.24435521e-006	1.24372556e-006	-3.95804636e-008	
4.18747764e+001	1.14411249e-006	1.14347481e-006	-3.81933527e-008	
4.19749553e+001	1.05375955e-006	1.05312770e-006	-3.64858979e-008	
4.20751342e+001	9.59415998e-007	9.58790874e-007	-3.46282723e-008	
4.21753131e+001	8.73432157e-007	8.72877794e-007	-3.11141489e-008	
4.22754919e+001	8.04813981e-007	8.04388217e-007	-2.61751582e-008	
4.23756708e+001	7.16033272e-007	7.15914014e-007	-1.30679172e-008	
4.24758497e+001	5.92168546e-007	5.92167138e-007	1.29092058e-009	
4.25760286e+001	4.16227338e-007	4.15937185e-007	1.55388207e-008	
4.26762075e+001	2.43528970e-007	2.42380740e-007	2.36206737e-008	
4.27763864e+001	8.85373090e-008	8.37641008e-008	2.86780493e-008	
4.28765653e+001	5.10580156e-008	-4.26181627e-008	2.81178444e-008	
4.29767442e+001	1.10128152e-007	-1.06781857e-007	2.69415113e-008	
4.30769231e+001	1.21935741e-007	-1.19376505e-007	2.48510569e-008	
4.31771020e+001	1.15252311e-007	-1.13081530e-007	2.22634841e-008	
4.32772809e+001	5.11111937e-008	-4.78037885e-008	1.80873415e-008	
4.33774597e+001	2.81363591e-008	2.45882004e-008	1.36775401e-008	
4.34776386e+001	1.04738593e-007	1.04393191e-007	8.49909253e-009	
4.35778175e+001	1.44767209e-007	1.44697139e-007	4.50365182e-009	
4.36779964e+001	1.79352708e-007	1.79352452e-007	-3.03069385e-010	
4.37781753e+001	1.99768366e-007	1.99712106e-007	-4.74076523e-009	
4.38783542e+001	2.00761146e-007	2.00632248e-007	-7.19296227e-009	
4.39785331e+001	1.89976510e-007	1.89795780e-007	-8.28470418e-009	
4.40787120e+001	1.77746967e-007	1.77531155e-007	-8.75632737e-009	
4.41788909e+001	1.63711498e-007	1.63491571e-007	-8.48296325e-009	
4.42790698e+001	1.44606058e-007	1.44405317e-007	-7.61684558e-009	
4.43792487e+001	1.31607005e-007	1.31416945e-007	-7.07038660e-009	
4.44794275e+001	1.15932974e-007	1.15752448e-007	-6.46724768e-009	
4.45796064e+001	1.05164090e-007	1.04998937e-007	-5.89144533e-009	
4.46797853e+001	9.47290117e-008	9.45796480e-008	-5.31750340e-009	
4.47799642e+001	8.36643674e-008	8.35356757e-008	-4.63866903e-009	
4.48801431e+001	7.88329722e-008	7.87191732e-008	-4.23429675e-009	
4.49803220e+001	7.37342475e-008	7.36344306e-008	-3.83534619e-009	
4.50805009e+001	7.16622832e-008	7.15783555e-008	-3.46725479e-009	
4.51806798e+001	6.99622994e-008	6.98827090e-008	-3.33621351e-009	
4.52808587e+001	6.85657976e-008	6.84841972e-008	-3.34414930e-009	
4.53810376e+001	6.66600453e-008	6.65744654e-008	-3.37671350e-009	
4.54812165e+001	6.38284065e-008	6.37373326e-008	-3.40850617e-009	
4.55813953e+001	6.16400483e-008	6.15442229e-008	-3.43571996e-009	
4.56815742e+001	5.89818288e-008	5.88804520e-008	-3.45666109e-009	
4.57817531e+001	5.71093881e-008	5.69936112e-008	-3.63462482e-009	
4.58819320e+001	5.91904433e-008	5.90567042e-008	-3.97671576e-009	
4.59821109e+001	7.17921136e-008	7.16713013e-008	-4.16319036e-009	
4.60822898e+001	1.21848084e-007	1.21443586e-007	-9.92023301e-009	
4.61824687e+001	7.00327382e-008	6.78543199e-008	-1.73313499e-008	
4.62826476e+001	6.19014558e-008	5.96472549e-008	-1.65528006e-008	
4.63828265e+001	6.47324204e-008	6.24826053e-008	-1.69177506e-008	
4.64830054e+001	6.53911951e-008	6.29256751e-008	-1.77867313e-008	
4.65831843e+001	6.78038771e-008	6.55732877e-008	-1.72484694e-008	
4.66833631e+001	7.74662966e-008	7.50138250e-008	-1.93378686e-008	
4.67835420e+001	7.33808247e-008	7.07631613e-008	-1.94247377e-008	
4.68837209e+001	8.38991071e-008	8.09533991e-008	-2.20365003e-008	
4.69838998e+001	9.87738280e-008	9.53995896e-008	-2.55966285e-008	
4.70840787e+001	1.09370694e-007	1.05480450e-007	-2.89106109e-008	
4.71842576e+001	1.10758281e-007	1.05917258e-007	-3.23872059e-008	
4.72844365e+001	1.38529185e-007	1.34331428e-007	-3.38437994e-008	
4.73846154e+001	1.36446100e-007	1.31932798e-007	-3.48033761e-008	
4.74847943e+001	1.67843275e-007	1.62188358e-007	-4.32007127e-008	
4.75849732e+001	2.12373534e-007	2.06922067e-007	-4.78097919e-008	
4.76851521e+001	2.53760729e-007	2.47140211e-007	-5.75866658e-008	
4.77853309e+001	2.88729942e-007	2.79670864e-007	-7.17578354e-008	
4.78855098e+001	3.51439414e-007	3.41074624e-007	-8.47216771e-008	
4.79856887e+001	4.05642388e-007	3.89914714e-007	-1.11858228e-007	
4.80858676e+001	7.44678956e-007	7.24955646e-007	-1.70252929e-007	
4.81860465e+001	1.58199480e-006	1.57060132e-006	1.89523243e-007	
4.82862254e+001	4.98764925e-007	4.98648220e-007	1.07890028e-008	
4.83864043e+001	2.52440697e-007	2.52100635e-007	1.30986767e-008	
4.84865832e+001	6.99267759e-008	6.90290493e-008	1.11689008e-008	
4.85867621e+001	6.79257207e-008	-6.70847148e-008	1.06557292e-008	
4.86869410e+001	1.83360760e-007	-1.82953229e-007	1.22181910e-008	
4.87871199e+001	2.69563773e-007	-2.69233938e-007	1.33309470e-008	
4.88872987e+001	3.55586121e-007	-3.55326629e-007	1.35822075e-008	
4.89874776e+001	4.41636027e-007	-4.41419320e-007	1.38334680e-008	
4.90876565e+001	5.14959501e-007	-5.14764245e-007	1.41795405e-008	
4.91878354e+001	5.82689791e-007	-5.82507672e-007	1.45672745e-008	
4.92880143e+001	6.50423049e-007	-6.50251098e-007	1.49550085e-008	
4.93881932e+001	7.22970997e-007	-7.22805370e-007	1.54744761e-008	
4.94883721e+001	7.85571495e-007	-7.85412990e-007	1.57800181e-008	
4.95885510e+001	8.40794489e-007	-8.40642801e-007	1.59704167e-008	
4.96887299e+001	8.96018364e-007	-8.95872612e-007	1.61608152e-008	
4.97889088e+001	9.51242966e-007	-9.51102423e-007	1.63512137e-008	
4.98890877e+001	1.00774432e-006	-1.00760837e-006	1.65523905e-008	
4.99892665e+001	1.06611168e-006	-1.06597978e-006	1.67693229e-008	
5.00894454e+001	1.11166228e-006	-1.11153389e-006	1.68948491e-008	
5.01896243e+001	1.15297796e-006	-1.15285293e-006	1.69790624e-008	
5.02898032e+001	1.19429387e-006	-1.19417197e-006	1.70632757e-008	
5.03899821e+001	1.23561000e-006	-1.23549101e-006	1.71474890e-008	
5.04901610e+001	1.27692633e-006	-1.27681005e-006	1.72317023e-008	
5.05903399e+001	1.31824282e-006	-1.31812909e-006	1.73159157e-008	
5.06905188e+001	1.35955948e-006	-1.35944813e-006	1.74001290e-008	
5.07906977e+001	1.39797377e-006	-1.39786486e-006	1.74494438e-008	
5.08908766e+001	1.43181468e-006	-1.43170851e-006	1.74360448e-008	
5.09910555e+001	1.46565571e-006	-1.46555216e-006	1.74226458e-008	
5.10912343e+001	1.49949687e-006	-1.49939580e-006	1.74092468e-008	
5.11914132e+001	1.52676675e-006	-1.52666764e-006	1.73960394e-008	
5.12915921e+001	1.55236896e-006	-1.55227164e-006	1.73822694e-008	
5.13917710e+001	1.57378229e-006	-1.57368693e-006	1.73248597e-008	
5.14919499e+001	1.59519567e-006	-1.59510221e-006	1.72674499e-008	
5.15921288e+001	1.61809719e-006	-1.61800525e-006	1.72486748e-008	
5.16923077e+001	1.64115443e-006	-1.64106394e-006	1.72339416e-008	
5.17924866e+001	1.66421171e-006	-1.66412262e-006	1.72192084e-008	
5.18926655e+001	1.68523692e-006	-1.68514936e-006	1.71784453e-008	
5.19928444e+001	1.70336594e-006	-1.70327973e-006	1.71373242e-008	
5.20930233e+001	1.72078154e-006	-1.72069654e-006	1.71028373e-008	
5.21932021e+001	1.73819716e-006	-1.73811335e-006	1.70683504e-008	
5.22933810e+001	1.74927394e-006	-1.74919125e-006	1.70088886e-008	
5.23935599e+001	1.76153527e-006	-1.76145361e-006	1.69610659e-008	
5.24937388e+001	1.77501483e-006	-1.77493416e-006	1.69234387e-008	
5.25939177e+001	1.78849441e-006	-1.78841470e-006	1.68858115e-008	
5.26940966e+001	1.80194243e-006	-1.80186366e-006	1.68479832e-008	
5.27942755e+001	1.81241242e-006	-1.81233444e-006	1.68125985e-008	
5.28944544e+001	1.82278926e-006	-1.82271204e-006	1.67782644e-008	
5.29946333e+001	1.83316611e-006	-1.83308964e-006	1.67439303e-008	
5.30948122e+001	1.84354296e-006	-1.84346724e-006	1.67095963e-008	
5.31949911e+001	1.85320532e-006	-1.85313032e-006	1.66728101e-008	
5.32951699e+001	1.86123978e-006	-1.86116548e-006	1.66304372e-008	
5.33953488e+001	1.86927425e-006	-1.86920065e-006	1.65880643e-008	
5.34955277e+001	1.87730873e-006	-1.87723581e-006	1.65456914e-008	
5.35957066e+001	1.88638754e-006	-1.88631529e-006	1.65107673e-008	
5.36958855e+001	1.89474176e-006	-1.89467003e-006	1.64862401e-008	
5.37960644e+001	1.89989767e-006	-1.89982634e-006	1.64626726e-008	
5.38962433e+001	1.90519487e-006	-1.90512397e-006	1.64362251e-008	
5.39964222e+001	1.91059180e-006	-1.91052134e-006	1.64077448e-008	
5.40966011e+001	1.91598873e-006	-1.91591871e-006	1.63792646e-008	
5.41967800e+001	1.92068763e-006	-1.92061801e-006	1.63532122e-008	
5.42969589e+001	1.92498163e-006	-1.92491238e-006	1.63285682e-008	
5.43971377e+001	1.92916880e-006	-1.92909987e-006	1.63083192e-008	
5.44973166e+001	1.93329271e-006	-1.93322407e-006	1.62906734e-008	
5.45974955e+001	1.93741661e-006	-1.93734827e-006	1.62730275e-008	
5.46976744e+001	1.94043576e-006	-1.94036768e-006	1.62549036e-008	
5.47978533e+001	1.94309075e-006	-1.94302291e-006	1.62366220e-008	
5.48980322e+001	1.94574574e-006	-1.94567814e-006	1.62183405e-008	
5.49982111e+001	1.94758223e-006	-1.94751481e-006	1.62044704e-008	
5.50983900e+001	1.94887806e-006	-1.94881078e-006	1.61935144e-008	
5.51985689e+001	1.95017389e-006	-1.95010675e-006	1.61825583e-008	
5.52987478e+001	1.95146972e-006	-1.95140272e-006	1.61716022e-008	
5.53989267e+001	1.95276556e-006	-1.95269868e-006	1.61606462e-008	
5.54991055e+001	1.95501214e-006	-1.95494542e-006	1.61524606e-008	
5.55992844e+001	1.95730535e-006	-1.95723877e-006	1.61444084e-008	
5.56994633e+001	1.95936199e-006	-1.95929553e-006	1.61375824e-008	
5.57996422e+001	1.95948450e-006	-1.95941807e-006	1.61352703e-008	
5.58998211e+001	1.96005470e-006	-1.95998831e-006	1.61331521e-008	
5.60000000e+001	1.95985555e-006	-1.95978915e-006	1.61331910e-008	
