% Column 0: Length, cm
% Column 1: |B.t|, Tesla
% Column 2: Re[B.t], Tesla
% Column 3: Im[B.t], Tesla
0.00000000e+000	6.23114129e-006	-6.23084227e-006	6.10433577e-008	
1.00178891e-001	6.23011519e-006	-6.22981612e-006	6.10440444e-008	
2.00357782e-001	6.22710416e-006	-6.22680493e-006	6.10460458e-008	
3.00536673e-001	6.22213947e-006	-6.22183996e-006	6.10492666e-008	
4.00715564e-001	6.21653927e-006	-6.21623946e-006	6.10528802e-008	
5.00894454e-001	6.20840975e-006	-6.20810950e-006	6.10574144e-008	
6.01073345e-001	6.19816342e-006	-6.19786263e-006	6.10627189e-008	
7.01252236e-001	6.18791710e-006	-6.18761576e-006	6.10680234e-008	
8.01431127e-001	6.17767078e-006	-6.17736888e-006	6.10733279e-008	
9.01610018e-001	6.16594011e-006	-6.16563758e-006	6.10784005e-008	
1.00178891e+000	6.14745017e-006	-6.14714670e-006	6.10824172e-008	
1.10196780e+000	6.12896025e-006	-6.12865582e-006	6.10864338e-008	
1.20214669e+000	6.11047033e-006	-6.11016494e-006	6.10904504e-008	
1.30232558e+000	6.09198041e-006	-6.09167405e-006	6.10944670e-008	
1.40250447e+000	6.07349050e-006	-6.07318317e-006	6.10984837e-008	
1.50268336e+000	6.05500060e-006	-6.05469229e-006	6.11025003e-008	
1.60286225e+000	6.03651070e-006	-6.03620141e-006	6.11065169e-008	
1.70304114e+000	6.01802081e-006	-6.01771053e-006	6.11105336e-008	
1.80322004e+000	5.99330622e-006	-5.99299468e-006	6.11086169e-008	
1.90339893e+000	5.96102633e-006	-5.96071319e-006	6.10994889e-008	
2.00357782e+000	5.92874645e-006	-5.92843170e-006	6.10903610e-008	
2.10375671e+000	5.89646659e-006	-5.89615021e-006	6.10812331e-008	
2.20393560e+000	5.86276891e-006	-5.86245084e-006	6.10694165e-008	
2.30411449e+000	5.81420190e-006	-5.81388159e-006	6.10294029e-008	
2.40429338e+000	5.76563494e-006	-5.76531235e-006	6.09893894e-008	
2.50447227e+000	5.71706801e-006	-5.71674311e-006	6.09493758e-008	
2.60465116e+000	5.66850112e-006	-5.66817387e-006	6.09093623e-008	
2.70483005e+000	5.62831034e-006	-5.62798119e-006	6.08686528e-008	
2.80500894e+000	5.59133327e-006	-5.59100239e-006	6.08276765e-008	
2.90518784e+000	5.55435623e-006	-5.55402360e-006	6.07867002e-008	
3.00536673e+000	5.51737922e-006	-5.51704481e-006	6.07457239e-008	
3.10554562e+000	5.47680947e-006	-5.47647321e-006	6.06895324e-008	
3.20572451e+000	5.42980765e-006	-5.42946941e-006	6.06061013e-008	
3.30590340e+000	5.38280586e-006	-5.38246560e-006	6.05226701e-008	
3.40608229e+000	5.33580411e-006	-5.33546180e-006	6.04392390e-008	
3.50626118e+000	5.28880240e-006	-5.28845800e-006	6.03558078e-008	
3.60644007e+000	5.19837399e-006	-5.19802618e-006	6.01334062e-008	
3.70661896e+000	5.10768572e-006	-5.10733436e-006	5.99101724e-008	
3.80679785e+000	5.01699759e-006	-5.01664253e-006	5.96869386e-008	
3.90697674e+000	4.92630961e-006	-4.92595071e-006	5.94637048e-008	
4.00715564e+000	4.84625562e-006	-4.84589344e-006	5.92477064e-008	
4.10733453e+000	4.77245438e-006	-4.77208922e-006	5.90359620e-008	
4.20751342e+000	4.69865323e-006	-4.69828500e-006	5.88242175e-008	
4.30769231e+000	4.62485220e-006	-4.62448077e-006	5.86124731e-008	
4.40787120e+000	4.55534286e-006	-4.55496855e-006	5.83957870e-008	
4.50805009e+000	4.49771371e-006	-4.49733759e-006	5.81654210e-008	
4.60822898e+000	4.44008462e-006	-4.43970663e-006	5.79350550e-008	
4.70840787e+000	4.38245558e-006	-4.38207566e-006	5.77046891e-008	
4.80858676e+000	4.32482662e-006	-4.32444470e-006	5.74743231e-008	
4.90876565e+000	4.21911728e-006	-4.21873197e-006	5.70190860e-008	
5.00894454e+000	4.10812785e-006	-4.10773877e-006	5.65391524e-008	
5.10912343e+000	3.99713869e-006	-3.99674556e-006	5.60592189e-008	
5.20930233e+000	3.88614982e-006	-3.88575235e-006	5.55792853e-008	
5.30948122e+000	3.77405445e-006	-3.77365297e-006	5.50474785e-008	
5.40966011e+000	3.66100370e-006	-3.66059845e-006	5.44708927e-008	
5.50983900e+000	3.54795328e-006	-3.54754392e-006	5.38943068e-008	
5.61001789e+000	3.43490323e-006	-3.43448940e-006	5.33177210e-008	
5.71019678e+000	3.32849486e-006	-3.32807657e-006	5.27671996e-008	
5.81037567e+000	3.25397512e-006	-3.25355412e-006	5.23418300e-008	
5.91055456e+000	3.17945556e-006	-3.17903166e-006	5.19164604e-008	
6.01073345e+000	3.10493619e-006	-3.10450921e-006	5.14910907e-008	
6.11091234e+000	3.03041704e-006	-3.02998675e-006	5.10657211e-008	
6.21109123e+000	2.95859092e-006	-2.95815794e-006	5.06145717e-008	
6.31127013e+000	2.88740472e-006	-2.88696905e-006	5.01572978e-008	
6.41144902e+000	2.81621874e-006	-2.81578016e-006	4.97000239e-008	
6.51162791e+000	2.74503298e-006	-2.74459127e-006	4.92427501e-008	
6.61180680e+000	2.65913370e-006	-2.65868796e-006	4.86865491e-008	
6.71198569e+000	2.55478760e-006	-2.55433652e-006	4.80063188e-008	
6.81216458e+000	2.45044214e-006	-2.44998509e-006	4.73260885e-008	
6.91234347e+000	2.34609741e-006	-2.34563365e-006	4.66458582e-008	
7.01252236e+000	2.24360054e-006	-2.24312939e-006	4.59774890e-008	
7.11270125e+000	2.16252830e-006	-2.16205070e-006	4.54466995e-008	
7.21288014e+000	2.08145670e-006	-2.08097202e-006	4.49159100e-008	
7.31305903e+000	2.00038581e-006	-1.99989333e-006	4.43851204e-008	
7.41323792e+000	1.91931572e-006	-1.91881464e-006	4.38543309e-008	
7.51341682e+000	1.86134370e-006	-1.86083430e-006	4.35441248e-008	
7.61359571e+000	1.81257746e-006	-1.81205967e-006	4.33218312e-008	
7.71377460e+000	1.76381171e-006	-1.76328505e-006	4.30995377e-008	
7.81395349e+000	1.71504649e-006	-1.71451043e-006	4.28772441e-008	
7.91413238e+000	1.66968907e-006	-1.66914113e-006	4.27722975e-008	
8.01431127e+000	1.63064096e-006	-1.63007695e-006	4.28846188e-008	
8.11449016e+000	1.59159365e-006	-1.59101276e-006	4.29969401e-008	
8.21466905e+000	1.55254719e-006	-1.55194857e-006	4.31092614e-008	
8.31484794e+000	1.51350166e-006	-1.51288439e-006	4.32215827e-008	
8.41502683e+000	1.50191247e-006	-1.50126592e-006	4.40648696e-008	
8.51520572e+000	1.49070390e-006	-1.49002700e-006	4.49182666e-008	
8.61538462e+000	1.47949628e-006	-1.47878808e-006	4.57716636e-008	
8.71556351e+000	1.46828964e-006	-1.46754917e-006	4.66250605e-008	
8.81574240e+000	1.46826811e-006	-1.46750080e-006	4.74620243e-008	
8.91592129e+000	1.47504284e-006	-1.47425220e-006	4.82889964e-008	
9.01610018e+000	1.48181782e-006	-1.48100360e-006	4.91159685e-008	
9.11627907e+000	1.48859304e-006	-1.48775500e-006	4.99429406e-008	
9.21645796e+000	1.50609597e-006	-1.50523181e-006	5.10126599e-008	
9.31663685e+000	1.55450094e-006	-1.55360461e-006	5.27816453e-008	
9.41681574e+000	1.60290592e-006	-1.60197741e-006	5.45506308e-008	
9.51699463e+000	1.65131091e-006	-1.65035021e-006	5.63196163e-008	
9.61717352e+000	1.69971591e-006	-1.69872301e-006	5.80886018e-008	
9.71735242e+000	1.80136212e-006	-1.80031594e-006	6.13842655e-008	
9.81753131e+000	1.90936416e-006	-1.90826214e-006	6.48621788e-008	
9.91771020e+000	2.01736621e-006	-2.01620834e-006	6.83400921e-008	
1.00178891e+001	2.12536828e-006	-2.12415454e-006	7.18180054e-008	
1.01180680e+001	2.28666227e-006	-2.28538380e-006	7.64541088e-008	
1.02182469e+001	2.49540260e-006	-2.49405096e-006	8.21213509e-008	
1.03184258e+001	2.70414350e-006	-2.70271812e-006	8.77885929e-008	
1.04186047e+001	2.91288487e-006	-2.91138528e-006	9.34558349e-008	
1.05187835e+001	3.14158396e-006	-3.14000770e-006	9.95057311e-008	
1.06189624e+001	3.47151945e-006	-3.46985471e-006	1.07496687e-007	
1.07191413e+001	3.80145638e-006	-3.79970173e-006	1.15487643e-007	
1.08193202e+001	4.13139441e-006	-4.12954874e-006	1.23478599e-007	
1.09194991e+001	4.46133329e-006	-4.45939575e-006	1.31469555e-007	
1.10196780e+001	4.74076820e-006	-4.73876194e-006	1.37907110e-007	
1.11198569e+001	5.00760429e-006	-5.00553464e-006	1.43957144e-007	
1.12200358e+001	5.27444091e-006	-5.27230735e-006	1.50007177e-007	
1.13202147e+001	5.54127798e-006	-5.53908005e-006	1.56057210e-007	
1.14203936e+001	5.83401413e-006	-5.83175613e-006	1.62300102e-007	
1.15205725e+001	6.16025159e-006	-6.15793868e-006	1.68792459e-007	
1.16207513e+001	6.48649003e-006	-6.48412123e-006	1.75284817e-007	
1.17209302e+001	6.81272931e-006	-6.81030379e-006	1.81777174e-007	
1.18211091e+001	7.17702914e-006	-7.17454462e-006	1.88830099e-007	
1.19212880e+001	8.03424513e-006	-8.03167652e-006	2.03142749e-007	
1.20214669e+001	8.89146794e-006	-8.88880843e-006	2.17455399e-007	
1.21216458e+001	9.74869577e-006	-9.74594033e-006	2.31768050e-007	
1.22218247e+001	1.06059274e-005	-1.06030722e-005	2.46080700e-007	
1.23220036e+001	1.17072907e-005	-1.17043680e-005	2.61582795e-007	
1.24221825e+001	1.29096745e-005	-1.29066900e-005	2.77577062e-007	
1.25223614e+001	1.41120660e-005	-1.41090121e-005	2.93571329e-007	
1.26225403e+001	1.53144633e-005	-1.53113342e-005	3.09565595e-007	
1.27227191e+001	1.65168651e-005	-1.65136563e-005	3.25559862e-007	
1.28228980e+001	1.77192705e-005	-1.77159783e-005	3.41554128e-007	
1.29230769e+001	1.89216789e-005	-1.89183004e-005	3.57548395e-007	
1.30232558e+001	2.01240896e-005	-2.01206225e-005	3.73542661e-007	
1.31234347e+001	2.13265024e-005	-2.13229446e-005	3.89536928e-007	
1.32236136e+001	2.29900008e-005	-2.29864317e-005	4.05082985e-007	
1.33237925e+001	2.46635524e-005	-2.46599654e-005	4.20619220e-007	
1.34239714e+001	2.63371108e-005	-2.63334991e-005	4.36155456e-007	
1.35241503e+001	2.80106749e-005	-2.80070328e-005	4.51691691e-007	
1.36243292e+001	2.96842437e-005	-2.96805664e-005	4.67227927e-007	
1.37245081e+001	3.13578165e-005	-3.13541001e-005	4.82764163e-007	
1.38246869e+001	3.30313926e-005	-3.30276338e-005	4.98300398e-007	
1.39248658e+001	3.47049716e-005	-3.47011675e-005	5.13836634e-007	
1.40250447e+001	3.67267950e-005	-3.67229662e-005	5.30303139e-007	
1.41252236e+001	3.97933304e-005	-3.97895354e-005	5.49560364e-007	
1.42254025e+001	4.28598792e-005	-4.28561045e-005	5.68817589e-007	
1.43255814e+001	4.59264389e-005	-4.59226737e-005	5.88074814e-007	
1.44257603e+001	4.89930073e-005	-4.89892428e-005	6.07332039e-007	
1.45259392e+001	5.33163958e-005	-5.33127125e-005	6.26687146e-007	
1.46261181e+001	5.78020544e-005	-5.77984438e-005	6.46054897e-007	
1.47262970e+001	6.22877295e-005	-6.22841750e-005	6.65422648e-007	
1.48264758e+001	6.67734177e-005	-6.67699062e-005	6.84790399e-007	
1.49266547e+001	7.14412582e-005	-7.14378189e-005	7.01009038e-007	
1.50268336e+001	7.62763553e-005	-7.62730103e-005	7.14336279e-007	
1.51270125e+001	8.11114659e-005	-8.11082018e-005	7.27663519e-007	
1.52271914e+001	8.59465876e-005	-8.59433933e-005	7.40990759e-007	
1.53273703e+001	9.08935738e-005	-9.08904547e-005	7.52995834e-007	
1.54275492e+001	9.64412310e-005	-9.64382529e-005	7.57901382e-007	
1.55277281e+001	1.01988904e-004	-1.01986051e-004	7.62806929e-007	
1.56279070e+001	1.07536590e-004	-1.07533849e-004	7.67712477e-007	
1.57280859e+001	1.13084287e-004	-1.13081647e-004	7.72618025e-007	
1.58282648e+001	1.20995869e-004	-1.20993406e-004	7.72024437e-007	
1.59284436e+001	1.29525822e-004	-1.29523533e-004	7.69992402e-007	
1.60286225e+001	1.38055796e-004	-1.38053660e-004	7.67960367e-007	
1.61288014e+001	1.46585788e-004	-1.46583787e-004	7.65928332e-007	
1.62289803e+001	1.55457496e-004	-1.55455629e-004	7.61813010e-007	
1.63291592e+001	1.64785317e-004	-1.64783587e-004	7.54917158e-007	
1.64293381e+001	1.74113152e-004	-1.74111545e-004	7.48021306e-007	
1.65295170e+001	1.83441000e-004	-1.83439503e-004	7.41125454e-007	
1.66296959e+001	1.92740076e-004	-1.92738678e-004	7.34180770e-007	
1.67298748e+001	2.01618221e-004	-2.01616912e-004	7.26521964e-007	
1.68300537e+001	2.10496374e-004	-2.10495146e-004	7.18863158e-007	
1.69302326e+001	2.19374534e-004	-2.19373381e-004	7.11204352e-007	
1.70304114e+001	2.28252699e-004	-2.28251615e-004	7.03545546e-007	
1.71305903e+001	2.35020857e-004	-2.35019820e-004	6.98368997e-007	
1.72307692e+001	2.40883182e-004	-2.40882181e-004	6.94258079e-007	
1.73309481e+001	2.46745508e-004	-2.46744542e-004	6.90147161e-007	
1.74311270e+001	2.52607835e-004	-2.52606904e-004	6.86036243e-007	
1.75313059e+001	2.59744187e-004	-2.59743288e-004	6.83438162e-007	
1.76314848e+001	2.69405964e-004	-2.69405096e-004	6.83838893e-007	
1.77316637e+001	2.79067743e-004	-2.79066904e-004	6.84239625e-007	
1.78318426e+001	2.88729524e-004	-2.88728712e-004	6.84640356e-007	
1.79320215e+001	2.98391307e-004	-2.98390520e-004	6.85041087e-007	
1.80322004e+001	3.11448840e-004	-3.11448061e-004	6.96706884e-007	
1.81323792e+001	3.24607880e-004	-3.24607106e-004	7.08709411e-007	
1.82325581e+001	3.37766920e-004	-3.37766151e-004	7.20711937e-007	
1.83327370e+001	3.50925961e-004	-3.50925196e-004	7.32714463e-007	
1.84329159e+001	3.61241206e-004	-3.61240423e-004	7.52105633e-007	
1.85330948e+001	3.69712518e-004	-3.69711703e-004	7.76287766e-007	
1.86332737e+001	3.78183831e-004	-3.78182984e-004	8.00469898e-007	
1.87334526e+001	3.86655144e-004	-3.86654265e-004	8.24652030e-007	
1.88336315e+001	3.95126457e-004	-3.95125545e-004	8.48834162e-007	
1.89338104e+001	4.03597770e-004	-4.03596826e-004	8.73016294e-007	
1.90339893e+001	4.12069083e-004	-4.12068107e-004	8.97198427e-007	
1.91341682e+001	4.20540397e-004	-4.20539387e-004	9.21380559e-007	
1.92343470e+001	4.29011710e-004	-4.29010668e-004	9.45562691e-007	
1.93345259e+001	4.39091488e-004	-4.39090368e-004	9.91800643e-007	
1.94347048e+001	4.49394815e-004	-4.49393609e-004	1.04110397e-006	
1.95348837e+001	4.59698144e-004	-4.59696850e-004	1.09040730e-006	
1.96350626e+001	4.70001473e-004	-4.70000091e-004	1.13971063e-006	
1.97352415e+001	4.79188886e-004	-4.79187409e-004	1.18962878e-006	
1.98354204e+001	4.87319635e-004	-4.87318057e-004	1.24012901e-006	
1.99355993e+001	4.95450386e-004	-4.95448705e-004	1.29062924e-006	
2.00357782e+001	5.03581138e-004	-5.03579352e-004	1.34112946e-006	
2.01359571e+001	5.11435178e-004	-5.11433286e-004	1.39113060e-006	
2.02361360e+001	5.17712574e-004	-5.17710576e-004	1.43828795e-006	
2.03363148e+001	5.23989971e-004	-5.23987865e-004	1.48544530e-006	
2.04364937e+001	5.30267369e-004	-5.30265154e-004	1.53260264e-006	
2.05366726e+001	5.36544769e-004	-5.36542444e-004	1.57975999e-006	
2.06368515e+001	5.40673450e-004	-5.40671044e-004	1.61284150e-006	
2.07370304e+001	5.44213513e-004	-5.44211036e-004	1.64206705e-006	
2.08372093e+001	5.47753578e-004	-5.47751028e-004	1.67129261e-006	
2.09373882e+001	5.51293642e-004	-5.51291020e-004	1.70051817e-006	
2.10375671e+001	5.54052962e-004	-5.54050282e-004	1.72302680e-006	
2.11377460e+001	5.55736913e-004	-5.55734201e-004	1.73628380e-006	
2.12379249e+001	5.57420864e-004	-5.57418119e-004	1.74954079e-006	
2.13381038e+001	5.59104816e-004	-5.59102037e-004	1.76279779e-006	
2.14382826e+001	5.60690372e-004	-5.60687562e-004	1.77503603e-006	
2.15384615e+001	5.60626435e-004	-5.60623640e-004	1.77019601e-006	
2.16386404e+001	5.60562498e-004	-5.60559719e-004	1.76535599e-006	
2.17388193e+001	5.60498562e-004	-5.60495797e-004	1.76051597e-006	
2.18389982e+001	5.60434625e-004	-5.60431875e-004	1.75567595e-006	
2.19391771e+001	5.58580429e-004	-5.58577737e-004	1.73397101e-006	
2.20393560e+001	5.55929278e-004	-5.55926664e-004	1.70475846e-006	
2.21395349e+001	5.53278128e-004	-5.53275591e-004	1.67554591e-006	
2.22397138e+001	5.50626979e-004	-5.50624518e-004	1.64633337e-006	
2.23398927e+001	5.47138294e-004	-5.47135923e-004	1.61067359e-006	
2.24400716e+001	5.41930761e-004	-5.41928511e-004	1.56178246e-006	
2.25402504e+001	5.36723231e-004	-5.36721099e-004	1.51289132e-006	
2.26404293e+001	5.31515703e-004	-5.31513687e-004	1.46400019e-006	
2.27406082e+001	5.26308177e-004	-5.26306275e-004	1.41510905e-006	
2.28407871e+001	5.20531282e-004	-5.20529481e-004	1.36929602e-006	
2.29409660e+001	5.14732703e-004	-5.14731001e-004	1.32360041e-006	
2.30411449e+001	5.08934125e-004	-5.08932521e-004	1.27790480e-006	
2.31413238e+001	5.03135550e-004	-5.03134041e-004	1.23220919e-006	
2.32415027e+001	4.97336976e-004	-4.97335560e-004	1.18651359e-006	
2.33416816e+001	4.91538404e-004	-4.91537080e-004	1.14081798e-006	
2.34418605e+001	4.85739834e-004	-4.85738600e-004	1.09512237e-006	
2.35420394e+001	4.79941267e-004	-4.79940120e-004	1.04942676e-006	
2.36422182e+001	4.73160190e-004	-4.73159131e-004	1.00119492e-006	
2.37423971e+001	4.63174112e-004	-4.63173149e-004	9.44690136e-007	
2.38425760e+001	4.53188037e-004	-4.53187167e-004	8.88185350e-007	
2.39427549e+001	4.43201965e-004	-4.43201185e-004	8.31680564e-007	
2.40429338e+001	4.33215897e-004	-4.33215203e-004	7.75175778e-007	
2.41431127e+001	4.21953385e-004	-4.21952765e-004	7.23138182e-007	
2.42432916e+001	4.10500601e-004	-4.10500052e-004	6.71766291e-007	
2.43434705e+001	3.99047821e-004	-3.99047338e-004	6.20394401e-007	
2.44436494e+001	3.87595043e-004	-3.87594625e-004	5.69022511e-007	
2.45438283e+001	3.76833748e-004	-3.76833376e-004	5.29725223e-007	
2.46440072e+001	3.66747653e-004	-3.66747309e-004	5.02218410e-007	
2.47441860e+001	3.56661559e-004	-3.56661243e-004	4.74711596e-007	
2.48443649e+001	3.46575465e-004	-3.46575176e-004	4.47204783e-007	
2.49445438e+001	3.36518925e-004	-3.36518661e-004	4.21856899e-007	
2.50447227e+001	3.26641569e-004	-3.26641313e-004	4.09595055e-007	
2.51449016e+001	3.16764214e-004	-3.16763965e-004	3.97333211e-007	
2.52450805e+001	3.06886858e-004	-3.06886616e-004	3.85071367e-007	
2.53452594e+001	2.97009502e-004	-2.97009268e-004	3.72809523e-007	
2.54454383e+001	2.87006321e-004	-2.87006087e-004	3.67091651e-007	
2.55456172e+001	2.76967065e-004	-2.76966827e-004	3.63248873e-007	
2.56457961e+001	2.66927809e-004	-2.66927567e-004	3.59406094e-007	
2.57459750e+001	2.56888554e-004	-2.56888308e-004	3.55563316e-007	
2.58461538e+001	2.48121781e-004	-2.48121528e-004	3.54460407e-007	
2.59463327e+001	2.41164035e-004	-2.41163770e-004	3.57252503e-007	
2.60465116e+001	2.34206289e-004	-2.34206012e-004	3.60044600e-007	
2.61466905e+001	2.27248544e-004	-2.27248254e-004	3.62836696e-007	
2.62468694e+001	2.20358964e-004	-2.20358661e-004	3.65803415e-007	
2.63470483e+001	2.14803549e-004	-2.14803227e-004	3.72187948e-007	
2.64472272e+001	2.09248136e-004	-2.09247793e-004	3.78572481e-007	
2.65474061e+001	2.03692723e-004	-2.03692359e-004	3.84957014e-007	
2.66475850e+001	1.98137312e-004	-1.98136925e-004	3.91341546e-007	
2.67477639e+001	1.91055206e-004	-1.91054787e-004	4.00335682e-007	
2.68479428e+001	1.83268706e-004	-1.83268247e-004	4.10533870e-007	
2.69481216e+001	1.75482211e-004	-1.75481706e-004	4.20732057e-007	
2.70483005e+001	1.67695719e-004	-1.67695166e-004	4.30930244e-007	
2.71484794e+001	1.60274015e-004	-1.60273409e-004	4.40992021e-007	
2.72486583e+001	1.53627704e-004	-1.53627043e-004	4.50763790e-007	
2.73488372e+001	1.46981398e-004	-1.46980677e-004	4.60535559e-007	
2.74490161e+001	1.40335099e-004	-1.40334311e-004	4.70307328e-007	
2.75491950e+001	1.33688807e-004	-1.33687945e-004	4.80079098e-007	
2.76493739e+001	1.27491728e-004	-1.27490791e-004	4.88843604e-007	
2.77495528e+001	1.21315523e-004	-1.21314503e-004	4.97561319e-007	
2.78497317e+001	1.15168408e-004	-1.15167298e-004	5.05754080e-007	
2.79499106e+001	1.09833535e-004	-1.09832340e-004	5.12354265e-007	
2.80500894e+001	1.04765415e-004	-1.04764135e-004	5.17974046e-007	
2.81502683e+001	1.00818395e-004	-1.00817044e-004	5.21794530e-007	
2.82504472e+001	9.74057613e-005	-9.74043481e-005	5.24699315e-007	
2.83506261e+001	9.34027810e-005	-9.34012911e-005	5.27569054e-007	
2.84508050e+001	8.91974365e-005	-8.91958626e-005	5.29876996e-007	
2.85509839e+001	8.53807099e-005	-8.53790593e-005	5.30897842e-007	
2.86511628e+001	8.15639905e-005	-8.15622560e-005	5.31918687e-007	
2.87513417e+001	7.77693735e-005	-7.77675570e-005	5.31540434e-007	
2.88515206e+001	7.39782955e-005	-7.39763902e-005	5.30938625e-007	
2.89516995e+001	7.08161167e-005	-7.08141423e-005	5.28801651e-007	
2.90518784e+001	6.79498061e-005	-6.79477707e-005	5.25942434e-007	
2.91520572e+001	6.50835011e-005	-6.50813991e-005	5.23083217e-007	
2.92522361e+001	6.22172024e-005	-6.22150274e-005	5.20224001e-007	
2.93524150e+001	5.96222999e-005	-5.96200583e-005	5.17002564e-007	
2.94525939e+001	5.76155857e-005	-5.76133018e-005	5.12996092e-007	
2.95527728e+001	5.56088748e-005	-5.56065454e-005	5.08989620e-007	
2.96529517e+001	5.36021677e-005	-5.35997889e-005	5.04983148e-007	
2.97531306e+001	5.15954647e-005	-5.15930325e-005	5.00976675e-007	
2.98533095e+001	5.02544282e-005	-5.02519807e-005	4.95973779e-007	
2.99534884e+001	4.89474069e-005	-4.89449450e-005	4.90919979e-007	
3.00536673e+001	4.76403870e-005	-4.76379093e-005	4.85866179e-007	
3.01538462e+001	4.63333685e-005	-4.63308737e-005	4.80812380e-007	
3.02540250e+001	4.50100329e-005	-4.50075345e-005	4.74234427e-007	
3.03542039e+001	4.36752217e-005	-4.36727294e-005	4.66584374e-007	
3.04543828e+001	4.23404116e-005	-4.23379243e-005	4.58934320e-007	
3.05545617e+001	4.10056025e-005	-4.10031191e-005	4.51284267e-007	
3.06547406e+001	3.97587875e-005	-3.97563120e-005	4.43671965e-007	
3.07549195e+001	3.88190680e-005	-3.88166173e-005	4.36191438e-007	
3.08550984e+001	3.78793487e-005	-3.78769226e-005	4.28710910e-007	
3.09552773e+001	3.69396297e-005	-3.69372279e-005	4.21230383e-007	
3.10554562e+001	3.59999110e-005	-3.59975332e-005	4.13749856e-007	
3.11556351e+001	3.50601925e-005	-3.50578386e-005	4.06269329e-007	
3.12558140e+001	3.41204744e-005	-3.41181439e-005	3.98788801e-007	
3.13559928e+001	3.31807567e-005	-3.31784492e-005	3.91308274e-007	
3.14561717e+001	3.22410393e-005	-3.22387545e-005	3.83827747e-007	
3.15563506e+001	3.14656343e-005	-3.14633797e-005	3.76668023e-007	
3.16565295e+001	3.08584972e-005	-3.08562808e-005	3.69836831e-007	
3.17567084e+001	3.02513600e-005	-3.02491820e-005	3.63005639e-007	
3.18568873e+001	2.96442229e-005	-2.96420831e-005	3.56174448e-007	
3.19570662e+001	2.90370858e-005	-2.90349843e-005	3.49343256e-007	
3.20572451e+001	2.84299487e-005	-2.84278854e-005	3.42512064e-007	
3.21574240e+001	2.78228116e-005	-2.78207865e-005	3.35680873e-007	
3.22576029e+001	2.72156745e-005	-2.72136877e-005	3.28849681e-007	
3.23577818e+001	2.66085374e-005	-2.66065888e-005	3.22018489e-007	
3.24579606e+001	2.60999057e-005	-2.60980003e-005	3.15370096e-007	
3.25581395e+001	2.56214693e-005	-2.56196087e-005	3.08777740e-007	
3.26583184e+001	2.51430330e-005	-2.51412170e-005	3.02185384e-007	
3.27584973e+001	2.46645967e-005	-2.46628254e-005	2.95593028e-007	
3.28586762e+001	2.41861605e-005	-2.41844338e-005	2.89000672e-007	
3.29588551e+001	2.37077242e-005	-2.37060421e-005	2.82408317e-007	
3.30590340e+001	2.32292880e-005	-2.32276505e-005	2.75815961e-007	
3.31592129e+001	2.27508519e-005	-2.27492589e-005	2.69223605e-007	
3.32593918e+001	2.22743935e-005	-2.22728450e-005	2.62647067e-007	
3.33595707e+001	2.18498033e-005	-2.18482979e-005	2.56485279e-007	
3.34597496e+001	2.14252132e-005	-2.14237508e-005	2.50323490e-007	
3.35599284e+001	2.10006231e-005	-2.09992037e-005	2.44161702e-007	
3.36601073e+001	2.05760330e-005	-2.05746565e-005	2.37999913e-007	
3.37602862e+001	2.02169002e-005	-2.02155591e-005	2.32856938e-007	
3.38604651e+001	1.98896623e-005	-1.98883530e-005	2.28210395e-007	
3.39606440e+001	1.95624244e-005	-1.95611469e-005	2.23563852e-007	
3.40608229e+001	1.92351866e-005	-1.92339408e-005	2.18917309e-007	
3.41610018e+001	1.89205006e-005	-1.89192847e-005	2.14500188e-007	
3.42611807e+001	1.86340113e-005	-1.86328212e-005	2.10598446e-007	
3.43613596e+001	1.83475221e-005	-1.83463578e-005	2.06696703e-007	
3.44615385e+001	1.80610329e-005	-1.80598943e-005	2.02794961e-007	
3.45617174e+001	1.77745437e-005	-1.77734308e-005	1.98893218e-007	
3.46618962e+001	1.74537862e-005	-1.74526983e-005	1.94865700e-007	
3.47620751e+001	1.71309845e-005	-1.71299216e-005	1.90830682e-007	
3.48622540e+001	1.68081829e-005	-1.68071449e-005	1.86795663e-007	
3.49624329e+001	1.64853813e-005	-1.64843682e-005	1.82760645e-007	
3.50626118e+001	1.62271561e-005	-1.62261625e-005	1.79568605e-007	
3.51627907e+001	1.60158152e-005	-1.60148373e-005	1.76988591e-007	
3.52629696e+001	1.58044744e-005	-1.58035120e-005	1.74408578e-007	
3.53631485e+001	1.55931335e-005	-1.55921868e-005	1.71828565e-007	
3.54633274e+001	1.53794623e-005	-1.53785305e-005	1.69290800e-007	
3.55635063e+001	1.51572839e-005	-1.51563649e-005	1.66907263e-007	
3.56636852e+001	1.49351055e-005	-1.49341993e-005	1.64523726e-007	
3.57638640e+001	1.47129271e-005	-1.47120336e-005	1.62140189e-007	
3.58640429e+001	1.44907487e-005	-1.44898680e-005	1.59756652e-007	
3.59642218e+001	1.42145021e-005	-1.42136350e-005	1.57005822e-007	
3.60644007e+001	1.39287663e-005	-1.39279129e-005	1.54190532e-007	
3.61645796e+001	1.36430305e-005	-1.36421907e-005	1.51375242e-007	
3.62647585e+001	1.33572947e-005	-1.33564686e-005	1.48559952e-007	
3.63649374e+001	1.30747563e-005	-1.30739418e-005	1.45943553e-007	
3.64651163e+001	1.27955942e-005	-1.27947891e-005	1.43537194e-007	
3.65652952e+001	1.25164321e-005	-1.25156364e-005	1.41130835e-007	
3.66654741e+001	1.22372701e-005	-1.22364837e-005	1.38724475e-007	
3.67656530e+001	1.19580911e-005	-1.19573137e-005	1.36346756e-007	
3.68658318e+001	1.16787895e-005	-1.16780187e-005	1.34175099e-007	
3.69660107e+001	1.13994880e-005	-1.13987237e-005	1.32003443e-007	
3.70661896e+001	1.11201866e-005	-1.11194286e-005	1.29831786e-007	
3.71663685e+001	1.08408853e-005	-1.08401336e-005	1.27660129e-007	
3.72665474e+001	1.05668324e-005	-1.05660851e-005	1.25672201e-007	
3.73667263e+001	1.02944578e-005	-1.02937141e-005	1.23743027e-007	
3.74669052e+001	1.00220835e-005	-1.00213432e-005	1.21813853e-007	
3.75670841e+001	9.74970930e-006	-9.74897220e-006	1.19884680e-007	
3.76672630e+001	9.48682863e-006	-9.48609392e-006	1.18066233e-007	
3.77674419e+001	9.23858887e-006	-9.23785532e-006	1.16418552e-007	
3.78676208e+001	8.99034934e-006	-8.98961673e-006	1.14770871e-007	
3.79677996e+001	8.74211007e-006	-8.74137813e-006	1.13123190e-007	
3.80679785e+001	8.49511034e-006	-8.49437878e-006	1.11484290e-007	
3.81681574e+001	8.28957827e-006	-8.28884656e-006	1.10139210e-007	
3.82683363e+001	8.08404643e-006	-8.08331433e-006	1.08794131e-007	
3.83685152e+001	7.87851485e-006	-7.87778211e-006	1.07449052e-007	
3.84686941e+001	7.67298353e-006	-7.67224988e-006	1.06103973e-007	
3.85688730e+001	7.47177588e-006	-7.47104191e-006	1.04726200e-007	
3.86690519e+001	7.27275007e-006	-7.27201596e-006	1.03331938e-007	
3.87692308e+001	7.07372454e-006	-7.07299001e-006	1.01937675e-007	
3.88694097e+001	6.87469933e-006	-6.87396406e-006	1.00543413e-007	
3.89695886e+001	6.67567444e-006	-6.67493811e-006	9.91491501e-008	
3.90697674e+001	6.47664993e-006	-6.47591216e-006	9.77548875e-008	
3.91699463e+001	6.27762581e-006	-6.27688621e-006	9.63606250e-008	
3.92701252e+001	6.07860214e-006	-6.07786026e-006	9.49663624e-008	
3.93703041e+001	5.87957894e-006	-5.87883431e-006	9.35720998e-008	
3.94704830e+001	5.61782388e-006	-5.61708026e-006	9.14029822e-008	
3.95706619e+001	5.35178134e-006	-5.35103825e-006	8.91808960e-008	
3.96708408e+001	5.08573973e-006	-5.08499624e-006	8.69588098e-008	
3.97710197e+001	4.81969918e-006	-4.81895423e-006	8.47367235e-008	
3.98711986e+001	4.57369664e-006	-4.57295308e-006	8.24682754e-008	
3.99713775e+001	4.34270664e-006	-4.34196666e-006	8.01650852e-008	
4.00715564e+001	4.11171753e-006	-4.11098025e-006	7.78618949e-008	
4.01717352e+001	3.88072947e-006	-3.87999383e-006	7.55587046e-008	
4.02719141e+001	3.65652162e-006	-3.65578810e-006	7.32374940e-008	
4.03720930e+001	3.45822932e-006	-3.45750354e-006	7.08473806e-008	
4.04722719e+001	3.25993784e-006	-3.25921897e-006	6.84572671e-008	
4.05724508e+001	3.06164732e-006	-3.06093441e-006	6.60671536e-008	
4.06726297e+001	2.86335797e-006	-2.86264984e-006	6.36770401e-008	
4.07728086e+001	2.73349453e-006	-2.73279142e-006	6.19951323e-008	
4.08729875e+001	2.61637458e-006	-2.61567627e-006	6.04451180e-008	
4.09731664e+001	2.49925515e-006	-2.49856112e-006	5.88951037e-008	
4.10733453e+001	2.38213630e-006	-2.38144596e-006	5.73450894e-008	
4.11735242e+001	2.27934164e-006	-2.27865752e-006	5.58412763e-008	
4.12737030e+001	2.19214730e-006	-2.19147251e-006	5.43877815e-008	
4.13738819e+001	2.10495319e-006	-2.10428751e-006	5.29342867e-008	
4.14740608e+001	2.01775934e-006	-2.01710250e-006	5.14807919e-008	
4.15742397e+001	1.92586674e-006	-1.92521954e-006	4.99242179e-008	
4.16744186e+001	1.79757706e-006	-1.79694754e-006	4.75692053e-008	
4.17745975e+001	1.66928798e-006	-1.66867553e-006	4.52141927e-008	
4.18747764e+001	1.54099965e-006	-1.54040352e-006	4.28591801e-008	
4.19749553e+001	1.41271229e-006	-1.41213152e-006	4.05041675e-008	
4.20751342e+001	1.30515350e-006	-1.30459080e-006	3.83208801e-008	
4.21753131e+001	1.20450380e-006	-1.20395986e-006	3.61948223e-008	
4.22754919e+001	1.10385479e-006	-1.10332892e-006	3.40687646e-008	
4.23756708e+001	1.00320665e-006	-1.00269798e-006	3.19427069e-008	
4.24758497e+001	9.23785235e-007	-9.23290600e-007	3.02262860e-008	
4.25760286e+001	8.78175612e-007	-8.77691267e-007	2.91623990e-008	
4.26762075e+001	8.32566221e-007	-8.32091934e-007	2.80985119e-008	
4.27763864e+001	7.86957103e-007	-7.86492601e-007	2.70346248e-008	
4.28765653e+001	7.41628729e-007	-7.41173708e-007	2.59750996e-008	
4.29767442e+001	7.09167637e-007	-7.08722751e-007	2.51157218e-008	
4.30769231e+001	6.76706664e-007	-6.76271793e-007	2.42563439e-008	
4.31771020e+001	6.44245828e-007	-6.43820836e-007	2.33969660e-008	
4.32772809e+001	6.11785151e-007	-6.11369879e-007	2.25375881e-008	
4.33774597e+001	5.73502900e-007	-5.73101010e-007	2.14664654e-008	
4.34776386e+001	5.32181660e-007	-5.31794928e-007	2.02848001e-008	
4.35778175e+001	4.90860712e-007	-4.90488847e-007	1.91031348e-008	
4.36779964e+001	4.49540138e-007	-4.49182765e-007	1.79214696e-008	
4.37781753e+001	4.11777749e-007	-4.11434435e-007	1.68113257e-008	
4.38783542e+001	3.82614070e-007	-3.82284634e-007	1.58740356e-008	
4.39785331e+001	3.53450586e-007	-3.53134833e-007	1.49367455e-008	
4.40787120e+001	3.24287351e-007	-3.23985033e-007	1.39994554e-008	
4.41788909e+001	2.95124438e-007	-2.94835232e-007	1.30621653e-008	
4.42790698e+001	2.77826414e-007	-2.77548313e-007	1.24278137e-008	
4.43792487e+001	2.61444488e-007	-2.61177300e-007	1.18168513e-008	
4.44794275e+001	2.45062626e-007	-2.44806288e-007	1.12058889e-008	
4.45796064e+001	2.28680843e-007	-2.28435276e-007	1.05949266e-008	
4.46797853e+001	2.16127861e-007	-2.15892119e-007	1.00918333e-008	
4.47799642e+001	2.06534827e-007	-2.06308227e-007	9.67213249e-009	
4.48801431e+001	1.96941797e-007	-1.96724334e-007	9.25243166e-009	
4.49803220e+001	1.87348771e-007	-1.87140442e-007	8.83273082e-009	
4.50805009e+001	1.78643176e-007	-1.78443731e-007	8.43915085e-009	
4.51806798e+001	1.73495034e-007	-1.73303490e-007	8.15028304e-009	
4.52808587e+001	1.68346904e-007	-1.68163249e-007	7.86141523e-009	
4.53810376e+001	1.63198789e-007	-1.63023008e-007	7.57254742e-009	
4.54812165e+001	1.58050689e-007	-1.57882767e-007	7.28367961e-009	
4.55813953e+001	1.57227690e-007	-1.57065858e-007	7.13181497e-009	
4.56815742e+001	1.57257494e-007	-1.57101311e-007	7.00696129e-009	
4.57817531e+001	1.57287400e-007	-1.57136764e-007	6.88210761e-009	
4.58819320e+001	1.57317407e-007	-1.57172217e-007	6.75725392e-009	
4.59821109e+001	1.57347515e-007	-1.57207670e-007	6.63240024e-009	
4.60822898e+001	1.57377724e-007	-1.57243124e-007	6.50754656e-009	
4.61824687e+001	1.57408035e-007	-1.57278577e-007	6.38269288e-009	
4.62826476e+001	1.57438447e-007	-1.57314030e-007	6.25783919e-009	
4.63828265e+001	1.58123936e-007	-1.58004374e-007	6.14792302e-009	
4.64830054e+001	1.64296030e-007	-1.64180393e-007	6.16312848e-009	
4.65831843e+001	1.70468410e-007	-1.70356412e-007	6.17833394e-009	
4.66833631e+001	1.76641045e-007	-1.76532430e-007	6.19353940e-009	
4.67835420e+001	1.82813911e-007	-1.82708449e-007	6.20874486e-009	
4.68837209e+001	1.93893263e-007	-1.93790105e-007	6.32398095e-009	
4.69838998e+001	2.06676154e-007	-2.06574734e-007	6.47394199e-009	
4.70840787e+001	2.19459350e-007	-2.19359363e-007	6.62390303e-009	
4.71842576e+001	2.32242801e-007	-2.32143992e-007	6.77386407e-009	
4.72844365e+001	2.43934773e-007	-2.43836729e-007	6.91541008e-009	
4.73846154e+001	2.53830232e-007	-2.53732500e-007	7.04310652e-009	
4.74847943e+001	2.63725777e-007	-2.63628271e-007	7.17080295e-009	
4.75849732e+001	2.73621398e-007	-2.73524042e-007	7.29849939e-009	
4.76851521e+001	2.83546847e-007	-2.83449572e-007	7.42659875e-009	
4.77853309e+001	2.95624290e-007	-2.95526998e-007	7.58383378e-009	
4.78855098e+001	3.07701813e-007	-3.07604424e-007	7.74106881e-009	
4.79856887e+001	3.19779406e-007	-3.19681850e-007	7.89830384e-009	
4.80858676e+001	3.31857061e-007	-3.31759276e-007	8.05553887e-009	
4.81860465e+001	3.50584834e-007	-3.50486837e-007	8.28873284e-009	
4.82862254e+001	3.72904436e-007	-3.72806108e-007	8.56295177e-009	
4.83864043e+001	3.95224190e-007	-3.95125379e-007	8.83717069e-009	
4.84865832e+001	4.17544073e-007	-4.17444650e-007	9.11138961e-009	
4.85867621e+001	4.40907037e-007	-4.40807058e-007	9.38899157e-009	
4.86869410e+001	4.66887139e-007	-4.66786882e-007	9.67508262e-009	
4.87871199e+001	4.92867378e-007	-4.92766707e-007	9.96117366e-009	
4.88872987e+001	5.18847733e-007	-5.18746532e-007	1.02472647e-008	
4.89874776e+001	5.44828188e-007	-5.44726356e-007	1.05333558e-008	
4.90876565e+001	5.78403533e-007	-5.78301616e-007	1.08576069e-008	
4.91878354e+001	6.12633863e-007	-6.12531748e-007	1.11851486e-008	
4.92880143e+001	6.46864337e-007	-6.46761879e-007	1.15126904e-008	
4.93881932e+001	6.81094935e-007	-6.80992011e-007	1.18402321e-008	
4.94883721e+001	7.08737237e-007	-7.08633985e-007	1.20973254e-008	
4.95885510e+001	7.31124743e-007	-7.31021302e-007	1.22982297e-008	
4.96887299e+001	7.53512293e-007	-7.53408619e-007	1.24991340e-008	
4.97889088e+001	7.75899880e-007	-7.75795935e-007	1.27000383e-008	
4.98890877e+001	7.98618886e-007	-7.98514756e-007	1.28960926e-008	
4.99892665e+001	8.22732826e-007	-8.22628977e-007	1.30717320e-008	
5.00894454e+001	8.46846819e-007	-8.46743197e-007	1.32473713e-008	
5.01896243e+001	8.70960860e-007	-8.70857418e-007	1.34230106e-008	
5.02898032e+001	8.95074945e-007	-8.94971638e-007	1.35986500e-008	
5.03899821e+001	9.25214052e-007	-9.25111108e-007	1.38014833e-008	
5.04901610e+001	9.56608022e-007	-9.56505425e-007	1.40099800e-008	
5.05903399e+001	9.88002057e-007	-9.87899742e-007	1.42184766e-008	
5.06905188e+001	1.01939615e-006	-1.01929406e-006	1.44269733e-008	
5.07906977e+001	1.04731392e-006	-1.04721211e-006	1.46024419e-008	
5.08908766e+001	1.07120450e-006	-1.07110309e-006	1.47396490e-008	
5.09910555e+001	1.09509513e-006	-1.09499407e-006	1.48768561e-008	
5.10912343e+001	1.11898578e-006	-1.11888505e-006	1.50140631e-008	
5.11914132e+001	1.14268557e-006	-1.14258515e-006	1.51484066e-008	
5.12915921e+001	1.16464711e-006	-1.16454718e-006	1.52566752e-008	
5.13917710e+001	1.18660869e-006	-1.18650921e-006	1.53649439e-008	
5.14919499e+001	1.20857029e-006	-1.20847124e-006	1.54732125e-008	
5.15921288e+001	1.23053192e-006	-1.23043327e-006	1.55814812e-008	
5.16923077e+001	1.25041768e-006	-1.25031953e-006	1.56669006e-008	
5.17924866e+001	1.26955354e-006	-1.26945591e-006	1.57440658e-008	
5.18926655e+001	1.28868942e-006	-1.28859230e-006	1.58212310e-008	
5.19928444e+001	1.30782532e-006	-1.30772868e-006	1.58983962e-008	
5.20930233e+001	1.32696123e-006	-1.32686506e-006	1.59755614e-008	
5.21932021e+001	1.34609717e-006	-1.34600145e-006	1.60527266e-008	
5.22933810e+001	1.36523312e-006	-1.36513783e-006	1.61298917e-008	
5.23935599e+001	1.38436908e-006	-1.38427421e-006	1.62070569e-008	
5.24937388e+001	1.40348214e-006	-1.40338766e-006	1.62840639e-008	
5.25939177e+001	1.41876223e-006	-1.41866819e-006	1.63346560e-008	
5.26940966e+001	1.43404233e-006	-1.43394872e-006	1.63852482e-008	
5.27942755e+001	1.44932245e-006	-1.44922925e-006	1.64358403e-008	
5.28944544e+001	1.46460257e-006	-1.46450978e-006	1.64864324e-008	
5.29946333e+001	1.47705706e-006	-1.47696464e-006	1.65230899e-008	
5.30948122e+001	1.48793325e-006	-1.48784118e-006	1.65519641e-008	
5.31949911e+001	1.49880944e-006	-1.49871772e-006	1.65808382e-008	
5.32951699e+001	1.50968564e-006	-1.50959427e-006	1.66097123e-008	
5.33953488e+001	1.52173398e-006	-1.52164300e-006	1.66405092e-008	
5.34955277e+001	1.53683749e-006	-1.53674701e-006	1.66763174e-008	
5.35957066e+001	1.55194100e-006	-1.55185102e-006	1.67121257e-008	
5.36958855e+001	1.56704452e-006	-1.56695502e-006	1.67479340e-008	
5.37960644e+001	1.58214806e-006	-1.58205903e-006	1.67837423e-008	
5.38962433e+001	1.59160957e-006	-1.59152087e-006	1.68032144e-008	
5.39964222e+001	1.60053311e-006	-1.60044472e-006	1.68211289e-008	
5.40966011e+001	1.60945666e-006	-1.60936857e-006	1.68390433e-008	
5.41967800e+001	1.61838021e-006	-1.61829241e-006	1.68569577e-008	
5.42969589e+001	1.62463348e-006	-1.62454590e-006	1.68687128e-008	
5.43971377e+001	1.62868967e-006	-1.62860224e-006	1.68754001e-008	
5.44973166e+001	1.63274586e-006	-1.63265858e-006	1.68820873e-008	
5.45974955e+001	1.63680205e-006	-1.63671491e-006	1.68887746e-008	
5.46976744e+001	1.64110792e-006	-1.64102094e-006	1.68957337e-008	
5.47978533e+001	1.64651887e-006	-1.64643210e-006	1.69038959e-008	
5.48980322e+001	1.65192983e-006	-1.65184326e-006	1.69120581e-008	
5.49982111e+001	1.65734079e-006	-1.65725442e-006	1.69202203e-008	
5.50983900e+001	1.66275175e-006	-1.66266557e-006	1.69283825e-008	
5.51985689e+001	1.66675851e-006	-1.66667249e-006	1.69339580e-008	
5.52987478e+001	1.67045692e-006	-1.67037103e-006	1.69389655e-008	
5.53989267e+001	1.67415532e-006	-1.67406958e-006	1.69439730e-008	
5.54991055e+001	1.67785373e-006	-1.67776812e-006	1.69489804e-008	
5.55992844e+001	1.68070255e-006	-1.68061705e-006	1.69527392e-008	
5.56994633e+001	1.68253622e-006	-1.68245079e-006	1.69550058e-008	
5.57996422e+001	1.68414441e-006	-1.68405904e-006	1.69569936e-008	
5.58998211e+001	1.68507238e-006	-1.68498705e-006	1.69581401e-008	
5.60000000e+001	1.68539086e-006	-1.68530554e-006	1.69585335e-008	
