% Column 0: Length, cm
% Column 1: |B.t|, Tesla
% Column 2: Re[B.t], Tesla
% Column 3: Im[B.t], Tesla
0.00000000e+000	2.79813195e-006	-2.79765433e-006	5.16976892e-008	
1.00178891e-001	2.79767598e-006	-2.79719827e-006	5.16985595e-008	
2.00357782e-001	2.79633797e-006	-2.79585998e-006	5.17011139e-008	
3.00536673e-001	2.79413176e-006	-2.79365332e-006	5.17052600e-008	
4.00715564e-001	2.79164315e-006	-2.79116419e-006	5.17099207e-008	
5.00894454e-001	2.78803023e-006	-2.78755054e-006	5.17160687e-008	
6.01073345e-001	2.78347637e-006	-2.78299576e-006	5.17234615e-008	
7.01252236e-001	2.77892252e-006	-2.77844098e-006	5.17308544e-008	
8.01431127e-001	2.77436867e-006	-2.77388621e-006	5.17382472e-008	
9.01610018e-001	2.76915467e-006	-2.76867116e-006	5.17458426e-008	
1.00178891e+000	2.76093455e-006	-2.76044944e-006	5.17543604e-008	
1.10196780e+000	2.75271444e-006	-2.75222772e-006	5.17628783e-008	
1.20214669e+000	2.74449434e-006	-2.74400599e-006	5.17713961e-008	
1.30232558e+000	2.73627425e-006	-2.73578427e-006	5.17799139e-008	
1.40250447e+000	2.72805416e-006	-2.72756255e-006	5.17884317e-008	
1.50268336e+000	2.71983409e-006	-2.71934083e-006	5.17969496e-008	
1.60286225e+000	2.71161403e-006	-2.71111911e-006	5.18054674e-008	
1.70304114e+000	2.70339398e-006	-2.70289739e-006	5.18139852e-008	
1.80322004e+000	2.69240332e-006	-2.69190461e-006	5.18190528e-008	
1.90339893e+000	2.67804537e-006	-2.67754396e-006	5.18199272e-008	
2.00357782e+000	2.66368744e-006	-2.66318332e-006	5.18208015e-008	
2.10375671e+000	2.64932954e-006	-2.64882267e-006	5.18216758e-008	
2.20393560e+000	2.63434000e-006	-2.63383026e-006	5.18206088e-008	
2.30411449e+000	2.61272583e-006	-2.61221231e-006	5.17991817e-008	
2.40429338e+000	2.59111173e-006	-2.59059435e-006	5.17777545e-008	
2.50447227e+000	2.56949770e-006	-2.56897639e-006	5.17563274e-008	
2.60465116e+000	2.54788373e-006	-2.54735844e-006	5.17349002e-008	
2.70483005e+000	2.52999402e-006	-2.52946550e-006	5.17105982e-008	
2.80500894e+000	2.51353322e-006	-2.51300177e-006	5.16851935e-008	
2.90518784e+000	2.49707247e-006	-2.49653804e-006	5.16597888e-008	
3.00536673e+000	2.48061175e-006	-2.48007430e-006	5.16343840e-008	
3.10554562e+000	2.46254663e-006	-2.46200602e-006	5.15968168e-008	
3.20572451e+000	2.44160911e-006	-2.44106512e-006	5.15374751e-008	
3.30590340e+000	2.42067166e-006	-2.42012423e-006	5.14781333e-008	
3.40608229e+000	2.39973426e-006	-2.39918333e-006	5.14187916e-008	
3.50626118e+000	2.37879693e-006	-2.37824243e-006	5.13594498e-008	
3.60644007e+000	2.33848679e-006	-2.33792639e-006	5.11922160e-008	
3.70661896e+000	2.29806088e-006	-2.29749436e-006	5.10243361e-008	
3.80679785e+000	2.25763521e-006	-2.25706233e-006	5.08564562e-008	
3.90697674e+000	2.21720978e-006	-2.21663030e-006	5.06885762e-008	
4.00715564e+000	2.18151613e-006	-2.18093098e-006	5.05241408e-008	
4.10733453e+000	2.14860478e-006	-2.14801448e-006	5.03617304e-008	
4.20751342e+000	2.11569360e-006	-2.11509797e-006	5.01993201e-008	
4.30769231e+000	2.08278259e-006	-2.08218146e-006	5.00369097e-008	
4.40787120e+000	2.05177769e-006	-2.05117155e-006	4.98693335e-008	
4.50805009e+000	2.02604891e-006	-2.02543954e-006	4.96874572e-008	
4.60822898e+000	2.00032023e-006	-1.99970753e-006	4.95055808e-008	
4.70840787e+000	1.97459165e-006	-1.97397552e-006	4.93237045e-008	
4.80858676e+000	1.94886318e-006	-1.94824351e-006	4.91418282e-008	
4.90876565e+000	1.90165446e-006	-1.90102870e-006	4.87808961e-008	
5.00894454e+000	1.85208711e-006	-1.85145459e-006	4.84002992e-008	
5.10912343e+000	1.80252021e-006	-1.80188047e-006	4.80197023e-008	
5.20930233e+000	1.75295381e-006	-1.75230636e-006	4.76391053e-008	
5.30948122e+000	1.70287193e-006	-1.70221721e-006	4.72163303e-008	
5.40966011e+000	1.65234503e-006	-1.65168334e-006	4.67571454e-008	
5.50983900e+000	1.60181871e-006	-1.60114948e-006	4.62979605e-008	
5.61001789e+000	1.55129301e-006	-1.55061562e-006	4.58387756e-008	
5.71019678e+000	1.50373254e-006	-1.50304703e-006	4.54002895e-008	
5.81037567e+000	1.47040687e-006	-1.46971625e-006	4.50611913e-008	
5.91055456e+000	1.43708152e-006	-1.43638548e-006	4.47220930e-008	
6.01073345e+000	1.40375652e-006	-1.40305470e-006	4.43829947e-008	
6.11091234e+000	1.37043187e-006	-1.36972393e-006	4.40438965e-008	
6.21109123e+000	1.33829236e-006	-1.33757910e-006	4.36876432e-008	
6.31127013e+000	1.30643467e-006	-1.30571600e-006	4.33273143e-008	
6.41144902e+000	1.27457734e-006	-1.27385291e-006	4.29669854e-008	
6.51162791e+000	1.24272042e-006	-1.24198982e-006	4.26066566e-008	
6.61180680e+000	1.20427692e-006	-1.20353826e-006	4.21729628e-008	
6.71198569e+000	1.15757590e-006	-1.15682646e-006	4.16472885e-008	
6.81216458e+000	1.11087603e-006	-1.11011467e-006	4.11216141e-008	
6.91234347e+000	1.06417747e-006	-1.06340287e-006	4.05959397e-008	
7.01252236e+000	1.01830682e-006	-1.01751773e-006	4.00805466e-008	
7.11270125e+000	9.82023278e-007	-9.81221110e-007	3.96844086e-008	
7.21288014e+000	9.45740906e-007	-9.44924491e-007	3.92882706e-008	
7.31305903e+000	9.09459844e-007	-9.08627872e-007	3.88921325e-008	
7.41323792e+000	8.73180255e-007	-8.72331254e-007	3.84959945e-008	
7.51341682e+000	8.47269231e-007	-8.46403457e-007	3.82927732e-008	
7.61359571e+000	8.25490882e-007	-8.24608101e-007	3.81664380e-008	
7.71377460e+000	8.03713476e-007	-8.02812744e-007	3.80401029e-008	
7.81395349e+000	7.81937091e-007	-7.81017388e-007	3.79137677e-008	
7.91413238e+000	7.61730088e-007	-7.60786388e-007	3.79051186e-008	
8.01431127e+000	7.44428219e-007	-7.43451860e-007	3.81143649e-008	
8.11449016e+000	7.27127966e-007	-7.26117332e-007	3.83236113e-008	
8.21466905e+000	7.09829447e-007	-7.08782804e-007	3.85328576e-008	
8.31484794e+000	6.92532792e-007	-6.91448275e-007	3.87421039e-008	
8.41502683e+000	6.87778705e-007	-6.86634958e-007	3.96482261e-008	
8.51520572e+000	6.83200077e-007	-6.81994801e-007	4.05639869e-008	
8.61538462e+000	6.78623521e-007	-6.77354644e-007	4.14797476e-008	
8.71556351e+000	6.74049078e-007	-6.72714486e-007	4.23955084e-008	
8.81574240e+000	6.74436150e-007	-6.73046878e-007	4.32668409e-008	
8.91592129e+000	6.77837583e-007	-6.76400764e-007	4.41111707e-008	
9.01610018e+000	6.81239590e-007	-6.79754649e-007	4.49555005e-008	
9.11627907e+000	6.84642164e-007	-6.83108534e-007	4.57998303e-008	
9.21645796e+000	6.92925026e-007	-6.91338098e-007	4.68692409e-008	
9.31663685e+000	7.15264854e-007	-7.13612719e-007	4.85870271e-008	
9.41681574e+000	7.37604739e-007	-7.35887340e-007	5.03048133e-008	
9.51699463e+000	7.59944676e-007	-7.58161961e-007	5.20225995e-008	
9.61717352e+000	7.82284659e-007	-7.80436582e-007	5.37403858e-008	
9.71735242e+000	8.28997710e-007	-8.27041726e-007	5.69138524e-008	
9.81753131e+000	8.78620355e-007	-8.76551384e-007	6.02610930e-008	
9.91771020e+000	9.28243003e-007	-9.26061042e-007	6.36083336e-008	
1.00178891e+001	9.77865655e-007	-9.75570700e-007	6.69555743e-008	
1.01180680e+001	1.05171014e-006	-1.04928430e-006	7.13910851e-008	
1.02182469e+001	1.14712014e-006	-1.14454666e-006	7.67954850e-008	
1.03184258e+001	1.24253099e-006	-1.23980903e-006	8.21998850e-008	
1.04186047e+001	1.33794250e-006	-1.33507140e-006	8.76042849e-008	
1.05187835e+001	1.44240197e-006	-1.43937676e-006	9.33702209e-008	
1.06189624e+001	1.59275705e-006	-1.58955342e-006	1.00970093e-007	
1.07191413e+001	1.74311450e-006	-1.73973007e-006	1.08569966e-007	
1.08193202e+001	1.89347376e-006	-1.88990673e-006	1.16169838e-007	
1.09194991e+001	2.04383443e-006	-2.04008339e-006	1.23769710e-007	
1.10196780e+001	2.17102589e-006	-2.16713687e-006	1.29889109e-007	
1.11198569e+001	2.29243807e-006	-2.28842180e-006	1.35639179e-007	
1.12200358e+001	2.41385116e-006	-2.40970673e-006	1.41389248e-007	
1.13202147e+001	2.53526503e-006	-2.53099166e-006	1.47139318e-007	
1.14203936e+001	2.66827906e-006	-2.66388449e-006	1.53077020e-007	
1.15205725e+001	2.81629883e-006	-2.81179234e-006	1.59257429e-007	
1.16207513e+001	2.96432032e-006	-2.95970020e-006	1.65437837e-007	
1.17209302e+001	3.11234327e-006	-3.10760806e-006	1.71618246e-007	
1.18211091e+001	3.27754300e-006	-3.27268755e-006	1.78337692e-007	
1.19212880e+001	3.66519048e-006	-3.66015609e-006	1.92038039e-007	
1.20214669e+001	4.05285004e-006	-4.04762463e-006	2.05738385e-007	
1.21216458e+001	4.44051853e-006	-4.43509317e-006	2.19438732e-007	
1.22218247e+001	4.82819379e-006	-4.82256171e-006	2.33139078e-007	
1.23220036e+001	5.32491223e-006	-5.31912973e-006	2.48091154e-007	
1.24221825e+001	5.86676241e-006	-5.86083925e-006	2.63561170e-007	
1.25223614e+001	6.40862615e-006	-6.40254877e-006	2.79031186e-007	
1.26225403e+001	6.95050028e-006	-6.94425828e-006	2.94501201e-007	
1.27227191e+001	7.49238254e-006	-7.48596780e-006	3.09971217e-007	
1.28228980e+001	8.03427129e-006	-8.02767732e-006	3.25441233e-007	
1.29230769e+001	8.57616530e-006	-8.56938684e-006	3.40911249e-007	
1.30232558e+001	9.11806364e-006	-9.11109636e-006	3.56381264e-007	
1.31234347e+001	9.65996556e-006	-9.65280588e-006	3.71851280e-007	
1.32236136e+001	1.04065506e-005	-1.03993424e-005	3.87263021e-007	
1.33237925e+001	1.11576095e-005	-1.11503410e-005	4.02673440e-007	
1.34239714e+001	1.19086809e-005	-1.19013397e-005	4.18083860e-007	
1.35241503e+001	1.26597623e-005	-1.26523383e-005	4.33494279e-007	
1.36243292e+001	1.34108522e-005	-1.34033369e-005	4.48904698e-007	
1.37245081e+001	1.41619492e-005	-1.41543356e-005	4.64315118e-007	
1.38246869e+001	1.49130521e-005	-1.49053342e-005	4.79725537e-007	
1.39248658e+001	1.56641603e-005	-1.56563328e-005	4.95135957e-007	
1.40250447e+001	1.65704697e-005	-1.65625681e-005	5.11670107e-007	
1.41252236e+001	1.79423781e-005	-1.79345020e-005	5.31575348e-007	
1.42254025e+001	1.93143107e-005	-1.93064358e-005	5.51480589e-007	
1.43255814e+001	2.06862625e-005	-2.06783697e-005	5.71385830e-007	
1.44257603e+001	2.20582301e-005	-2.20503036e-005	5.91291071e-007	
1.45259392e+001	2.39887960e-005	-2.39809810e-005	6.12279729e-007	
1.46261181e+001	2.59915094e-005	-2.59837902e-005	6.33408258e-007	
1.47262970e+001	2.79942524e-005	-2.79865994e-005	6.54536787e-007	
1.48264758e+001	2.99970191e-005	-2.99894086e-005	6.75665316e-007	
1.49266547e+001	3.20792538e-005	-3.20717450e-005	6.94043686e-007	
1.50268336e+001	3.42344643e-005	-3.42271032e-005	7.09896963e-007	
1.51270125e+001	3.63896992e-005	-3.63824614e-005	7.25750240e-007	
1.52271914e+001	3.85449544e-005	-3.85378195e-005	7.41603517e-007	
1.53273703e+001	4.07493008e-005	-4.07422827e-005	7.56253599e-007	
1.54275492e+001	4.32171990e-005	-4.32104376e-005	7.64442989e-007	
1.55277281e+001	4.56851264e-005	-4.56785925e-005	7.72632379e-007	
1.56279070e+001	4.81530784e-005	-4.81467473e-005	7.80821769e-007	
1.57280859e+001	5.06210516e-005	-5.06149022e-005	7.89011160e-007	
1.58282648e+001	5.41369359e-005	-5.41311311e-005	7.92761763e-007	
1.59284436e+001	5.79269770e-005	-5.79215166e-005	7.95351283e-007	
1.60286225e+001	6.17170606e-005	-6.17119021e-005	7.97940802e-007	
1.61288014e+001	6.55071792e-005	-6.55022875e-005	8.00530322e-007	
1.62289803e+001	6.94480971e-005	-6.94434838e-005	8.00464843e-007	
1.63291592e+001	7.35902945e-005	-7.35859801e-005	7.96855770e-007	
1.64293381e+001	7.77325239e-005	-7.77284763e-005	7.93246698e-007	
1.65295170e+001	8.18747805e-005	-8.18709726e-005	7.89637625e-007	
1.66296959e+001	8.60042173e-005	-8.60006280e-005	7.85736099e-007	
1.67298748e+001	8.99458531e-005	-8.99424922e-005	7.77556487e-007	
1.68300537e+001	9.38875088e-005	-9.38843563e-005	7.69376875e-007	
1.69302326e+001	9.78291820e-005	-9.78262205e-005	7.61197262e-007	
1.70304114e+001	1.01770871e-004	-1.01768085e-004	7.53017650e-007	
1.71305903e+001	1.04775907e-004	-1.04773252e-004	7.45804509e-007	
1.72307692e+001	1.07378835e-004	-1.07376292e-004	7.39006314e-007	
1.73309481e+001	1.09981770e-004	-1.09979332e-004	7.32208119e-007	
1.74311270e+001	1.12584709e-004	-1.12582372e-004	7.25409924e-007	
1.75313059e+001	1.15754248e-004	-1.15752025e-004	7.17315515e-007	
1.76314848e+001	1.20046922e-004	-1.20044842e-004	7.06651695e-007	
1.77316637e+001	1.24339607e-004	-1.24337659e-004	6.95987876e-007	
1.78318426e+001	1.28632301e-004	-1.28630476e-004	6.85324056e-007	
1.79320215e+001	1.32925005e-004	-1.32923293e-004	6.74660236e-007	
1.80322004e+001	1.38730825e-004	-1.38729243e-004	6.62445105e-007	
1.81323792e+001	1.44581886e-004	-1.44580424e-004	6.50183605e-007	
1.82325581e+001	1.50432957e-004	-1.50431604e-004	6.37922105e-007	
1.83327370e+001	1.56284037e-004	-1.56282785e-004	6.25660605e-007	
1.84329159e+001	1.60874641e-004	-1.60873452e-004	6.18495777e-007	
1.85330948e+001	1.64647943e-004	-1.64646796e-004	6.14635694e-007	
1.86332737e+001	1.68421248e-004	-1.68420140e-004	6.10775612e-007	
1.87334526e+001	1.72194554e-004	-1.72193484e-004	6.06915529e-007	
1.88336315e+001	1.75967862e-004	-1.75966828e-004	6.03055446e-007	
1.89338104e+001	1.79741171e-004	-1.79740173e-004	5.99195363e-007	
1.90339893e+001	1.83514482e-004	-1.83513517e-004	5.95335280e-007	
1.91341682e+001	1.87287795e-004	-1.87286861e-004	5.91475198e-007	
1.92343470e+001	1.91061109e-004	-1.91060205e-004	5.87615115e-007	
1.93345259e+001	1.95557909e-004	-1.95557026e-004	5.87705125e-007	
1.94347048e+001	2.00155261e-004	-2.00154396e-004	5.88344132e-007	
1.95348837e+001	2.04752614e-004	-2.04751767e-004	5.88983139e-007	
1.96350626e+001	2.09349968e-004	-2.09349138e-004	5.89622146e-007	
1.97352415e+001	2.13451799e-004	-2.13450979e-004	5.91766827e-007	
1.98354204e+001	2.17084418e-004	-2.17083602e-004	5.95337203e-007	
1.99355993e+001	2.20717037e-004	-2.20716225e-004	5.98907580e-007	
2.00357782e+001	2.24349656e-004	-2.24348847e-004	6.02477956e-007	
2.01359571e+001	2.27859136e-004	-2.27858329e-004	6.06218255e-007	
2.02361360e+001	2.30666994e-004	-2.30666185e-004	6.10926684e-007	
2.03363148e+001	2.33474853e-004	-2.33474041e-004	6.15635113e-007	
2.04364937e+001	2.36282711e-004	-2.36281897e-004	6.20343543e-007	
2.05366726e+001	2.39090570e-004	-2.39089753e-004	6.25051972e-007	
2.06368515e+001	2.40938137e-004	-2.40937317e-004	6.28579904e-007	
2.07370304e+001	2.42522642e-004	-2.42521819e-004	6.31784444e-007	
2.08372093e+001	2.44107148e-004	-2.44106322e-004	6.34988984e-007	
2.09373882e+001	2.45691653e-004	-2.45690824e-004	6.38193524e-007	
2.10375671e+001	2.46926569e-004	-2.46925739e-004	6.40300374e-007	
2.11377460e+001	2.47679974e-004	-2.47679144e-004	6.40895308e-007	
2.12379249e+001	2.48433378e-004	-2.48432550e-004	6.41490243e-007	
2.13381038e+001	2.49186783e-004	-2.49185956e-004	6.42085177e-007	
2.14382826e+001	2.49896059e-004	-2.49895233e-004	6.42476577e-007	
2.15384615e+001	2.49865567e-004	-2.49864749e-004	6.39456024e-007	
2.16386404e+001	2.49835075e-004	-2.49834264e-004	6.36435472e-007	
2.17388193e+001	2.49804582e-004	-2.49803779e-004	6.33414920e-007	
2.18389982e+001	2.49774090e-004	-2.49773295e-004	6.30394367e-007	
2.19391771e+001	2.48941414e-004	-2.48940630e-004	6.24675916e-007	
2.20393560e+001	2.47751636e-004	-2.47750866e-004	6.17756461e-007	
2.21395349e+001	2.46561859e-004	-2.46561102e-004	6.10837007e-007	
2.22397138e+001	2.45372081e-004	-2.45371338e-004	6.03917552e-007	
2.23398927e+001	2.43807594e-004	-2.43806866e-004	5.96063908e-007	
2.24400716e+001	2.41474105e-004	-2.41473393e-004	5.86293064e-007	
2.25402504e+001	2.39140615e-004	-2.39139920e-004	5.76522221e-007	
2.26404293e+001	2.36807125e-004	-2.36806447e-004	5.66751378e-007	
2.27406082e+001	2.34473636e-004	-2.34472974e-004	5.56980535e-007	
2.28407871e+001	2.31888448e-004	-2.31887798e-004	5.48935843e-007	
2.29409660e+001	2.29293673e-004	-2.29293035e-004	5.40956958e-007	
2.30411449e+001	2.26698898e-004	-2.26698271e-004	5.32978072e-007	
2.31413238e+001	2.24104123e-004	-2.24103508e-004	5.24999186e-007	
2.32415027e+001	2.21509348e-004	-2.21508745e-004	5.17020300e-007	
2.33416816e+001	2.18914573e-004	-2.18913981e-004	5.09041414e-007	
2.34418605e+001	2.16319798e-004	-2.16319218e-004	5.01062528e-007	
2.35420394e+001	2.13725024e-004	-2.13724455e-004	4.93083642e-007	
2.36422182e+001	2.10692699e-004	-2.10692140e-004	4.85261412e-007	
2.37423971e+001	2.06233065e-004	-2.06232511e-004	4.77950296e-007	
2.38425760e+001	2.01773432e-004	-2.01772883e-004	4.70639181e-007	
2.39427549e+001	1.97313798e-004	-1.97313254e-004	4.63328066e-007	
2.40429338e+001	1.92854164e-004	-1.92853625e-004	4.56016950e-007	
2.41431127e+001	1.87829221e-004	-1.87828680e-004	4.51066101e-007	
2.42432916e+001	1.82720011e-004	-1.82719465e-004	4.46467030e-007	
2.43434705e+001	1.77610800e-004	-1.77610250e-004	4.41867958e-007	
2.44436494e+001	1.72501590e-004	-1.72501036e-004	4.37268887e-007	
2.45438283e+001	1.67704485e-004	-1.67703919e-004	4.35418385e-007	
2.46440072e+001	1.63212136e-004	-1.63211553e-004	4.36251785e-007	
2.47441860e+001	1.58719788e-004	-1.58719186e-004	4.37085185e-007	
2.48443649e+001	1.54227441e-004	-1.54226819e-004	4.37918585e-007	
2.49445438e+001	1.49749096e-004	-1.49748452e-004	4.39306195e-007	
2.50447227e+001	1.45355640e-004	-1.45354962e-004	4.44053018e-007	
2.51449016e+001	1.40962187e-004	-1.40961472e-004	4.48799842e-007	
2.52450805e+001	1.36568735e-004	-1.36567982e-004	4.53546666e-007	
2.53452594e+001	1.32175287e-004	-1.32174492e-004	4.58293490e-007	
2.54454383e+001	1.27728550e-004	-1.27727705e-004	4.64724462e-007	
2.55456172e+001	1.23266538e-004	-1.23265636e-004	4.71638022e-007	
2.56457961e+001	1.18804531e-004	-1.18803567e-004	4.78551583e-007	
2.57459750e+001	1.14342528e-004	-1.14341498e-004	4.85465143e-007	
2.58461538e+001	1.10446985e-004	-1.10445890e-004	4.91993092e-007	
2.59463327e+001	1.07356746e-004	-1.07355591e-004	4.97972802e-007	
2.60465116e+001	1.04266510e-004	-1.04265292e-004	5.03952512e-007	
2.61466905e+001	1.01176279e-004	-1.01174994e-004	5.09932222e-007	
2.62468694e+001	9.81164046e-005	-9.81150484e-005	5.15878790e-007	
2.63470483e+001	9.56506140e-005	-9.56491941e-005	5.21176664e-007	
2.64472272e+001	9.31848271e-005	-9.31833398e-005	5.26474539e-007	
2.65474061e+001	9.07190442e-005	-9.07174856e-005	5.31772413e-007	
2.66475850e+001	8.82532655e-005	-8.82516313e-005	5.37070287e-007	
2.67477639e+001	8.51101494e-005	-8.51084139e-005	5.43511029e-007	
2.68479428e+001	8.16545253e-005	-8.16526698e-005	5.50479066e-007	
2.69481216e+001	7.81989125e-005	-7.81969256e-005	5.57447103e-007	
2.70483005e+001	7.47433125e-005	-7.47411814e-005	5.64415141e-007	
2.71484794e+001	7.14497035e-005	-7.14474241e-005	5.70716149e-007	
2.72486583e+001	6.85004076e-005	-6.84979892e-005	5.75599315e-007	
2.73488372e+001	6.55511246e-005	-6.55485543e-005	5.80482480e-007	
2.74490161e+001	6.26018563e-005	-6.25991194e-005	5.85365645e-007	
2.75491950e+001	5.96526048e-005	-5.96496846e-005	5.90248810e-007	
2.76493739e+001	5.69023985e-005	-5.68993065e-005	5.93192733e-007	
2.77495528e+001	5.41614542e-005	-5.41581744e-005	5.96046569e-007	
2.78497317e+001	5.14331666e-005	-5.14296894e-005	5.98058725e-007	
2.79499106e+001	4.90651204e-005	-4.90614633e-005	5.99045737e-007	
2.80500894e+001	4.68151548e-005	-4.68113214e-005	5.99081663e-007	
2.81502683e+001	4.50626247e-005	-4.50586510e-005	5.98426832e-007	
2.82504472e+001	4.35471779e-005	-4.35430802e-005	5.97389360e-007	
2.83506261e+001	4.17693190e-005	-4.17650730e-005	5.95559125e-007	
2.84508050e+001	3.99012473e-005	-3.98968427e-005	5.92855213e-007	
2.85509839e+001	3.82052898e-005	-3.82007457e-005	5.89233901e-007	
2.86511628e+001	3.65093457e-005	-3.65046488e-005	5.85612589e-007	
2.87513417e+001	3.48225583e-005	-3.48177184e-005	5.80561853e-007	
2.88515206e+001	3.31372467e-005	-3.31322527e-005	5.75282716e-007	
2.89516995e+001	3.17307314e-005	-3.17256252e-005	5.69232249e-007	
2.90518784e+001	3.04553785e-005	-3.04501776e-005	5.62818885e-007	
2.91520572e+001	2.91800353e-005	-2.91747301e-005	5.56405522e-007	
2.92522361e+001	2.79047032e-005	-2.78992826e-005	5.49992158e-007	
2.93524150e+001	2.67498287e-005	-2.67443055e-005	5.43558678e-007	
2.94525939e+001	2.58560039e-005	-2.58504251e-005	5.37081604e-007	
2.95527728e+001	2.49621847e-005	-2.49565447e-005	5.30604530e-007	
2.96529517e+001	2.40683719e-005	-2.40626643e-005	5.24127456e-007	
2.97531306e+001	2.31745660e-005	-2.31687839e-005	5.17650382e-007	
2.98533095e+001	2.25761330e-005	-2.25703478e-005	5.11060900e-007	
2.99534884e+001	2.19927947e-005	-2.19870083e-005	5.04465685e-007	
3.00536673e+001	2.14094584e-005	-2.14036687e-005	4.97870471e-007	
3.01538462e+001	2.08261244e-005	-2.08203292e-005	4.91275257e-007	
3.02540250e+001	2.02348008e-005	-2.02290307e-005	4.83198043e-007	
3.03542039e+001	1.96378580e-005	-1.96321348e-005	4.74078383e-007	
3.04543828e+001	1.90409166e-005	-1.90352388e-005	4.64958723e-007	
3.05545617e+001	1.84439767e-005	-1.84383429e-005	4.55839062e-007	
3.06547406e+001	1.78861622e-005	-1.78805788e-005	4.46879675e-007	
3.07549195e+001	1.74648898e-005	-1.74593846e-005	4.38479664e-007	
3.08550984e+001	1.70436176e-005	-1.70381904e-005	4.30079653e-007	
3.09552773e+001	1.66223457e-005	-1.66169962e-005	4.21679642e-007	
3.10554562e+001	1.62010741e-005	-1.61958020e-005	4.13279631e-007	
3.11556351e+001	1.57798029e-005	-1.57746078e-005	4.04879620e-007	
3.12558140e+001	1.53585320e-005	-1.53534136e-005	3.96479609e-007	
3.13559928e+001	1.49372616e-005	-1.49322194e-005	3.88079597e-007	
3.14561717e+001	1.45159915e-005	-1.45110253e-005	3.79679586e-007	
3.15563506e+001	1.41678968e-005	-1.41630166e-005	3.71833934e-007	
3.16565295e+001	1.38947387e-005	-1.38899554e-005	3.64555992e-007	
3.17567084e+001	1.36215806e-005	-1.36168943e-005	3.57278051e-007	
3.18568873e+001	1.33484225e-005	-1.33438331e-005	3.50000109e-007	
3.19570662e+001	1.30752644e-005	-1.30707720e-005	3.42722167e-007	
3.20572451e+001	1.28021063e-005	-1.27977108e-005	3.35444226e-007	
3.21574240e+001	1.25289482e-005	-1.25246497e-005	3.28166284e-007	
3.22576029e+001	1.22557901e-005	-1.22515885e-005	3.20888343e-007	
3.23577818e+001	1.19826320e-005	-1.19785274e-005	3.13610401e-007	
3.24579606e+001	1.17533325e-005	-1.17493303e-005	3.06696800e-007	
3.25581395e+001	1.15374774e-005	-1.15335791e-005	2.99894886e-007	
3.26583184e+001	1.13216224e-005	-1.13178280e-005	2.93092972e-007	
3.27584973e+001	1.11057675e-005	-1.11020768e-005	2.86291057e-007	
3.28586762e+001	1.08899128e-005	-1.08863257e-005	2.79489143e-007	
3.29588551e+001	1.06740582e-005	-1.06705745e-005	2.72687229e-007	
3.30590340e+001	1.04582038e-005	-1.04548234e-005	2.65885315e-007	
3.31592129e+001	1.02423495e-005	-1.02390722e-005	2.59083401e-007	
3.32593918e+001	1.00273818e-005	-1.00242072e-005	2.52301694e-007	
3.33595707e+001	9.83566063e-006	-9.83258254e-006	2.46049891e-007	
3.34597496e+001	9.64393963e-006	-9.64095786e-006	2.39798087e-007	
3.35599284e+001	9.45221886e-006	-9.44933318e-006	2.33546284e-007	
3.36601073e+001	9.26049833e-006	-9.25770850e-006	2.27294480e-007	
3.37602862e+001	9.09836570e-006	-9.09565439e-006	2.22102561e-007	
3.38604651e+001	8.95065021e-006	-8.94800898e-006	2.17427087e-007	
3.39606440e+001	8.80293486e-006	-8.80036356e-006	2.12751612e-007	
3.40608229e+001	8.65521964e-006	-8.65271815e-006	2.08076138e-007	
3.41610018e+001	8.51319497e-006	-8.51075914e-006	2.03635650e-007	
3.42611807e+001	8.38395351e-006	-8.38157427e-006	1.99723043e-007	
3.43613596e+001	8.25471214e-006	-8.25238940e-006	1.95810436e-007	
3.44615385e+001	8.12547085e-006	-8.12320453e-006	1.91897828e-007	
3.45617174e+001	7.99622966e-006	-7.99401966e-006	1.87985221e-007	
3.46618962e+001	7.85169374e-006	-7.84953834e-006	1.83963235e-007	
3.47620751e+001	7.70624553e-006	-7.70414457e-006	1.79934726e-007	
3.48622540e+001	7.56079736e-006	-7.55875081e-006	1.75906217e-007	
3.49624329e+001	7.41534926e-006	-7.41335704e-006	1.71877709e-007	
3.50626118e+001	7.29901534e-006	-7.29706572e-006	1.68691766e-007	
3.51627907e+001	7.20381920e-006	-7.20190364e-006	1.66117552e-007	
3.52629696e+001	7.10862308e-006	-7.10674156e-006	1.63543337e-007	
3.53631485e+001	7.01342698e-006	-7.01157949e-006	1.60969122e-007	
3.54633274e+001	6.91721540e-006	-6.91540065e-006	1.58438365e-007	
3.55635063e+001	6.81729678e-006	-6.81551016e-006	1.56066248e-007	
3.56636852e+001	6.71737817e-006	-6.71561967e-006	1.53694131e-007	
3.57638640e+001	6.61745955e-006	-6.61572918e-006	1.51322015e-007	
3.58640429e+001	6.51754094e-006	-6.51583869e-006	1.48949898e-007	
3.59642218e+001	6.39340943e-006	-6.39173729e-006	1.46213953e-007	
3.60644007e+001	6.26502844e-006	-6.26338676e-006	1.43414157e-007	
3.61645796e+001	6.13664744e-006	-6.13503622e-006	1.40614360e-007	
3.62647585e+001	6.00826645e-006	-6.00668569e-006	1.37814563e-007	
3.63649374e+001	5.88140281e-006	-5.87984830e-006	1.35214267e-007	
3.64651163e+001	5.75614145e-006	-5.75460876e-006	1.32824657e-007	
3.65652952e+001	5.63088013e-006	-5.62936921e-006	1.30435047e-007	
3.66654741e+001	5.50561886e-006	-5.50412967e-006	1.28045436e-007	
3.67656530e+001	5.38036386e-006	-5.37889567e-006	1.25684952e-007	
3.68658318e+001	5.25515363e-006	-5.25370146e-006	1.23534026e-007	
3.69660107e+001	5.12994352e-006	-5.12850725e-006	1.21383099e-007	
3.70661896e+001	5.00473354e-006	-5.00331305e-006	1.19232173e-007	
3.71663685e+001	4.87952369e-006	-4.87811884e-006	1.17081247e-007	
3.72665474e+001	4.75673572e-006	-4.75534247e-006	1.15120160e-007	
3.73667263e+001	4.63472234e-006	-4.63333923e-006	1.13219782e-007	
3.74669052e+001	4.51270921e-006	-4.51133599e-006	1.11319404e-007	
3.75670841e+001	4.39069636e-006	-4.38933275e-006	1.09419026e-007	
3.76672630e+001	4.27295754e-006	-4.27160173e-006	1.07632963e-007	
3.77674419e+001	4.16181006e-006	-4.16045936e-006	1.06023200e-007	
3.78676208e+001	4.05066294e-006	-4.04931699e-006	1.04413437e-007	
3.79677996e+001	3.93951621e-006	-3.93817463e-006	1.02803674e-007	
3.80679785e+001	3.82892507e-006	-3.82758738e-006	1.01203072e-007	
3.81681574e+001	3.73691113e-006	-3.73557532e-006	9.99089934e-008	
3.82683363e+001	3.64489755e-006	-3.64356326e-006	9.86149151e-008	
3.83685152e+001	3.55288437e-006	-3.55155121e-006	9.73208367e-008	
3.84686941e+001	3.46087160e-006	-3.45953915e-006	9.60267584e-008	
3.85688730e+001	3.37076739e-006	-3.36943623e-006	9.47221025e-008	
3.86690519e+001	3.28162644e-006	-3.28029667e-006	9.34121132e-008	
3.87692308e+001	3.19248595e-006	-3.19115711e-006	9.21021238e-008	
3.88694097e+001	3.10334595e-006	-3.10201755e-006	9.07921344e-008	
3.89695886e+001	3.01420650e-006	-3.01287799e-006	8.94821451e-008	
3.90697674e+001	2.92506765e-006	-2.92373843e-006	8.81721557e-008	
3.91699463e+001	2.83592944e-006	-2.83459887e-006	8.68621663e-008	
3.92701252e+001	2.74679195e-006	-2.74545931e-006	8.55521769e-008	
3.93703041e+001	2.65765524e-006	-2.65631975e-006	8.42421876e-008	
3.94704830e+001	2.54026820e-006	-2.53893622e-006	8.22519751e-008	
3.95706619e+001	2.42095127e-006	-2.41962199e-006	8.02152629e-008	
3.96708408e+001	2.30163587e-006	-2.30030776e-006	7.81785507e-008	
3.97710197e+001	2.18232224e-006	-2.18099353e-006	7.61418385e-008	
3.98711986e+001	2.07189653e-006	-2.07057174e-006	7.40803926e-008	
3.99713775e+001	1.96812964e-006	-1.96681220e-006	7.20004097e-008	
4.00715564e+001	1.86436426e-006	-1.86305267e-006	6.99204268e-008	
4.01717352e+001	1.76060065e-006	-1.75929313e-006	6.78404439e-008	
4.02719141e+001	1.65984384e-006	-1.65854115e-006	6.57483510e-008	
4.03720930e+001	1.57057506e-006	-1.56928640e-006	6.36099515e-008	
4.04722719e+001	1.48130767e-006	-1.48003164e-006	6.14715520e-008	
4.05724508e+001	1.39204195e-006	-1.39077689e-006	5.93331525e-008	
4.06726297e+001	1.30277823e-006	-1.30152214e-006	5.71947530e-008	
4.07728086e+001	1.24426316e-006	-1.24301608e-006	5.56939737e-008	
4.08729875e+001	1.19147500e-006	-1.19023648e-006	5.43119424e-008	
4.09731664e+001	1.13868772e-006	-1.13745688e-006	5.29299111e-008	
4.10733453e+001	1.08590146e-006	-1.08467728e-006	5.15478798e-008	
4.11735242e+001	1.03950294e-006	-1.03828965e-006	5.02092106e-008	
4.12737030e+001	1.00006074e-006	-9.98863621e-007	4.89177679e-008	
4.13738819e+001	9.60618944e-007	-9.59437590e-007	4.76263252e-008	
4.14740608e+001	9.21177611e-007	-9.20011559e-007	4.63348825e-008	
4.15742397e+001	8.79599252e-007	-8.78449878e-007	4.49517058e-008	
4.16744186e+001	8.21464796e-007	-8.20346028e-007	4.28579691e-008	
4.17745975e+001	7.63331423e-007	-7.62242178e-007	4.07642323e-008	
4.18747764e+001	7.05199399e-007	-7.04138328e-007	3.86704955e-008	
4.19749553e+001	6.47069089e-007	-6.46034478e-007	3.65767587e-008	
4.20751342e+001	5.98230405e-007	-5.97227069e-007	3.46330100e-008	
4.21753131e+001	5.52489057e-007	-5.51518177e-007	3.27392464e-008	
4.22754919e+001	5.06748929e-007	-5.05809286e-007	3.08454828e-008	
4.23756708e+001	4.61010385e-007	-4.60100394e-007	2.89517193e-008	
4.24758497e+001	4.24900073e-007	-4.24014280e-007	2.74219348e-008	
4.25760286e+001	4.04124708e-007	-4.03256761e-007	2.64719532e-008	
4.26762075e+001	3.83349764e-007	-3.82499243e-007	2.55219716e-008	
4.27763864e+001	3.62575313e-007	-3.61741724e-007	2.45719900e-008	
4.28765653e+001	3.41928095e-007	-3.41110895e-007	2.36258218e-008	
4.29767442e+001	3.27092600e-007	-3.26293174e-007	2.28546284e-008	
4.30769231e+001	3.12257323e-007	-3.11475453e-007	2.20834350e-008	
4.31771020e+001	2.97422295e-007	-2.96657731e-007	2.13122416e-008	
4.32772809e+001	2.82587555e-007	-2.81840010e-007	2.05410482e-008	
4.33774597e+001	2.65064382e-007	-2.64340426e-007	1.95771716e-008	
4.34776386e+001	2.46137970e-007	-2.45440787e-007	1.85127035e-008	
4.35778175e+001	2.27212087e-007	-2.26541148e-007	1.74482354e-008	
4.36779964e+001	2.08286879e-007	-2.07641509e-007	1.63837673e-008	
4.37781753e+001	1.90977041e-007	-1.90356551e-007	1.53822500e-008	
4.38783542e+001	1.77569732e-007	-1.76974024e-007	1.45328729e-008	
4.39785331e+001	1.64162774e-007	-1.63591498e-007	1.36834958e-008	
4.40787120e+001	1.50756259e-007	-1.50208972e-007	1.28341187e-008	
4.41788909e+001	1.37350319e-007	-1.36826445e-007	1.19847415e-008	
4.42790698e+001	1.29360128e-007	-1.28856338e-007	1.14055656e-008	
4.43792487e+001	1.21788137e-007	-1.21304111e-007	1.08472513e-008	
4.44794275e+001	1.14216258e-007	-1.13751885e-007	1.02889370e-008	
4.45796064e+001	1.06644514e-007	-1.06199658e-007	9.73062262e-009	
4.46797853e+001	1.00825245e-007	-1.00398305e-007	9.26879090e-009	
4.47799642e+001	9.63607071e-008	-9.59505288e-008	8.88154878e-009	
4.48801431e+001	9.18961751e-008	-9.15027527e-008	8.49430666e-009	
4.49803220e+001	8.74316501e-008	-8.70549765e-008	8.10706454e-009	
4.50805009e+001	8.33737857e-008	-8.30134405e-008	7.74318054e-009	
4.51806798e+001	8.09460995e-008	-8.06004112e-008	7.47293362e-009	
4.52808587e+001	7.85184398e-008	-7.81873819e-008	7.20268671e-009	
4.53810376e+001	7.60908092e-008	-7.57743526e-008	6.93243979e-009	
4.54812165e+001	7.36632105e-008	-7.33613234e-008	6.66219287e-009	
4.55813953e+001	7.32221771e-008	-7.29317378e-008	6.51527832e-009	
4.56815742e+001	7.31729760e-008	-7.28931963e-008	6.39267947e-009	
4.57817531e+001	7.31239677e-008	-7.28546549e-008	6.27008062e-009	
4.58819320e+001	7.30751524e-008	-7.28161134e-008	6.14748176e-009	
4.59821109e+001	7.30265308e-008	-7.27775720e-008	6.02488291e-009	
4.60822898e+001	7.29781030e-008	-7.27390305e-008	5.90228406e-009	
4.61824687e+001	7.29298695e-008	-7.27004891e-008	5.77968521e-009	
4.62826476e+001	7.28818308e-008	-7.26619476e-008	5.65708636e-009	
4.63828265e+001	7.31319832e-008	-7.29212676e-008	5.54758514e-009	
4.64830054e+001	7.58786958e-008	-7.56756133e-008	5.54779398e-009	
4.65831843e+001	7.86259423e-008	-7.84299590e-008	5.54800281e-009	
4.66833631e+001	8.13736689e-008	-8.11843047e-008	5.54821165e-009	
4.67835420e+001	8.41218284e-008	-8.39386504e-008	5.54842048e-009	
4.68837209e+001	8.90972812e-008	-8.89187907e-008	5.63685906e-009	
4.69838998e+001	9.48464227e-008	-9.46716072e-008	5.75592594e-009	
4.70840787e+001	1.00596125e-007	-1.00424424e-007	5.87499283e-009	
4.71842576e+001	1.06346298e-007	-1.06177240e-007	5.99405972e-009	
4.72844365e+001	1.11607843e-007	-1.11440602e-007	6.10760129e-009	
4.73846154e+001	1.16064811e-007	-1.15898451e-007	6.21204896e-009	
4.74847943e+001	1.20521935e-007	-1.20356299e-007	6.31649663e-009	
4.75849732e+001	1.24979198e-007	-1.24814148e-007	6.42094430e-009	
4.76851521e+001	1.29449999e-007	-1.29285408e-007	6.52575892e-009	
4.77853309e+001	1.34890831e-007	-1.34726460e-007	6.65710747e-009	
4.78855098e+001	1.40331802e-007	-1.40167513e-007	6.78845603e-009	
4.79856887e+001	1.45772898e-007	-1.45608565e-007	6.91980458e-009	
4.80858676e+001	1.51214105e-007	-1.51049617e-007	7.05115313e-009	
4.81860465e+001	1.59646444e-007	-1.59481886e-007	7.24674446e-009	
4.82862254e+001	1.69694503e-007	-1.69529698e-007	7.47703290e-009	
4.83864043e+001	1.79742830e-007	-1.79577510e-007	7.70732135e-009	
4.84865832e+001	1.89791382e-007	-1.89625322e-007	7.93760980e-009	
4.85867621e+001	2.00305269e-007	-2.00138540e-007	8.17102839e-009	
4.86869410e+001	2.11986523e-007	-2.11819544e-007	8.41230144e-009	
4.87871199e+001	2.23668011e-007	-2.23500548e-007	8.65357448e-009	
4.88872987e+001	2.35349698e-007	-2.35181552e-007	8.89484752e-009	
4.89874776e+001	2.47031557e-007	-2.46862555e-007	9.13612057e-009	
4.90876565e+001	2.62107412e-007	-2.61938446e-007	9.40989675e-009	
4.91878354e+001	2.77476165e-007	-2.77307040e-007	9.68647571e-009	
4.92880143e+001	2.92845163e-007	-2.92675634e-007	9.96305468e-009	
4.93881932e+001	3.08214368e-007	-3.08044229e-007	1.02396336e-008	
4.94883721e+001	3.20622165e-007	-3.20451602e-007	1.04567322e-008	
4.95885510e+001	3.30667921e-007	-3.30497131e-007	1.06263898e-008	
4.96887299e+001	3.40713748e-007	-3.40542660e-007	1.07960475e-008	
4.97889088e+001	3.50759640e-007	-3.50588189e-007	1.09657051e-008	
4.98890877e+001	3.60950686e-007	-3.60779010e-007	1.11312097e-008	
4.99892665e+001	3.71752555e-007	-3.71581406e-007	1.12792330e-008	
5.00894454e+001	3.82554512e-007	-3.82383802e-007	1.14272563e-008	
5.01896243e+001	3.93356548e-007	-3.93186199e-007	1.15752796e-008	
5.02898032e+001	4.04158658e-007	-4.03988595e-007	1.17233029e-008	
5.03899821e+001	4.17652132e-007	-4.17482737e-007	1.18940248e-008	
5.04901610e+001	4.31706225e-007	-4.31537475e-007	1.20694738e-008	
5.05903399e+001	4.45760427e-007	-4.45592213e-007	1.22449228e-008	
5.06905188e+001	4.59814729e-007	-4.59646951e-007	1.24203717e-008	
5.07906977e+001	4.72308273e-007	-4.72141032e-007	1.25678640e-008	
5.08908766e+001	4.82993721e-007	-4.82827171e-007	1.26829697e-008	
5.09910555e+001	4.93679225e-007	-4.93513310e-007	1.27980755e-008	
5.10912343e+001	5.04364783e-007	-5.04199449e-007	1.29131812e-008	
5.11914132e+001	5.14964198e-007	-5.14799429e-007	1.30258475e-008	
5.12915921e+001	5.24778829e-007	-5.24614889e-007	1.31163020e-008	
5.13917710e+001	5.34593506e-007	-5.34430349e-007	1.32067565e-008	
5.14919499e+001	5.44408225e-007	-5.44245808e-007	1.32972110e-008	
5.15921288e+001	5.54222986e-007	-5.54061268e-007	1.33876655e-008	
5.16923077e+001	5.63104301e-007	-5.62943441e-007	1.34587045e-008	
5.17924866e+001	5.71648425e-007	-5.71488458e-007	1.35227297e-008	
5.18926655e+001	5.80192581e-007	-5.80033475e-007	1.35867548e-008	
5.19928444e+001	5.88736770e-007	-5.88578492e-007	1.36507800e-008	
5.20930233e+001	5.97280989e-007	-5.97123508e-007	1.37148051e-008	
5.21932021e+001	6.05825238e-007	-6.05668525e-007	1.37788303e-008	
5.22933810e+001	6.14369514e-007	-6.14213542e-007	1.38428554e-008	
5.23935599e+001	6.22913818e-007	-6.22758559e-007	1.39068806e-008	
5.24937388e+001	6.31447878e-007	-6.31293308e-007	1.39707723e-008	
5.25939177e+001	6.38265524e-007	-6.38111692e-007	1.40123916e-008	
5.26940966e+001	6.45083188e-007	-6.44930077e-007	1.40540109e-008	
5.27942755e+001	6.51900869e-007	-6.51748461e-007	1.40956302e-008	
5.28944544e+001	6.58718568e-007	-6.58566845e-007	1.41372495e-008	
5.29946333e+001	6.64273447e-007	-6.64122355e-007	1.41672231e-008	
5.30948122e+001	6.69122961e-007	-6.68972466e-007	1.41906919e-008	
5.31949911e+001	6.73972484e-007	-6.73822578e-007	1.42141607e-008	
5.32951699e+001	6.78822016e-007	-6.78672689e-007	1.42376295e-008	
5.33953488e+001	6.84193656e-007	-6.84044981e-007	1.42626019e-008	
5.34955277e+001	6.90926149e-007	-6.90778326e-007	1.42914932e-008	
5.35957066e+001	6.97658659e-007	-6.97511671e-007	1.43203846e-008	
5.36958855e+001	7.04391187e-007	-7.04245016e-007	1.43492759e-008	
5.37960644e+001	7.11123731e-007	-7.10978361e-007	1.43781672e-008	
5.38962433e+001	7.15339951e-007	-7.15195124e-007	1.43937129e-008	
5.39964222e+001	7.19316241e-007	-7.19171930e-007	1.44079861e-008	
5.40966011e+001	7.23292537e-007	-7.23148735e-007	1.44222593e-008	
5.41967800e+001	7.27268839e-007	-7.27125540e-007	1.44365325e-008	
5.42969589e+001	7.30054915e-007	-7.29911978e-007	1.44458458e-008	
5.43971377e+001	7.31861679e-007	-7.31718992e-007	1.44510781e-008	
5.44973166e+001	7.33668445e-007	-7.33526006e-007	1.44563104e-008	
5.45974955e+001	7.35475212e-007	-7.35333020e-007	1.44615427e-008	
5.46976744e+001	7.37393131e-007	-7.37251203e-007	1.44669765e-008	
5.47978533e+001	7.39803016e-007	-7.39661426e-007	1.44733018e-008	
5.48980322e+001	7.42212902e-007	-7.42071649e-007	1.44796271e-008	
5.49982111e+001	7.44622791e-007	-7.44481872e-007	1.44859525e-008	
5.50983900e+001	7.47032682e-007	-7.46892095e-007	1.44922778e-008	
5.51985689e+001	7.48816970e-007	-7.48676636e-007	1.44965572e-008	
5.52987478e+001	7.50463879e-007	-7.50323779e-007	1.45003873e-008	
5.53989267e+001	7.52110789e-007	-7.51970922e-007	1.45042175e-008	
5.54991055e+001	7.53757700e-007	-7.53618064e-007	1.45080476e-008	
5.55992844e+001	7.55026243e-007	-7.54886787e-007	1.45109128e-008	
5.56994633e+001	7.55842684e-007	-7.55703346e-007	1.45126249e-008	
5.57996422e+001	7.56558730e-007	-7.56419495e-007	1.45141263e-008	
5.58998211e+001	7.56971906e-007	-7.56832730e-007	1.45149920e-008	
5.60000000e+001	7.57113707e-007	-7.56974551e-007	1.45152878e-008	
