% Column 0: Length, cm
% Column 1: |B.t|, Tesla
% Column 2: Re[B.t], Tesla
% Column 3: Im[B.t], Tesla
0.00000000e+000	6.45511610e-006	-6.45464625e-006	7.78824392e-008	
1.00178891e-001	6.45639319e-006	-6.45592349e-006	7.78775685e-008	
2.00357782e-001	6.45683581e-006	-6.45636603e-006	7.78868324e-008	
3.00536673e-001	6.45370585e-006	-6.45323536e-006	7.79264601e-008	
4.00715564e-001	6.45241471e-006	-6.45194370e-006	7.79618072e-008	
5.00894454e-001	6.45150781e-006	-6.45103624e-006	7.80027708e-008	
6.01073345e-001	6.44840573e-006	-6.44793309e-006	7.80730605e-008	
7.01252236e-001	6.44369119e-006	-6.44321711e-006	7.81628143e-008	
8.01431127e-001	6.43864107e-006	-6.43816547e-006	7.82574914e-008	
9.01610018e-001	6.42964896e-006	-6.42917083e-006	7.84100020e-008	
1.00178891e+000	6.42065686e-006	-6.42017620e-006	7.85625126e-008	
1.10196780e+000	6.41219897e-006	-6.41171598e-006	7.87012238e-008	
1.20214669e+000	6.40375720e-006	-6.40327197e-006	7.88312547e-008	
1.30232558e+000	6.39511333e-006	-6.39462551e-006	7.89872703e-008	
1.40250447e+000	6.38865717e-006	-6.38816693e-006	7.91431892e-008	
1.50268336e+000	6.38220102e-006	-6.38170835e-006	7.92991080e-008	
1.60286225e+000	6.37401195e-006	-6.37351655e-006	7.94673469e-008	
1.70304114e+000	6.36186953e-006	-6.36137074e-006	7.96636918e-008	
1.80322004e+000	6.34972714e-006	-6.34922492e-006	7.98600367e-008	
1.90339893e+000	6.33997159e-006	-6.33946619e-006	8.00512065e-008	
2.00357782e+000	6.32789498e-006	-6.32738558e-006	8.02904205e-008	
2.10375671e+000	6.31366521e-006	-6.31315107e-006	8.05727135e-008	
2.20393560e+000	6.29941008e-006	-6.29889120e-006	8.08517232e-008	
2.30411449e+000	6.28489957e-006	-6.28437632e-006	8.10976997e-008	
2.40429338e+000	6.26851023e-006	-6.26798241e-006	8.13451234e-008	
2.50447227e+000	6.24160049e-006	-6.24106690e-006	8.16125778e-008	
2.60465116e+000	6.21991984e-006	-6.21938038e-006	8.19177580e-008	
2.70483005e+000	6.19823925e-006	-6.19769386e-006	8.22229382e-008	
2.80500894e+000	6.17655871e-006	-6.17600734e-006	8.25281184e-008	
2.90518784e+000	6.15602253e-006	-6.15546485e-006	8.28601991e-008	
3.00536673e+000	6.13626466e-006	-6.13570044e-006	8.32105754e-008	
3.10554562e+000	6.11650685e-006	-6.11593604e-006	8.35609518e-008	
3.20572451e+000	6.09674911e-006	-6.09617163e-006	8.39113282e-008	
3.30590340e+000	6.07724664e-006	-6.07666225e-006	8.42768583e-008	
3.40608229e+000	6.04521706e-006	-6.04462351e-006	8.47111190e-008	
3.50626118e+000	5.99538902e-006	-5.99478566e-006	8.50550982e-008	
3.60644007e+000	5.94556116e-006	-5.94494781e-006	8.53990774e-008	
3.70661896e+000	5.89573348e-006	-5.89510996e-006	8.57430566e-008	
3.80679785e+000	5.85463937e-006	-5.85400483e-006	8.61956618e-008	
3.90697674e+000	5.81631000e-006	-5.81566384e-006	8.66954379e-008	
4.00715564e+000	5.76459201e-006	-5.76393416e-006	8.70868254e-008	
4.10733453e+000	5.71287427e-006	-5.71220447e-006	8.74782129e-008	
4.20751342e+000	5.66115677e-006	-5.66047479e-006	8.78696003e-008	
4.30769231e+000	5.60724174e-006	-5.60654670e-006	8.82835432e-008	
4.40787120e+000	5.54464558e-006	-5.54393466e-006	8.87865823e-008	
4.50805009e+000	5.47345146e-006	-5.47272356e-006	8.92621918e-008	
4.60822898e+000	5.38727801e-006	-5.38653136e-006	8.96900142e-008	
4.70840787e+000	5.30114024e-006	-5.30037449e-006	9.01002241e-008	
4.80858676e+000	5.22034801e-006	-5.21956642e-006	9.03310036e-008	
4.90876565e+000	5.14483580e-006	-5.14403763e-006	9.06218578e-008	
5.00894454e+000	5.07238861e-006	-5.07157375e-006	9.09170387e-008	
5.10912343e+000	4.99994192e-006	-4.99910987e-006	9.12122196e-008	
5.20930233e+000	4.91745346e-006	-4.91659822e-006	9.17086807e-008	
5.30948122e+000	4.79745571e-006	-4.79657715e-006	9.18089643e-008	
5.40966011e+000	4.67200195e-006	-4.67109956e-006	9.18212038e-008	
5.50983900e+000	4.54654951e-006	-4.54562197e-006	9.18334433e-008	
5.61001789e+000	4.42109850e-006	-4.42014437e-006	9.18456827e-008	
5.71019678e+000	4.29643305e-006	-4.29544875e-006	9.19618952e-008	
5.81037567e+000	4.10508488e-006	-4.10406190e-006	9.16396391e-008	
5.91055456e+000	3.93510822e-006	-3.93405129e-006	9.11983794e-008	
6.01073345e+000	3.76823108e-006	-3.76713840e-006	9.07398744e-008	
6.11091234e+000	3.57851333e-006	-3.57738818e-006	8.97301214e-008	
6.21109123e+000	3.37731879e-006	-3.37616054e-006	8.84433265e-008	
6.31127013e+000	3.17612896e-006	-3.17493290e-006	8.71565316e-008	
6.41144902e+000	2.97542735e-006	-2.97418768e-006	8.58814002e-008	
6.51162791e+000	2.78068592e-006	-2.77939411e-006	8.47501654e-008	
6.61180680e+000	2.58595283e-006	-2.58460054e-006	8.36189306e-008	
6.71198569e+000	2.36433094e-006	-2.36293041e-006	8.13675343e-008	
6.81216458e+000	2.12377475e-006	-2.12230511e-006	7.89949452e-008	
6.91234347e+000	1.87407029e-006	-1.87249409e-006	7.68461637e-008	
7.01252236e+000	1.62440145e-006	-1.62268308e-006	7.46973823e-008	
7.11270125e+000	1.31175393e-006	-1.30985427e-006	7.05702633e-008	
7.21288014e+000	1.00540766e-006	-1.00313618e-006	6.75453707e-008	
7.31305903e+000	6.29599814e-007	-6.26324854e-007	6.41334771e-008	
7.41323792e+000	2.50686755e-007	-2.43080170e-007	6.12852357e-008	
7.51341682e+000	2.05928620e-007	2.00033869e-007	4.89187878e-008	
7.61359571e+000	8.02457969e-007	8.00353150e-007	5.80829272e-008	
7.71377460e+000	1.80188950e-006	1.79947518e-006	9.32462065e-008	
7.81395349e+000	5.11645423e-006	5.03126816e-006	9.29755126e-007	
7.91413238e+000	3.10804278e-006	3.05416588e-006	-5.76195019e-007	
8.01431127e+000	1.96274423e-006	1.89173290e-006	-5.23174500e-007	
8.11449016e+000	1.49424010e-006	1.44502672e-006	-3.80330458e-007	
8.21466905e+000	1.19165679e-006	1.15187102e-006	-3.05350723e-007	
8.31484794e+000	1.10539776e-006	1.07536808e-006	-2.55905675e-007	
8.41502683e+000	8.67097543e-007	8.36085544e-007	-2.29824089e-007	
8.51520572e+000	7.88144948e-007	7.62182870e-007	-2.00623357e-007	
8.61538462e+000	7.67956608e-007	7.46106138e-007	-1.81887280e-007	
8.71556351e+000	7.14438829e-007	6.92902982e-007	-1.74092782e-007	
8.81574240e+000	7.06768021e-007	6.90498911e-007	-1.50772312e-007	
8.91592129e+000	6.24365825e-007	6.04688831e-007	-1.55512384e-007	
9.01610018e+000	5.89791098e-007	5.70585444e-007	-1.49284262e-007	
9.11627907e+000	6.28761003e-007	6.12151287e-007	-1.43566016e-007	
9.21645796e+000	5.97623597e-007	5.79574547e-007	-1.45764563e-007	
9.31663685e+000	6.55492919e-007	6.39482818e-007	-1.43988517e-007	
9.41681574e+000	7.04447097e-007	6.90187049e-007	-1.41023224e-007	
9.51699463e+000	6.91522745e-007	6.68990846e-007	-1.75085562e-007	
9.61717352e+000	7.63113930e-007	7.38497494e-007	-1.92261076e-007	
9.71735242e+000	8.13812755e-007	7.78202954e-007	-2.38099480e-007	
9.81753131e+000	1.09118720e-006	1.06105621e-006	-2.54655099e-007	
9.91771020e+000	1.66666406e-006	1.66666318e-006	-1.71194598e-009	
1.00178891e+001	1.03068214e-006	1.02952429e-006	-4.88405362e-008	
1.01180680e+001	8.87400729e-007	8.85046923e-007	-6.45910095e-008	
1.02182469e+001	8.95775547e-007	8.93578472e-007	-6.27004453e-008	
1.03184258e+001	9.55552446e-007	9.53538363e-007	-6.20086068e-008	
1.04186047e+001	1.04478101e-006	1.04296183e-006	-6.16277307e-008	
1.05187835e+001	1.12058307e-006	1.11890557e-006	-6.12922194e-008	
1.06189624e+001	1.18860021e-006	1.18705696e-006	-6.05494464e-008	
1.07191413e+001	1.26044474e-006	1.25902353e-006	-5.98389295e-008	
1.08193202e+001	1.32546215e-006	1.32403706e-006	-6.14472746e-008	
1.09194991e+001	1.38154239e-006	1.37992263e-006	-6.68797432e-008	
1.10196780e+001	1.47875215e-006	1.47684620e-006	-7.50548086e-008	
1.11198569e+001	1.58234485e-006	1.58011353e-006	-8.40027074e-008	
1.12200358e+001	1.70637308e-006	1.70372482e-006	-9.50307044e-008	
1.13202147e+001	1.92589877e-006	1.92291608e-006	-1.07143933e-007	
1.14203936e+001	2.11077287e-006	2.10763678e-006	-1.15018745e-007	
1.15205725e+001	2.42740471e-006	2.42423664e-006	-1.23977212e-007	
1.16207513e+001	2.79001670e-006	2.78660303e-006	-1.37973617e-007	
1.17209302e+001	3.14802377e-006	3.14439606e-006	-1.51086224e-007	
1.18211091e+001	3.53659540e-006	3.53281079e-006	-1.63569509e-007	
1.19212880e+001	3.90597586e-006	3.90218868e-006	-1.71962074e-007	
1.20214669e+001	4.26952828e-006	4.26577434e-006	-1.79000214e-007	
1.21216458e+001	4.44393332e-006	4.44123800e-006	-1.54752606e-007	
1.22218247e+001	4.54188577e-006	4.54129900e-006	-7.30053744e-008	
1.23220036e+001	4.43932546e-006	4.43932504e-006	1.93357070e-009	
1.24221825e+001	4.16172052e-006	4.16125892e-006	6.19828363e-008	
1.25223614e+001	3.34039119e-006	3.33758790e-006	1.36822183e-007	
1.26225403e+001	2.87270008e-006	2.86602855e-006	1.95668402e-007	
1.27227191e+001	2.47766110e-006	2.46547432e-006	2.45440279e-007	
1.28228980e+001	1.98665347e-006	1.96323314e-006	3.04150693e-007	
1.29230769e+001	2.07048832e-006	2.04006547e-006	3.53630823e-007	
1.30232558e+001	2.16931127e-006	2.13273225e-006	3.96691998e-007	
1.31234347e+001	3.53578414e-006	3.50935399e-006	4.31513692e-007	
1.32236136e+001	5.48718938e-006	5.47172528e-006	4.11667081e-007	
1.33237925e+001	7.96183066e-006	7.95343573e-006	3.65523588e-007	
1.34239714e+001	1.16421509e-005	1.16371446e-005	3.41384710e-007	
1.35241503e+001	1.52036928e-005	1.52036458e-005	3.78168196e-008	
1.36243292e+001	1.76855601e-005	1.76843301e-005	-2.08580549e-007	
1.37245081e+001	1.95369108e-005	1.95310644e-005	-4.77918416e-007	
1.38246869e+001	2.12626938e-005	2.12546250e-005	-5.85714870e-007	
1.39248658e+001	2.31180944e-005	2.31084237e-005	-6.68613976e-007	
1.40250447e+001	2.52747225e-005	2.52649977e-005	-7.01060176e-007	
1.41252236e+001	2.78285284e-005	2.78187049e-005	-7.39358121e-007	
1.42254025e+001	3.05925442e-005	3.05825834e-005	-7.80609655e-007	
1.43255814e+001	3.38420822e-005	3.38321126e-005	-8.21392037e-007	
1.44257603e+001	3.80027332e-005	3.79922112e-005	-8.94211283e-007	
1.45259392e+001	4.21364249e-005	4.21262374e-005	-9.26511725e-007	
1.46261181e+001	4.75132963e-005	4.75029412e-005	-9.91916680e-007	
1.47262970e+001	5.32272318e-005	5.32179832e-005	-9.92202422e-007	
1.48264758e+001	5.93071277e-005	5.92980654e-005	-1.03674560e-006	
1.49266547e+001	6.98034719e-005	6.97956834e-005	-1.04271931e-006	
1.50268336e+001	7.87648775e-005	7.87616143e-005	-7.16966929e-007	
1.51270125e+001	9.24587304e-005	9.24586849e-005	-9.16926062e-008	
1.52271914e+001	1.02127384e-004	1.02118505e-004	1.34670912e-006	
1.53273703e+001	1.12197763e-004	1.12102410e-004	4.62468003e-006	
1.54275492e+001	1.09931874e-004	1.09594088e-004	8.61120616e-006	
1.55277281e+001	9.43580719e-005	9.37381019e-005	1.07987958e-005	
1.56279070e+001	6.41452641e-005	6.32907768e-005	1.04351560e-005	
1.57280859e+001	3.62490070e-005	3.51060770e-005	9.03071811e-006	
1.58282648e+001	9.03224596e-006	5.76706242e-006	6.95143569e-006	
1.59284436e+001	1.85402794e-005	-1.76585889e-005	5.64944242e-006	
1.60286225e+001	3.97052025e-005	-3.94811652e-005	4.21197113e-006	
1.61288014e+001	5.12799998e-005	-5.11487812e-005	3.66613684e-006	
1.62289803e+001	6.56169663e-005	-6.55482988e-005	3.00113097e-006	
1.63291592e+001	7.99819406e-005	-7.99478164e-005	2.33612510e-006	
1.64293381e+001	8.96178348e-005	-8.95957650e-005	1.98877033e-006	
1.65295170e+001	9.71853013e-005	-9.71689970e-005	1.78011416e-006	
1.66296959e+001	1.04754017e-004	-1.04742229e-004	1.57145800e-006	
1.67298748e+001	1.12497227e-004	-1.12488973e-004	1.36274048e-006	
1.68300537e+001	1.20955089e-004	-1.20949282e-004	1.18521764e-006	
1.69302326e+001	1.29473093e-004	-1.29468828e-004	1.05083352e-006	
1.70304114e+001	1.37991418e-004	-1.37988375e-004	9.16449401e-007	
1.71305903e+001	1.46510009e-004	-1.46507922e-004	7.82065282e-007	
1.72307692e+001	1.54702858e-004	-1.54701501e-004	6.48089412e-007	
1.73309481e+001	1.61997011e-004	-1.61996118e-004	5.37950709e-007	
1.74311270e+001	1.69513249e-004	-1.69512709e-004	4.27807783e-007	
1.75313059e+001	1.77029585e-004	-1.77029300e-004	3.17664857e-007	
1.76314848e+001	1.84546008e-004	-1.84545892e-004	2.07521930e-007	
1.77316637e+001	1.92062507e-004	-1.92062483e-004	9.73790041e-008	
1.78318426e+001	1.99579074e-004	-1.99579074e-004	-1.27639221e-008	
1.79320215e+001	2.07095702e-004	-2.07095665e-004	-1.22906848e-007	
1.80322004e+001	2.17169425e-004	-2.17169277e-004	-2.53841475e-007	
1.81323792e+001	2.29030371e-004	-2.29030025e-004	-3.98009490e-007	
1.82325581e+001	2.41014875e-004	-2.41014274e-004	-5.38049617e-007	
1.83327370e+001	2.52999432e-004	-2.52998523e-004	-6.78089745e-007	
1.84329159e+001	2.66661594e-004	-2.66660226e-004	-8.54145357e-007	
1.85330948e+001	2.83065066e-004	-2.83062971e-004	-1.08905202e-006	
1.86332737e+001	2.99468643e-004	-2.99465716e-004	-1.32395868e-006	
1.87334526e+001	3.15644794e-004	-3.15640949e-004	-1.55806277e-006	
1.88336315e+001	3.32275918e-004	-3.32270601e-004	-1.87967992e-006	
1.89338104e+001	3.53025891e-004	-3.53019173e-004	-2.17781490e-006	
1.90339893e+001	3.73803392e-004	-3.73795204e-004	-2.47417773e-006	
1.91341682e+001	3.94580962e-004	-3.94571235e-004	-2.77054057e-006	
1.92343470e+001	4.15666809e-004	-4.15654550e-004	-3.19238914e-006	
1.93345259e+001	4.43928031e-004	-4.43911846e-004	-3.79062342e-006	
1.94347048e+001	4.73442414e-004	-4.73425444e-004	-4.00858981e-006	
1.95348837e+001	4.98258497e-004	-4.98242153e-004	-4.03571069e-006	
1.96350626e+001	5.23074642e-004	-5.23058863e-004	-4.06283157e-006	
1.97352415e+001	5.47890838e-004	-5.47875572e-004	-4.08995245e-006	
1.98354204e+001	5.72707081e-004	-5.72692282e-004	-4.11707333e-006	
1.99355993e+001	6.05227862e-004	-6.05215016e-004	-3.94322395e-006	
2.00357782e+001	6.39253724e-004	-6.39247628e-004	-2.79176683e-006	
2.01359571e+001	6.73124357e-004	-6.73122660e-004	-1.51187486e-006	
2.02361360e+001	7.02424053e-004	-7.02423761e-004	-6.40741305e-007	
2.03363148e+001	7.29115044e-004	-7.29115044e-004	-2.83943545e-009	
2.04364937e+001	7.55806593e-004	-7.55806326e-004	6.35062434e-007	
2.05366726e+001	7.80393095e-004	-7.80390850e-004	1.87200121e-006	
2.06368515e+001	8.03693020e-004	-8.03685504e-004	3.47570220e-006	
2.07370304e+001	8.25797229e-004	-8.25782462e-004	4.93864334e-006	
2.08372093e+001	8.41440127e-004	-8.41420216e-004	5.78846327e-006	
2.09373882e+001	8.57406449e-004	-8.57378935e-004	6.86880020e-006	
2.10375671e+001	8.73373831e-004	-8.73337655e-004	7.94913713e-006	
2.11377460e+001	8.84834111e-004	-8.84792395e-004	8.59189537e-006	
2.12379249e+001	8.96122393e-004	-8.96074303e-004	9.28372627e-006	
2.13381038e+001	9.07411045e-004	-9.07356210e-004	9.97555718e-006	
2.14382826e+001	9.10272650e-004	-9.10215985e-004	1.01566761e-005	
2.15384615e+001	9.10115805e-004	-9.10059150e-004	1.01548701e-005	
2.16386404e+001	9.09821544e-004	-9.09764812e-004	1.01601564e-005	
2.17388193e+001	9.09321438e-004	-9.09264812e-004	1.01478611e-005	
2.18389982e+001	9.02780970e-004	-9.02728930e-004	9.69319044e-006	
2.19391771e+001	8.93384119e-004	-8.93337702e-004	9.10677721e-006	
2.20393560e+001	8.85811783e-004	-8.85769693e-004	8.63520567e-006	
2.21395349e+001	8.79413292e-004	-8.79374710e-004	8.23752122e-006	
2.22397138e+001	8.73329583e-004	-8.73294229e-004	7.85810808e-006	
2.23398927e+001	8.56010775e-004	-8.55984079e-004	6.76044100e-006	
2.24400716e+001	8.34893080e-004	-8.34875481e-004	5.42093486e-006	
2.25402504e+001	8.13777118e-004	-8.13766883e-004	4.08142872e-006	
2.26404293e+001	7.90077451e-004	-7.90071502e-004	3.06613603e-006	
2.27406082e+001	7.61484197e-004	-7.61482090e-004	1.79162974e-006	
2.28407871e+001	7.31778837e-004	-7.31778740e-004	3.76028390e-007	
2.29409660e+001	7.02076160e-004	-7.02075391e-004	-1.03957296e-006	
2.30411449e+001	6.72469375e-004	-6.72464914e-004	-2.44943971e-006	
2.31413238e+001	6.50655206e-004	-6.50646921e-004	-3.28345923e-006	
2.32415027e+001	6.16868816e-004	-6.16858067e-004	-3.64156130e-006	
2.33416816e+001	5.83082931e-004	-5.83069213e-004	-3.99966336e-006	
2.34418605e+001	5.49297645e-004	-5.49280359e-004	-4.35776542e-006	
2.35420394e+001	5.19338046e-004	-5.19317648e-004	-4.60294876e-006	
2.36422182e+001	4.93522265e-004	-4.93503342e-004	-4.32170963e-006	
2.37423971e+001	4.66676105e-004	-4.66659424e-004	-3.94566377e-006	
2.38425760e+001	4.39829992e-004	-4.39815507e-004	-3.56961791e-006	
2.39427549e+001	4.12983937e-004	-4.12971589e-004	-3.19357205e-006	
2.40429338e+001	3.90531520e-004	-3.90520613e-004	-2.91862848e-006	
2.41431127e+001	3.71283643e-004	-3.71273699e-004	-2.71742546e-006	
2.42432916e+001	3.48613152e-004	-3.48605315e-004	-2.33743687e-006	
2.43434705e+001	3.25083869e-004	-3.25078243e-004	-1.91257831e-006	
2.44436494e+001	3.06956925e-004	-3.06952906e-004	-1.57086384e-006	
2.45438283e+001	2.91148651e-004	-2.91145721e-004	-1.30617678e-006	
2.46440072e+001	2.73266675e-004	-2.73264579e-004	-1.07020130e-006	
2.47441860e+001	2.55384800e-004	-2.55383437e-004	-8.34225828e-007	
2.48443649e+001	2.39181490e-004	-2.39180686e-004	-6.20035890e-007	
2.49445438e+001	2.29545841e-004	-2.29545310e-004	-4.94037537e-007	
2.50447227e+001	2.19910241e-004	-2.19909933e-004	-3.68039185e-007	
2.51449016e+001	2.10274696e-004	-2.10274557e-004	-2.42040833e-007	
2.52450805e+001	2.00639214e-004	-2.00639180e-004	-1.16042480e-007	
2.53452594e+001	1.92209310e-004	-1.92209308e-004	-2.86091127e-008	
2.54454383e+001	1.84119246e-004	-1.84119240e-004	4.79536756e-008	
2.55456172e+001	1.76029216e-004	-1.76029171e-004	1.24516464e-007	
2.56457961e+001	1.67939224e-004	-1.67939103e-004	2.01079252e-007	
2.57459750e+001	1.59874747e-004	-1.59874507e-004	2.76784314e-007	
2.58461538e+001	1.51833358e-004	-1.51832950e-004	3.51713580e-007	
2.59463327e+001	1.43792026e-004	-1.43791394e-004	4.26642846e-007	
2.60465116e+001	1.34567775e-004	-1.34566820e-004	5.07052038e-007	
2.61466905e+001	1.25839814e-004	-1.25838422e-004	5.91774679e-007	
2.62468694e+001	1.17158796e-004	-1.17156831e-004	6.78605059e-007	
2.63470483e+001	1.08477940e-004	-1.08475239e-004	7.65435439e-007	
2.64472272e+001	9.97972869e-005	-9.97936477e-005	8.52265818e-007	
2.65474061e+001	9.11168957e-005	-9.11120562e-005	9.39096198e-007	
2.66475850e+001	8.24368488e-005	-8.24304647e-005	1.02592658e-006	
2.67477639e+001	7.37572676e-005	-7.37488732e-005	1.11275696e-006	
2.68479428e+001	6.54226673e-005	-6.54117388e-005	1.19575102e-006	
2.69481216e+001	5.67774834e-005	-5.67625524e-005	1.30202405e-006	
2.70483005e+001	4.77878823e-005	-4.77665570e-005	1.42749106e-006	
2.71484794e+001	3.88016510e-005	-3.87705616e-005	1.55295807e-006	
2.72486583e+001	2.98218360e-005	-2.97745662e-005	1.67842507e-006	
2.73488372e+001	2.14323383e-005	-2.13575783e-005	1.78856827e-006	
2.74490161e+001	1.38313777e-005	-1.37032164e-005	1.87852809e-006	
2.75491950e+001	5.62428323e-006	-5.25889754e-006	1.99413102e-006	
2.76493739e+001	3.88667411e-006	3.26679559e-006	2.10577354e-006	
2.77495528e+001	8.81256383e-006	8.55099379e-006	2.13114677e-006	
2.78497317e+001	1.39327774e-005	1.37650987e-005	2.15507400e-006	
2.79499106e+001	1.81142570e-005	1.79881215e-005	2.13396163e-006	
2.80500894e+001	1.98800549e-005	1.97767091e-005	2.02444030e-006	
2.81502683e+001	2.06142749e-005	2.05224323e-005	1.94373401e-006	
2.82504472e+001	2.13495973e-005	2.12681554e-005	1.86302773e-006	
2.83506261e+001	2.07902068e-005	2.07169690e-005	1.74352894e-006	
2.84508050e+001	1.63074227e-005	1.62376842e-005	1.50653487e-006	
2.85509839e+001	1.19992829e-005	1.19184421e-005	1.39051393e-006	
2.86511628e+001	7.70592559e-006	7.59973231e-006	1.27489535e-006	
2.87513417e+001	4.12135969e-006	3.95322444e-006	1.16517047e-006	
2.88515206e+001	1.93146408e-006	1.60129327e-006	1.08000618e-006	
2.89516995e+001	1.33158271e-006	-8.37822116e-007	1.03497179e-006	
2.90518784e+001	3.74519885e-006	-3.61289532e-006	9.86661965e-007	
2.91520572e+001	6.45651969e-006	-6.38796852e-006	9.38352134e-007	
2.92522361e+001	9.20616689e-006	-9.16304172e-006	8.90042304e-007	
2.93524150e+001	1.19677526e-005	-1.19381149e-005	8.41732474e-007	
2.94525939e+001	1.29263202e-005	-1.29008259e-005	8.11446613e-007	
2.95527728e+001	1.38153295e-005	-1.37931875e-005	7.81860376e-007	
2.96529517e+001	1.47048044e-005	-1.46855492e-005	7.52274139e-007	
2.97531306e+001	1.56389570e-005	-1.56222341e-005	7.23033232e-007	
2.98533095e+001	1.70838056e-005	-1.70695498e-005	6.97770731e-007	
2.99534884e+001	1.85290738e-005	-1.85168655e-005	6.72508231e-007	
3.00536673e+001	1.99746705e-005	-1.99641813e-005	6.47245730e-007	
3.01538462e+001	2.07159128e-005	-2.07065294e-005	6.23445562e-007	
3.02540250e+001	2.11327081e-005	-2.11241797e-005	6.00318922e-007	
3.03542039e+001	2.15495613e-005	-2.15418300e-005	5.77192282e-007	
3.04543828e+001	2.19442212e-005	-2.19371982e-005	5.55138082e-007	
3.05545617e+001	2.21406630e-005	-2.21340123e-005	5.42640343e-007	
3.06547406e+001	2.23371184e-005	-2.23308264e-005	5.30142604e-007	
3.07549195e+001	2.25335869e-005	-2.25276404e-005	5.17644865e-007	
3.08550984e+001	2.26970376e-005	-2.26914400e-005	5.04050060e-007	
3.09552773e+001	2.27636370e-005	-2.27584219e-005	4.87238012e-007	
3.10554562e+001	2.28112774e-005	-2.28063943e-005	4.71967582e-007	
3.11556351e+001	2.28538356e-005	-2.28492637e-005	4.57110996e-007	
3.12558140e+001	2.27873750e-005	-2.27830505e-005	4.43922537e-007	
3.13559928e+001	2.26727568e-005	-2.26686509e-005	4.31470959e-007	
3.14561717e+001	2.25581433e-005	-2.25542513e-005	4.19019381e-007	
3.15563506e+001	2.24571803e-005	-2.24534971e-005	4.06708526e-007	
3.16565295e+001	2.23587159e-005	-2.23552269e-005	3.94976001e-007	
3.17567084e+001	2.21805357e-005	-2.21771749e-005	3.86102577e-007	
3.18568873e+001	2.19956368e-005	-2.19923898e-005	3.77932623e-007	
3.19570662e+001	2.18107391e-005	-2.18076046e-005	3.69762670e-007	
3.20572451e+001	2.16301986e-005	-2.16271826e-005	3.61194492e-007	
3.21574240e+001	2.14510773e-005	-2.14481809e-005	3.52496699e-007	
3.22576029e+001	2.12604639e-005	-2.12576727e-005	3.44495972e-007	
3.23577818e+001	2.10334874e-005	-2.10307943e-005	3.36578947e-007	
3.24579606e+001	2.07931955e-005	-2.07906178e-005	3.27399040e-007	
3.25581395e+001	2.05529049e-005	-2.05504412e-005	3.18219134e-007	
3.26583184e+001	2.03126157e-005	-2.03102647e-005	3.09039228e-007	
3.27584973e+001	2.00698099e-005	-2.00675435e-005	3.01610667e-007	
3.28586762e+001	1.98268607e-005	-1.98246737e-005	2.94475124e-007	
3.29588551e+001	1.95850914e-005	-1.95829885e-005	2.86995472e-007	
3.30590340e+001	1.93433229e-005	-1.93413033e-005	2.79515820e-007	
3.31592129e+001	1.90933826e-005	-1.90914359e-005	2.72646816e-007	
3.32593918e+001	1.88447034e-005	-1.88428185e-005	2.66530020e-007	
3.33595707e+001	1.85999214e-005	-1.85980924e-005	2.60836842e-007	
3.34597496e+001	1.83551397e-005	-1.83533663e-005	2.55143663e-007	
3.35599284e+001	1.81183255e-005	-1.81166068e-005	2.49556037e-007	
3.36601073e+001	1.78617360e-005	-1.78600698e-005	2.43965430e-007	
3.37602862e+001	1.76040902e-005	-1.76024764e-005	2.38364526e-007	
3.38604651e+001	1.73464447e-005	-1.73448829e-005	2.32763622e-007	
3.39606440e+001	1.70952231e-005	-1.70937080e-005	2.27588682e-007	
3.40608229e+001	1.68540022e-005	-1.68525258e-005	2.23076902e-007	
3.41610018e+001	1.66129399e-005	-1.66115020e-005	2.18567254e-007	
3.42611807e+001	1.63870135e-005	-1.63856127e-005	2.14261174e-007	
3.43613596e+001	1.61610871e-005	-1.61597233e-005	2.09955094e-007	
3.44615385e+001	1.59425425e-005	-1.59412075e-005	2.06309452e-007	
3.45617174e+001	1.57288372e-005	-1.57275259e-005	2.03096795e-007	
3.46618962e+001	1.54944444e-005	-1.54931640e-005	1.99191721e-007	
3.47620751e+001	1.52493653e-005	-1.52481193e-005	1.94928967e-007	
3.48622540e+001	1.50093677e-005	-1.50081530e-005	1.90952083e-007	
3.49624329e+001	1.47821737e-005	-1.47809821e-005	1.87695476e-007	
3.50626118e+001	1.45658351e-005	-1.45646686e-005	1.84346013e-007	
3.51627907e+001	1.43511270e-005	-1.43499839e-005	1.81133891e-007	
3.52629696e+001	1.41364455e-005	-1.41353220e-005	1.78222116e-007	
3.53631485e+001	1.39220204e-005	-1.39209166e-005	1.75303187e-007	
3.54633274e+001	1.37042633e-005	-1.37031791e-005	1.72385685e-007	
3.55635063e+001	1.34819195e-005	-1.34808543e-005	1.69470148e-007	
3.56636852e+001	1.32595757e-005	-1.32585296e-005	1.66554610e-007	
3.57638640e+001	1.30362421e-005	-1.30352156e-005	1.63594929e-007	
3.58640429e+001	1.28199463e-005	-1.28189299e-005	1.61423724e-007	
3.59642218e+001	1.26020819e-005	-1.26010760e-005	1.59223715e-007	
3.60644007e+001	1.23842175e-005	-1.23832220e-005	1.57023706e-007	
3.61645796e+001	1.21663532e-005	-1.21653681e-005	1.54823698e-007	
3.62647585e+001	1.19722744e-005	-1.19712959e-005	1.53067138e-007	
3.63649374e+001	1.17797779e-005	-1.17788056e-005	1.51346006e-007	
3.64651163e+001	1.15872814e-005	-1.15863153e-005	1.49624873e-007	
3.65652952e+001	1.13947850e-005	-1.13938250e-005	1.47903741e-007	
3.66654741e+001	1.12022886e-005	-1.12013348e-005	1.46182608e-007	
3.67656530e+001	1.10097923e-005	-1.10088445e-005	1.44461476e-007	
3.68658318e+001	1.08235470e-005	-1.08226025e-005	1.42980558e-007	
3.69660107e+001	1.06394246e-005	-1.06384826e-005	1.41581220e-007	
3.70661896e+001	1.04553024e-005	-1.04543626e-005	1.40181882e-007	
3.71663685e+001	1.02595484e-005	-1.02586128e-005	1.38547051e-007	
3.72665474e+001	1.00632255e-005	-1.00622943e-005	1.36900703e-007	
3.73667263e+001	9.86869015e-006	-9.86776266e-006	1.35297472e-007	
3.74669052e+001	9.69255511e-006	-9.69162688e-006	1.34138110e-007	
3.75670841e+001	9.49873716e-006	-9.49780433e-006	1.33119005e-007	
3.76672630e+001	9.29284701e-006	-9.29190668e-006	1.32195654e-007	
3.77674419e+001	9.08695728e-006	-9.08600904e-006	1.31272304e-007	
3.78676208e+001	8.88653235e-006	-8.88557761e-006	1.30260499e-007	
3.79677996e+001	8.69538942e-006	-8.69443102e-006	1.29098446e-007	
3.80679785e+001	8.52790203e-006	-8.52693870e-006	1.28177380e-007	
3.81681574e+001	8.33300245e-006	-8.33202248e-006	1.27793406e-007	
3.82683363e+001	8.13810368e-006	-8.13710627e-006	1.27409432e-007	
3.83685152e+001	7.94320579e-006	-7.94219005e-006	1.27025458e-007	
3.84686941e+001	7.74830884e-006	-7.74727383e-006	1.26641484e-007	
3.85688730e+001	7.53458569e-006	-7.53351363e-006	1.27097737e-007	
3.86690519e+001	7.31474783e-006	-7.31363194e-006	1.27763733e-007	
3.87692308e+001	7.09491275e-006	-7.09375026e-006	1.28429729e-007	
3.88694097e+001	6.87508072e-006	-6.87386857e-006	1.29095725e-007	
3.89695886e+001	6.66885778e-006	-6.66757577e-006	1.30756902e-007	
3.90697674e+001	6.46712862e-006	-6.46576608e-006	1.32746398e-007	
3.91699463e+001	6.20978176e-006	-6.20827993e-006	1.36564464e-007	
3.92701252e+001	5.82847204e-006	-5.82668156e-006	1.44458724e-007	
3.93703041e+001	5.44721419e-006	-5.44508319e-006	1.52352983e-007	
3.94704830e+001	5.06601992e-006	-5.06348483e-006	1.60247242e-007	
3.95706619e+001	4.68490474e-006	-4.68188646e-006	1.68141502e-007	
3.96708408e+001	4.36088215e-006	-4.35722606e-006	1.78533536e-007	
3.97710197e+001	3.71914030e-006	-3.71336482e-006	2.07186711e-007	
3.98711986e+001	3.16576368e-006	-3.15767013e-006	2.26227748e-007	
3.99713775e+001	2.64426253e-006	-2.63315189e-006	2.42147591e-007	
4.00715564e+001	1.86552537e-006	-1.84459245e-006	2.78681911e-007	
4.01717352e+001	8.10068489e-007	-7.36592466e-007	3.37109028e-007	
4.02719141e+001	4.63361381e-007	2.98174228e-007	3.54677176e-007	
4.03720930e+001	1.78660654e-006	1.73600903e-006	4.22179562e-007	
4.04722719e+001	3.50303662e-006	3.47442839e-006	4.46780643e-007	
4.05724508e+001	4.14808618e-006	4.13736318e-006	2.98068513e-007	
4.06726297e+001	4.16780537e-006	4.16650416e-006	1.04137586e-007	
4.07728086e+001	3.90152632e-006	3.90150980e-006	-1.13556812e-008	
4.08729875e+001	3.36233445e-006	3.36172991e-006	-6.37574219e-008	
4.09731664e+001	2.94552194e-006	2.94422521e-006	-8.73923211e-008	
4.10733453e+001	2.56722756e-006	2.56551526e-006	-9.37484599e-008	
4.11735242e+001	2.26335217e-006	2.26160273e-006	-8.89725275e-008	
4.12737030e+001	1.98564221e-006	1.98384224e-006	-8.45278079e-008	
4.13738819e+001	1.73746561e-006	1.73580161e-006	-7.60231434e-008	
4.14740608e+001	1.53509636e-006	1.53354261e-006	-6.90499812e-008	
4.15742397e+001	1.36768521e-006	1.36621078e-006	-6.34897508e-008	
4.16744186e+001	1.23186472e-006	1.23046931e-006	-5.86169846e-008	
4.17745975e+001	1.13514952e-006	1.13375528e-006	-5.62440440e-008	
4.18747764e+001	1.04508951e-006	1.04366377e-006	-5.45712652e-008	
4.19749553e+001	9.63644245e-007	9.62227515e-007	-5.22344627e-008	
4.20751342e+001	8.78553941e-007	8.77154244e-007	-4.95727607e-008	
4.21753131e+001	7.99967335e-007	7.98747998e-007	-4.41517002e-008	
4.22754919e+001	7.36285381e-007	7.35410943e-007	-3.58734906e-008	
4.23756708e+001	6.49636273e-007	6.49447825e-007	-1.56463727e-008	
4.24758497e+001	5.30766396e-007	5.30745254e-007	4.73734338e-009	
4.25760286e+001	3.65931551e-007	3.65126334e-007	2.42623123e-008	
4.26762075e+001	2.08366581e-007	2.05393212e-007	3.50750695e-008	
4.27763864e+001	7.36621579e-008	6.06688802e-008	4.17779904e-008	
4.28765653e+001	6.61194711e-008	-5.22304681e-008	4.05433430e-008	
4.29767442e+001	1.15784036e-007	-1.09173102e-007	3.85639316e-008	
4.30769231e+001	1.24602015e-007	-1.19449341e-007	3.54614857e-008	
4.31771020e+001	1.16930016e-007	-1.12548479e-007	3.17091257e-008	
4.32772809e+001	5.80645287e-008	-5.19974429e-008	2.58409641e-008	
4.33774597e+001	2.47482619e-008	1.50437080e-008	1.96510386e-008	
4.34776386e+001	9.00218440e-008	8.91534387e-008	1.24738434e-008	
4.35778175e+001	1.27460767e-007	1.27274448e-007	6.88927133e-009	
4.36779964e+001	1.60772471e-007	1.60772367e-007	1.82902325e-010	
4.37781753e+001	1.81317762e-007	1.81214316e-007	-6.12392696e-009	
4.38783542e+001	1.83460871e-007	1.83203544e-007	-9.71353490e-009	
4.39785331e+001	1.74334384e-007	1.73959340e-007	-1.14291506e-008	
4.40787120e+001	1.63622013e-007	1.63164328e-007	-1.22296797e-008	
4.41788909e+001	1.50910524e-007	1.50437997e-007	-1.19329621e-008	
4.42790698e+001	1.33351479e-007	1.32914920e-007	-1.07815163e-008	
4.43792487e+001	1.21433468e-007	1.21017505e-007	-1.00424405e-008	
4.44794275e+001	1.07097850e-007	1.06699727e-007	-9.22592833e-009	
4.45796064e+001	9.71614542e-008	9.67963500e-008	-8.41515412e-009	
4.46797853e+001	8.75244052e-008	8.71933998e-008	-7.60477041e-009	
4.47799642e+001	7.72677412e-008	7.69819485e-008	-6.63953509e-009	
4.48801431e+001	7.27257610e-008	7.24721445e-008	-6.06832674e-009	
4.49803220e+001	6.79488973e-008	6.77256024e-008	-5.50412758e-009	
4.50805009e+001	6.58876823e-008	6.56984480e-008	-4.99005063e-009	
4.51806798e+001	6.42938519e-008	6.41136418e-008	-4.81043849e-009	
4.52808587e+001	6.30634278e-008	6.28809476e-008	-4.79399232e-009	
4.53810376e+001	6.13914355e-008	6.12022366e-008	-4.81607616e-009	
4.54812165e+001	5.88876087e-008	5.86874861e-008	-4.85071430e-009	
4.55813953e+001	5.69565433e-008	5.67470670e-008	-4.88039011e-009	
4.56815742e+001	5.46050467e-008	5.43845261e-008	-4.90249424e-009	
4.57817531e+001	5.30538889e-008	5.28072708e-008	-5.10952784e-009	
4.58819320e+001	5.51366877e-008	5.48638006e-008	-5.47884321e-009	
4.59821109e+001	6.64739355e-008	6.62574435e-008	-5.36053047e-009	
4.60822898e+001	1.11679171e-007	1.11623793e-007	-3.51653389e-009	
4.61824687e+001	7.40683003e-008	7.14596483e-008	-1.94841415e-008	
4.62826476e+001	6.54159881e-008	6.28142293e-008	-1.82653795e-008	
4.63828265e+001	6.79457981e-008	6.55717436e-008	-1.78038738e-008	
4.64830054e+001	6.91013178e-008	6.65864211e-008	-1.84727000e-008	
4.65831843e+001	7.12318980e-008	6.88126293e-008	-1.84066656e-008	
4.66833631e+001	8.02562940e-008	7.79403752e-008	-1.91408109e-008	
4.67835420e+001	7.78046214e-008	7.49351067e-008	-2.09353506e-008	
4.68837209e+001	8.80176629e-008	8.51395397e-008	-2.23241520e-008	
4.69838998e+001	1.02334545e-007	9.94278011e-008	-2.42171725e-008	
4.70840787e+001	1.13319584e-007	1.10096172e-007	-2.68358131e-008	
4.71842576e+001	1.17508089e-007	1.13179276e-007	-3.16006707e-008	
4.72844365e+001	1.42428876e-007	1.38755172e-007	-3.21401134e-008	
4.73846154e+001	1.43552462e-007	1.38729036e-007	-3.68993739e-008	
4.74847943e+001	1.75516911e-007	1.70119231e-007	-4.31929740e-008	
4.75849732e+001	2.16599624e-007	2.11620208e-007	-4.61766638e-008	
4.76851521e+001	2.58776495e-007	2.52908610e-007	-5.47951612e-008	
4.77853309e+001	2.99067144e-007	2.90606428e-007	-7.06332828e-008	
4.78855098e+001	3.64674952e-007	3.54119279e-007	-8.71054350e-008	
4.79856887e+001	4.29488715e-007	4.11490881e-007	-1.23027684e-007	
4.80858676e+001	7.74335068e-007	7.61397610e-007	-1.40955586e-007	
4.81860465e+001	1.29106944e-006	1.26863341e-006	2.39644654e-007	
4.82862254e+001	4.42447945e-007	4.41879790e-007	2.24150729e-008	
4.83864043e+001	2.20158372e-007	2.19323457e-007	1.91554162e-008	
4.84865832e+001	5.85472972e-008	5.63547264e-008	1.58723291e-008	
4.85867621e+001	6.69500352e-008	-6.52155954e-008	1.51404537e-008	
4.86869410e+001	1.70776732e-007	-1.69926081e-007	1.70240814e-008	
4.87871199e+001	2.48451148e-007	-2.47758474e-007	1.85394592e-008	
4.88872987e+001	3.25491103e-007	-3.24942779e-007	1.88851282e-008	
4.89874776e+001	4.02586656e-007	-4.02127084e-007	1.92307972e-008	
4.90876565e+001	4.68360827e-007	-4.67946026e-007	1.97073805e-008	
4.91878354e+001	5.29158194e-007	-5.28770911e-007	2.02414888e-008	
4.92880143e+001	5.89961717e-007	-5.89595795e-007	2.07755972e-008	
4.93881932e+001	6.55151007e-007	-6.54798497e-007	2.14888223e-008	
4.94883721e+001	7.11319699e-007	-7.10982388e-007	2.19033996e-008	
4.95885510e+001	7.60825847e-007	-7.60502991e-007	2.21623395e-008	
4.96887299e+001	8.10333844e-007	-8.10023595e-007	2.24212793e-008	
4.97889088e+001	8.59843371e-007	-8.59544199e-007	2.26802191e-008	
4.98890877e+001	9.10501875e-007	-9.10212491e-007	2.29539605e-008	
4.99892665e+001	9.62839206e-007	-9.62558468e-007	2.32493389e-008	
5.00894454e+001	1.00365924e-006	-1.00338595e-006	2.34202306e-008	
5.01896243e+001	1.04066809e-006	-1.04040196e-006	2.35336890e-008	
5.02898032e+001	1.07767744e-006	-1.07741797e-006	2.36471474e-008	
5.03899821e+001	1.11468724e-006	-1.11443398e-006	2.37606058e-008	
5.04901610e+001	1.15169746e-006	-1.15144998e-006	2.38740642e-008	
5.05903399e+001	1.18870805e-006	-1.18846599e-006	2.39875226e-008	
5.06905188e+001	1.22571897e-006	-1.22548200e-006	2.41009810e-008	
5.07906977e+001	1.26011436e-006	-1.25988261e-006	2.41664170e-008	
5.08908766e+001	1.29038406e-006	-1.29015813e-006	2.41454542e-008	
5.09910555e+001	1.32065402e-006	-1.32043366e-006	2.41244915e-008	
5.10912343e+001	1.35092423e-006	-1.35070918e-006	2.41035288e-008	
5.11914132e+001	1.37531530e-006	-1.37510442e-006	2.40836104e-008	
5.12915921e+001	1.39821408e-006	-1.39800700e-006	2.40631059e-008	
5.13917710e+001	1.41734155e-006	-1.41713864e-006	2.39823268e-008	
5.14919499e+001	1.43646913e-006	-1.43627027e-006	2.39015478e-008	
5.15921288e+001	1.45694905e-006	-1.45675343e-006	2.38743937e-008	
5.16923077e+001	1.47757053e-006	-1.47737799e-006	2.38528498e-008	
5.17924866e+001	1.49819210e-006	-1.49800255e-006	2.38313059e-008	
5.18926655e+001	1.51698155e-006	-1.51679524e-006	2.37739779e-008	
5.19928444e+001	1.53317959e-006	-1.53299615e-006	2.37163274e-008	
5.20930233e+001	1.54874295e-006	-1.54856209e-006	2.36678700e-008	
5.21932021e+001	1.56430635e-006	-1.56412803e-006	2.36194126e-008	
5.22933810e+001	1.57418489e-006	-1.57400892e-006	2.35367311e-008	
5.23935599e+001	1.58512955e-006	-1.58495578e-006	2.34700945e-008	
5.24937388e+001	1.59716969e-006	-1.59699801e-006	2.34175029e-008	
5.25939177e+001	1.60920987e-006	-1.60904024e-006	2.33649112e-008	
5.26940966e+001	1.62122171e-006	-1.62105410e-006	2.33120438e-008	
5.27942755e+001	1.63057039e-006	-1.63040444e-006	2.32627067e-008	
5.28944544e+001	1.63983630e-006	-1.63967197e-006	2.32148244e-008	
5.29946333e+001	1.64910223e-006	-1.64893950e-006	2.31669420e-008	
5.30948122e+001	1.65836819e-006	-1.65820703e-006	2.31190597e-008	
5.31949911e+001	1.66699355e-006	-1.66683394e-006	2.30678228e-008	
5.32951699e+001	1.67415943e-006	-1.67400131e-006	2.30089433e-008	
5.33953488e+001	1.68132531e-006	-1.68116867e-006	2.29500638e-008	
5.34955277e+001	1.68849122e-006	-1.68833604e-006	2.28911843e-008	
5.35957066e+001	1.69659552e-006	-1.69644174e-006	2.28425550e-008	
5.36958855e+001	1.70405710e-006	-1.70390445e-006	2.28083207e-008	
5.37960644e+001	1.70865759e-006	-1.70850579e-006	2.27755415e-008	
5.38962433e+001	1.71338296e-006	-1.71323206e-006	2.27387763e-008	
5.39964222e+001	1.71819647e-006	-1.71804652e-006	2.26991978e-008	
5.40966011e+001	1.72300998e-006	-1.72286097e-006	2.26596193e-008	
5.41967800e+001	1.72720026e-006	-1.72705209e-006	2.26234220e-008	
5.42969589e+001	1.73102902e-006	-1.73088163e-006	2.25891860e-008	
5.43971377e+001	1.73476456e-006	-1.73461785e-006	2.25610304e-008	
5.44973166e+001	1.73844488e-006	-1.73829880e-006	2.25364760e-008	
5.45974955e+001	1.74212521e-006	-1.74197975e-006	2.25119216e-008	
5.46976744e+001	1.74481683e-006	-1.74467192e-006	2.24867459e-008	
5.47978533e+001	1.74718253e-006	-1.74703815e-006	2.24613653e-008	
5.48980322e+001	1.74954824e-006	-1.74940438e-006	2.24359848e-008	
5.49982111e+001	1.75118398e-006	-1.75104050e-006	2.24167358e-008	
5.50983900e+001	1.75233754e-006	-1.75219434e-006	2.24015369e-008	
5.51985689e+001	1.75349110e-006	-1.75334819e-006	2.23863380e-008	
5.52987478e+001	1.75464465e-006	-1.75450204e-006	2.23711391e-008	
5.53989267e+001	1.75579821e-006	-1.75565588e-006	2.23559402e-008	
5.54991055e+001	1.75780392e-006	-1.75766190e-006	2.23445335e-008	
5.55992844e+001	1.75985142e-006	-1.75970970e-006	2.23333091e-008	
5.56994633e+001	1.76168792e-006	-1.76154647e-006	2.23238060e-008	
5.57996422e+001	1.76179630e-006	-1.76165490e-006	2.23206012e-008	
5.58998211e+001	1.76230534e-006	-1.76216402e-006	2.23176505e-008	
5.60000000e+001	1.76212699e-006	-1.76198566e-006	2.23175347e-008	
