% Column 0: Length, cm
% Column 1: |B.n|, Tesla
% Column 2: Re[B.n], Tesla
% Column 3: Im[B.n], Tesla
0.00000000e+000	8.68487513e-011	-8.65215209e-011	-7.53206686e-012	
1.00178891e-001	1.29238561e-009	-1.28765263e-009	-1.10504594e-010	
2.00357782e-001	2.65325687e-009	-2.64383206e-009	-2.23436972e-010	
3.00536673e-001	3.93016825e-009	-3.91626780e-009	-3.30256011e-010	
4.00715564e-001	5.25264779e-009	-5.23451201e-009	-4.36111131e-010	
5.00894454e-001	6.60650541e-009	-6.58417278e-009	-5.42754510e-010	
6.01073345e-001	7.93589314e-009	-7.90824093e-009	-6.61910385e-010	
7.01252236e-001	9.33995806e-009	-9.30708315e-009	-7.82955738e-010	
8.01431127e-001	1.13173426e-008	-1.12811908e-008	-9.03868930e-010	
9.01610018e-001	1.32948529e-008	-1.32552984e-008	-1.02478212e-009	
1.00178891e+000	1.52724401e-008	-1.52294060e-008	-1.14569531e-009	
1.10196780e+000	1.72199847e-008	-1.71734021e-008	-1.26575440e-009	
1.20214669e+000	1.90590008e-008	-1.90095429e-008	-1.37214812e-009	
1.30232558e+000	2.10276197e-008	-2.09765052e-008	-1.46527103e-009	
1.40250447e+000	2.29963322e-008	-2.29434675e-008	-1.55839393e-009	
1.50268336e+000	2.49651161e-008	-2.49104298e-008	-1.65151684e-009	
1.60286225e+000	2.69339558e-008	-2.68773921e-008	-1.74463975e-009	
1.70304114e+000	2.89396084e-008	-2.88806303e-008	-1.84665237e-009	
1.80322004e+000	3.15647237e-008	-3.15033792e-008	-1.96694807e-009	
1.90339893e+000	3.49691243e-008	-3.49076093e-008	-2.07327524e-009	
2.00357782e+000	3.85035598e-008	-3.84416576e-008	-2.18244658e-009	
2.10375671e+000	4.20382136e-008	-4.19757060e-008	-2.29161793e-009	
2.20393560e+000	4.57302532e-008	-4.56672378e-008	-2.39988598e-009	
2.30411449e+000	4.98438523e-008	-4.97808288e-008	-2.50573319e-009	
2.40429338e+000	5.42261094e-008	-5.41624962e-008	-2.62582177e-009	
2.50447227e+000	5.88465885e-008	-5.87818972e-008	-2.75853978e-009	
2.60465116e+000	6.34671883e-008	-6.34012982e-008	-2.89125779e-009	
2.70483005e+000	6.80878840e-008	-6.80206992e-008	-3.02397579e-009	
2.80500894e+000	7.35689842e-008	-7.35033346e-008	-3.10728906e-009	
2.90518784e+000	7.94441237e-008	-7.93809334e-008	-3.16799774e-009	
3.00536673e+000	8.49954843e-008	-8.49334780e-008	-3.24602317e-009	
3.10554562e+000	9.05163142e-008	-9.04551984e-008	-3.32569070e-009	
3.20572451e+000	9.60373126e-008	-9.59769189e-008	-3.40535824e-009	
3.30590340e+000	1.01854340e-007	-1.01794736e-007	-3.48403351e-009	
3.40608229e+000	1.08375735e-007	-1.08317237e-007	-3.56034730e-009	
3.50626118e+000	1.14897306e-007	-1.14839739e-007	-3.63666109e-009	
3.60644007e+000	1.23278365e-007	-1.23222228e-007	-3.71992601e-009	
3.70661896e+000	1.32914184e-007	-1.32859627e-007	-3.80788078e-009	
3.80679785e+000	1.42550272e-007	-1.42497026e-007	-3.89583554e-009	
3.90697674e+000	1.52186576e-007	-1.52134425e-007	-3.98379031e-009	
4.00715564e+000	1.61451861e-007	-1.61401093e-007	-4.04855256e-009	
4.10733453e+000	1.70458677e-007	-1.70409430e-007	-4.09715399e-009	
4.20751342e+000	1.80636908e-007	-1.80589783e-007	-4.12586807e-009	
4.30769231e+000	1.91639851e-007	-1.91595115e-007	-4.14058350e-009	
4.40787120e+000	2.02643054e-007	-2.02600446e-007	-4.15529894e-009	
4.50805009e+000	2.13646478e-007	-2.13605778e-007	-4.17001438e-009	
4.60822898e+000	2.25455151e-007	-2.25416594e-007	-4.16945562e-009	
4.70840787e+000	2.37722784e-007	-2.37686379e-007	-4.16019356e-009	
4.80858676e+000	2.51675694e-007	-2.51641190e-007	-4.16731060e-009	
4.90876565e+000	2.66232656e-007	-2.66199835e-007	-4.18029715e-009	
5.00894454e+000	2.81687285e-007	-2.81655712e-007	-4.21735199e-009	
5.10912343e+000	2.97530589e-007	-2.97500022e-007	-4.26482655e-009	
5.20930233e+000	3.15978025e-007	-3.15949003e-007	-4.28253141e-009	
5.30948122e+000	3.41306104e-007	-3.41279995e-007	-4.22157943e-009	
5.40966011e+000	3.64528220e-007	-3.64504574e-007	-4.15196048e-009	
5.50983900e+000	3.81718519e-007	-3.81696954e-007	-4.05752168e-009	
5.61001789e+000	4.00902288e-007	-4.00882587e-007	-3.97435910e-009	
5.71019678e+000	4.20813655e-007	-4.20795626e-007	-3.89531161e-009	
5.81037567e+000	4.40725188e-007	-4.40708665e-007	-3.81626412e-009	
5.91055456e+000	4.60636864e-007	-4.60621704e-007	-3.73721662e-009	
6.01073345e+000	4.80548666e-007	-4.80534742e-007	-3.65816913e-009	
6.11091234e+000	5.02036836e-007	-5.02024491e-007	-3.52060568e-009	
6.21109123e+000	5.25049420e-007	-5.25039122e-007	-3.28835680e-009	
6.31127013e+000	5.48231820e-007	-5.48223298e-007	-3.05673418e-009	
6.41144902e+000	5.71414458e-007	-5.71407474e-007	-2.82511156e-009	
6.51162791e+000	5.95048465e-007	-5.95042854e-007	-2.58401110e-009	
6.61180680e+000	6.30437163e-007	-6.30433258e-007	-2.21904761e-009	
6.71198569e+000	6.66235645e-007	-6.66232974e-007	-1.88661546e-009	
6.81216458e+000	7.02034410e-007	-7.02032690e-007	-1.55418331e-009	
6.91234347e+000	7.38704654e-007	-7.38703879e-007	-1.07041417e-009	
7.01252236e+000	7.75417806e-007	-7.75417590e-007	-5.79260791e-010	
7.11270125e+000	8.08962049e-007	-8.08962040e-007	-1.20218187e-010	
7.21288014e+000	8.39456052e-007	-8.39455995e-007	3.07916956e-010	
7.31305903e+000	8.75911463e-007	-8.75910963e-007	9.35979514e-010	
7.41323792e+000	9.14608073e-007	-9.14606604e-007	1.63919237e-009	
7.51341682e+000	9.53305123e-007	-9.53302246e-007	2.34240523e-009	
7.61359571e+000	9.87655705e-007	-9.87651032e-007	3.03829904e-009	
7.71377460e+000	1.01735963e-006	-1.01735281e-006	3.72636842e-009	
7.81395349e+000	1.04706389e-006	-1.04705459e-006	4.41443780e-009	
7.91413238e+000	1.07676846e-006	-1.07675637e-006	5.10250717e-009	
8.01431127e+000	1.12422824e-006	-1.12421159e-006	6.11786499e-009	
8.11449016e+000	1.17321138e-006	-1.17318952e-006	7.16129419e-009	
8.21466905e+000	1.21177481e-006	-1.21174806e-006	8.05066518e-009	
8.31484794e+000	1.25011974e-006	-1.25008780e-006	8.93680090e-009	
8.41502683e+000	1.28890400e-006	-1.28886610e-006	9.88461279e-009	
8.51520572e+000	1.32965700e-006	-1.32961060e-006	1.11089304e-008	
8.61538462e+000	1.36451173e-006	-1.36445752e-006	1.21638827e-008	
8.71556351e+000	1.39776695e-006	-1.39770488e-006	1.31728992e-008	
8.81574240e+000	1.42843859e-006	-1.42837252e-006	1.37392541e-008	
8.91592129e+000	1.45410697e-006	-1.45404477e-006	1.34484360e-008	
9.01610018e+000	1.47977553e-006	-1.47971703e-006	1.31576179e-008	
9.11627907e+000	1.51391787e-006	-1.51385834e-006	1.34260369e-008	
9.21645796e+000	1.56299473e-006	-1.56292658e-006	1.45963775e-008	
9.31663685e+000	1.65359165e-006	-1.65355645e-006	1.07891857e-008	
9.41681574e+000	1.71226531e-006	-1.71225363e-006	6.32660621e-009	
9.51699463e+000	1.79378005e-006	-1.79377799e-006	-2.72238473e-009	
9.61717352e+000	1.90714955e-006	-1.90693461e-006	-2.86319951e-008	
9.71735242e+000	2.14502442e-006	-2.14205985e-006	-1.12735705e-007	
9.81753131e+000	1.98049247e-006	-1.97997992e-006	4.50550121e-008	
9.91771020e+000	4.70909037e-007	-3.04924684e-007	3.58854090e-007	
1.00178891e+001	9.76251082e-008	-4.97673502e-008	8.39873360e-008	
1.01180680e+001	5.25998326e-008	-2.51221302e-008	4.62127792e-008	
1.02182469e+001	2.90107762e-008	-1.87111510e-008	2.21702044e-008	
1.03184258e+001	1.72072036e-008	-1.29475255e-008	1.13335537e-008	
1.04186047e+001	1.28585354e-008	1.13655938e-008	6.01375169e-009	
1.05187835e+001	8.80563680e-010	1.21801393e-010	-8.72099085e-010	
1.06189624e+001	1.56325091e-008	1.34921419e-008	-7.89540677e-009	
1.07191413e+001	1.74435003e-008	1.38890375e-008	-1.05532146e-008	
1.08193202e+001	2.34597572e-008	-1.04781460e-008	-2.09897275e-008	
1.09194991e+001	4.10590318e-008	3.72773406e-008	-1.72117392e-008	
1.10196780e+001	3.64034875e-008	2.78674584e-008	-2.34226101e-008	
1.11198569e+001	4.66192595e-008	3.45637139e-008	-3.12842619e-008	
1.12200358e+001	4.55276356e-008	3.03202276e-008	-3.39624704e-008	
1.13202147e+001	6.04204973e-008	3.77957086e-008	-4.71393775e-008	
1.14203936e+001	8.60735834e-008	7.03982561e-008	-4.95252188e-008	
1.15205725e+001	1.16139532e-007	9.34218357e-008	-6.89981996e-008	
1.16207513e+001	1.12354114e-007	3.45922162e-008	-1.06896331e-007	
1.17209302e+001	1.87363238e-007	9.96399592e-008	-1.58672183e-007	
1.18211091e+001	6.11885739e-007	3.82535402e-007	-4.77567611e-007	
1.19212880e+001	2.43426603e-006	2.41735451e-006	-2.86440669e-007	
1.20214669e+001	2.98118416e-006	2.97026573e-006	2.54912682e-007	
1.21216458e+001	2.33921949e-006	2.33920480e-006	8.29110311e-009	
1.22218247e+001	2.14554416e-006	2.14474178e-006	-5.86724826e-008	
1.23220036e+001	2.10743544e-006	2.10482790e-006	-1.04802836e-007	
1.24221825e+001	2.15901874e-006	2.15453386e-006	-1.39089177e-007	
1.25223614e+001	2.28189686e-006	2.27619520e-006	-1.61210139e-007	
1.26225403e+001	2.41795606e-006	2.41127586e-006	-1.79611335e-007	
1.27227191e+001	2.72508221e-006	2.71908207e-006	-1.80736616e-007	
1.28228980e+001	3.09790754e-006	3.09302542e-006	-1.73853013e-007	
1.29230769e+001	3.30642089e-006	3.30059196e-006	-1.96244223e-007	
1.30232558e+001	3.38537103e-006	3.37862940e-006	-2.13542581e-007	
1.31234347e+001	3.57752795e-006	3.56831921e-006	-2.56523270e-007	
1.32236136e+001	3.70492931e-006	3.69257062e-006	-3.02363014e-007	
1.33237925e+001	3.82702307e-006	3.81093056e-006	-3.50590755e-007	
1.34239714e+001	4.00518170e-006	3.98519085e-006	-3.99667758e-007	
1.35241503e+001	4.51633251e-006	4.49002187e-006	-4.86788400e-007	
1.36243292e+001	5.54485266e-006	5.51597792e-006	-5.65135837e-007	
1.37245081e+001	6.76580044e-006	6.73569406e-006	-6.37558750e-007	
1.38246869e+001	8.19853491e-006	8.16551652e-006	-7.35061048e-007	
1.39248658e+001	1.03422637e-005	1.03077986e-005	-8.43626748e-007	
1.40250447e+001	1.26805399e-005	1.26479742e-005	-9.08207301e-007	
1.41252236e+001	1.54030183e-005	1.53658818e-005	-1.06894814e-006	
1.42254025e+001	1.97080795e-005	1.96791114e-005	-1.06816352e-006	
1.43255814e+001	2.45246515e-005	2.45104011e-005	-8.35922676e-007	
1.44257603e+001	2.96966523e-005	2.96947477e-005	-3.36325676e-007	
1.45259392e+001	3.35220631e-005	3.35220582e-005	1.81081590e-008	
1.46261181e+001	3.50942560e-005	3.50940379e-005	1.23735049e-007	
1.47262970e+001	3.68254762e-005	3.68245991e-005	2.54160810e-007	
1.48264758e+001	3.85570784e-005	3.85551604e-005	3.84586572e-007	
1.49266547e+001	3.95672490e-005	3.95654895e-005	3.73139536e-007	
1.50268336e+001	4.06545650e-005	4.06528991e-005	3.68041853e-007	
1.51270125e+001	4.17346139e-005	4.17329140e-005	3.76680476e-007	
1.52271914e+001	4.23344785e-005	4.23329476e-005	3.60020114e-007	
1.53273703e+001	4.28008577e-005	4.27995385e-005	3.36050763e-007	
1.54275492e+001	4.32277145e-005	4.32265946e-005	3.11161359e-007	
1.55277281e+001	4.39532546e-005	4.39522026e-005	3.04102734e-007	
1.56279070e+001	4.46787981e-005	4.46778106e-005	2.97044109e-007	
1.57280859e+001	4.54043447e-005	4.54034186e-005	2.89985484e-007	
1.58282648e+001	4.63431229e-005	4.63422384e-005	2.86320526e-007	
1.59284436e+001	4.72853547e-005	4.72845096e-005	2.82710505e-007	
1.60286225e+001	4.82566744e-005	4.82558587e-005	2.80579310e-007	
1.61288014e+001	4.92572580e-005	4.92564625e-005	2.79935933e-007	
1.62289803e+001	5.02595289e-005	5.02587545e-005	2.78997118e-007	
1.63291592e+001	5.12397389e-005	5.12389893e-005	2.77165061e-007	
1.64293381e+001	5.21598658e-005	5.21591451e-005	2.74200133e-007	
1.65295170e+001	5.30799939e-005	5.30793009e-005	2.71235205e-007	
1.66296959e+001	5.40001230e-005	5.39994567e-005	2.68270276e-007	
1.67298748e+001	5.50955527e-005	5.50949071e-005	2.66723776e-007	
1.68300537e+001	5.67665968e-005	5.67659555e-005	2.69834831e-007	
1.69302326e+001	5.84376413e-005	5.84370039e-005	2.72945887e-007	
1.70304114e+001	6.01086862e-005	6.01080523e-005	2.76056942e-007	
1.71305903e+001	6.17797315e-005	6.17791007e-005	2.79167997e-007	
1.72307692e+001	6.34236254e-005	6.34229974e-005	2.82243525e-007	
1.73309481e+001	6.53539319e-005	6.53532938e-005	2.88791295e-007	
1.74311270e+001	6.72676583e-005	6.72670139e-005	2.94434175e-007	
1.75313059e+001	6.88967369e-005	6.88960998e-005	2.96284043e-007	
1.76314848e+001	7.05258158e-005	7.05251856e-005	2.98133910e-007	
1.77316637e+001	7.21548951e-005	7.21542715e-005	2.99983777e-007	
1.78318426e+001	7.37839747e-005	7.37833573e-005	3.01833644e-007	
1.79320215e+001	7.62464952e-005	7.62458480e-005	3.14142966e-007	
1.80322004e+001	7.89425497e-005	7.89418625e-005	3.29383074e-007	
1.81323792e+001	8.16712867e-005	8.16705937e-005	3.36440256e-007	
1.82325581e+001	8.44011981e-005	8.44005003e-005	3.43203444e-007	
1.83327370e+001	8.75522653e-005	8.75515301e-005	3.58807002e-007	
1.84329159e+001	9.06537538e-005	9.06530173e-005	3.65423247e-007	
1.85330948e+001	9.34670119e-005	9.34663758e-005	3.44820912e-007	
1.86332737e+001	9.62802802e-005	9.62797343e-005	3.24218577e-007	
1.87334526e+001	9.93123454e-005	9.93118582e-005	3.11064185e-007	
1.88336315e+001	1.03054708e-004	1.03054276e-004	2.98373912e-007	
1.89338104e+001	1.06244882e-004	1.06244581e-004	2.52811356e-007	
1.90339893e+001	1.09435083e-004	1.09434887e-004	2.07248800e-007	
1.91341682e+001	1.12625309e-004	1.12625192e-004	1.61686244e-007	
1.92343470e+001	1.15815556e-004	1.15815498e-004	1.16123688e-007	
1.93345259e+001	1.19226808e-004	1.19226807e-004	-1.45286431e-008	
1.94347048e+001	1.19160866e-004	1.19160701e-004	-1.98011705e-007	
1.95348837e+001	1.19095206e-004	1.19094595e-004	-3.81494767e-007	
1.96350626e+001	1.19029829e-004	1.19028489e-004	-5.64977829e-007	
1.97352415e+001	1.18964737e-004	1.18962382e-004	-7.48460890e-007	
1.98354204e+001	1.18899929e-004	1.18896276e-004	-9.31943952e-007	
1.99355993e+001	1.15579199e-004	1.15573500e-004	-1.14782947e-006	
2.00357782e+001	1.12377004e-004	1.12369250e-004	-1.32011787e-006	
2.01359571e+001	1.09175202e-004	1.09165001e-004	-1.49240628e-006	
2.02361360e+001	1.05783718e-004	1.05770716e-004	-1.65849289e-006	
2.03363148e+001	1.01760536e-004	1.01744748e-004	-1.79242899e-006	
2.04364937e+001	9.81761953e-005	9.81582503e-005	-1.87702477e-006	
2.05366726e+001	9.45920942e-005	9.45717523e-005	-1.96162055e-006	
2.06368515e+001	9.09589404e-005	9.09359560e-005	-2.04468887e-006	
2.07370304e+001	8.06583657e-005	8.06354805e-005	-1.92125948e-006	
2.08372093e+001	7.04085017e-005	7.03858379e-005	-1.78631837e-006	
2.09373882e+001	6.06473104e-005	6.06277534e-005	-1.54005793e-006	
2.10375671e+001	5.08861192e-005	5.08696689e-005	-1.29379749e-006	
2.11377460e+001	4.28240079e-005	4.28092411e-005	-1.12451508e-006	
2.12379249e+001	3.38380088e-005	3.38257608e-005	-9.10358127e-007	
2.13381038e+001	2.42648620e-005	2.42556640e-005	-6.68049215e-007	
2.14382826e+001	1.44152999e-005	1.44095242e-005	-4.08024786e-007	
2.15384615e+001	4.41474598e-006	4.41257850e-006	-1.38322148e-007	
2.16386404e+001	3.82116096e-006	-3.82066256e-006	6.17145002e-008	
2.17388193e+001	1.17202489e-005	-1.17176149e-005	2.48467809e-007	
2.18389982e+001	2.02417637e-005	-2.02363423e-005	4.68454394e-007	
2.19391771e+001	2.93327074e-005	-2.93238979e-005	7.18844304e-007	
2.20393560e+001	3.99828337e-005	-3.99704954e-005	9.93220620e-007	
2.21395349e+001	5.10484848e-005	-5.10325852e-005	1.27398943e-006	
2.22397138e+001	6.11239975e-005	-6.11057388e-005	1.49390800e-006	
2.23398927e+001	7.03188355e-005	-7.02989462e-005	1.67235923e-006	
2.24400716e+001	7.90769263e-005	-7.90560471e-005	1.81705172e-006	
2.25402504e+001	8.61590769e-005	-8.61395937e-005	1.83219537e-006	
2.26404293e+001	9.32414421e-005	-9.32231402e-005	1.84733902e-006	
2.27406082e+001	9.92626955e-005	-9.92450516e-005	1.87148135e-006	
2.28407871e+001	1.04792599e-004	-1.04776166e-004	1.85572403e-006	
2.29409660e+001	1.10245995e-004	-1.10232926e-004	1.69747738e-006	
2.30411449e+001	1.16067936e-004	-1.16058491e-004	1.48067151e-006	
2.31413238e+001	1.21890608e-004	-1.21884055e-004	1.26386563e-006	
2.32415027e+001	1.27292832e-004	-1.27288542e-004	1.04507585e-006	
2.33416816e+001	1.24699787e-004	-1.24697293e-004	7.88614369e-007	
2.34418605e+001	1.22107204e-004	-1.22106044e-004	5.32152883e-007	
2.35420394e+001	1.19515113e-004	-1.19514795e-004	2.75691397e-007	
2.36422182e+001	1.18752261e-004	-1.18752242e-004	6.64797654e-008	
2.37423971e+001	1.18267305e-004	-1.18267279e-004	-7.85217622e-008	
2.38425760e+001	1.16777229e-004	-1.16777159e-004	-1.27145258e-007	
2.39427549e+001	1.15214368e-004	-1.15214234e-004	-1.75551352e-007	
2.40429338e+001	1.12749490e-004	-1.12749273e-004	-2.21263917e-007	
2.41431127e+001	1.10284635e-004	-1.10284312e-004	-2.66976483e-007	
2.42432916e+001	1.07819804e-004	-1.07819351e-004	-3.12689049e-007	
2.43434705e+001	1.05522910e-004	-1.05522300e-004	-3.58761722e-007	
2.44436494e+001	1.04130949e-004	-1.04130154e-004	-4.06775077e-007	
2.45438283e+001	1.01137266e-004	-1.01136365e-004	-4.26843626e-007	
2.46440072e+001	9.72202682e-005	-9.72193137e-005	-4.30803478e-007	
2.47441860e+001	9.33032753e-005	-9.33022623e-005	-4.34763330e-007	
2.48443649e+001	8.95409658e-005	-8.95398906e-005	-4.38811920e-007	
2.49445438e+001	8.70218009e-005	-8.70207197e-005	-4.33789653e-007	
2.50447227e+001	8.44879150e-005	-8.44868288e-005	-4.28425061e-007	
2.51449016e+001	8.19540298e-005	-8.19529379e-005	-4.23060469e-007	
2.52450805e+001	7.94443631e-005	-7.94432636e-005	-4.17978414e-007	
2.53452594e+001	7.73835163e-005	-7.73823867e-005	-4.18132520e-007	
2.54454383e+001	7.53352354e-005	-7.53340763e-005	-4.17902949e-007	
2.55456172e+001	7.34167804e-005	-7.34156147e-005	-4.13708852e-007	
2.56457961e+001	7.14983260e-005	-7.14971532e-005	-4.09514754e-007	
2.57459750e+001	6.95798722e-005	-6.95786917e-005	-4.05320657e-007	
2.58461538e+001	6.78424323e-005	-6.78412323e-005	-4.03509318e-007	
2.59463327e+001	6.62992388e-005	-6.62980102e-005	-4.03622598e-007	
2.60465116e+001	6.50183604e-005	-6.50170947e-005	-4.05696786e-007	
2.61466905e+001	6.37976003e-005	-6.37962916e-005	-4.08635352e-007	
2.62468694e+001	6.25768420e-005	-6.25754885e-005	-4.11573919e-007	
2.63470483e+001	6.12641956e-005	-6.12628094e-005	-4.12128370e-007	
2.64472272e+001	5.98046569e-005	-5.98032592e-005	-4.08871626e-007	
2.65474061e+001	5.83451190e-005	-5.83437090e-005	-4.05614881e-007	
2.66475850e+001	5.68524082e-005	-5.68509734e-005	-4.03908320e-007	
2.67477639e+001	5.54148931e-005	-5.54134556e-005	-3.99131101e-007	
2.68479428e+001	5.38441158e-005	-5.38427110e-005	-3.88944164e-007	
2.69481216e+001	5.22733386e-005	-5.22719664e-005	-3.78757228e-007	
2.70483005e+001	5.07025615e-005	-5.07012218e-005	-3.68570291e-007	
2.71484794e+001	4.90296618e-005	-4.90284645e-005	-3.42640884e-007	
2.72486583e+001	4.73504245e-005	-4.73493719e-005	-3.15733814e-007	
2.73488372e+001	4.56711925e-005	-4.56702792e-005	-2.88826744e-007	
2.74490161e+001	4.39868681e-005	-4.39860882e-005	-2.61932796e-007	
2.75491950e+001	4.20591020e-005	-4.20584418e-005	-2.35665434e-007	
2.76493739e+001	3.93405449e-005	-3.93401556e-005	-1.75010553e-007	
2.77495528e+001	3.55595784e-005	-3.55595131e-005	-6.81503000e-008	
2.78497317e+001	3.18851316e-005	-3.18851240e-005	2.20574269e-008	
2.79499106e+001	2.83244603e-005	-2.83243027e-005	9.44662837e-008	
2.80500894e+001	2.40163965e-005	-2.40157339e-005	1.78394217e-007	
2.81502683e+001	1.99936350e-005	-1.99920574e-005	2.51158650e-007	
2.82504472e+001	1.78770337e-005	-1.78748922e-005	2.76699437e-007	
2.83506261e+001	1.57606253e-005	-1.57577270e-005	3.02240223e-007	
2.84508050e+001	1.30548342e-005	-1.30503781e-005	3.41067026e-007	
2.85509839e+001	1.10293258e-005	-1.10240408e-005	3.41397315e-007	
2.86511628e+001	9.39153037e-006	-9.38510308e-006	3.47394384e-007	
2.87513417e+001	7.75422224e-006	-7.74616531e-006	3.53391453e-007	
2.88515206e+001	6.30661395e-006	-6.29677745e-006	3.52098411e-007	
2.89516995e+001	5.63193982e-006	-5.62278540e-006	3.20983560e-007	
2.90518784e+001	4.91615184e-006	-4.90714355e-006	2.97474534e-007	
2.91520572e+001	4.11708050e-006	-4.10689546e-006	2.89415769e-007	
2.92522361e+001	3.31859588e-006	-3.30664738e-006	2.81357003e-007	
2.93524150e+001	3.10915620e-006	-3.09743579e-006	2.69710618e-007	
2.94525939e+001	2.97991758e-006	-2.96871285e-006	2.58172052e-007	
2.95527728e+001	2.83377873e-006	-2.82279307e-006	2.49281350e-007	
2.96529517e+001	2.68764548e-006	-2.67687328e-006	2.40390647e-007	
2.97531306e+001	2.66938308e-006	-2.65969348e-006	2.27236915e-007	
2.98533095e+001	2.69084647e-006	-2.68188034e-006	2.19482446e-007	
2.99534884e+001	2.68491606e-006	-2.67648078e-006	2.12661386e-007	
3.00536673e+001	2.58135478e-006	-2.57307732e-006	2.06556586e-007	
3.01538462e+001	2.47779537e-006	-2.46967386e-006	2.00451786e-007	
3.02540250e+001	2.37423806e-006	-2.36627040e-006	1.94346986e-007	
3.03542039e+001	2.30243207e-006	-2.29470214e-006	1.88508729e-007	
3.04543828e+001	2.26524491e-006	-2.25784405e-006	1.82961085e-007	
3.05545617e+001	2.22806062e-006	-2.22098596e-006	1.77413442e-007	
3.06547406e+001	2.25351707e-006	-2.24697785e-006	1.71550928e-007	
3.07549195e+001	2.30390280e-006	-2.29794624e-006	1.65563284e-007	
3.08550984e+001	2.35501868e-006	-2.34960271e-006	1.59624704e-007	
3.09552773e+001	2.40858918e-006	-2.40367002e-006	1.53858028e-007	
3.10554562e+001	2.40081427e-006	-2.39613603e-006	1.49804235e-007	
3.11556351e+001	2.38779428e-006	-2.38333287e-006	1.45896957e-007	
3.12558140e+001	2.37477835e-006	-2.37052972e-006	1.41989678e-007	
3.13559928e+001	2.36176656e-006	-2.35772656e-006	1.38082399e-007	
3.14561717e+001	2.34875898e-006	-2.34492341e-006	1.34175120e-007	
3.15563506e+001	2.34977233e-006	-2.34616989e-006	1.30064798e-007	
3.16565295e+001	2.34018923e-006	-2.33678360e-006	1.26206213e-007	
3.17567084e+001	2.32586804e-006	-2.32264339e-006	1.22432810e-007	
3.18568873e+001	2.31155078e-006	-2.30850318e-006	1.18659408e-007	
3.19570662e+001	2.29723752e-006	-2.29436297e-006	1.14886006e-007	
3.20572451e+001	2.28482296e-006	-2.28211809e-006	1.11143802e-007	
3.21574240e+001	2.28388095e-006	-2.28134533e-006	1.07590432e-007	
3.22576029e+001	2.26900342e-006	-2.26658624e-006	1.04706068e-007	
3.23577818e+001	2.25391727e-006	-2.25161572e-006	1.01831816e-007	
3.24579606e+001	2.23883326e-006	-2.23664520e-006	9.89575648e-008	
3.25581395e+001	2.22375143e-006	-2.22167469e-006	9.60833135e-008	
3.26583184e+001	2.20924412e-006	-2.20727928e-006	9.31545679e-008	
3.27584973e+001	2.18616986e-006	-2.18431107e-006	9.01323235e-008	
3.28586762e+001	2.16309757e-006	-2.16134286e-006	8.71100791e-008	
3.29588551e+001	2.14002731e-006	-2.13837465e-006	8.40878347e-008	
3.30590340e+001	2.12482310e-006	-2.12325537e-006	8.16078735e-008	
3.31592129e+001	2.11852602e-006	-2.11702304e-006	7.97868895e-008	
3.32593918e+001	2.11040642e-006	-2.10896773e-006	7.79127399e-008	
3.33595707e+001	2.10228800e-006	-2.10091241e-006	7.60385903e-008	
3.34597496e+001	2.09265116e-006	-2.09134200e-006	7.40102555e-008	
3.35599284e+001	2.07809425e-006	-2.07686445e-006	7.14825409e-008	
3.36601073e+001	2.05954622e-006	-2.05838792e-006	6.90638681e-008	
3.37602862e+001	2.03260280e-006	-2.03150239e-006	6.68744865e-008	
3.38604651e+001	2.00662688e-006	-2.00558269e-006	6.47264534e-008	
3.39606440e+001	1.98810634e-006	-1.98711115e-006	6.28972877e-008	
3.40608229e+001	1.97488688e-006	-1.97394037e-006	6.11360240e-008	
3.41610018e+001	1.96233000e-006	-1.96143128e-006	5.93832366e-008	
3.42611807e+001	1.94006391e-006	-1.93921068e-006	5.75319260e-008	
3.43613596e+001	1.91701923e-006	-1.91620999e-006	5.56958552e-008	
3.44615385e+001	1.90220308e-006	-1.90142909e-006	5.42583591e-008	
3.45617174e+001	1.88738746e-006	-1.88664819e-006	5.28208630e-008	
3.46618962e+001	1.87529361e-006	-1.87458743e-006	5.14594949e-008	
3.47620751e+001	1.86415822e-006	-1.86348427e-006	5.01223573e-008	
3.48622540e+001	1.85598484e-006	-1.85534503e-006	4.87291386e-008	
3.49624329e+001	1.84781221e-006	-1.84720580e-006	4.73359200e-008	
3.50626118e+001	1.82987178e-006	-1.82929901e-006	4.57805126e-008	
3.51627907e+001	1.80820208e-006	-1.80766173e-006	4.42021447e-008	
3.52629696e+001	1.78790343e-006	-1.78739245e-006	4.27424141e-008	
3.53631485e+001	1.76938314e-006	-1.76889788e-006	4.14365939e-008	
3.54633274e+001	1.75086328e-006	-1.75040331e-006	4.01307736e-008	
3.55635063e+001	1.73166311e-006	-1.73122601e-006	3.89053092e-008	
3.56636852e+001	1.72079372e-006	-1.72037696e-006	3.78700654e-008	
3.57638640e+001	1.71258120e-006	-1.71218478e-006	3.68464218e-008	
3.58640429e+001	1.70176471e-006	-1.70138943e-006	3.57367972e-008	
3.59642218e+001	1.69094867e-006	-1.69059409e-006	3.46271726e-008	
3.60644007e+001	1.67996631e-006	-1.67963175e-006	3.35258730e-008	
3.61645796e+001	1.66579447e-006	-1.66547576e-006	3.25837902e-008	
3.62647585e+001	1.65504864e-006	-1.65474361e-006	3.17738908e-008	
3.63649374e+001	1.64547609e-006	-1.64518388e-006	3.10092546e-008	
3.64651163e+001	1.63590375e-006	-1.63562415e-006	3.02446184e-008	
3.65652952e+001	1.62633162e-006	-1.62606441e-006	2.94799822e-008	
3.66654741e+001	1.61675971e-006	-1.61650468e-006	2.87153459e-008	
3.67656530e+001	1.60656928e-006	-1.60632630e-006	2.79405058e-008	
3.68658318e+001	1.60286811e-006	-1.60263448e-006	2.73662160e-008	
3.69660107e+001	1.59896675e-006	-1.59874213e-006	2.68008026e-008	
3.70661896e+001	1.59506555e-006	-1.59484978e-006	2.62353893e-008	
3.71663685e+001	1.59116450e-006	-1.59095742e-006	2.56699760e-008	
3.72665474e+001	1.58726362e-006	-1.58706507e-006	2.51045626e-008	
3.73667263e+001	1.58243349e-006	-1.58224332e-006	2.45322730e-008	
3.74669052e+001	1.57214240e-006	-1.57196043e-006	2.39195786e-008	
3.75670841e+001	1.56185145e-006	-1.56167754e-006	2.33068843e-008	
3.76672630e+001	1.55156062e-006	-1.55139464e-006	2.26941899e-008	
3.77674419e+001	1.54137164e-006	-1.54121356e-006	2.20748451e-008	
3.78676208e+001	1.54534892e-006	-1.54519664e-006	2.16939219e-008	
3.79677996e+001	1.54889807e-006	-1.54875105e-006	2.13400700e-008	
3.80679785e+001	1.55244732e-006	-1.55230547e-006	2.09862181e-008	
3.81681574e+001	1.55599668e-006	-1.55585988e-006	2.06323662e-008	
3.82683363e+001	1.55953543e-006	-1.55940361e-006	2.02759750e-008	
3.83685152e+001	1.56301942e-006	-1.56289265e-006	1.99065799e-008	
3.84686941e+001	1.56650352e-006	-1.56638168e-006	1.95371848e-008	
3.85688730e+001	1.56545093e-006	-1.56533360e-006	1.91657469e-008	
3.86690519e+001	1.55858357e-006	-1.55847029e-006	1.87916907e-008	
3.87692308e+001	1.55171628e-006	-1.55160697e-006	1.84176346e-008	
3.88694097e+001	1.54484903e-006	-1.54474366e-006	1.80435784e-008	
3.89695886e+001	1.54357277e-006	-1.54347065e-006	1.77552215e-008	
3.90697674e+001	1.55392861e-006	-1.55382854e-006	1.76352473e-008	
3.91699463e+001	1.56428450e-006	-1.56418643e-006	1.75152732e-008	
3.92701252e+001	1.57464042e-006	-1.57454433e-006	1.73952990e-008	
3.93703041e+001	1.58499637e-006	-1.58490222e-006	1.72753248e-008	
3.94704830e+001	1.59535236e-006	-1.59526011e-006	1.71553506e-008	
3.95706619e+001	1.60330522e-006	-1.60321466e-006	1.70407602e-008	
3.96708408e+001	1.61096920e-006	-1.61088060e-006	1.68957406e-008	
3.97710197e+001	1.61863321e-006	-1.61854653e-006	1.67507210e-008	
3.98711986e+001	1.62566830e-006	-1.62558312e-006	1.66418009e-008	
3.99713775e+001	1.63238492e-006	-1.63230101e-006	1.65511611e-008	
4.00715564e+001	1.63112677e-006	-1.63104338e-006	1.64932734e-008	
4.01717352e+001	1.62090823e-006	-1.62082453e-006	1.64721858e-008	
4.02719141e+001	1.62723013e-006	-1.62714833e-006	1.63163141e-008	
4.03720930e+001	1.63857394e-006	-1.63849465e-006	1.61195205e-008	
4.04722719e+001	1.64646198e-006	-1.64638344e-006	1.60817796e-008	
4.05724508e+001	1.65182689e-006	-1.65174784e-006	1.61601648e-008	
4.06726297e+001	1.65604342e-006	-1.65596440e-006	1.61782996e-008	
4.07728086e+001	1.65414420e-006	-1.65406802e-006	1.58755659e-008	
4.08729875e+001	1.65224503e-006	-1.65217164e-006	1.55728321e-008	
4.09731664e+001	1.64457433e-006	-1.64450080e-006	1.55516617e-008	
4.10733453e+001	1.61287064e-006	-1.61279263e-006	1.58628078e-008	
4.11735242e+001	1.59160332e-006	-1.59152783e-006	1.55016685e-008	
4.12737030e+001	1.52392460e-006	-1.52381029e-006	1.86654494e-008	
4.13738819e+001	1.43209422e-006	-1.43191178e-006	2.28583534e-008	
4.14740608e+001	1.31531069e-006	-1.31494986e-006	3.08067714e-008	
4.15742397e+001	1.15365167e-006	-1.15275275e-006	4.55332544e-008	
4.16744186e+001	1.00132738e-006	-9.99983734e-007	5.18560154e-008	
4.17745975e+001	8.01024141e-007	-7.98840632e-007	5.91043008e-008	
4.18747764e+001	6.44017217e-007	-6.41711321e-007	5.44495791e-008	
4.19749553e+001	5.15966597e-007	-5.13561025e-007	4.97654812e-008	
4.20751342e+001	4.13024935e-007	-4.10637904e-007	4.43408292e-008	
4.21753131e+001	3.16766038e-007	-3.14655445e-007	3.65058008e-008	
4.22754919e+001	2.75610597e-007	-2.73731488e-007	3.21290160e-008	
4.23756708e+001	2.31372670e-007	-2.29680273e-007	2.79335760e-008	
4.24758497e+001	1.95049187e-007	-1.93578755e-007	2.39050380e-008	
4.25760286e+001	1.75054308e-007	-1.73864949e-007	2.03713070e-008	
4.26762075e+001	1.52558374e-007	-1.51548898e-007	1.75210967e-008	
4.27763864e+001	1.41982043e-007	-1.41207138e-007	1.48136599e-008	
4.28765653e+001	1.32271816e-007	-1.31672445e-007	1.25777824e-008	
4.29767442e+001	1.25212453e-007	-1.24709055e-007	1.12165003e-008	
4.30769231e+001	1.19418525e-007	-1.18971015e-007	1.03286923e-008	
4.31771020e+001	1.14873171e-007	-1.14437234e-007	9.99824800e-009	
4.32772809e+001	1.04879666e-007	-1.04466467e-007	9.30062431e-009	
4.33774597e+001	9.45591444e-008	-9.41536803e-008	8.74735737e-009	
4.34776386e+001	8.52840262e-008	-8.48930704e-008	8.15669887e-009	
4.35778175e+001	8.18666990e-008	-8.15685399e-008	6.98066643e-009	
4.36779964e+001	8.04977061e-008	-8.02997889e-008	5.64132826e-009	
4.37781753e+001	8.13261562e-008	-8.12209949e-008	4.13444828e-009	
4.38783542e+001	9.03056523e-008	-9.02946279e-008	1.41103235e-009	
4.39785331e+001	1.17980653e-007	-1.17712064e-007	-7.95641493e-009	
4.40787120e+001	9.70020226e-008	-9.61600866e-008	1.27526526e-008	
4.41788909e+001	2.30895171e-008	-1.36265001e-008	1.86398576e-008	
4.42790698e+001	6.72962472e-009	-2.89636535e-009	6.07444784e-009	
4.43792487e+001	4.39750716e-009	-3.21003434e-009	3.00561952e-009	
4.44794275e+001	2.57053676e-009	-8.86472827e-010	2.41284586e-009	
4.45796064e+001	2.40436512e-009	-1.94442340e-009	1.41428048e-009	
4.46797853e+001	1.42308030e-009	-1.22195671e-009	7.29369144e-010	
4.47799642e+001	5.60039322e-010	-1.97938306e-010	5.23893567e-010	
4.48801431e+001	1.40546005e-010	-1.26257159e-010	6.17438998e-011	
4.49803220e+001	6.14344079e-010	2.19210524e-010	-5.73903645e-010	
4.50805009e+001	7.06825712e-010	-8.17966096e-011	-7.02076849e-010	
4.51806798e+001	2.15612773e-009	1.98559241e-009	-8.40422241e-010	
4.52808587e+001	1.89483564e-009	1.11074795e-009	-1.53513553e-009	
4.53810376e+001	3.16653441e-009	2.46877211e-009	-1.98295346e-009	
4.54812165e+001	3.67772702e-009	1.73259061e-009	-3.24404159e-009	
4.55813953e+001	5.63750738e-009	3.94576178e-009	-4.02646910e-009	
4.56815742e+001	7.67177067e-009	5.90925049e-009	-4.89252735e-009	
4.57817531e+001	9.95308440e-009	4.94378527e-009	-8.63845335e-009	
4.58819320e+001	1.65162453e-008	1.01922271e-008	-1.29963405e-008	
4.59821109e+001	2.55354733e-008	1.16487495e-008	-2.27237108e-008	
4.60822898e+001	1.07877854e-007	6.91021074e-008	-8.28403900e-008	
4.61824687e+001	4.49223646e-007	4.48970423e-007	-1.50812419e-008	
4.62826476e+001	4.95330297e-007	4.94852294e-007	2.17557037e-008	
4.63828265e+001	4.57573731e-007	4.57493354e-007	8.57618172e-009	
4.64830054e+001	4.30196876e-007	4.30195615e-007	1.04144798e-009	
4.65831843e+001	4.13447582e-007	4.13441512e-007	-2.24051467e-009	
4.66833631e+001	4.03890541e-007	4.03876418e-007	-3.37753490e-009	
4.67835420e+001	3.97820051e-007	3.97802104e-007	-3.77877403e-009	
4.68837209e+001	3.91750091e-007	3.91727790e-007	-4.18001317e-009	
4.69838998e+001	3.90544846e-007	3.90520256e-007	-4.38251460e-009	
4.70840787e+001	3.80071735e-007	3.80048560e-007	-4.19703539e-009	
4.71842576e+001	3.69598636e-007	3.69576865e-007	-4.01155618e-009	
4.72844365e+001	3.59125551e-007	3.59105169e-007	-3.82607698e-009	
4.73846154e+001	3.48652482e-007	3.48633474e-007	-3.64059777e-009	
4.74847943e+001	3.42142052e-007	3.42124290e-007	-3.48623899e-009	
4.75849732e+001	3.37161180e-007	3.37144623e-007	-3.34124858e-009	
4.76851521e+001	3.27394732e-007	3.27380162e-007	-3.08873019e-009	
4.77853309e+001	3.17628363e-007	3.17615700e-007	-2.83621180e-009	
4.78855098e+001	3.07862081e-007	3.07851239e-007	-2.58369341e-009	
4.79856887e+001	2.99205164e-007	2.99195802e-007	-2.36692548e-009	
4.80858676e+001	2.90779191e-007	2.90771083e-007	-2.17146702e-009	
4.81860465e+001	2.82353279e-007	2.82346365e-007	-1.97600855e-009	
4.82862254e+001	2.73927433e-007	2.73921646e-007	-1.78055008e-009	
4.83864043e+001	2.65501659e-007	2.65496927e-007	-1.58509161e-009	
4.84865832e+001	2.57296951e-007	2.57292956e-007	-1.43380815e-009	
4.85867621e+001	2.48879146e-007	2.48875850e-007	-1.28100625e-009	
4.86869410e+001	2.40461389e-007	2.40458743e-007	-1.12820434e-009	
4.87871199e+001	2.32043686e-007	2.32041636e-007	-9.75402442e-010	
4.88872987e+001	2.23299014e-007	2.23297402e-007	-8.48405056e-010	
4.89874776e+001	2.16345904e-007	2.16344663e-007	-7.32744006e-010	
4.90876565e+001	2.09884253e-007	2.09883340e-007	-6.19047372e-010	
4.91878354e+001	2.03112729e-007	2.03112098e-007	-5.06183764e-010	
4.92880143e+001	1.94824159e-007	1.94823754e-007	-3.97397968e-010	
4.93881932e+001	1.86543468e-007	1.86543219e-007	-3.04846506e-010	
4.94883721e+001	1.78269130e-007	1.78268988e-007	-2.25397047e-010	
4.95885510e+001	1.69994819e-007	1.69994756e-007	-1.45947588e-010	
4.96887299e+001	1.63347733e-007	1.63347707e-007	-9.27581379e-011	
4.97889088e+001	1.56974404e-007	1.56974398e-007	-4.39863958e-011	
4.98890877e+001	1.51379928e-007	1.51379928e-007	6.79450574e-012	
4.99892665e+001	1.46441364e-007	1.46441352e-007	5.92674068e-011	
5.00894454e+001	1.41502820e-007	1.41502776e-007	1.11740308e-010	
5.01896243e+001	1.36564299e-007	1.36564201e-007	1.64213209e-010	
5.02898032e+001	1.31478591e-007	1.31478417e-007	2.13509329e-010	
5.03899821e+001	1.25851659e-007	1.25851408e-007	2.51125668e-010	
5.04901610e+001	1.20224746e-007	1.20224399e-007	2.88742006e-010	
5.05903399e+001	1.14788750e-007	1.14788289e-007	3.25178053e-010	
5.06905188e+001	1.09576786e-007	1.09576194e-007	3.60229062e-010	
5.07906977e+001	1.04364847e-007	1.04364098e-007	3.95280070e-010	
5.08908766e+001	9.99864852e-008	9.99856344e-008	4.12482225e-010	
5.09910555e+001	9.57387654e-008	9.57378137e-008	4.26887192e-010	
5.10912343e+001	9.14910573e-008	9.14899930e-008	4.41292158e-010	
5.11914132e+001	8.72433625e-008	8.72421724e-008	4.55697124e-010	
5.12915921e+001	8.31222839e-008	8.31209475e-008	4.71358098e-010	
5.13917710e+001	7.97365598e-008	7.97351110e-008	4.80670092e-010	
5.14919499e+001	7.62915794e-008	7.62900059e-008	4.89986192e-010	
5.15921288e+001	7.28466120e-008	7.28449009e-008	4.99302291e-010	
5.16923077e+001	6.94016595e-008	6.93997958e-008	5.08618390e-010	
5.17924866e+001	6.60441610e-008	6.60421570e-008	5.14487111e-010	
5.18926655e+001	6.29115380e-008	6.29094587e-008	5.11490083e-010	
5.19928444e+001	5.97789231e-008	5.97767603e-008	5.08493055e-010	
5.20930233e+001	5.67342483e-008	5.67319926e-008	5.05912479e-010	
5.21932021e+001	5.39029953e-008	5.39006372e-008	5.04198384e-010	
5.22933810e+001	5.15569700e-008	5.15545644e-008	4.98033834e-010	
5.23935599e+001	4.92109499e-008	4.92084917e-008	4.91869285e-010	
5.24937388e+001	4.68649359e-008	4.68624189e-008	4.85704735e-010	
5.25939177e+001	4.45189289e-008	4.45163462e-008	4.79540185e-010	
5.26940966e+001	4.21856179e-008	4.21829538e-008	4.74100551e-010	
5.27942755e+001	4.02530930e-008	4.02503580e-008	4.69228320e-010	
5.28944544e+001	3.83796566e-008	3.83769000e-008	4.59983533e-010	
5.29946333e+001	3.65062247e-008	3.65034420e-008	4.50738746e-010	
5.30948122e+001	3.46327981e-008	3.46299840e-008	4.41493959e-010	
5.31949911e+001	3.27593778e-008	3.27565260e-008	4.32249172e-010	
5.32951699e+001	3.09454233e-008	3.09425385e-008	4.22529080e-010	
5.33953488e+001	2.93240039e-008	2.93211199e-008	4.11258135e-010	
5.34955277e+001	2.78781122e-008	2.78752723e-008	3.97912138e-010	
5.35957066e+001	2.64322224e-008	2.64294247e-008	3.84566141e-010	
5.36958855e+001	2.49863349e-008	2.49835771e-008	3.71220144e-010	
5.37960644e+001	2.35404500e-008	2.35377295e-008	3.57874148e-010	
5.38962433e+001	2.21417577e-008	2.21390638e-008	3.45381145e-010	
5.39964222e+001	2.08743775e-008	2.08716850e-008	3.35261658e-010	
5.40966011e+001	1.94711172e-008	1.94684667e-008	3.21263395e-010	
5.41967800e+001	1.79466769e-008	1.79441052e-008	3.03806000e-010	
5.42969589e+001	1.64222404e-008	1.64197437e-008	2.86348604e-010	
5.43971377e+001	1.49819039e-008	1.49794888e-008	2.68996513e-010	
5.44973166e+001	1.37627701e-008	1.37604643e-008	2.51921408e-010	
5.45974955e+001	1.27703085e-008	1.27681602e-008	2.34232408e-010	
5.46976744e+001	1.17929991e-008	1.17910116e-008	2.16502371e-010	
5.47978533e+001	1.08360324e-008	1.08341742e-008	2.00669922e-010	
5.48980322e+001	9.88942830e-009	9.88768269e-009	1.85804053e-010	
5.49982111e+001	8.96091600e-009	8.95931659e-009	1.69298106e-010	
5.50983900e+001	8.04101228e-009	8.03957529e-009	1.52011743e-010	
5.51985689e+001	7.12110856e-009	7.11983400e-009	1.34725380e-010	
5.52987478e+001	6.20265268e-009	6.20153479e-009	1.17756232e-010	
5.53989267e+001	5.29493785e-009	5.29393321e-009	1.03140244e-010	
5.54991055e+001	4.17712026e-009	4.17629812e-009	8.28718771e-011	
5.55992844e+001	3.19926025e-009	3.19861896e-009	6.40536349e-011	
5.56994633e+001	2.27655682e-009	2.27609785e-009	4.57112448e-011	
5.57996422e+001	1.45656307e-009	1.45627562e-009	2.89363496e-011	
5.58998211e+001	7.96593943e-010	7.96438710e-010	1.57254631e-011	
5.60000000e+001	6.79200918e-011	6.79115004e-011	1.08027301e-012	
