% Column 0: Length, cm
% Column 1: |B.t|, Tesla
% Column 2: Re[B.t], Tesla
% Column 3: Im[B.t], Tesla
0.00000000e+000	1.72986155e-006	-1.72978700e-006	1.60594152e-008	
1.00178891e-001	1.72957651e-006	-1.72950195e-006	1.60595884e-008	
2.00357782e-001	1.72874009e-006	-1.72866549e-006	1.60600961e-008	
3.00536673e-001	1.72736095e-006	-1.72728629e-006	1.60609130e-008	
4.00715564e-001	1.72580529e-006	-1.72573054e-006	1.60618296e-008	
5.00894454e-001	1.72354702e-006	-1.72347216e-006	1.60629733e-008	
6.01073345e-001	1.72070073e-006	-1.72062574e-006	1.60643072e-008	
7.01252236e-001	1.71785445e-006	-1.71777932e-006	1.60656411e-008	
8.01431127e-001	1.71500816e-006	-1.71493290e-006	1.60669750e-008	
9.01610018e-001	1.71174956e-006	-1.71167415e-006	1.60682395e-008	
1.00178891e+000	1.70661341e-006	-1.70653776e-006	1.60691880e-008	
1.10196780e+000	1.70147726e-006	-1.70140137e-006	1.60701365e-008	
1.20214669e+000	1.69634112e-006	-1.69626499e-006	1.60710851e-008	
1.30232558e+000	1.69120497e-006	-1.69112860e-006	1.60720336e-008	
1.40250447e+000	1.68606883e-006	-1.68599221e-006	1.60729821e-008	
1.50268336e+000	1.68093268e-006	-1.68085583e-006	1.60739306e-008	
1.60286225e+000	1.67579654e-006	-1.67571944e-006	1.60748791e-008	
1.70304114e+000	1.67066040e-006	-1.67058306e-006	1.60758277e-008	
1.80322004e+000	1.66379528e-006	-1.66371762e-006	1.60751826e-008	
1.90339893e+000	1.65482881e-006	-1.65475075e-006	1.60726007e-008	
2.00357782e+000	1.64586234e-006	-1.64578388e-006	1.60700189e-008	
2.10375671e+000	1.63689587e-006	-1.63681701e-006	1.60674370e-008	
2.20393560e+000	1.62753561e-006	-1.62745633e-006	1.60641410e-008	
2.30411449e+000	1.61404546e-006	-1.61396562e-006	1.60533548e-008	
2.40429338e+000	1.60055532e-006	-1.60047492e-006	1.60425687e-008	
2.50447227e+000	1.58706518e-006	-1.58698421e-006	1.60317826e-008	
2.60465116e+000	1.57357506e-006	-1.57349350e-006	1.60209965e-008	
2.70483005e+000	1.56241164e-006	-1.56232961e-006	1.60100754e-008	
2.80500894e+000	1.55214092e-006	-1.55205846e-006	1.59991026e-008	
2.90518784e+000	1.54187021e-006	-1.54178732e-006	1.59881298e-008	
3.00536673e+000	1.53159951e-006	-1.53151617e-006	1.59771571e-008	
3.10554562e+000	1.52033107e-006	-1.52024728e-006	1.59621673e-008	
3.20572451e+000	1.50727641e-006	-1.50719212e-006	1.59399860e-008	
3.30590340e+000	1.49422175e-006	-1.49413697e-006	1.59178048e-008	
3.40608229e+000	1.48116711e-006	-1.48108181e-006	1.58956235e-008	
3.50626118e+000	1.46811247e-006	-1.46802665e-006	1.58734422e-008	
3.60644007e+000	1.44299719e-006	-1.44291052e-006	1.58145041e-008	
3.70661896e+000	1.41780973e-006	-1.41772219e-006	1.57553459e-008	
3.80679785e+000	1.39262231e-006	-1.39253385e-006	1.56961877e-008	
3.90697674e+000	1.36743492e-006	-1.36734551e-006	1.56370294e-008	
4.00715564e+000	1.34520130e-006	-1.34511107e-006	1.55798307e-008	
4.10733453e+000	1.32470448e-006	-1.32461352e-006	1.55237839e-008	
4.20751342e+000	1.30420769e-006	-1.30411596e-006	1.54677371e-008	
4.30769231e+000	1.28371092e-006	-1.28361840e-006	1.54116904e-008	
4.40787120e+000	1.26440637e-006	-1.26431314e-006	1.53543650e-008	
4.50805009e+000	1.24840213e-006	-1.24830845e-006	1.52934999e-008	
4.60822898e+000	1.23239789e-006	-1.23230375e-006	1.52326348e-008	
4.70840787e+000	1.21639368e-006	-1.21629906e-006	1.51717697e-008	
4.80858676e+000	1.20038948e-006	-1.20029436e-006	1.51109046e-008	
4.90876565e+000	1.17103338e-006	-1.17093743e-006	1.49906601e-008	
5.00894454e+000	1.14021100e-006	-1.14011411e-006	1.48638942e-008	
5.10912343e+000	1.10938869e-006	-1.10929080e-006	1.47371284e-008	
5.20930233e+000	1.07856644e-006	-1.07846748e-006	1.46103625e-008	
5.30948122e+000	1.04743774e-006	-1.04733778e-006	1.44699245e-008	
5.40966011e+000	1.01604442e-006	-1.01594354e-006	1.43176841e-008	
5.50983900e+000	9.84651188e-007	-9.84549289e-007	1.41654437e-008	
5.61001789e+000	9.53258046e-007	-9.53155041e-007	1.40132033e-008	
5.71019678e+000	9.23709376e-007	-9.23605270e-007	1.38678476e-008	
5.81037567e+000	9.03016599e-007	-9.02911824e-007	1.37555496e-008	
5.91055456e+000	8.82323866e-007	-8.82218378e-007	1.36432515e-008	
6.01073345e+000	8.61631183e-007	-8.61524932e-007	1.35309535e-008	
6.11091234e+000	8.40938553e-007	-8.40831487e-007	1.34186554e-008	
6.21109123e+000	8.20994513e-007	-8.20886785e-007	1.32995071e-008	
6.31127013e+000	8.01228352e-007	-8.01119962e-007	1.31787313e-008	
6.41144902e+000	7.81462243e-007	-7.81353138e-007	1.30579555e-008	
6.51162791e+000	7.61696190e-007	-7.61586315e-007	1.29371797e-008	
6.61180680e+000	7.37844794e-007	-7.37733929e-007	1.27902050e-008	
6.71198569e+000	7.08871466e-007	-7.08759292e-007	1.26103836e-008	
6.81216458e+000	6.79898298e-007	-6.79784655e-007	1.24305621e-008	
6.91234347e+000	6.50925311e-007	-6.50810018e-007	1.22507406e-008	
7.01252236e+000	6.22465406e-007	-6.22348295e-007	1.20740374e-008	
7.11270125e+000	5.99954620e-007	-5.99835925e-007	1.19335043e-008	
7.21288014e+000	5.77443990e-007	-5.77323556e-007	1.17929711e-008	
7.31305903e+000	5.54933538e-007	-5.54811186e-007	1.16524380e-008	
7.41323792e+000	5.32423285e-007	-5.32298817e-007	1.15119048e-008	
7.51341682e+000	5.16325642e-007	-5.16199128e-007	1.14293223e-008	
7.61359571e+000	5.02783753e-007	-5.02655180e-007	1.13698358e-008	
7.71377460e+000	4.89241986e-007	-4.89111231e-007	1.13103493e-008	
7.81395349e+000	4.75700349e-007	-4.75567283e-007	1.12508628e-008	
7.91413238e+000	4.63103581e-007	-4.62967595e-007	1.12219590e-008	
8.01431127e+000	4.52256183e-007	-4.52116246e-007	1.12496794e-008	
8.11449016e+000	4.41408982e-007	-4.41264898e-007	1.12773997e-008	
8.21466905e+000	4.30561992e-007	-4.30413549e-007	1.13051200e-008	
8.31484794e+000	4.19715228e-007	-4.19562200e-007	1.13328404e-008	
8.41502683e+000	4.16483959e-007	-4.16323730e-007	1.15516195e-008	
8.51520572e+000	4.13358231e-007	-4.13190541e-007	1.17730412e-008	
8.61538462e+000	4.10232737e-007	-4.10057351e-007	1.19944629e-008	
8.71556351e+000	4.07107481e-007	-4.06924162e-007	1.22158846e-008	
8.81574240e+000	4.07089199e-007	-4.06899281e-007	1.24334707e-008	
8.91592129e+000	4.08958772e-007	-4.08763118e-007	1.26487243e-008	
9.01610018e+000	4.10828405e-007	-4.10626955e-007	1.28639780e-008	
9.11627907e+000	4.12698098e-007	-4.12490792e-007	1.30792317e-008	
9.21645796e+000	4.17543904e-007	-4.17330175e-007	1.33580260e-008	
9.31663685e+000	4.30962665e-007	-4.30741024e-007	1.38198577e-008	
9.41681574e+000	4.44381427e-007	-4.44151873e-007	1.42816894e-008	
9.51699463e+000	4.57800192e-007	-4.57562722e-007	1.47435210e-008	
9.61717352e+000	4.71218959e-007	-4.70973571e-007	1.52053527e-008	
9.71735242e+000	4.99403381e-007	-4.99144885e-007	1.60661464e-008	
9.81753131e+000	5.29350495e-007	-5.29078265e-007	1.69745667e-008	
9.91771020e+000	5.59297614e-007	-5.59011645e-007	1.78829871e-008	
1.00178891e+001	5.89244737e-007	-5.88945025e-007	1.87914074e-008	
1.01180680e+001	6.33977219e-007	-6.33661588e-007	2.00026563e-008	
1.02182469e+001	6.91873242e-007	-6.91539617e-007	2.14835139e-008	
1.03184258e+001	7.49769412e-007	-7.49417646e-007	2.29643715e-008	
1.04186047e+001	8.07665696e-007	-8.07295675e-007	2.44452292e-008	
1.05187835e+001	8.71099891e-007	-8.70711011e-007	2.60260712e-008	
1.06189624e+001	9.62625386e-007	-9.62214753e-007	2.81140966e-008	
1.07191413e+001	1.05415124e-006	-1.05371850e-006	3.02021220e-008	
1.08193202e+001	1.14567737e-006	-1.14522224e-006	3.22901473e-008	
1.09194991e+001	1.23720371e-006	-1.23672598e-006	3.43781727e-008	
1.10196780e+001	1.31472519e-006	-1.31423057e-006	3.60601950e-008	
1.11198569e+001	1.38875298e-006	-1.38824278e-006	3.76409329e-008	
1.12200358e+001	1.46278090e-006	-1.46225498e-006	3.92216708e-008	
1.13202147e+001	1.53680894e-006	-1.53626719e-006	4.08024086e-008	
1.14203936e+001	1.61802835e-006	-1.61747185e-006	4.24332283e-008	
1.15205725e+001	1.70855004e-006	-1.70798006e-006	4.41288295e-008	
1.16207513e+001	1.79907197e-006	-1.79848828e-006	4.58244308e-008	
1.17209302e+001	1.88959411e-006	-1.88899649e-006	4.75200320e-008	
1.18211091e+001	1.99068012e-006	-1.99006803e-006	4.93617889e-008	
1.19212880e+001	2.22857721e-006	-2.22794460e-006	5.30963586e-008	
1.20214669e+001	2.46647600e-006	-2.46582118e-006	5.68309284e-008	
1.21216458e+001	2.70437604e-006	-2.70369776e-006	6.05654981e-008	
1.22218247e+001	2.94227703e-006	-2.94157434e-006	6.43000679e-008	
1.23220036e+001	3.24797638e-006	-3.24725733e-006	6.83403143e-008	
1.24221825e+001	3.58173018e-006	-3.58099620e-006	7.25070441e-008	
1.25223614e+001	3.91548587e-006	-3.91473508e-006	7.66737740e-008	
1.26225403e+001	4.24924301e-006	-4.24847395e-006	8.08405038e-008	
1.27227191e+001	4.58300127e-006	-4.58221283e-006	8.50072337e-008	
1.28228980e+001	4.91676044e-006	-4.91595171e-006	8.91739635e-008	
1.29230769e+001	5.25052033e-006	-5.24969058e-006	9.33406934e-008	
1.30232558e+001	5.58428081e-006	-5.58342946e-006	9.75074233e-008	
1.31234347e+001	5.91804180e-006	-5.91716833e-006	1.01674153e-007	
1.32236136e+001	6.37989519e-006	-6.37901937e-006	1.05710092e-007	
1.33237925e+001	6.84454117e-006	-6.84366132e-006	1.09743167e-007	
1.34239714e+001	7.30918887e-006	-7.30830328e-006	1.13776242e-007	
1.35241503e+001	7.77383797e-006	-7.77294524e-006	1.17809316e-007	
1.36243292e+001	8.23848824e-006	-8.23758720e-006	1.21842391e-007	
1.37245081e+001	8.70313949e-006	-8.70222916e-006	1.25875466e-007	
1.38246869e+001	9.16779157e-006	-9.16687112e-006	1.29908541e-007	
1.39248658e+001	9.63244437e-006	-9.63151308e-006	1.33941615e-007	
1.40250447e+001	1.01938210e-005	-1.01928840e-005	1.38209419e-007	
1.41252236e+001	1.10453629e-005	-1.10444348e-005	1.43181384e-007	
1.42254025e+001	1.18969081e-005	-1.18959856e-005	1.48153349e-007	
1.43255814e+001	1.27484560e-005	-1.27475364e-005	1.53125314e-007	
1.44257603e+001	1.36000062e-005	-1.35990872e-005	1.58097280e-007	
1.45259392e+001	1.48006855e-005	-1.47997872e-005	1.63063517e-007	
1.46261181e+001	1.60464409e-005	-1.60455611e-005	1.68029016e-007	
1.47262970e+001	1.72922004e-005	-1.72913350e-005	1.72994515e-007	
1.48264758e+001	1.85379632e-005	-1.85371090e-005	1.77960014e-007	
1.49266547e+001	1.98343755e-005	-1.98335396e-005	1.82097108e-007	
1.50268336e+001	2.11772954e-005	-2.11764831e-005	1.85473589e-007	
1.51270125e+001	2.25202185e-005	-2.25194267e-005	1.88850071e-007	
1.52271914e+001	2.38631445e-005	-2.38623702e-005	1.92226552e-007	
1.53273703e+001	2.52371648e-005	-2.52364095e-005	1.95256947e-007	
1.54275492e+001	2.67781517e-005	-2.67774312e-005	1.96428984e-007	
1.55277281e+001	2.83191423e-005	-2.83184529e-005	1.97601020e-007	
1.56279070e+001	2.98601363e-005	-2.98594747e-005	1.98773057e-007	
1.57280859e+001	3.14011330e-005	-3.14004964e-005	1.99945094e-007	
1.58282648e+001	3.35988595e-005	-3.35982663e-005	1.99660680e-007	
1.59284436e+001	3.59683796e-005	-3.59678291e-005	1.98995292e-007	
1.60286225e+001	3.83379050e-005	-3.83373920e-005	1.98329904e-007	
1.61288014e+001	4.07074348e-005	-4.07069549e-005	1.97664516e-007	
1.62289803e+001	4.31719090e-005	-4.31714619e-005	1.96475732e-007	
1.63291592e+001	4.57631124e-005	-4.57626987e-005	1.94588382e-007	
1.64293381e+001	4.83543195e-005	-4.83539355e-005	1.92701032e-007	
1.65295170e+001	5.09455297e-005	-5.09451724e-005	1.90813681e-007	
1.66296959e+001	5.35287449e-005	-5.35284115e-005	1.88920615e-007	
1.67298748e+001	5.59950015e-005	-5.59946895e-005	1.86944000e-007	
1.68300537e+001	5.84612600e-005	-5.84609674e-005	1.84967385e-007	
1.69302326e+001	6.09275202e-005	-6.09272454e-005	1.82990769e-007	
1.70304114e+001	6.33937818e-005	-6.33935233e-005	1.81014154e-007	
1.71305903e+001	6.52738753e-005	-6.52736279e-005	1.79724964e-007	
1.72307692e+001	6.69023248e-005	-6.69020860e-005	1.78730884e-007	
1.73309481e+001	6.85307747e-005	-6.85305442e-005	1.77736805e-007	
1.74311270e+001	7.01592250e-005	-7.01590024e-005	1.76742725e-007	
1.75313059e+001	7.21415137e-005	-7.21412985e-005	1.76217807e-007	
1.76314848e+001	7.48251963e-005	-7.48249879e-005	1.76622884e-007	
1.77316637e+001	7.75088793e-005	-7.75086772e-005	1.77027960e-007	
1.78318426e+001	8.01925628e-005	-8.01923665e-005	1.77433037e-007	
1.79320215e+001	8.28762466e-005	-8.28760558e-005	1.77838113e-007	
1.80322004e+001	8.65028707e-005	-8.65026803e-005	1.81514540e-007	
1.81323792e+001	9.01576811e-005	-9.01574907e-005	1.85288753e-007	
1.82325581e+001	9.38124917e-005	-9.38123012e-005	1.89062965e-007	
1.83327370e+001	9.74673024e-005	-9.74671116e-005	1.92837177e-007	
1.84329159e+001	1.00332034e-004	-1.00331838e-004	1.98590112e-007	
1.85330948e+001	1.02684475e-004	-1.02684269e-004	2.05626097e-007	
1.86332737e+001	1.05036916e-004	-1.05036700e-004	2.12662081e-007	
1.87334526e+001	1.07389357e-004	-1.07389132e-004	2.19698065e-007	
1.88336315e+001	1.09741797e-004	-1.09741563e-004	2.26734050e-007	
1.89338104e+001	1.12094238e-004	-1.12093995e-004	2.33770034e-007	
1.90339893e+001	1.14446679e-004	-1.14446426e-004	2.40806018e-007	
1.91341682e+001	1.16799120e-004	-1.16798857e-004	2.47842002e-007	
1.92343470e+001	1.19151561e-004	-1.19151289e-004	2.54877987e-007	
1.93345259e+001	1.21950252e-004	-1.21949958e-004	2.68127524e-007	
1.94347048e+001	1.24810965e-004	-1.24810646e-004	2.82240637e-007	
1.95348837e+001	1.27671678e-004	-1.27671334e-004	2.96353750e-007	
1.96350626e+001	1.30532391e-004	-1.30532022e-004	3.10466863e-007	
1.97352415e+001	1.33083130e-004	-1.33082733e-004	3.24715437e-007	
1.98354204e+001	1.35340353e-004	-1.35339928e-004	3.39092244e-007	
1.99355993e+001	1.37597577e-004	-1.37597123e-004	3.53469052e-007	
2.00357782e+001	1.39854802e-004	-1.39854318e-004	3.67845860e-007	
2.01359571e+001	1.42035178e-004	-1.42034664e-004	3.82075141e-007	
2.02361360e+001	1.43777686e-004	-1.43777142e-004	3.95463812e-007	
2.03363148e+001	1.45520195e-004	-1.45519620e-004	4.08852484e-007	
2.04364937e+001	1.47262704e-004	-1.47262099e-004	4.22241155e-007	
2.05366726e+001	1.49005214e-004	-1.49004577e-004	4.35629826e-007	
2.06368515e+001	1.50151222e-004	-1.50150562e-004	4.45016396e-007	
2.07370304e+001	1.51133825e-004	-1.51133146e-004	4.53306627e-007	
2.08372093e+001	1.52116429e-004	-1.52115729e-004	4.61596857e-007	
2.09373882e+001	1.53099033e-004	-1.53098312e-004	4.69887087e-007	
2.10375671e+001	1.53864930e-004	-1.53864193e-004	4.76282475e-007	
2.11377460e+001	1.54332345e-004	-1.54331599e-004	4.80067984e-007	
2.12379249e+001	1.54799761e-004	-1.54799004e-004	4.83853493e-007	
2.13381038e+001	1.55267176e-004	-1.55266410e-004	4.87639002e-007	
2.14382826e+001	1.55707284e-004	-1.55706509e-004	4.91138136e-007	
2.15384615e+001	1.55689618e-004	-1.55688848e-004	4.89836526e-007	
2.16386404e+001	1.55671952e-004	-1.55671186e-004	4.88534915e-007	
2.17388193e+001	1.55654287e-004	-1.55653524e-004	4.87233305e-007	
2.18389982e+001	1.55636621e-004	-1.55635862e-004	4.85931695e-007	
2.19391771e+001	1.55122082e-004	-1.55121340e-004	4.79870115e-007	
2.20393560e+001	1.54386354e-004	-1.54385634e-004	4.71689581e-007	
2.21395349e+001	1.53650627e-004	-1.53649928e-004	4.63509048e-007	
2.22397138e+001	1.52914900e-004	-1.52914222e-004	4.55328514e-007	
2.23398927e+001	1.51946686e-004	-1.51946033e-004	4.45325937e-007	
2.24400716e+001	1.50501348e-004	-1.50500729e-004	4.31584060e-007	
2.25402504e+001	1.49056011e-004	-1.49055425e-004	4.17842184e-007	
2.26404293e+001	1.47610674e-004	-1.47610121e-004	4.04100307e-007	
2.27406082e+001	1.46165338e-004	-1.46164817e-004	3.90358430e-007	
2.28407871e+001	1.44561783e-004	-1.44561290e-004	3.77451801e-007	
2.29409660e+001	1.42952202e-004	-1.42951737e-004	3.64577035e-007	
2.30411449e+001	1.41342621e-004	-1.41342184e-004	3.51702270e-007	
2.31413238e+001	1.39733041e-004	-1.39732630e-004	3.38827505e-007	
2.32415027e+001	1.38123462e-004	-1.38123077e-004	3.25952740e-007	
2.33416816e+001	1.36513883e-004	-1.36513524e-004	3.13077974e-007	
2.34418605e+001	1.34904305e-004	-1.34903971e-004	3.00203209e-007	
2.35420394e+001	1.33294727e-004	-1.33294418e-004	2.87328444e-007	
2.36422182e+001	1.31412301e-004	-1.31412016e-004	2.73723217e-007	
2.37423971e+001	1.28639829e-004	-1.28639571e-004	2.57735287e-007	
2.38425760e+001	1.25867357e-004	-1.25867125e-004	2.41747357e-007	
2.39427549e+001	1.23094887e-004	-1.23094680e-004	2.25759428e-007	
2.40429338e+001	1.20322417e-004	-1.20322234e-004	2.09771498e-007	
2.41431127e+001	1.17195290e-004	-1.17195128e-004	1.95000188e-007	
2.42432916e+001	1.14015296e-004	-1.14015153e-004	1.80410178e-007	
2.43434705e+001	1.10835303e-004	-1.10835179e-004	1.65820169e-007	
2.44436494e+001	1.07655311e-004	-1.07655205e-004	1.51230159e-007	
2.45438283e+001	1.04667106e-004	-1.04667013e-004	1.40025006e-007	
2.46440072e+001	1.01866172e-004	-1.01866087e-004	1.32125059e-007	
2.47441860e+001	9.90652383e-005	-9.90651604e-005	1.24225112e-007	
2.48443649e+001	9.62643045e-005	-9.62642342e-005	1.16325166e-007	
2.49445438e+001	9.34715290e-005	-9.34714654e-005	1.09028762e-007	
2.50447227e+001	9.07282159e-005	-9.07281547e-005	1.05390646e-007	
2.51449016e+001	8.79849027e-005	-8.79848439e-005	1.01752531e-007	
2.52450805e+001	8.52415896e-005	-8.52415331e-005	9.81144155e-008	
2.53452594e+001	8.24982765e-005	-8.24982224e-005	9.44763001e-008	
2.54454383e+001	7.97198567e-005	-7.97198029e-005	9.26678640e-008	
2.55456172e+001	7.69313715e-005	-7.69313172e-005	9.13836995e-008	
2.56457961e+001	7.41428864e-005	-7.41428316e-005	9.00995349e-008	
2.57459750e+001	7.13544013e-005	-7.13543460e-005	8.88153704e-008	
2.58461538e+001	6.89193042e-005	-6.89192476e-005	8.83263490e-008	
2.59463327e+001	6.69866012e-005	-6.69865421e-005	8.89677068e-008	
2.60465116e+001	6.50538984e-005	-6.50538366e-005	8.96090647e-008	
2.61466905e+001	6.31211957e-005	-6.31211312e-005	9.02504225e-008	
2.62468694e+001	6.12074227e-005	-6.12073552e-005	9.09427280e-008	
2.63470483e+001	5.96641500e-005	-5.96640781e-005	9.26322119e-008	
2.64472272e+001	5.81208776e-005	-5.81208011e-005	9.43216957e-008	
2.65474061e+001	5.65776055e-005	-5.65775241e-005	9.60111795e-008	
2.66475850e+001	5.50343338e-005	-5.50342470e-005	9.77006633e-008	
2.67477639e+001	5.30669255e-005	-5.30668310e-005	1.00108664e-007	
2.68479428e+001	5.09038266e-005	-5.09037227e-005	1.02848185e-007	
2.69481216e+001	4.87407287e-005	-4.87406144e-005	1.05587705e-007	
2.70483005e+001	4.65776320e-005	-4.65775060e-005	1.08327225e-007	
2.71484794e+001	4.45158601e-005	-4.45157216e-005	1.11045955e-007	
2.72486583e+001	4.26694649e-005	-4.26693134e-005	1.13720479e-007	
2.73488372e+001	4.08230711e-005	-4.08229052e-005	1.16395003e-007	
2.74490161e+001	3.89766788e-005	-3.89764969e-005	1.19069527e-007	
2.75491950e+001	3.71302883e-005	-3.71300887e-005	1.21744051e-007	
2.76493739e+001	3.54086823e-005	-3.54084645e-005	1.24183405e-007	
2.77495528e+001	3.36928743e-005	-3.36926364e-005	1.26611834e-007	
2.78497317e+001	3.19851507e-005	-3.19848909e-005	1.28913061e-007	
2.79499106e+001	3.05030792e-005	-3.05027989e-005	1.30784990e-007	
2.80500894e+001	2.90951202e-005	-2.90948190e-005	1.32401724e-007	
2.81502683e+001	2.79986169e-005	-2.79982985e-005	1.33520113e-007	
2.82504472e+001	2.70505739e-005	-2.70502401e-005	1.34385754e-007	
2.83506261e+001	2.59385370e-005	-2.59381843e-005	1.35263779e-007	
2.84508050e+001	2.47702920e-005	-2.47699186e-005	1.36004816e-007	
2.85509839e+001	2.37100194e-005	-2.37096271e-005	1.36401268e-007	
2.86511628e+001	2.26497486e-005	-2.26493355e-005	1.36797720e-007	
2.87513417e+001	2.15956371e-005	-2.15952036e-005	1.36831666e-007	
2.88515206e+001	2.05425115e-005	-2.05420560e-005	1.36807689e-007	
2.89516995e+001	1.96641115e-005	-1.96636387e-005	1.36363215e-007	
2.90518784e+001	1.88679119e-005	-1.88674237e-005	1.35720911e-007	
2.91520572e+001	1.80717136e-005	-1.80712088e-005	1.35078606e-007	
2.92522361e+001	1.72755169e-005	-1.72749938e-005	1.34436302e-007	
2.93524150e+001	1.65547173e-005	-1.65541775e-005	1.33690142e-007	
2.94525939e+001	1.59973239e-005	-1.59967733e-005	1.32718895e-007	
2.95527728e+001	1.54399312e-005	-1.54393691e-005	1.31747649e-007	
2.96529517e+001	1.48825395e-005	-1.48819649e-005	1.30776402e-007	
2.97531306e+001	1.43251488e-005	-1.43245607e-005	1.29805155e-007	
2.98533095e+001	1.39526908e-005	-1.39520986e-005	1.28549431e-007	
2.99534884e+001	1.35896827e-005	-1.35890867e-005	1.27279174e-007	
3.00536673e+001	1.32266750e-005	-1.32260747e-005	1.26008917e-007	
3.01538462e+001	1.28636676e-005	-1.28630628e-005	1.24738660e-007	
3.02540250e+001	1.24961499e-005	-1.24955439e-005	1.23070571e-007	
3.03542039e+001	1.21254603e-005	-1.21248553e-005	1.21122646e-007	
3.04543828e+001	1.17547709e-005	-1.17541668e-005	1.19174720e-007	
3.05545617e+001	1.13840818e-005	-1.13834783e-005	1.17226794e-007	
3.06547406e+001	1.10378365e-005	-1.10372344e-005	1.15285094e-007	
3.07549195e+001	1.07768987e-005	-1.07763024e-005	1.13365128e-007	
3.08550984e+001	1.05159609e-005	-1.05153704e-005	1.11445162e-007	
3.09552773e+001	1.02550233e-005	-1.02544384e-005	1.09525197e-007	
3.10554562e+001	9.99408568e-006	-9.99350638e-006	1.07605231e-007	
3.11556351e+001	9.73314817e-006	-9.73257437e-006	1.05685266e-007	
3.12558140e+001	9.47221074e-006	-9.47164236e-006	1.03765300e-007	
3.13559928e+001	9.21127340e-006	-9.21071036e-006	1.01845334e-007	
3.14561717e+001	8.95033617e-006	-8.94977835e-006	9.99253687e-008	
3.15563506e+001	8.73503945e-006	-8.73448877e-006	9.80820240e-008	
3.16565295e+001	8.56648197e-006	-8.56594048e-006	9.63171463e-008	
3.17567084e+001	8.39792449e-006	-8.39739220e-006	9.45522687e-008	
3.18568873e+001	8.22936702e-006	-8.22884391e-006	9.27873910e-008	
3.19570662e+001	8.06080955e-006	-8.06029562e-006	9.10225134e-008	
3.20572451e+001	7.89225208e-006	-7.89174733e-006	8.92576357e-008	
3.21574240e+001	7.72369461e-006	-7.72319905e-006	8.74927581e-008	
3.22576029e+001	7.55513715e-006	-7.55465076e-006	8.57278804e-008	
3.23577818e+001	7.38657969e-006	-7.38610247e-006	8.39630028e-008	
3.24579606e+001	7.24538427e-006	-7.24491751e-006	8.22404221e-008	
3.25581395e+001	7.11257629e-006	-7.11212038e-006	8.05308078e-008	
3.26583184e+001	6.97976832e-006	-6.97932325e-006	7.88211935e-008	
3.27584973e+001	6.84696036e-006	-6.84652612e-006	7.71115793e-008	
3.28586762e+001	6.71415240e-006	-6.71372899e-006	7.54019650e-008	
3.29588551e+001	6.58134444e-006	-6.58093186e-006	7.36923507e-008	
3.30590340e+001	6.44853650e-006	-6.44813473e-006	7.19827365e-008	
3.31592129e+001	6.31572856e-006	-6.31533760e-006	7.02731222e-008	
3.32593918e+001	6.18346984e-006	-6.18308966e-006	6.85674998e-008	
3.33595707e+001	6.06561427e-006	-6.06524459e-006	6.69665416e-008	
3.34597496e+001	5.94775872e-006	-5.94739952e-006	6.53655833e-008	
3.35599284e+001	5.82990318e-006	-5.82955445e-006	6.37646251e-008	
3.36601073e+001	5.71204765e-006	-5.71170938e-006	6.21636669e-008	
3.37602862e+001	5.61236068e-006	-5.61203105e-006	6.08266728e-008	
3.38604651e+001	5.52152660e-006	-5.52120473e-006	5.96182992e-008	
3.39606440e+001	5.43069253e-006	-5.43037840e-006	5.84099257e-008	
3.40608229e+001	5.33985847e-006	-5.33955208e-006	5.72015522e-008	
3.41610018e+001	5.25250782e-006	-5.25220872e-006	5.60527177e-008	
3.42611807e+001	5.17298243e-006	-5.17268963e-006	5.50376335e-008	
3.43613596e+001	5.09345704e-006	-5.09317054e-006	5.40225493e-008	
3.44615385e+001	5.01393166e-006	-5.01365145e-006	5.30074651e-008	
3.45617174e+001	4.93440629e-006	-4.93413236e-006	5.19923809e-008	
3.46618962e+001	4.84536381e-006	-4.84509600e-006	5.09440417e-008	
3.47620751e+001	4.75575364e-006	-4.75549191e-006	4.98937194e-008	
3.48622540e+001	4.66614347e-006	-4.66588783e-006	4.88433972e-008	
3.49624329e+001	4.57653330e-006	-4.57628374e-006	4.77930749e-008	
3.50626118e+001	4.50484912e-006	-4.50460432e-006	4.69621469e-008	
3.51627907e+001	4.44617973e-006	-4.44593875e-006	4.62905054e-008	
3.52629696e+001	4.38751035e-006	-4.38727318e-006	4.56188640e-008	
3.53631485e+001	4.32884097e-006	-4.32860761e-006	4.49472226e-008	
3.54633274e+001	4.26952365e-006	-4.26929396e-006	4.42865278e-008	
3.55635063e+001	4.20784105e-006	-4.20761448e-006	4.36657936e-008	
3.56636852e+001	4.14615846e-006	-4.14593500e-006	4.30450594e-008	
3.57638640e+001	4.08447586e-006	-4.08425553e-006	4.24243252e-008	
3.58640429e+001	4.02279326e-006	-4.02257605e-006	4.18035910e-008	
3.59642218e+001	3.94609687e-006	-3.94588297e-006	4.10871330e-008	
3.60644007e+001	3.86676549e-006	-3.86655491e-006	4.03538754e-008	
3.61645796e+001	3.78743410e-006	-3.78722686e-006	3.96206178e-008	
3.62647585e+001	3.70810272e-006	-3.70789880e-006	3.88873601e-008	
3.63649374e+001	3.62965666e-006	-3.62945558e-006	3.82058517e-008	
3.64651163e+001	3.55214548e-006	-3.55194669e-006	3.75789938e-008	
3.65652952e+001	3.47463430e-006	-3.47443781e-006	3.69521358e-008	
3.66654741e+001	3.39712314e-006	-3.39692892e-006	3.63252779e-008	
3.67656530e+001	3.31960686e-006	-3.31941483e-006	3.57058709e-008	
3.68658318e+001	3.24205363e-006	-3.24186319e-006	3.51400733e-008	
3.69660107e+001	3.16450043e-006	-3.16431155e-006	3.45742757e-008	
3.70661896e+001	3.08694725e-006	-3.08675991e-006	3.40084781e-008	
3.71663685e+001	3.00939409e-006	-3.00920827e-006	3.34426805e-008	
3.72665474e+001	2.93329631e-006	-2.93311152e-006	3.29246566e-008	
3.73667263e+001	2.85766392e-006	-2.85747999e-006	3.24219104e-008	
3.74669052e+001	2.78203158e-006	-2.78184846e-006	3.19191642e-008	
3.75670841e+001	2.70639928e-006	-2.70621693e-006	3.14164180e-008	
3.76672630e+001	2.63340257e-006	-2.63322078e-006	3.09424644e-008	
3.77674419e+001	2.56447046e-006	-2.56428892e-006	3.05129153e-008	
3.78676208e+001	2.49553840e-006	-2.49535707e-006	3.00833661e-008	
3.79677996e+001	2.42660642e-006	-2.42642522e-006	2.96538170e-008	
3.80679785e+001	2.35801862e-006	-2.35783749e-006	2.92265494e-008	
3.81681574e+001	2.30094575e-006	-2.30076455e-006	2.88756196e-008	
3.82683363e+001	2.24387293e-006	-2.24369162e-006	2.85246899e-008	
3.83685152e+001	2.18680018e-006	-2.18661869e-006	2.81737602e-008	
3.84686941e+001	2.12972750e-006	-2.12954575e-006	2.78228304e-008	
3.85688730e+001	2.07385666e-006	-2.07367481e-006	2.74630566e-008	
3.86690519e+001	2.01859231e-006	-2.01841040e-006	2.70988219e-008	
3.87692308e+001	1.96332803e-006	-1.96314600e-006	2.67345871e-008	
3.88694097e+001	1.90806382e-006	-1.90788159e-006	2.63703524e-008	
3.89695886e+001	1.85279970e-006	-1.85261718e-006	2.60061176e-008	
3.90697674e+001	1.79753567e-006	-1.79735277e-006	2.56418829e-008	
3.91699463e+001	1.74227174e-006	-1.74208836e-006	2.52776481e-008	
3.92701252e+001	1.68700792e-006	-1.68682395e-006	2.49134134e-008	
3.93703041e+001	1.63174422e-006	-1.63155954e-006	2.45491786e-008	
3.94704830e+001	1.55906737e-006	-1.55888291e-006	2.39816795e-008	
3.95706619e+001	1.48520038e-006	-1.48501602e-006	2.34002853e-008	
3.96708408e+001	1.41133362e-006	-1.41114913e-006	2.28188911e-008	
3.97710197e+001	1.33746712e-006	-1.33728224e-006	2.22374969e-008	
3.98711986e+001	1.26916783e-006	-1.26898327e-006	2.16436041e-008	
3.99713775e+001	1.20503952e-006	-1.20485582e-006	2.10403452e-008	
4.00715564e+001	1.14091142e-006	-1.14072836e-006	2.04370863e-008	
4.01717352e+001	1.07678359e-006	-1.07660091e-006	1.98338274e-008	
4.02719141e+001	1.01453952e-006	-1.01435733e-006	1.92257358e-008	
4.03720930e+001	9.59495717e-007	-9.59315434e-007	1.85991658e-008	
4.04722719e+001	9.04452121e-007	-9.04273534e-007	1.79725958e-008	
4.05724508e+001	8.49408767e-007	-8.49231634e-007	1.73460257e-008	
4.06726297e+001	7.94365706e-007	-7.94189734e-007	1.67194557e-008	
4.07728086e+001	7.58318905e-007	-7.58144165e-007	1.62784163e-008	
4.08729875e+001	7.25809920e-007	-7.25636357e-007	1.58719295e-008	
4.09731664e+001	6.93301063e-007	-6.93128548e-007	1.54654428e-008	
4.10733453e+001	6.60792353e-007	-6.60620740e-007	1.50589560e-008	
4.11735242e+001	6.32261986e-007	-6.32091902e-007	1.46644398e-008	
4.12737030e+001	6.08064395e-007	-6.07896624e-007	1.42829609e-008	
4.13738819e+001	5.83866861e-007	-5.83701345e-007	1.39014820e-008	
4.14740608e+001	5.59669393e-007	-5.59506067e-007	1.35200031e-008	
4.15742397e+001	5.34168356e-007	-5.34007418e-007	1.31114485e-008	
4.16744186e+001	4.98569772e-007	-4.98413220e-007	1.24931694e-008	
4.17745975e+001	4.62971339e-007	-4.62819022e-007	1.18748903e-008	
4.18747764e+001	4.27373094e-007	-4.27224824e-007	1.12566112e-008	
4.19749553e+001	3.91775091e-007	-3.91630626e-007	1.06383321e-008	
4.20751342e+001	3.61932388e-007	-3.61792413e-007	1.00649697e-008	
4.21753131e+001	3.34007996e-007	-3.33872680e-007	9.50657630e-009	
4.22754919e+001	3.06083772e-007	-3.05952947e-007	8.94818295e-009	
4.23756708e+001	2.78159768e-007	-2.78033213e-007	8.38978960e-009	
4.24758497e+001	2.56125556e-007	-2.56002487e-007	7.93895805e-009	
4.25760286e+001	2.43473158e-007	-2.43352648e-007	7.65946775e-009	
4.26762075e+001	2.30820819e-007	-2.30702810e-007	7.37997745e-009	
4.27763864e+001	2.18168547e-007	-2.18052971e-007	7.10048716e-009	
4.28765653e+001	2.05594182e-007	-2.05480963e-007	6.82214180e-009	
4.29767442e+001	1.96590901e-007	-1.96480205e-007	6.59633141e-009	
4.30769231e+001	1.87587650e-007	-1.87479446e-007	6.37052102e-009	
4.31771020e+001	1.78584432e-007	-1.78478688e-007	6.14471063e-009	
4.32772809e+001	1.69581254e-007	-1.69477929e-007	5.91890024e-009	
4.33774597e+001	1.58964342e-007	-1.58864349e-007	5.63744462e-009	
4.34776386e+001	1.47505021e-007	-1.47408802e-007	5.32693908e-009	
4.35778175e+001	1.36045772e-007	-1.35953255e-007	5.01643354e-009	
4.36779964e+001	1.24586617e-007	-1.24497708e-007	4.70592800e-009	
4.37781753e+001	1.14114701e-007	-1.14029293e-007	4.41421714e-009	
4.38783542e+001	1.06028572e-007	-1.05946621e-007	4.16792946e-009	
4.39785331e+001	9.79424922e-008	-9.78639490e-008	3.92164177e-009	
4.40787120e+001	8.98564740e-008	-8.97812770e-008	3.67535409e-009	
4.41788909e+001	8.17705360e-008	-8.16986050e-008	3.42906641e-009	
4.42790698e+001	7.69755921e-008	-7.69064269e-008	3.26240376e-009	
4.43792487e+001	7.24347476e-008	-7.23683007e-008	3.10188876e-009	
4.44794275e+001	6.78939191e-008	-6.78301745e-008	2.94137376e-009	
4.45796064e+001	6.33531101e-008	-6.32920483e-008	2.78085876e-009	
4.46797853e+001	5.98741405e-008	-5.98155255e-008	2.64869962e-009	
4.47799642e+001	5.72160530e-008	-5.71597143e-008	2.53846205e-009	
4.48801431e+001	5.45579666e-008	-5.45039030e-008	2.42822447e-009	
4.49803220e+001	5.18998814e-008	-5.18480918e-008	2.31798690e-009	
4.50805009e+001	4.94878876e-008	-4.94383101e-008	2.21461537e-009	
4.51806798e+001	4.80624049e-008	-4.80147939e-008	2.13876815e-009	
4.52808587e+001	4.66369253e-008	-4.65912778e-008	2.06292092e-009	
4.53810376e+001	4.52114493e-008	-4.51677616e-008	1.98707369e-009	
4.54812165e+001	4.37859772e-008	-4.37442454e-008	1.91122646e-009	
4.55813953e+001	4.35597346e-008	-4.35195177e-008	1.87137895e-009	
4.56815742e+001	4.35699479e-008	-4.35311360e-008	1.83862898e-009	
4.57817531e+001	4.35801864e-008	-4.35427543e-008	1.80587902e-009	
4.58819320e+001	4.35904503e-008	-4.35543726e-008	1.77312905e-009	
4.59821109e+001	4.36007395e-008	-4.35659909e-008	1.74037909e-009	
4.60822898e+001	4.36110539e-008	-4.35776092e-008	1.70762912e-009	
4.61824687e+001	4.36213935e-008	-4.35892275e-008	1.67487916e-009	
4.62826476e+001	4.36317584e-008	-4.36008458e-008	1.64212920e-009	
4.63828265e+001	4.38238450e-008	-4.37941393e-008	1.61330543e-009	
4.64830054e+001	4.55379599e-008	-4.55092289e-008	1.61736887e-009	
4.65831843e+001	4.72521460e-008	-4.72243185e-008	1.62143231e-009	
4.66833631e+001	4.89663956e-008	-4.89394081e-008	1.62549575e-009	
4.67835420e+001	5.06807024e-008	-5.06544977e-008	1.62955919e-009	
4.68837209e+001	5.37563086e-008	-5.37306747e-008	1.65991134e-009	
4.69838998e+001	5.73045519e-008	-5.72793483e-008	1.69938944e-009	
4.70840787e+001	6.08528710e-008	-6.08280219e-008	1.73886754e-009	
4.71842576e+001	6.44012533e-008	-6.43766954e-008	1.77834564e-009	
4.72844365e+001	6.76466019e-008	-6.76222325e-008	1.81560269e-009	
4.73846154e+001	7.03931806e-008	-7.03688875e-008	1.84920430e-009	
4.74847943e+001	7.31397805e-008	-7.31155424e-008	1.88280591e-009	
4.75849732e+001	7.58863993e-008	-7.58621973e-008	1.91640753e-009	
4.76851521e+001	7.86412953e-008	-7.86171125e-008	1.95011501e-009	
4.77853309e+001	8.19935203e-008	-8.19693320e-008	1.99147831e-009	
4.78855098e+001	8.53457650e-008	-8.53215516e-008	2.03284161e-009	
4.79856887e+001	8.86980271e-008	-8.86737711e-008	2.07420490e-009	
4.80858676e+001	9.20503046e-008	-9.20259906e-008	2.11556820e-009	
4.81860465e+001	9.72485898e-008	-9.72242216e-008	2.17691348e-009	
4.82862254e+001	1.03443928e-007	-1.03419476e-007	2.24905092e-009	
4.83864043e+001	1.09639303e-007	-1.09614730e-007	2.32118835e-009	
4.84865832e+001	1.15834711e-007	-1.15809984e-007	2.39332578e-009	
4.85867621e+001	1.22319817e-007	-1.22294950e-007	2.46635461e-009	
4.86869410e+001	1.29531794e-007	-1.29506856e-007	2.54162022e-009	
4.87871199e+001	1.36743805e-007	-1.36718763e-007	2.61688583e-009	
4.88872987e+001	1.43955845e-007	-1.43930669e-007	2.69215143e-009	
4.89874776e+001	1.51167909e-007	-1.51142576e-007	2.76741704e-009	
4.90876565e+001	1.60489074e-007	-1.60463718e-007	2.85273419e-009	
4.91878354e+001	1.69992122e-007	-1.69966716e-007	2.93891808e-009	
4.92880143e+001	1.79495207e-007	-1.79469714e-007	3.02510198e-009	
4.93881932e+001	1.88998323e-007	-1.88972712e-007	3.11128588e-009	
4.94883721e+001	1.96672518e-007	-1.96646825e-007	3.17893564e-009	
4.95885510e+001	2.02887975e-007	-2.02862234e-007	3.23180274e-009	
4.96887299e+001	2.09103443e-007	-2.09077643e-007	3.28466985e-009	
4.97889088e+001	2.15318920e-007	-2.15293052e-007	3.33753695e-009	
4.98890877e+001	2.21626542e-007	-2.21600627e-007	3.38913096e-009	
4.99892665e+001	2.28322002e-007	-2.28296156e-007	3.43536617e-009	
5.00894454e+001	2.35017474e-007	-2.34991684e-007	3.48160137e-009	
5.01896243e+001	2.41712958e-007	-2.41687212e-007	3.52783657e-009	
5.02898032e+001	2.48408454e-007	-2.48382741e-007	3.57407177e-009	
5.03899821e+001	2.56777133e-007	-2.56751509e-007	3.62747446e-009	
5.04901610e+001	2.65494293e-007	-2.65468755e-007	3.68236982e-009	
5.05903399e+001	2.74211470e-007	-2.74186001e-007	3.73726517e-009	
5.06905188e+001	2.82928661e-007	-2.82903246e-007	3.79216053e-009	
5.07906977e+001	2.90680747e-007	-2.90655403e-007	3.83836594e-009	
5.08908766e+001	2.97314802e-007	-2.97289555e-007	3.87450447e-009	
5.09910555e+001	3.03948865e-007	-3.03923706e-007	3.91064300e-009	
5.10912343e+001	3.10582936e-007	-3.10557858e-007	3.94678153e-009	
5.11914132e+001	3.17164034e-007	-3.17139034e-007	3.98216711e-009	
5.12915921e+001	3.23262721e-007	-3.23237840e-007	4.01069673e-009	
5.13917710e+001	3.29361415e-007	-3.29336646e-007	4.03922635e-009	
5.14919499e+001	3.35460116e-007	-3.35435452e-007	4.06775597e-009	
5.15921288e+001	3.41558822e-007	-3.41534258e-007	4.09628559e-009	
5.16923077e+001	3.47081277e-007	-3.47056837e-007	4.11880533e-009	
5.17924866e+001	3.52395559e-007	-3.52371250e-007	4.13915401e-009	
5.18926655e+001	3.57709847e-007	-3.57685663e-007	4.15950269e-009	
5.19928444e+001	3.63024140e-007	-3.63000076e-007	4.17985136e-009	
5.20930233e+001	3.68338437e-007	-3.68314489e-007	4.20020004e-009	
5.21932021e+001	3.73652739e-007	-3.73628901e-007	4.22054871e-009	
5.22933810e+001	3.78967044e-007	-3.78943314e-007	4.24089739e-009	
5.23935599e+001	3.84281354e-007	-3.84257727e-007	4.26124606e-009	
5.24937388e+001	3.89589301e-007	-3.89565773e-007	4.28155310e-009	
5.25939177e+001	3.93832968e-007	-3.93809548e-007	4.29490633e-009	
5.26940966e+001	3.98076637e-007	-3.98053323e-007	4.30825957e-009	
5.27942755e+001	4.02320309e-007	-4.02297098e-007	4.32161280e-009	
5.28944544e+001	4.06563984e-007	-4.06540873e-007	4.33496603e-009	
5.29946333e+001	4.10022985e-007	-4.09999966e-007	4.34464742e-009	
5.30948122e+001	4.13043695e-007	-4.13020764e-007	4.35227783e-009	
5.31949911e+001	4.16064406e-007	-4.16041562e-007	4.35990824e-009	
5.32951699e+001	4.19085119e-007	-4.19062360e-007	4.36753865e-009	
5.33953488e+001	4.22431398e-007	-4.22408735e-007	4.37567911e-009	
5.34955277e+001	4.26626257e-007	-4.26603720e-007	4.38514901e-009	
5.35957066e+001	4.30821118e-007	-4.30798704e-007	4.39461891e-009	
5.36958855e+001	4.35015982e-007	-4.34993688e-007	4.40408880e-009	
5.37960644e+001	4.39210849e-007	-4.39188673e-007	4.41355870e-009	
5.38962433e+001	4.41838745e-007	-4.41816649e-007	4.41871374e-009	
5.39964222e+001	4.44317230e-007	-4.44295210e-007	4.42345736e-009	
5.40966011e+001	4.46795716e-007	-4.46773771e-007	4.42820098e-009	
5.41967800e+001	4.49274202e-007	-4.49252332e-007	4.43294460e-009	
5.42969589e+001	4.51011042e-007	-4.50989225e-007	4.43605899e-009	
5.43971377e+001	4.52137659e-007	-4.52115880e-007	4.43783288e-009	
5.44973166e+001	4.53264277e-007	-4.53242534e-007	4.43960677e-009	
5.45974955e+001	4.54390895e-007	-4.54369188e-007	4.44138065e-009	
5.46976744e+001	4.55586864e-007	-4.55565196e-007	4.44322701e-009	
5.47978533e+001	4.57089784e-007	-4.57068167e-007	4.44539411e-009	
5.48980322e+001	4.58592705e-007	-4.58571138e-007	4.44756121e-009	
5.49982111e+001	4.60095626e-007	-4.60074108e-007	4.44972831e-009	
5.50983900e+001	4.61598548e-007	-4.61577079e-007	4.45189541e-009	
5.51985689e+001	4.62711454e-007	-4.62690022e-007	4.45337704e-009	
5.52987478e+001	4.63738714e-007	-4.63717318e-007	4.45470814e-009	
5.53989267e+001	4.64765975e-007	-4.64744613e-007	4.45603925e-009	
5.54991055e+001	4.65793236e-007	-4.65771908e-007	4.45737035e-009	
5.55992844e+001	4.66584519e-007	-4.66563218e-007	4.45836980e-009	
5.56994633e+001	4.67093838e-007	-4.67072555e-007	4.45897297e-009	
5.57996422e+001	4.67540529e-007	-4.67519260e-007	4.45950192e-009	
5.58998211e+001	4.67798280e-007	-4.67777021e-007	4.45980698e-009	
5.60000000e+001	4.67886741e-007	-4.67865484e-007	4.45991155e-009	
