% Column 0: Length, cm
% Column 1: |B.n|, Tesla
% Column 2: Re[B.n], Tesla
% Column 3: Im[B.n], Tesla
0.00000000e+000	5.65105458e-009	5.65105350e-009	-3.50559623e-012	
1.00178891e-001	3.06117344e-008	3.06117283e-008	-1.93685552e-011	
2.00357782e-001	6.11760767e-008	6.11760643e-008	-3.90438446e-011	
3.00536673e-001	9.11704722e-008	9.11704536e-008	-5.82066007e-011	
4.00715564e-001	1.22464154e-007	1.22464129e-007	-7.83247366e-011	
5.00894454e-001	1.53034653e-007	1.53034622e-007	-9.76149748e-011	
6.01073345e-001	1.83107713e-007	1.83107676e-007	-1.16682540e-010	
7.01252236e-001	2.12527484e-007	2.12527442e-007	-1.34770838e-010	
8.01431127e-001	2.44466652e-007	2.44466603e-007	-1.54533986e-010	
9.01610018e-001	2.77226443e-007	2.77226388e-007	-1.74913316e-010	
1.00178891e+000	3.05873356e-007	3.05873295e-007	-1.92498036e-010	
1.10196780e+000	3.34089920e-007	3.34089854e-007	-2.09790343e-010	
1.20214669e+000	3.62306483e-007	3.62306412e-007	-2.27082651e-010	
1.30232558e+000	3.90523047e-007	3.90522971e-007	-2.44374959e-010	
1.40250447e+000	4.20198782e-007	4.20198700e-007	-2.62868955e-010	
1.50268336e+000	4.55552451e-007	4.55552363e-007	-2.83565536e-010	
1.60286225e+000	4.91945923e-007	4.91945829e-007	-3.04634377e-010	
1.70304114e+000	5.28339396e-007	5.28339295e-007	-3.25703219e-010	
1.80322004e+000	5.64828213e-007	5.64828106e-007	-3.46982740e-010	
1.90339893e+000	6.01495940e-007	6.01495827e-007	-3.68657590e-010	
2.00357782e+000	6.36679648e-007	6.36679530e-007	-3.87774409e-010	
2.10375671e+000	6.71435843e-007	6.71435720e-007	-4.06154318e-010	
2.20393560e+000	7.06192038e-007	7.06191911e-007	-4.24534228e-010	
2.30411449e+000	7.40948234e-007	7.40948102e-007	-4.42914137e-010	
2.40429338e+000	7.81216677e-007	7.81216539e-007	-4.64813489e-010	
2.50447227e+000	8.20863729e-007	8.20863585e-007	-4.85055898e-010	
2.60465116e+000	8.58044420e-007	8.58044273e-007	-5.02159885e-010	
2.70483005e+000	8.95225112e-007	8.95224961e-007	-5.19263872e-010	
2.80500894e+000	9.32405803e-007	9.32405649e-007	-5.36367860e-010	
2.90518784e+000	9.69586495e-007	9.69586337e-007	-5.53471847e-010	
3.00536673e+000	1.00865490e-006	1.00865474e-006	-5.72683398e-010	
3.10554562e+000	1.04815826e-006	1.04815809e-006	-5.92380551e-010	
3.20572451e+000	1.08141696e-006	1.08141679e-006	-6.04398290e-010	
3.30590340e+000	1.11428905e-006	1.11428888e-006	-6.15940600e-010	
3.40608229e+000	1.14716115e-006	1.14716098e-006	-6.27482910e-010	
3.50626118e+000	1.18003324e-006	1.18003307e-006	-6.39025221e-010	
3.60644007e+000	1.21290534e-006	1.21290516e-006	-6.50567531e-010	
3.70661896e+000	1.24544697e-006	1.24544680e-006	-6.62565937e-010	
3.80679785e+000	1.29007162e-006	1.29007144e-006	-6.77586541e-010	
3.90697674e+000	1.34291608e-006	1.34291590e-006	-6.94632487e-010	
4.00715564e+000	1.39576054e-006	1.39576036e-006	-7.11678433e-010	
4.10733453e+000	1.44860500e-006	1.44860481e-006	-7.28724378e-010	
4.20751342e+000	1.49782859e-006	1.49782841e-006	-7.43437746e-010	
4.30769231e+000	1.54704691e-006	1.54704673e-006	-7.56292266e-010	
4.40787120e+000	1.59812511e-006	1.59812492e-006	-7.69922209e-010	
4.50805009e+000	1.64658686e-006	1.64658668e-006	-7.84729577e-010	
4.60822898e+000	1.69504862e-006	1.69504843e-006	-7.99536945e-010	
4.70840787e+000	1.74351038e-006	1.74351019e-006	-8.14344313e-010	
4.80858676e+000	1.80379955e-006	1.80379936e-006	-8.24595043e-010	
4.90876565e+000	1.85008074e-006	1.85008056e-006	-8.25564562e-010	
5.00894454e+000	1.89472718e-006	1.89472700e-006	-8.25502930e-010	
5.10912343e+000	1.93937362e-006	1.93937345e-006	-8.25441298e-010	
5.20930233e+000	1.98506292e-006	1.98506275e-006	-8.25646595e-010	
5.30948122e+000	2.04434960e-006	2.04434943e-006	-8.31499349e-010	
5.40966011e+000	2.10806144e-006	2.10806128e-006	-8.40718519e-010	
5.50983900e+000	2.17177329e-006	2.17177312e-006	-8.49937689e-010	
5.61001789e+000	2.23548513e-006	2.23548496e-006	-8.59156858e-010	
5.71019678e+000	2.29508738e-006	2.29508722e-006	-8.61011596e-010	
5.81037567e+000	2.35450051e-006	2.35450035e-006	-8.62527415e-010	
5.91055456e+000	2.41139562e-006	2.41139547e-006	-8.62170574e-010	
6.01073345e+000	2.46144552e-006	2.46144537e-006	-8.56722899e-010	
6.11091234e+000	2.51492831e-006	2.51492817e-006	-8.50961853e-010	
6.21109123e+000	2.58748529e-006	2.58748516e-006	-8.43459634e-010	
6.31127013e+000	2.66004228e-006	2.66004214e-006	-8.35957414e-010	
6.41144902e+000	2.73296829e-006	2.73296816e-006	-8.29071033e-010	
6.51162791e+000	2.80664612e-006	2.80664600e-006	-8.23439279e-010	
6.61180680e+000	2.88032395e-006	2.88032384e-006	-8.17807525e-010	
6.71198569e+000	2.97678070e-006	2.97678059e-006	-8.14809329e-010	
6.81216458e+000	3.06918728e-006	3.06918718e-006	-8.05163775e-010	
6.91234347e+000	3.15630451e-006	3.15630441e-006	-7.87028275e-010	
7.01252236e+000	3.24108404e-006	3.24108395e-006	-7.66680869e-010	
7.11270125e+000	3.32006943e-006	3.32006934e-006	-7.40851123e-010	
7.21288014e+000	3.39863762e-006	3.39863755e-006	-7.15058245e-010	
7.31305903e+000	3.47420724e-006	3.47420717e-006	-6.89530347e-010	
7.41323792e+000	3.54977685e-006	3.54977679e-006	-6.64002449e-010	
7.51341682e+000	3.64001411e-006	3.64001406e-006	-6.29711035e-010	
7.61359571e+000	3.73133954e-006	3.73133949e-006	-5.94769469e-010	
7.71377460e+000	3.82266497e-006	3.82266493e-006	-5.59827902e-010	
7.81395349e+000	3.91511183e-006	3.91511180e-006	-5.21848346e-010	
7.91413238e+000	4.01848750e-006	4.01848748e-006	-4.54262364e-010	
8.01431127e+000	4.12186317e-006	4.12186315e-006	-3.86676382e-010	
8.11449016e+000	4.23957243e-006	4.23957242e-006	-3.32485799e-010	
8.21466905e+000	4.35735975e-006	4.35735974e-006	-2.78368164e-010	
8.31484794e+000	4.47420397e-006	4.47420396e-006	-2.24985883e-010	
8.41502683e+000	4.58834618e-006	4.58834618e-006	-1.73710426e-010	
8.51520572e+000	4.71898930e-006	4.71898929e-006	-9.79444115e-011	
8.61538462e+000	4.85665543e-006	4.85665543e-006	-1.54614132e-011	
8.71556351e+000	4.98510828e-006	4.98510828e-006	4.10698022e-011	
8.81574240e+000	5.11356112e-006	5.11356112e-006	9.76010176e-011	
8.91592129e+000	5.24201397e-006	5.24201397e-006	1.54132233e-010	
9.01610018e+000	5.39756598e-006	5.39756597e-006	2.53520799e-010	
9.11627907e+000	5.55328503e-006	5.55328502e-006	3.53173529e-010	
9.21645796e+000	5.68616423e-006	5.68616421e-006	4.60045545e-010	
9.31663685e+000	5.79448547e-006	5.79448545e-006	5.74679914e-010	
9.41681574e+000	5.93262933e-006	5.93262929e-006	6.94956673e-010	
9.51699463e+000	6.07466858e-006	6.07466852e-006	8.15970434e-010	
9.61717352e+000	6.24417466e-006	6.24417459e-006	9.48769243e-010	
9.71735242e+000	6.43975454e-006	6.43975444e-006	1.09329760e-009	
9.81753131e+000	6.62448113e-006	6.62448101e-006	1.25868395e-009	
9.91771020e+000	6.80920772e-006	6.80920757e-006	1.42407031e-009	
1.00178891e+001	6.99196834e-006	6.99196816e-006	1.59861359e-009	
1.01180680e+001	7.16927010e-006	7.16926987e-006	1.79858260e-009	
1.02182469e+001	7.38752863e-006	7.38752836e-006	2.02327457e-009	
1.03184258e+001	7.61508621e-006	7.61508588e-006	2.25357977e-009	
1.04186047e+001	7.84264379e-006	7.84264340e-006	2.48388497e-009	
1.05187835e+001	8.07334039e-006	8.07333992e-006	2.75848264e-009	
1.06189624e+001	8.30568131e-006	8.30568076e-006	3.01893512e-009	
1.07191413e+001	8.51728220e-006	8.51728158e-006	3.25183128e-009	
1.08193202e+001	8.72888309e-006	8.72888240e-006	3.48472744e-009	
1.09194991e+001	8.94048399e-006	8.94048322e-006	3.71762360e-009	
1.10196780e+001	9.16488625e-006	9.16488539e-006	3.97898259e-009	
1.11198569e+001	9.40474029e-006	9.40473932e-006	4.27469744e-009	
1.12200358e+001	9.68833351e-006	9.68833239e-006	4.65284786e-009	
1.13202147e+001	9.99718535e-006	9.99718406e-006	5.07860340e-009	
1.14203936e+001	1.03060372e-005	1.03060357e-005	5.50435895e-009	
1.15205725e+001	1.06148890e-005	1.06148874e-005	5.93011450e-009	
1.16207513e+001	1.09237409e-005	1.09237391e-005	6.35587004e-009	
1.17209302e+001	1.12476359e-005	1.12476339e-005	6.78780926e-009	
1.18211091e+001	1.15517670e-005	1.15517647e-005	7.30086456e-009	
1.19212880e+001	1.18449679e-005	1.18449653e-005	7.78925873e-009	
1.20214669e+001	1.21381688e-005	1.21381659e-005	8.27765290e-009	
1.21216458e+001	1.24313696e-005	1.24313665e-005	8.76604707e-009	
1.22218247e+001	1.27245705e-005	1.27245672e-005	9.25444124e-009	
1.23220036e+001	1.30177714e-005	1.30177678e-005	9.74283541e-009	
1.24221825e+001	1.33459401e-005	1.33459361e-005	1.02999158e-008	
1.25223614e+001	1.37486833e-005	1.37486789e-005	1.10034809e-008	
1.26225403e+001	1.41514266e-005	1.41514218e-005	1.17070460e-008	
1.27227191e+001	1.46173323e-005	1.46173270e-005	1.25371505e-008	
1.28228980e+001	1.50954645e-005	1.50954585e-005	1.33917493e-008	
1.29230769e+001	1.56103486e-005	1.56103419e-005	1.44069941e-008	
1.30232558e+001	1.61290442e-005	1.61290368e-005	1.54388992e-008	
1.31234347e+001	1.67042869e-005	1.67042788e-005	1.64753323e-008	
1.32236136e+001	1.72837073e-005	1.72836984e-005	1.75120998e-008	
1.33237925e+001	1.78585421e-005	1.78585325e-005	1.85350251e-008	
1.34239714e+001	1.83640191e-005	1.83640089e-005	1.93485843e-008	
1.35241503e+001	1.88690253e-005	1.88690144e-005	2.03275181e-008	
1.36243292e+001	1.93763730e-005	1.93763611e-005	2.14548447e-008	
1.37245081e+001	1.99151564e-005	1.99151434e-005	2.27729770e-008	
1.38246869e+001	2.04539399e-005	2.04539257e-005	2.40911092e-008	
1.39248658e+001	2.09927234e-005	2.09927080e-005	2.54092414e-008	
1.40250447e+001	2.15315069e-005	2.15314903e-005	2.67273737e-008	
1.41252236e+001	2.22227530e-005	2.22227350e-005	2.82673017e-008	
1.42254025e+001	2.31375738e-005	2.31375534e-005	3.07484898e-008	
1.43255814e+001	2.38866020e-005	2.38865797e-005	3.26604388e-008	
1.44257603e+001	2.46249248e-005	2.46249005e-005	3.45347844e-008	
1.45259392e+001	2.53632475e-005	2.53632214e-005	3.64091301e-008	
1.46261181e+001	2.62146624e-005	2.62146339e-005	3.86826359e-008	
1.47262970e+001	2.75281580e-005	2.75281251e-005	4.25870608e-008	
1.48264758e+001	2.88416538e-005	2.88416163e-005	4.64914858e-008	
1.49266547e+001	3.01551496e-005	3.01551075e-005	5.03959108e-008	
1.50268336e+001	3.11019959e-005	3.11019502e-005	5.33300390e-008	
1.51270125e+001	3.20546685e-005	3.20546190e-005	5.63339197e-008	
1.52271914e+001	3.29531661e-005	3.29531132e-005	5.90930686e-008	
1.53273703e+001	3.38516638e-005	3.38516073e-005	6.18522175e-008	
1.54275492e+001	3.47501615e-005	3.47501014e-005	6.46113664e-008	
1.55277281e+001	3.56486592e-005	3.56485956e-005	6.73705154e-008	
1.56279070e+001	3.65471570e-005	3.65470897e-005	7.01296643e-008	
1.57280859e+001	3.76298153e-005	3.76297430e-005	7.37547225e-008	
1.58282648e+001	3.89489838e-005	3.89489047e-005	7.84918345e-008	
1.59284436e+001	4.02681524e-005	4.02680664e-005	8.32289464e-008	
1.60286225e+001	4.16400366e-005	4.16399433e-005	8.81157806e-008	
1.61288014e+001	4.33636934e-005	4.33635898e-005	9.47583733e-008	
1.62289803e+001	4.52097078e-005	4.52095927e-005	1.02029447e-007	
1.63291592e+001	4.69633642e-005	4.69632387e-005	1.08573970e-007	
1.64293381e+001	4.87170207e-005	4.87168846e-005	1.15118493e-007	
1.65295170e+001	5.05281042e-005	5.05279570e-005	1.21946231e-007	
1.66296959e+001	5.23990239e-005	5.23988637e-005	1.29573878e-007	
1.67298748e+001	5.42895983e-005	5.42894229e-005	1.38020267e-007	
1.68300537e+001	5.61801730e-005	5.61799820e-005	1.46466656e-007	
1.69302326e+001	5.80707478e-005	5.80705412e-005	1.54913045e-007	
1.70304114e+001	6.00385552e-005	6.00383321e-005	1.63660252e-007	
1.71305903e+001	6.21562795e-005	6.21560388e-005	1.72991382e-007	
1.72307692e+001	6.42740040e-005	6.42737454e-005	1.82322512e-007	
1.73309481e+001	6.63917287e-005	6.63914521e-005	1.91653642e-007	
1.74311270e+001	6.85815482e-005	6.85812497e-005	2.02358345e-007	
1.75313059e+001	7.13057458e-005	7.13054134e-005	2.17734566e-007	
1.76314848e+001	7.47435495e-005	7.47431776e-005	2.35783880e-007	
1.77316637e+001	7.76968758e-005	7.76964766e-005	2.49059350e-007	
1.78318426e+001	8.06502022e-005	8.06497756e-005	2.62334819e-007	
1.79320215e+001	8.36547647e-005	8.36543080e-005	2.76426378e-007	
1.80322004e+001	8.67136868e-005	8.67131972e-005	2.91383778e-007	
1.81323792e+001	8.97726090e-005	8.97720864e-005	3.06341178e-007	
1.82325581e+001	9.23938598e-005	9.23933377e-005	3.10601110e-007	
1.83327370e+001	9.46654166e-005	9.46649211e-005	3.06313881e-007	
1.84329159e+001	9.77067472e-005	9.77062750e-005	3.03784428e-007	
1.85330948e+001	1.02214833e-004	1.02214379e-004	3.04604309e-007	
1.86332737e+001	1.06722920e-004	1.06722483e-004	3.05424190e-007	
1.87334526e+001	1.11231009e-004	1.11230587e-004	3.06244072e-007	
1.88336315e+001	1.15739099e-004	1.15738692e-004	3.07063953e-007	
1.89338104e+001	1.19560256e-004	1.19559987e-004	2.53425231e-007	
1.90339893e+001	1.23307404e-004	1.23307247e-004	1.96583621e-007	
1.91341682e+001	1.27054583e-004	1.27054506e-004	1.39742010e-007	
1.92343470e+001	1.30801792e-004	1.30801766e-004	8.29003994e-008	
1.93345259e+001	1.34549028e-004	1.34549025e-004	2.60587887e-008	
1.94347048e+001	1.37117201e-004	1.37117184e-004	-6.82731203e-008	
1.95348837e+001	1.36608754e-004	1.36608506e-004	-2.60435143e-007	
1.96350626e+001	1.36100580e-004	1.36099827e-004	-4.52597165e-007	
1.97352415e+001	1.35592682e-004	1.35591149e-004	-6.44759187e-007	
1.98354204e+001	1.36193608e-004	1.36190781e-004	-8.77559116e-007	
1.99355993e+001	1.37325812e-004	1.37321158e-004	-1.13063587e-006	
2.00357782e+001	1.33690347e-004	1.33682224e-004	-1.47373172e-006	
2.01359571e+001	1.31002570e-004	1.30990404e-004	-1.78538402e-006	
2.02361360e+001	1.29312521e-004	1.29296049e-004	-2.06392113e-006	
2.03363148e+001	1.27623194e-004	1.27601695e-004	-2.34245824e-006	
2.04364937e+001	1.24227624e-004	1.24201630e-004	-2.54119539e-006	
2.05366726e+001	1.12929957e-004	1.12905074e-004	-2.37050311e-006	
2.06368515e+001	1.01632329e-004	1.01608519e-004	-2.19981083e-006	
2.07370304e+001	9.03347554e-005	9.03119633e-005	-2.02911855e-006	
2.08372093e+001	7.83523210e-005	7.83299213e-005	-1.87340410e-006	
2.09373882e+001	6.78411698e-005	6.78214352e-005	-1.63622937e-006	
2.10375671e+001	5.86820561e-005	5.86645847e-005	-1.43185471e-006	
2.11377460e+001	5.04160515e-005	5.04000721e-005	-1.26924395e-006	
2.12379249e+001	4.21500891e-005	4.21355595e-005	-1.10663319e-006	
2.13381038e+001	3.21905373e-005	3.21781914e-005	-8.91452793e-007	
2.14382826e+001	1.93399349e-005	1.93324608e-005	-5.37626958e-007	
2.15384615e+001	6.48933355e-006	6.48673008e-006	-1.83801123e-007	
2.16386404e+001	6.36127322e-006	-6.35900060e-006	1.70024712e-007	
2.17388193e+001	1.66459614e-005	-1.66405501e-005	4.24411108e-007	
2.18389982e+001	2.64155045e-005	-2.64072872e-005	6.58832979e-007	
2.19391771e+001	3.61850513e-005	-3.61740243e-005	8.93254849e-007	
2.20393560e+001	4.59563409e-005	-4.59425006e-005	1.12778542e-006	
2.21395349e+001	5.71974370e-005	-5.71789516e-005	1.45406368e-006	
2.22397138e+001	7.04897717e-005	-7.04659724e-005	1.83157143e-006	
2.23398927e+001	8.10265436e-005	-8.10026732e-005	1.96664691e-006	
2.24400716e+001	9.15634983e-005	-9.15393740e-005	2.10172239e-006	
2.25402504e+001	1.02100579e-004	-1.02076075e-004	2.23679787e-006	
2.26404293e+001	1.09391801e-004	-1.09369001e-004	2.23330940e-006	
2.27406082e+001	1.14819300e-004	-1.14799086e-004	2.15441520e-006	
2.28407871e+001	1.20247084e-004	-1.20229171e-004	2.07552101e-006	
2.29409660e+001	1.25675117e-004	-1.25659255e-004	1.99662681e-006	
2.30411449e+001	1.29756439e-004	-1.29743910e-004	1.80318213e-006	
2.31413238e+001	1.32565641e-004	-1.32556708e-004	1.53891999e-006	
2.32415027e+001	1.35375508e-004	-1.35369507e-004	1.27465785e-006	
2.33416816e+001	1.38186000e-004	-1.38182306e-004	1.01039571e-006	
2.34418605e+001	1.39377338e-004	-1.39375032e-004	8.01750915e-007	
2.35420394e+001	1.38212225e-004	-1.38210581e-004	6.74028446e-007	
2.36422182e+001	1.37266269e-004	-1.37265496e-004	4.60919993e-007	
2.37423971e+001	1.36515452e-004	-1.36515343e-004	1.71935660e-007	
2.38425760e+001	1.35765242e-004	-1.35765191e-004	-1.17048673e-007	
2.39427549e+001	1.31339685e-004	-1.31339559e-004	-1.81679215e-007	
2.40429338e+001	1.26027091e-004	-1.26026944e-004	-1.92167690e-007	
2.41431127e+001	1.20887712e-004	-1.20887538e-004	-2.04894133e-007	
2.42432916e+001	1.18204565e-004	-1.18204302e-004	-2.49355836e-007	
2.43434705e+001	1.15521439e-004	-1.15521065e-004	-2.93817539e-007	
2.44436494e+001	1.12838336e-004	-1.12837829e-004	-3.38279242e-007	
2.45438283e+001	1.08647329e-004	-1.08646797e-004	-3.39863905e-007	
2.46440072e+001	1.03423899e-004	-1.03423428e-004	-3.12092078e-007	
2.47441860e+001	9.97944015e-005	-9.97939359e-005	-3.04825793e-007	
2.48443649e+001	9.69416033e-005	-9.69411155e-005	-3.07551541e-007	
2.49445438e+001	9.40888066e-005	-9.40882950e-005	-3.10277289e-007	
2.50447227e+001	9.07447966e-005	-9.07443189e-005	-2.94437218e-007	
2.51449016e+001	8.74644830e-005	-8.74640358e-005	-2.79684472e-007	
2.52450805e+001	8.44452268e-005	-8.44447883e-005	-2.72142594e-007	
2.53452594e+001	8.14259707e-005	-8.14255408e-005	-2.64600715e-007	
2.54454383e+001	7.81799392e-005	-7.81795377e-005	-2.50577980e-007	
2.55456172e+001	7.47333161e-005	-7.47329597e-005	-2.30822653e-007	
2.56457961e+001	7.12866941e-005	-7.12863816e-005	-2.11067327e-007	
2.57459750e+001	6.89958258e-005	-6.89955328e-005	-2.01091403e-007	
2.58461538e+001	6.67878380e-005	-6.67875626e-005	-1.91816771e-007	
2.59463327e+001	6.45798503e-005	-6.45795923e-005	-1.82542139e-007	
2.60465116e+001	6.23718628e-005	-6.23716221e-005	-1.73267508e-007	
2.61466905e+001	6.01196668e-005	-6.01194484e-005	-1.62070673e-007	
2.62468694e+001	5.80081279e-005	-5.80079300e-005	-1.51543119e-007	
2.63470483e+001	5.61452869e-005	-5.61451029e-005	-1.43757308e-007	
2.64472272e+001	5.41670407e-005	-5.41668699e-005	-1.36000498e-007	
2.65474061e+001	5.21887946e-005	-5.21886370e-005	-1.28243687e-007	
2.66475850e+001	5.04228078e-005	-5.04226630e-005	-1.20854301e-007	
2.67477639e+001	4.86588376e-005	-4.86587053e-005	-1.13468405e-007	
2.68479428e+001	4.69628547e-005	-4.69627339e-005	-1.06493999e-007	
2.69481216e+001	4.56315853e-005	-4.56314719e-005	-1.01727012e-007	
2.70483005e+001	4.42494996e-005	-4.42493939e-005	-9.66889133e-008	
2.71484794e+001	4.28176533e-005	-4.28175558e-005	-9.13853352e-008	
2.72486583e+001	4.13858072e-005	-4.13857177e-005	-8.60817571e-008	
2.73488372e+001	4.00307827e-005	-4.00307004e-005	-8.11874873e-008	
2.74490161e+001	3.84843446e-005	-3.84842689e-005	-7.63046724e-008	
2.75491950e+001	3.69605308e-005	-3.69604619e-005	-7.13522551e-008	
2.76493739e+001	3.54444539e-005	-3.54443918e-005	-6.63767469e-008	
2.77495528e+001	3.41630626e-005	-3.41630059e-005	-6.22073551e-008	
2.78497317e+001	3.31955772e-005	-3.31955245e-005	-5.91161931e-008	
2.79499106e+001	3.23186721e-005	-3.23186230e-005	-5.63114089e-008	
2.80500894e+001	3.14654633e-005	-3.14654177e-005	-5.35815428e-008	
2.81502683e+001	3.06122547e-005	-3.06122124e-005	-5.08516767e-008	
2.82504472e+001	2.97688140e-005	-2.97687749e-005	-4.82717253e-008	
2.83506261e+001	2.89396213e-005	-2.89395849e-005	-4.59104433e-008	
2.84508050e+001	2.81104286e-005	-2.81103949e-005	-4.35491612e-008	
2.85509839e+001	2.72812360e-005	-2.72812049e-005	-4.11878792e-008	
2.86511628e+001	2.63774139e-005	-2.63773856e-005	-3.86466596e-008	
2.87513417e+001	2.54579808e-005	-2.54579549e-005	-3.63157823e-008	
2.88515206e+001	2.45497215e-005	-2.45496978e-005	-3.40809182e-008	
2.89516995e+001	2.36414623e-005	-2.36414408e-005	-3.18460541e-008	
2.90518784e+001	2.27581142e-005	-2.27580949e-005	-2.96485400e-008	
2.91520572e+001	2.21602303e-005	-2.21602124e-005	-2.81294498e-008	
2.92522361e+001	2.15468790e-005	-2.15468626e-005	-2.65830627e-008	
2.93524150e+001	2.09335278e-005	-2.09335128e-005	-2.50366757e-008	
2.94525939e+001	2.04075156e-005	-2.04075017e-005	-2.38218772e-008	
2.95527728e+001	1.99230745e-005	-1.99230615e-005	-2.27649063e-008	
2.96529517e+001	1.93713967e-005	-1.93713846e-005	-2.16247560e-008	
2.97531306e+001	1.87800403e-005	-1.87800292e-005	-2.04355189e-008	
2.98533095e+001	1.81886839e-005	-1.81886738e-005	-1.92462818e-008	
2.99534884e+001	1.76485247e-005	-1.76485154e-005	-1.81251763e-008	
3.00536673e+001	1.71602607e-005	-1.71602522e-005	-1.70731314e-008	
3.01538462e+001	1.66719968e-005	-1.66719891e-005	-1.60210866e-008	
3.02540250e+001	1.61837328e-005	-1.61837259e-005	-1.49690417e-008	
3.03542039e+001	1.56881115e-005	-1.56881053e-005	-1.38952107e-008	
3.04543828e+001	1.51756242e-005	-1.51756186e-005	-1.30514475e-008	
3.05545617e+001	1.46654276e-005	-1.46654225e-005	-1.22384763e-008	
3.06547406e+001	1.41552311e-005	-1.41552265e-005	-1.14255051e-008	
3.07549195e+001	1.36450346e-005	-1.36450305e-005	-1.06125339e-008	
3.08550984e+001	1.31504267e-005	-1.31504231e-005	-9.81779032e-009	
3.09552773e+001	1.27741947e-005	-1.27741914e-005	-9.16146244e-009	
3.10554562e+001	1.23979627e-005	-1.23979598e-005	-8.50513457e-009	
3.11556351e+001	1.20593780e-005	-1.20593755e-005	-7.87793201e-009	
3.12558140e+001	1.18128158e-005	-1.18128135e-005	-7.32192142e-009	
3.13559928e+001	1.15662536e-005	-1.15662516e-005	-6.76591083e-009	
3.14561717e+001	1.13196914e-005	-1.13196896e-005	-6.20990024e-009	
3.15563506e+001	1.10543577e-005	-1.10543562e-005	-5.65871760e-009	
3.16565295e+001	1.07674866e-005	-1.07674854e-005	-5.10840510e-009	
3.17567084e+001	1.05122823e-005	-1.05122813e-005	-4.54706964e-009	
3.18568873e+001	1.02626268e-005	-1.02626260e-005	-4.00667423e-009	
3.19570662e+001	1.00129713e-005	-1.00129707e-005	-3.46627882e-009	
3.20572451e+001	9.76331582e-006	-9.76331538e-006	-2.92588341e-009	
3.21574240e+001	9.50206124e-006	-9.50206096e-006	-2.33036964e-009	
3.22576029e+001	9.23404316e-006	-9.23404301e-006	-1.70271598e-009	
3.23577818e+001	8.97079829e-006	-8.97079821e-006	-1.13526803e-009	
3.24579606e+001	8.71151855e-006	-8.71151853e-006	-6.17833554e-010	
3.25581395e+001	8.48972945e-006	-8.48972945e-006	-2.32532484e-012	
3.26583184e+001	8.29553285e-006	-8.29553283e-006	5.31444328e-010	
3.27584973e+001	8.10332996e-006	-8.10332989e-006	1.06373337e-009	
3.28586762e+001	7.90814031e-006	-7.90814017e-006	1.48092529e-009	
3.29588551e+001	7.70499644e-006	-7.70499622e-006	1.81752400e-009	
3.30590340e+001	7.50185258e-006	-7.50185227e-006	2.15412271e-009	
3.31592129e+001	7.30175785e-006	-7.30175747e-006	2.37685587e-009	
3.32593918e+001	7.10004307e-006	-7.10004260e-006	2.57182299e-009	
3.33595707e+001	6.89832830e-006	-6.89832774e-006	2.76679012e-009	
3.34597496e+001	6.71865421e-006	-6.71865365e-006	2.73765568e-009	
3.35599284e+001	6.55062005e-006	-6.55061954e-006	2.59017067e-009	
3.36601073e+001	6.38258590e-006	-6.38258543e-006	2.44268566e-009	
3.37602862e+001	6.21455174e-006	-6.21455132e-006	2.29520065e-009	
3.38604651e+001	6.06918908e-006	-6.06918867e-006	2.22288127e-009	
3.39606440e+001	5.92993779e-006	-5.92993742e-006	2.09324791e-009	
3.40608229e+001	5.79068649e-006	-5.79068616e-006	1.96361455e-009	
3.41610018e+001	5.65143520e-006	-5.65143491e-006	1.83398120e-009	
3.42611807e+001	5.52784172e-006	-5.52784145e-006	1.71081096e-009	
3.43613596e+001	5.41487501e-006	-5.41487477e-006	1.59202716e-009	
3.44615385e+001	5.30190830e-006	-5.30190810e-006	1.47324337e-009	
3.45617174e+001	5.18894160e-006	-5.18894142e-006	1.35445958e-009	
3.46618962e+001	5.05876394e-006	-5.05876380e-006	1.19225410e-009	
3.47620751e+001	4.92352178e-006	-4.92352167e-006	1.01872461e-009	
3.48622540e+001	4.78827962e-006	-4.78827955e-006	8.45195125e-010	
3.49624329e+001	4.68714408e-006	-4.68714403e-006	6.79550818e-010	
3.50626118e+001	4.59418362e-006	-4.59418359e-006	5.15796526e-010	
3.51627907e+001	4.50122316e-006	-4.50122315e-006	3.52042233e-010	
3.52629696e+001	4.40528068e-006	-4.40528067e-006	9.16460908e-011	
3.53631485e+001	4.30920035e-006	-4.30920034e-006	-1.73217809e-010	
3.54633274e+001	4.20435926e-006	-4.20435924e-006	-4.17461739e-010	
3.55635063e+001	4.10214317e-006	-4.10214312e-006	-6.34134334e-010	
3.56636852e+001	4.01035042e-006	-4.01035034e-006	-7.77150101e-010	
3.57638640e+001	3.91855768e-006	-3.91855757e-006	-9.20165867e-010	
3.58640429e+001	3.82911200e-006	-3.82911186e-006	-1.03854969e-009	
3.59642218e+001	3.74352866e-006	-3.74352849e-006	-1.11639934e-009	
3.60644007e+001	3.65794531e-006	-3.65794511e-006	-1.19424898e-009	
3.61645796e+001	3.55824561e-006	-3.55824541e-006	-1.18628679e-009	
3.62647585e+001	3.47535382e-006	-3.47535364e-006	-1.09325742e-009	
3.63649374e+001	3.40562009e-006	-3.40561995e-006	-9.56360837e-010	
3.64651163e+001	3.33588636e-006	-3.33588626e-006	-8.19464254e-010	
3.65652952e+001	3.27173721e-006	-3.27173713e-006	-6.98573972e-010	
3.66654741e+001	3.23332789e-006	-3.23332783e-006	-6.51458410e-010	
3.67656530e+001	3.17037181e-006	-3.17037177e-006	-5.40798036e-010	
3.68658318e+001	3.10596166e-006	-3.10596163e-006	-4.26373445e-010	
3.69660107e+001	3.04155150e-006	-3.04155149e-006	-3.11948853e-010	
3.70661896e+001	2.97714135e-006	-2.97714134e-006	-1.97524262e-010	
3.71663685e+001	2.91287355e-006	-2.91287355e-006	-8.25977140e-011	
3.72665474e+001	2.85036992e-006	-2.85036992e-006	3.86954599e-011	
3.73667263e+001	2.77952759e-006	-2.77952758e-006	1.49438521e-010	
3.74669052e+001	2.70770848e-006	-2.70770847e-006	2.59794319e-010	
3.75670841e+001	2.63588938e-006	-2.63588936e-006	3.70150117e-010	
3.76672630e+001	2.57010785e-006	-2.57010780e-006	4.73644430e-010	
3.77674419e+001	2.53138750e-006	-2.53138745e-006	5.46384585e-010	
3.78676208e+001	2.49266716e-006	-2.49266709e-006	6.19124740e-010	
3.79677996e+001	2.45706972e-006	-2.45706963e-006	6.88638743e-010	
3.80679785e+001	2.41712439e-006	-2.41712428e-006	7.45351094e-010	
3.81681574e+001	2.36734457e-006	-2.36734443e-006	7.93376950e-010	
3.82683363e+001	2.31558335e-006	-2.31558320e-006	8.41085032e-010	
3.83685152e+001	2.26382213e-006	-2.26382196e-006	8.88793115e-010	
3.84686941e+001	2.22273112e-006	-2.22273093e-006	9.17240245e-010	
3.85688730e+001	2.18308870e-006	-2.18308850e-006	9.43072507e-010	
3.86690519e+001	2.14329806e-006	-2.14329784e-006	9.68707450e-010	
3.87692308e+001	2.10171007e-006	-2.10170984e-006	9.91949622e-010	
3.88694097e+001	2.06012209e-006	-2.06012184e-006	1.01519179e-009	
3.89695886e+001	2.02057256e-006	-2.02057230e-006	1.03166989e-009	
3.90697674e+001	1.98196722e-006	-1.98196694e-006	1.04501495e-009	
3.91699463e+001	1.94336188e-006	-1.94336159e-006	1.05836001e-009	
3.92701252e+001	1.90393299e-006	-1.90393269e-006	1.07250831e-009	
3.93703041e+001	1.86296307e-006	-1.86296275e-006	1.08815967e-009	
3.94704830e+001	1.82199315e-006	-1.82199281e-006	1.10381103e-009	
3.95706619e+001	1.78368583e-006	-1.78368548e-006	1.11200092e-009	
3.96708408e+001	1.75164290e-006	-1.75164255e-006	1.11489896e-009	
3.97710197e+001	1.72001186e-006	-1.72001150e-006	1.12268672e-009	
3.98711986e+001	1.68846161e-006	-1.68846123e-006	1.13143348e-009	
3.99713775e+001	1.65691136e-006	-1.65691097e-006	1.14018025e-009	
4.00715564e+001	1.62536111e-006	-1.62536070e-006	1.14892702e-009	
4.01717352e+001	1.59366549e-006	-1.59366508e-006	1.14591778e-009	
4.02719141e+001	1.56195039e-006	-1.56194997e-006	1.14133322e-009	
4.03720930e+001	1.53023529e-006	-1.53023486e-006	1.13674867e-009	
4.04722719e+001	1.49852019e-006	-1.49851976e-006	1.13216411e-009	
4.05724508e+001	1.46969018e-006	-1.46968975e-006	1.12911864e-009	
4.06726297e+001	1.44518911e-006	-1.44518866e-006	1.12912401e-009	
4.07728086e+001	1.42068803e-006	-1.42068758e-006	1.12912938e-009	
4.08729875e+001	1.39618695e-006	-1.39618650e-006	1.12913475e-009	
4.09731664e+001	1.37077068e-006	-1.37077021e-006	1.12649487e-009	
4.10733453e+001	1.34329683e-006	-1.34329636e-006	1.11790791e-009	
4.11735242e+001	1.31537293e-006	-1.31537247e-006	1.10798037e-009	
4.12737030e+001	1.28690500e-006	-1.28690453e-006	1.09643230e-009	
4.13738819e+001	1.25843707e-006	-1.25843660e-006	1.08488422e-009	
4.14740608e+001	1.23290812e-006	-1.23290765e-006	1.07569702e-009	
4.15742397e+001	1.21643425e-006	-1.21643378e-006	1.07384055e-009	
4.16744186e+001	1.19813382e-006	-1.19813334e-006	1.07105241e-009	
4.17745975e+001	1.17983339e-006	-1.17983291e-006	1.06826426e-009	
4.18747764e+001	1.16121071e-006	-1.16121022e-006	1.06494747e-009	
4.19749553e+001	1.13861844e-006	-1.13861795e-006	1.05511870e-009	
4.20751342e+001	1.11602618e-006	-1.11602569e-006	1.04528994e-009	
4.21753131e+001	1.09772522e-006	-1.09772473e-006	1.03895595e-009	
4.22754919e+001	1.08385178e-006	-1.08385129e-006	1.03622765e-009	
4.23756708e+001	1.06792811e-006	-1.06792761e-006	1.02981536e-009	
4.24758497e+001	1.05040071e-006	-1.05040022e-006	1.02052142e-009	
4.25760286e+001	1.03287332e-006	-1.03287282e-006	1.01122747e-009	
4.26762075e+001	1.01534593e-006	-1.01534543e-006	1.00193353e-009	
4.27763864e+001	9.97818533e-007	-9.97818039e-007	9.92639584e-010	
4.28765653e+001	9.78918669e-007	-9.78918177e-007	9.81444691e-010	
4.29767442e+001	9.59621748e-007	-9.59621258e-007	9.69699853e-010	
4.30769231e+001	9.40520787e-007	-9.40520300e-007	9.57640555e-010	
4.31771020e+001	9.21454901e-007	-9.21454416e-007	9.45524974e-010	
4.32772809e+001	9.02389014e-007	-9.02388532e-007	9.33409393e-010	
4.33774597e+001	8.85441677e-007	-8.85441196e-007	9.22715934e-010	
4.34776386e+001	8.70648886e-007	-8.70648407e-007	9.13468758e-010	
4.35778175e+001	8.55856095e-007	-8.55855617e-007	9.04221583e-010	
4.36779964e+001	8.41063303e-007	-8.41062827e-007	8.94974408e-010	
4.37781753e+001	8.27205476e-007	-8.27205001e-007	8.86684873e-010	
4.38783542e+001	8.16149851e-007	-8.16149376e-007	8.80984570e-010	
4.39785331e+001	8.05094226e-007	-8.05093750e-007	8.75284267e-010	
4.40787120e+001	7.94038601e-007	-7.94038125e-007	8.69583964e-010	
4.41788909e+001	7.82982976e-007	-7.82982500e-007	8.63883661e-010	
4.42790698e+001	7.68666153e-007	-7.68665680e-007	8.52140688e-010	
4.43792487e+001	7.53571992e-007	-7.53571525e-007	8.38957388e-010	
4.44794275e+001	7.41246113e-007	-7.41245650e-007	8.28995676e-010	
4.45796064e+001	7.29027039e-007	-7.29026579e-007	8.19158256e-010	
4.46797853e+001	7.16807965e-007	-7.16807508e-007	8.09320837e-010	
4.47799642e+001	7.04588890e-007	-7.04588437e-007	7.99483417e-010	
4.48801431e+001	6.91473066e-007	-6.91472615e-007	7.89125194e-010	
4.49803220e+001	6.78917840e-007	-6.78917394e-007	7.78540496e-010	
4.50805009e+001	6.66278611e-007	-6.66278168e-007	7.67750395e-010	
4.51806798e+001	6.53823784e-007	-6.53823345e-007	7.57461469e-010	
4.52808587e+001	6.41377780e-007	-6.41377345e-007	7.47196525e-010	
4.53810376e+001	6.29090491e-007	-6.29090059e-007	7.37020197e-010	
4.54812165e+001	6.18858903e-007	-6.18858475e-007	7.28115117e-010	
4.55813953e+001	6.09435288e-007	-6.09434863e-007	7.19743181e-010	
4.56815742e+001	5.99634218e-007	-5.99633796e-007	7.10974459e-010	
4.57817531e+001	5.89833147e-007	-5.89832729e-007	7.02205738e-010	
4.58819320e+001	5.80032077e-007	-5.80031662e-007	6.93437016e-010	
4.59821109e+001	5.69931401e-007	-5.69930990e-007	6.84111784e-010	
4.60822898e+001	5.59760062e-007	-5.59759656e-007	6.74655299e-010	
4.61824687e+001	5.49588724e-007	-5.49588321e-007	6.65198814e-010	
4.62826476e+001	5.39557101e-007	-5.39556702e-007	6.55949365e-010	
4.63828265e+001	5.31724613e-007	-5.31724217e-007	6.48768751e-010	
4.64830054e+001	5.24675741e-007	-5.24675348e-007	6.42289806e-010	
4.65831843e+001	5.17614817e-007	-5.17614426e-007	6.35792755e-010	
4.66833631e+001	5.10553893e-007	-5.10553505e-007	6.29295703e-010	
4.67835420e+001	5.03492969e-007	-5.03492584e-007	6.22798652e-010	
4.68837209e+001	4.93904979e-007	-4.93904599e-007	6.13291576e-010	
4.69838998e+001	4.85172684e-007	-4.85172307e-007	6.04690692e-010	
4.70840787e+001	4.75786323e-007	-4.75785951e-007	5.95267560e-010	
4.71842576e+001	4.66399963e-007	-4.66399595e-007	5.85844427e-010	
4.72844365e+001	4.56550260e-007	-4.56549898e-007	5.74834960e-010	
4.73846154e+001	4.46691142e-007	-4.46690786e-007	5.63793256e-010	
4.74847943e+001	4.36832023e-007	-4.36831673e-007	5.52751553e-010	
4.75849732e+001	4.28306701e-007	-4.28306357e-007	5.43450907e-010	
4.76851521e+001	4.23689148e-007	-4.23688805e-007	5.39143069e-010	
4.77853309e+001	4.19129359e-007	-4.19129018e-007	5.34964155e-010	
4.78855098e+001	4.14569571e-007	-4.14569231e-007	5.30785241e-010	
4.79856887e+001	4.08076898e-007	-4.08076562e-007	5.24083227e-010	
4.80858676e+001	4.00205600e-007	-4.00205269e-007	5.15350501e-010	
4.81860465e+001	3.92366480e-007	-3.92366153e-007	5.06629478e-010	
4.82862254e+001	3.84527361e-007	-3.84527038e-007	4.97908455e-010	
4.83864043e+001	3.76722880e-007	-3.76722562e-007	4.89077355e-010	
4.84865832e+001	3.68949839e-007	-3.68949527e-007	4.80146342e-010	
4.85867621e+001	3.60767546e-007	-3.60767239e-007	4.70521776e-010	
4.86869410e+001	3.52557726e-007	-3.52557425e-007	4.60850561e-010	
4.87871199e+001	3.44347906e-007	-3.44347610e-007	4.51179347e-010	
4.88872987e+001	3.37419680e-007	-3.37419389e-007	4.42976668e-010	
4.89874776e+001	3.31180173e-007	-3.31179886e-007	4.35563170e-010	
4.90876565e+001	3.24940666e-007	-3.24940384e-007	4.28149672e-010	
4.91878354e+001	3.18716277e-007	-3.18715999e-007	4.20836029e-010	
4.92880143e+001	3.12505732e-007	-3.12505458e-007	4.13613823e-010	
4.93881932e+001	3.06556510e-007	-3.06556241e-007	4.06719978e-010	
4.94883721e+001	3.01562208e-007	-3.01561941e-007	4.00939029e-010	
4.95885510e+001	2.96961533e-007	-2.96961270e-007	3.95522361e-010	
4.96887299e+001	2.92142223e-007	-2.92141963e-007	3.89867517e-010	
4.97889088e+001	2.86880648e-007	-2.86880392e-007	3.83730883e-010	
4.98890877e+001	2.81619074e-007	-2.81618820e-007	3.77594249e-010	
4.99892665e+001	2.75776529e-007	-2.75776280e-007	3.70552868e-010	
5.00894454e+001	2.69243913e-007	-2.69243669e-007	3.62345864e-010	
5.01896243e+001	2.62906692e-007	-2.62906453e-007	3.54333525e-010	
5.02898032e+001	2.56531414e-007	-2.56531180e-007	3.46324835e-010	
5.03899821e+001	2.50240737e-007	-2.50240508e-007	3.38460115e-010	
5.04901610e+001	2.44825672e-007	-2.44825448e-007	3.31642406e-010	
5.05903399e+001	2.39238559e-007	-2.39238338e-007	3.24706411e-010	
5.06905188e+001	2.33684728e-007	-2.33684512e-007	3.17786179e-010	
5.07906977e+001	2.28316111e-007	-2.28315899e-007	3.10953668e-010	
5.08908766e+001	2.22947494e-007	-2.22947287e-007	3.04121158e-010	
5.09910555e+001	2.17578877e-007	-2.17578674e-007	2.97288647e-010	
5.10912343e+001	2.12251848e-007	-2.12251650e-007	2.90338030e-010	
5.11914132e+001	2.08678712e-007	-2.08678516e-007	2.85807833e-010	
5.12915921e+001	2.05325500e-007	-2.05325307e-007	2.81581489e-010	
5.13917710e+001	2.01352433e-007	-2.01352243e-007	2.76496716e-010	
5.14919499e+001	1.96541580e-007	-1.96541395e-007	2.70251707e-010	
5.15921288e+001	1.91716311e-007	-1.91716129e-007	2.63981865e-010	
5.16923077e+001	1.86653008e-007	-1.86652831e-007	2.57302049e-010	
5.17924866e+001	1.81596622e-007	-1.81596449e-007	2.50626057e-010	
5.18926655e+001	1.76619999e-007	-1.76619830e-007	2.43994153e-010	
5.19928444e+001	1.71643375e-007	-1.71643210e-007	2.37362249e-010	
5.20930233e+001	1.66666751e-007	-1.66666591e-007	2.30730346e-010	
5.21932021e+001	1.61690127e-007	-1.61689971e-007	2.24098442e-010	
5.22933810e+001	1.57622475e-007	-1.57622323e-007	2.18671529e-010	
5.23935599e+001	1.53573289e-007	-1.53573141e-007	2.13269096e-010	
5.24937388e+001	1.48698026e-007	-1.48697883e-007	2.06721211e-010	
5.25939177e+001	1.43479285e-007	-1.43479146e-007	1.99697055e-010	
5.26940966e+001	1.38297050e-007	-1.38296915e-007	1.92719244e-010	
5.27942755e+001	1.34358905e-007	-1.34358774e-007	1.87320867e-010	
5.28944544e+001	1.30420760e-007	-1.30420633e-007	1.81922491e-010	
5.29946333e+001	1.26482615e-007	-1.26482491e-007	1.76524114e-010	
5.30948122e+001	1.22544470e-007	-1.22544350e-007	1.71125737e-010	
5.31949911e+001	1.18606325e-007	-1.18606209e-007	1.65727361e-010	
5.32951699e+001	1.14532576e-007	-1.14532464e-007	1.60161491e-010	
5.33953488e+001	1.10126971e-007	-1.10126864e-007	1.54132440e-010	
5.34955277e+001	1.04948313e-007	-1.04948210e-007	1.46982889e-010	
5.35957066e+001	9.97696538e-008	-9.97695558e-008	1.39833339e-010	
5.36958855e+001	9.45909949e-008	-9.45909019e-008	1.32683788e-010	
5.37960644e+001	8.94123361e-008	-8.94122480e-008	1.25534238e-010	
5.38962433e+001	8.54093806e-008	-8.54092963e-008	1.19992548e-010	
5.39964222e+001	8.16534697e-008	-8.16533890e-008	1.14761157e-010	
5.40966011e+001	7.78975588e-008	-7.78974818e-008	1.09529767e-010	
5.41967800e+001	7.41416479e-008	-7.41415745e-008	1.04298376e-010	
5.42969589e+001	7.03857369e-008	-7.03856672e-008	9.90669855e-011	
5.43971377e+001	6.66298260e-008	-6.66297600e-008	9.38355949e-011	
5.44973166e+001	6.20135557e-008	-6.20134942e-008	8.73622473e-011	
5.45974955e+001	5.71949784e-008	-5.71949216e-008	8.05968629e-011	
5.46976744e+001	5.23764011e-008	-5.23763491e-008	7.38314785e-011	
5.47978533e+001	4.75790919e-008	-4.75790446e-008	6.70980599e-011	
5.48980322e+001	4.33972838e-008	-4.33972406e-008	6.12178549e-011	
5.49982111e+001	3.93324472e-008	-3.93324080e-008	5.54897781e-011	
5.50983900e+001	3.52676105e-008	-3.52675754e-008	4.97617012e-011	
5.51985689e+001	3.12027739e-008	-3.12027429e-008	4.40336244e-011	
5.52987478e+001	2.71772314e-008	-2.71772043e-008	3.83605571e-011	
5.53989267e+001	2.34777480e-008	-2.34777246e-008	3.31360276e-011	
5.54991055e+001	1.97369229e-008	-1.97369033e-008	2.78522664e-011	
5.55992844e+001	1.59096956e-008	-1.59096798e-008	2.24482719e-011	
5.56994633e+001	1.16686366e-008	-1.16686250e-008	1.64388507e-011	
5.57996422e+001	7.87625957e-009	-7.87625182e-009	1.10537246e-011	
5.58998211e+001	3.95697484e-009	-3.95697104e-009	5.48657159e-012	
5.60000000e+001	7.31443378e-010	-7.31442801e-010	9.18520172e-013	
