% Column 0: Length, cm
% Column 1: |B.n|, Tesla
% Column 2: Re[B.n], Tesla
% Column 3: Im[B.n], Tesla
0.00000000e+000	1.10195950e-009	-1.10189501e-009	-1.19220130e-011	
1.00178891e-001	1.72919884e-008	-1.72910235e-008	-1.82676943e-010	
2.00357782e-001	3.40414028e-008	-3.40395210e-008	-3.57926248e-010	
3.00536673e-001	5.14210829e-008	-5.14181993e-008	-5.44563119e-010	
4.00715564e-001	7.03151349e-008	-7.03112163e-008	-7.42331627e-010	
5.00894454e-001	8.84998004e-008	-8.84949164e-008	-9.29752675e-010	
6.01073345e-001	1.06946807e-007	-1.06940971e-007	-1.11724143e-009	
7.01252236e-001	1.25138435e-007	-1.25131714e-007	-1.29695338e-009	
8.01431127e-001	1.43282258e-007	-1.43274664e-007	-1.47519169e-009	
9.01610018e-001	1.60864510e-007	-1.60856189e-007	-1.63611977e-009	
1.00178891e+000	1.78446763e-007	-1.78437714e-007	-1.79704784e-009	
1.10196780e+000	1.96448182e-007	-1.96438462e-007	-1.95425833e-009	
1.20214669e+000	2.15764082e-007	-2.15753827e-007	-2.10368391e-009	
1.30232558e+000	2.37024604e-007	-2.37013945e-007	-2.24775972e-009	
1.40250447e+000	2.57850726e-007	-2.57839591e-007	-2.39635740e-009	
1.50268336e+000	2.78676857e-007	-2.78665236e-007	-2.54495508e-009	
1.60286225e+000	3.00548667e-007	-3.00536718e-007	-2.67998973e-009	
1.70304114e+000	3.24806018e-007	-3.24794086e-007	-2.78408282e-009	
1.80322004e+000	3.49063402e-007	-3.49051454e-007	-2.88817590e-009	
1.90339893e+000	3.71222360e-007	-3.71209983e-007	-3.03135671e-009	
2.00357782e+000	3.95777746e-007	-3.95765302e-007	-3.13846048e-009	
2.10375671e+000	4.22543926e-007	-4.22531717e-007	-3.21202980e-009	
2.20393560e+000	4.49121904e-007	-4.49109886e-007	-3.28557444e-009	
2.30411449e+000	4.73806045e-007	-4.73794139e-007	-3.35887077e-009	
2.40429338e+000	4.99367595e-007	-4.99355872e-007	-3.42173522e-009	
2.50447227e+000	5.30752848e-007	-5.30741760e-007	-3.43072398e-009	
2.60465116e+000	5.62884705e-007	-5.62873919e-007	-3.48462703e-009	
2.70483005e+000	5.95016600e-007	-5.95006078e-007	-3.53853007e-009	
2.80500894e+000	6.27148527e-007	-6.27138238e-007	-3.59243311e-009	
2.90518784e+000	6.59308155e-007	-6.59298565e-007	-3.55592509e-009	
3.00536673e+000	6.91486697e-007	-6.91478051e-007	-3.45792636e-009	
3.10554562e+000	7.23665336e-007	-7.23657536e-007	-3.35992762e-009	
3.20572451e+000	7.55844060e-007	-7.55837022e-007	-3.26192889e-009	
3.30590340e+000	7.88357547e-007	-7.88351090e-007	-3.19073929e-009	
3.40608229e+000	8.33044597e-007	-8.33039013e-007	-3.05027718e-009	
3.50626118e+000	8.77209166e-007	-8.77204706e-007	-2.79713503e-009	
3.60644007e+000	9.21373912e-007	-9.21370400e-007	-2.54399288e-009	
3.70661896e+000	9.65538812e-007	-9.65536094e-007	-2.29085073e-009	
3.80679785e+000	1.00796325e-006	-1.00796115e-006	-2.05771632e-009	
3.90697674e+000	1.04986628e-006	-1.04986469e-006	-1.82364168e-009	
4.00715564e+000	1.09457185e-006	-1.09457079e-006	-1.52581689e-009	
4.10733453e+000	1.13927755e-006	-1.13927688e-006	-1.22799209e-009	
4.20751342e+000	1.18398335e-006	-1.18398298e-006	-9.30167293e-010	
4.30769231e+000	1.23381949e-006	-1.23381934e-006	-5.95377576e-010	
4.40787120e+000	1.30392083e-006	-1.30392082e-006	-1.14572393e-010	
4.50805009e+000	1.36893499e-006	-1.36893487e-006	5.65186548e-010	
4.60822898e+000	1.42508662e-006	-1.42508573e-006	1.59155815e-009	
4.70840787e+000	1.48125982e-006	-1.48125753e-006	2.60749661e-009	
4.80858676e+000	1.54082708e-006	-1.54082327e-006	3.42572063e-009	
4.90876565e+000	1.60247357e-006	-1.60246816e-006	4.16294387e-009	
5.00894454e+000	1.66351934e-006	-1.66351238e-006	4.81152840e-009	
5.10912343e+000	1.72456525e-006	-1.72455660e-006	5.46011294e-009	
5.20930233e+000	1.79710981e-006	-1.79709809e-006	6.48847727e-009	
5.30948122e+000	1.86359362e-006	-1.86357724e-006	7.81225967e-009	
5.40966011e+000	1.92789811e-006	-1.92787640e-006	9.14927376e-009	
5.50983900e+000	1.99220317e-006	-1.99217557e-006	1.04862878e-008	
5.61001789e+000	2.05650872e-006	-2.05647473e-006	1.18233019e-008	
5.71019678e+000	2.16262593e-006	-2.16258142e-006	1.38743552e-008	
5.81037567e+000	2.25776454e-006	-2.25770583e-006	1.62819261e-008	
5.91055456e+000	2.34111398e-006	-2.34104332e-006	1.81888912e-008	
6.01073345e+000	2.42275545e-006	-2.42267271e-006	2.00233114e-008	
6.11091234e+000	2.48270956e-006	-2.48261451e-006	2.17247098e-008	
6.21109123e+000	2.53176450e-006	-2.53165673e-006	2.33592552e-008	
6.31127013e+000	2.58081998e-006	-2.58069896e-006	2.49938006e-008	
6.41144902e+000	2.63131426e-006	-2.63117915e-006	2.66649985e-008	
6.51162791e+000	2.69955352e-006	-2.69940001e-006	2.87883894e-008	
6.61180680e+000	2.76779349e-006	-2.76762087e-006	3.09117803e-008	
6.71198569e+000	2.84514268e-006	-2.84495194e-006	3.29442790e-008	
6.81216458e+000	2.91904950e-006	-2.91884534e-006	3.45230949e-008	
6.91234347e+000	2.98711992e-006	-2.98690637e-006	3.57174800e-008	
7.01252236e+000	3.05519038e-006	-3.05496740e-006	3.69118652e-008	
7.11270125e+000	3.12974664e-006	-3.12952862e-006	3.69413890e-008	
7.21288014e+000	3.17263526e-006	-3.17244418e-006	3.48198517e-008	
7.31305903e+000	3.25172029e-006	-3.25158936e-006	2.91801555e-008	
7.41323792e+000	3.33204983e-006	-3.33197220e-006	2.27457052e-008	
7.51341682e+000	3.50359773e-006	-3.50359759e-006	9.62502012e-010	
7.61359571e+000	3.66141555e-006	-3.66112756e-006	-4.59219401e-008	
7.71377460e+000	4.00480024e-006	-4.00086037e-006	-1.77598673e-007	
7.81395349e+000	3.83705186e-006	-3.83694958e-006	-2.80154846e-008	
7.91413238e+000	9.95543760e-007	-6.97758461e-007	7.10098943e-007	
8.01431127e+000	2.12742566e-007	-6.88182518e-008	2.01304365e-007	
8.11449016e+000	1.38134420e-007	-9.07217548e-008	1.04166603e-007	
8.21466905e+000	9.26742952e-008	-6.76965208e-008	6.32906476e-008	
8.31484794e+000	6.47965032e-008	-4.04307200e-008	5.06353997e-008	
8.41502683e+000	5.45202981e-008	-4.69873744e-008	2.76522975e-008	
8.51520572e+000	3.12614750e-008	-1.71176819e-008	2.61584553e-008	
8.61538462e+000	3.42953916e-008	-3.08344550e-008	1.50136694e-008	
8.71556351e+000	1.81304547e-008	-1.06751519e-008	1.46545051e-008	
8.81574240e+000	1.67760374e-008	-1.55459165e-008	6.30554629e-009	
8.91592129e+000	7.98496827e-009	-5.86474701e-009	5.41889849e-009	
9.01610018e+000	7.05624747e-009	3.82373700e-009	5.93040165e-009	
9.11627907e+000	3.83826867e-009	3.64426062e-009	1.20485305e-009	
9.21645796e+000	4.23447767e-009	1.00629620e-009	-4.11317020e-009	
9.31663685e+000	9.52303935e-009	5.37687506e-009	-7.85986597e-009	
9.41681574e+000	1.03471745e-008	1.93588502e-009	-1.01644661e-008	
9.51699463e+000	1.95402585e-008	1.05798287e-008	-1.64282965e-008	
9.61717352e+000	3.28799213e-008	2.28927472e-008	-2.36010878e-008	
9.71735242e+000	4.44862437e-008	1.79762024e-008	-4.06925304e-008	
9.81753131e+000	1.70283205e-007	9.67269206e-008	-1.40143757e-007	
9.91771020e+000	6.84998148e-007	6.73443677e-007	-1.25283987e-007	
1.00178891e+001	8.32364975e-007	8.31442579e-007	3.91751198e-008	
1.01180680e+001	6.47142683e-007	6.46740375e-007	-2.28153336e-008	
1.02182469e+001	5.72997632e-007	5.71471184e-007	-4.17968054e-008	
1.03184258e+001	5.22343759e-007	5.19442314e-007	-5.49789482e-008	
1.04186047e+001	5.27831960e-007	5.23975714e-007	-6.36869595e-008	
1.05187835e+001	5.43943463e-007	5.39205618e-007	-7.16365292e-008	
1.06189624e+001	5.88079547e-007	5.83059600e-007	-7.66750114e-008	
1.07191413e+001	6.33280288e-007	6.28021749e-007	-8.14408106e-008	
1.08193202e+001	6.93103493e-007	6.87638501e-007	-8.68662401e-008	
1.09194991e+001	7.37882269e-007	7.32277114e-007	-9.07770452e-008	
1.10196780e+001	7.54880463e-007	7.48736170e-007	-9.61179574e-008	
1.11198569e+001	7.52174966e-007	7.44961950e-007	-1.03917624e-007	
1.12200358e+001	7.28536639e-007	7.19446378e-007	-1.14728129e-007	
1.13202147e+001	7.49396776e-007	7.37785921e-007	-1.31405715e-007	
1.14203936e+001	8.16667847e-007	8.02675125e-007	-1.50529119e-007	
1.15205725e+001	9.17444763e-007	9.00367796e-007	-1.76189456e-007	
1.16207513e+001	9.91077009e-007	9.70677298e-007	-2.00048046e-007	
1.17209302e+001	1.13921565e-006	1.11509207e-006	-2.33199429e-007	
1.18211091e+001	1.39236820e-006	1.36292656e-006	-2.84816433e-007	
1.19212880e+001	1.70094911e-006	1.66523164e-006	-3.46744115e-007	
1.20214669e+001	2.03180774e-006	1.98939898e-006	-4.12958057e-007	
1.21216458e+001	2.47575336e-006	2.42947210e-006	-4.76466135e-007	
1.22218247e+001	3.23856031e-006	3.18802592e-006	-5.69880324e-007	
1.23220036e+001	3.79261958e-006	3.74181183e-006	-6.18714389e-007	
1.24221825e+001	4.12470076e-006	4.07746289e-006	-6.22457062e-007	
1.25223614e+001	4.37650771e-006	4.33521951e-006	-5.99742914e-007	
1.26225403e+001	4.59464628e-006	4.55556846e-006	-5.97971925e-007	
1.27227191e+001	3.99244120e-006	3.95140310e-006	-5.70964335e-007	
1.28228980e+001	3.18973244e-006	3.14485562e-006	-5.33175568e-007	
1.29230769e+001	2.30387422e-006	2.25294741e-006	-4.81730588e-007	
1.30232558e+001	1.60971817e-006	1.54937429e-006	-4.36614154e-007	
1.31234347e+001	3.33455740e-007	4.22434259e-008	-3.30769139e-007	
1.32236136e+001	6.85094743e-007	-6.43218912e-007	-2.35847913e-007	
1.33237925e+001	1.00897051e-006	-9.99546784e-007	-1.37578002e-007	
1.34239714e+001	1.87692336e-006	-1.87609626e-006	5.57147323e-008	
1.35241503e+001	8.16216635e-007	-7.78186431e-007	2.46242715e-007	
1.36243292e+001	3.53929236e-007	2.47338413e-007	2.53159265e-007	
1.37245081e+001	1.98787208e-006	1.98784759e-006	9.86709644e-009	
1.38246869e+001	3.08994181e-006	3.08390978e-006	-1.92978932e-007	
1.39248658e+001	3.99020966e-006	3.97058239e-006	-3.95282951e-007	
1.40250447e+001	5.40947883e-006	5.36777987e-006	-6.70373415e-007	
1.41252236e+001	6.40418501e-006	6.34620360e-006	-8.59817137e-007	
1.42254025e+001	7.20470654e-006	7.12997908e-006	-1.03498538e-006	
1.43255814e+001	8.62368575e-006	8.52688317e-006	-1.28849500e-006	
1.44257603e+001	1.07395937e-005	1.06248161e-005	-1.56593644e-006	
1.45259392e+001	1.22556036e-005	1.21175019e-005	-1.83465707e-006	
1.46261181e+001	1.44628782e-005	1.42845687e-005	-2.26405418e-006	
1.47262970e+001	1.74842788e-005	1.72566098e-005	-2.81236976e-006	
1.48264758e+001	2.02967178e-005	2.00156802e-005	-3.36590235e-006	
1.49266547e+001	2.68449430e-005	2.64857499e-005	-4.37675899e-006	
1.50268336e+001	3.52726837e-005	3.48704164e-005	-5.31189915e-006	
1.51270125e+001	4.39053847e-005	4.33657217e-005	-6.86272446e-006	
1.52271914e+001	5.88061593e-005	5.82073820e-005	-8.37048677e-006	
1.53273703e+001	8.43018628e-005	8.37598754e-005	-9.54396886e-006	
1.54275492e+001	1.12942447e-004	1.12712715e-004	-7.19999928e-006	
1.55277281e+001	1.36240099e-004	1.36185711e-004	-3.84922672e-006	
1.56279070e+001	1.54357404e-004	1.54357170e-004	2.68730597e-007	
1.57280859e+001	1.64384677e-004	1.64364772e-004	2.55802006e-006	
1.58282648e+001	1.65195906e-004	1.65161828e-004	3.35531805e-006	
1.59284436e+001	1.65711151e-004	1.65665635e-004	3.88371327e-006	
1.60286225e+001	1.58814290e-004	1.58776572e-004	3.46104713e-006	
1.61288014e+001	1.55812140e-004	1.55781706e-004	3.07946165e-006	
1.62289803e+001	1.55749155e-004	1.55718976e-004	3.06591735e-006	
1.63291592e+001	1.55686171e-004	1.55656246e-004	3.05237305e-006	
1.64293381e+001	1.55533211e-004	1.55506281e-004	2.89416274e-006	
1.65295170e+001	1.55341221e-004	1.55318225e-004	2.67278573e-006	
1.66296959e+001	1.55149537e-004	1.55130170e-004	2.45140872e-006	
1.67298748e+001	1.55176515e-004	1.55160001e-004	2.26382847e-006	
1.68300537e+001	1.56374543e-004	1.56359317e-004	2.18210987e-006	
1.69302326e+001	1.58021803e-004	1.58008291e-004	2.06646438e-006	
1.70304114e+001	1.59669183e-004	1.59657265e-004	1.95081889e-006	
1.71305903e+001	1.61316678e-004	1.61306239e-004	1.83517340e-006	
1.72307692e+001	1.62797276e-004	1.62788264e-004	1.71297233e-006	
1.73309481e+001	1.66064248e-004	1.66056036e-004	1.65144512e-006	
1.74311270e+001	1.70044464e-004	1.70036792e-004	1.61525606e-006	
1.75313059e+001	1.74024713e-004	1.74017549e-004	1.57906701e-006	
1.76314848e+001	1.78004992e-004	1.77998305e-004	1.54287795e-006	
1.77316637e+001	1.81985298e-004	1.81979061e-004	1.50668890e-006	
1.78318426e+001	1.85965631e-004	1.85959818e-004	1.47049984e-006	
1.79320215e+001	1.89945989e-004	1.89940574e-004	1.43431079e-006	
1.80322004e+001	1.95801187e-004	1.95796060e-004	1.41705028e-006	
1.81323792e+001	2.00039611e-004	2.00034862e-004	1.37840359e-006	
1.82325581e+001	2.03952804e-004	2.03948434e-004	1.33512029e-006	
1.83327370e+001	2.07866021e-004	2.07862007e-004	1.29183698e-006	
1.84329159e+001	2.13044851e-004	2.13041196e-004	1.24788241e-006	
1.85330948e+001	2.20291748e-004	2.20288464e-004	1.20283098e-006	
1.86332737e+001	2.27538677e-004	2.27535731e-004	1.15777954e-006	
1.87334526e+001	2.34877495e-004	2.34874832e-004	1.11843863e-006	
1.88336315e+001	2.43956307e-004	2.43953699e-004	1.12796709e-006	
1.89338104e+001	2.50776306e-004	2.50774309e-004	1.00072051e-006	
1.90339893e+001	2.57547252e-004	2.57545778e-004	8.71373811e-007	
1.91341682e+001	2.64318288e-004	2.64317247e-004	7.42027113e-007	
1.92343470e+001	2.72675916e-004	2.72675177e-004	6.34679482e-007	
1.93345259e+001	2.81725582e-004	2.81725437e-004	2.85387706e-007	
1.94347048e+001	2.85494548e-004	2.85494486e-004	-1.88473218e-007	
1.95348837e+001	2.87834928e-004	2.87834492e-004	-5.01420968e-007	
1.96350626e+001	2.90175640e-004	2.90174497e-004	-8.14368717e-007	
1.97352415e+001	2.92516675e-004	2.92514503e-004	-1.12731647e-006	
1.98354204e+001	2.94858026e-004	2.94854508e-004	-1.44026422e-006	
1.99355993e+001	2.90161160e-004	2.90152405e-004	-2.25399346e-006	
2.00357782e+001	2.80224194e-004	2.80211158e-004	-2.70293208e-006	
2.01359571e+001	2.69886233e-004	2.69868700e-004	-3.07623446e-006	
2.02361360e+001	2.60867237e-004	2.60845060e-004	-3.40142995e-006	
2.03363148e+001	2.52601006e-004	2.52573918e-004	-3.69917633e-006	
2.04364937e+001	2.44335470e-004	2.44302776e-004	-3.99692272e-006	
2.05366726e+001	2.27433315e-004	2.27397683e-004	-4.02570866e-006	
2.06368515e+001	2.05243291e-004	2.05206427e-004	-3.88982274e-006	
2.07370304e+001	1.83830147e-004	1.83791798e-004	-3.75470703e-006	
2.08372093e+001	1.65328796e-004	1.65291301e-004	-3.52088002e-006	
2.09373882e+001	1.44934288e-004	1.44900031e-004	-3.15101126e-006	
2.10375671e+001	1.24539818e-004	1.24508761e-004	-2.78114249e-006	
2.11377460e+001	1.06306391e-004	1.06278449e-004	-2.43720276e-006	
2.12379249e+001	8.15389866e-005	8.15178376e-005	-1.85701109e-006	
2.13381038e+001	5.67715860e-005	5.67572261e-005	-1.27681942e-006	
2.14382826e+001	3.34773526e-005	3.34692159e-005	-7.38055893e-007	
2.15384615e+001	1.07107976e-005	1.07086569e-005	-2.14130947e-007	
2.16386404e+001	1.27461103e-005	-1.27412978e-005	3.50226561e-007	
2.17388193e+001	3.71713916e-005	-3.71589504e-005	9.61642479e-007	
2.18389982e+001	5.90960452e-005	-5.90774429e-005	1.48266774e-006	
2.19391771e+001	7.78356471e-005	-7.78126407e-005	1.89233020e-006	
2.20393560e+001	9.67931364e-005	-9.67657211e-005	2.30357886e-006	
2.21395349e+001	1.15890810e-004	-1.15858983e-004	2.71584804e-006	
2.22397138e+001	1.33736363e-004	-1.33701097e-004	3.07104760e-006	
2.23398927e+001	1.55907652e-004	-1.55870141e-004	3.41983889e-006	
2.24400716e+001	1.80223558e-004	-1.80183473e-004	3.80094986e-006	
2.25402504e+001	2.04539563e-004	-2.04496805e-004	4.18206084e-006	
2.26404293e+001	2.18068550e-004	-2.18027390e-004	4.23669286e-006	
2.27406082e+001	2.27742728e-004	-2.27707135e-004	4.02627998e-006	
2.28407871e+001	2.38097507e-004	-2.38067362e-004	3.78871569e-006	
2.29409660e+001	2.48452968e-004	-2.48427589e-004	3.55115140e-006	
2.30411449e+001	2.58838805e-004	-2.58817573e-004	3.31521024e-006	
2.31413238e+001	2.71575056e-004	-2.71556347e-004	3.18770757e-006	
2.32415027e+001	2.78571551e-004	-2.78560379e-004	2.49488564e-006	
2.33416816e+001	2.85570097e-004	-2.85564411e-004	1.80206370e-006	
2.34418605e+001	2.92570546e-004	-2.92568443e-004	1.10924177e-006	
2.35420394e+001	2.97049746e-004	-2.97049170e-004	5.85129081e-007	
2.36422182e+001	2.91752936e-004	-2.91752741e-004	3.37216007e-007	
2.37423971e+001	2.84953311e-004	-2.84953301e-004	7.28100599e-008	
2.38425760e+001	2.78153928e-004	-2.78153862e-004	-1.91595887e-007	
2.39427549e+001	2.71354806e-004	-2.71354423e-004	-4.56001834e-007	
2.40429338e+001	2.65245774e-004	-2.65245075e-004	-6.09280070e-007	
2.41431127e+001	2.59639950e-004	-2.59639056e-004	-6.81505545e-007	
2.42432916e+001	2.52275814e-004	-2.52274601e-004	-7.82191125e-007	
2.43434705e+001	2.44470450e-004	-2.44468830e-004	-8.90019360e-007	
2.44436494e+001	2.35496758e-004	-2.35495004e-004	-9.08850593e-007	
2.45438283e+001	2.26874219e-004	-2.26872460e-004	-8.93354260e-007	
2.46440072e+001	2.19950564e-004	-2.19948649e-004	-9.17696387e-007	
2.47441860e+001	2.13026922e-004	-2.13024839e-004	-9.42038513e-007	
2.48443649e+001	2.06373481e-004	-2.06371256e-004	-9.58325599e-007	
2.49445438e+001	2.01440654e-004	-2.01438395e-004	-9.53878562e-007	
2.50447227e+001	1.96507829e-004	-1.96505535e-004	-9.49431525e-007	
2.51449016e+001	1.91575006e-004	-1.91572675e-004	-9.44984487e-007	
2.52450805e+001	1.86642185e-004	-1.86639815e-004	-9.40537450e-007	
2.53452594e+001	1.82425914e-004	-1.82423501e-004	-9.38254386e-007	
2.54454383e+001	1.78411623e-004	-1.78409165e-004	-9.36581295e-007	
2.55456172e+001	1.74397334e-004	-1.74394828e-004	-9.34908205e-007	
2.56457961e+001	1.70383048e-004	-1.70380492e-004	-9.33235114e-007	
2.57459750e+001	1.66154482e-004	-1.66151877e-004	-9.30321494e-007	
2.58461538e+001	1.61732106e-004	-1.61729454e-004	-9.26285843e-007	
2.59463327e+001	1.57309734e-004	-1.57307030e-004	-9.22250191e-007	
2.60465116e+001	1.53717997e-004	-1.53715240e-004	-9.20665034e-007	
2.61466905e+001	1.50137957e-004	-1.50135177e-004	-9.13679102e-007	
2.62468694e+001	1.46768101e-004	-1.46765256e-004	-9.13826815e-007	
2.63470483e+001	1.43398247e-004	-1.43395335e-004	-9.13974527e-007	
2.64472272e+001	1.40028397e-004	-1.40025413e-004	-9.14122240e-007	
2.65474061e+001	1.36658551e-004	-1.36655492e-004	-9.14269952e-007	
2.66475850e+001	1.33288708e-004	-1.33285571e-004	-9.14417665e-007	
2.67477639e+001	1.29918869e-004	-1.29915650e-004	-9.14565377e-007	
2.68479428e+001	1.26629730e-004	-1.26626577e-004	-8.93574919e-007	
2.69481216e+001	1.23063286e-004	-1.23060253e-004	-8.64048393e-007	
2.70483005e+001	1.19257507e-004	-1.19254588e-004	-8.34370763e-007	
2.71484794e+001	1.15451728e-004	-1.15448924e-004	-8.04693134e-007	
2.72486583e+001	1.11645950e-004	-1.11643260e-004	-7.75015504e-007	
2.73488372e+001	1.06844034e-004	-1.06841709e-004	-7.04733517e-007	
2.74490161e+001	1.00730127e-004	-1.00728452e-004	-5.80970465e-007	
2.75491950e+001	9.45911077e-005	-9.45900206e-005	-4.53507580e-007	
2.76493739e+001	8.71118767e-005	-8.71114517e-005	-2.72091774e-007	
2.77495528e+001	8.04597350e-005	-8.04596412e-005	-1.22850380e-007	
2.78497317e+001	7.38752652e-005	-7.38752613e-005	2.38468014e-008	
2.79499106e+001	6.52764769e-005	-6.52759939e-005	2.51099604e-007	
2.80500894e+001	5.63823073e-005	-5.63804412e-005	4.58719559e-007	
2.81502683e+001	5.03928099e-005	-5.03896955e-005	5.60243333e-007	
2.82504472e+001	4.44038814e-005	-4.43989498e-005	6.61767108e-007	
2.83506261e+001	3.79483021e-005	-3.79406744e-005	7.60827950e-007	
2.84508050e+001	3.00784197e-005	-3.00663382e-005	8.52429028e-007	
2.85509839e+001	2.61263029e-005	-2.61128799e-005	8.37380837e-007	
2.86511628e+001	2.21876933e-005	-2.21724623e-005	8.21977931e-007	
2.87513417e+001	1.79718642e-005	-1.79530651e-005	8.21799643e-007	
2.88515206e+001	1.40419404e-005	-1.40170631e-005	8.35483508e-007	
2.89516995e+001	1.27454152e-005	-1.27203189e-005	7.99435194e-007	
2.90518784e+001	1.16784618e-005	-1.16539446e-005	7.56337272e-007	
2.91520572e+001	1.06115671e-005	-1.05875703e-005	7.13239350e-007	
2.92522361e+001	9.54475055e-006	-9.52119602e-006	6.70141428e-007	
2.93524150e+001	8.47804187e-006	-8.45482172e-006	6.27043506e-007	
2.94525939e+001	7.83615065e-006	-7.81223914e-006	6.11699784e-007	
2.95527728e+001	7.21089834e-006	-7.18610661e-006	5.97433378e-007	
2.96529517e+001	6.58584418e-006	-6.55997408e-006	5.83166972e-007	
2.97531306e+001	6.01340512e-006	-5.98649516e-006	5.68257753e-007	
2.98533095e+001	6.04432469e-006	-6.01961853e-006	5.45942934e-007	
2.99534884e+001	6.07534945e-006	-6.05274190e-006	5.23628115e-007	
3.00536673e+001	6.10647781e-006	-6.08586528e-006	5.01313295e-007	
3.01538462e+001	5.90746517e-006	-5.88743914e-006	4.86009331e-007	
3.02540250e+001	5.60244670e-006	-5.58236466e-006	4.73934465e-007	
3.03542039e+001	5.29746221e-006	-5.27729018e-006	4.61859600e-007	
3.04543828e+001	5.03434570e-006	-5.01423827e-006	4.49501080e-007	
3.05545617e+001	5.14404072e-006	-5.12564775e-006	4.34614933e-007	
3.06547406e+001	5.25385007e-006	-5.23705722e-006	4.19728786e-007	
3.07549195e+001	5.36376673e-006	-5.34846670e-006	4.04842639e-007	
3.08550984e+001	5.42646383e-006	-5.41237306e-006	3.90803682e-007	
3.09552773e+001	5.35043028e-006	-5.33697239e-006	3.79249187e-007	
3.10554562e+001	5.37711530e-006	-5.36448536e-006	3.68328332e-007	
3.11556351e+001	5.43140866e-006	-5.41962529e-006	3.57577576e-007	
3.12558140e+001	5.44719598e-006	-5.43621333e-006	3.45729196e-007	
3.13559928e+001	5.44598595e-006	-5.43577134e-006	3.33395948e-007	
3.14561717e+001	5.44480363e-006	-5.43532936e-006	3.21062700e-007	
3.15563506e+001	5.43088673e-006	-5.42209140e-006	3.08958709e-007	
3.16565295e+001	5.38380137e-006	-5.37547015e-006	2.99395846e-007	
3.17567084e+001	5.35796251e-006	-5.34994485e-006	2.93005741e-007	
3.18568873e+001	5.34260174e-006	-5.33492917e-006	2.86223773e-007	
3.19570662e+001	5.32724763e-006	-5.31991349e-006	2.79441805e-007	
3.20572451e+001	5.31623189e-006	-5.30925401e-006	2.72292671e-007	
3.21574240e+001	5.30663445e-006	-5.30001240e-006	2.65024031e-007	
3.22576029e+001	5.29535210e-006	-5.28906755e-006	2.57911532e-007	
3.23577818e+001	5.26301263e-006	-5.25707222e-006	2.49987214e-007	
3.24579606e+001	5.21339162e-006	-5.20781969e-006	2.40969488e-007	
3.25581395e+001	5.16377930e-006	-5.15856715e-006	2.31951761e-007	
3.26583184e+001	5.11417592e-006	-5.10931461e-006	2.22934034e-007	
3.27584973e+001	5.08112637e-006	-5.07653336e-006	2.15995994e-007	
3.28586762e+001	5.05540405e-006	-5.05103814e-006	2.10056681e-007	
3.29588551e+001	5.03767835e-006	-5.03349269e-006	2.05315650e-007	
3.30590340e+001	5.01995586e-006	-5.01594723e-006	2.00574618e-007	
3.31592129e+001	4.99733363e-006	-4.99353946e-006	1.94697509e-007	
3.32593918e+001	4.95594558e-006	-4.95235879e-006	1.88517994e-007	
3.33595707e+001	4.90040782e-006	-4.89700919e-006	1.82476828e-007	
3.34597496e+001	4.84487328e-006	-4.84165959e-006	1.76435662e-007	
3.35599284e+001	4.79645864e-006	-4.79341434e-006	1.70863997e-007	
3.36601073e+001	4.76359922e-006	-4.76071866e-006	1.65636448e-007	
3.37602862e+001	4.72955956e-006	-4.72684181e-006	1.60312603e-007	
3.38604651e+001	4.69552357e-006	-4.69296495e-006	1.54988758e-007	
3.39606440e+001	4.66180221e-006	-4.65938462e-006	1.50115743e-007	
3.40608229e+001	4.62856741e-006	-4.62626593e-006	1.45944597e-007	
3.41610018e+001	4.59553146e-006	-4.59334384e-006	1.41780608e-007	
3.42611807e+001	4.58128302e-006	-4.57919504e-006	1.38300031e-007	
3.43613596e+001	4.56703661e-006	-4.56504623e-006	1.34819454e-007	
3.44615385e+001	4.52904968e-006	-4.52716844e-006	1.30525402e-007	
3.45617174e+001	4.47549942e-006	-4.47373391e-006	1.25698037e-007	
3.46618962e+001	4.42480274e-006	-4.42313979e-006	1.21300316e-007	
3.47620751e+001	4.37558079e-006	-4.37401293e-006	1.17124536e-007	
3.48622540e+001	4.32603738e-006	-4.32456346e-006	1.12917015e-007	
3.49624329e+001	4.27568131e-006	-4.27430115e-006	1.08629520e-007	
3.50626118e+001	4.22583393e-006	-4.22453942e-006	1.04590319e-007	
3.51627907e+001	4.18551594e-006	-4.18429877e-006	1.00933102e-007	
3.52629696e+001	4.16401875e-006	-4.16286599e-006	9.79738981e-008	
3.53631485e+001	4.14281177e-006	-4.14171795e-006	9.51937407e-008	
3.54633274e+001	4.12280123e-006	-4.12176487e-006	9.24356321e-008	
3.55635063e+001	4.10443731e-006	-4.10345685e-006	8.97078770e-008	
3.56636852e+001	4.08607472e-006	-4.08514884e-006	8.69801219e-008	
3.57638640e+001	4.06643783e-006	-4.06556667e-006	8.41678632e-008	
3.58640429e+001	4.03402943e-006	-4.03322411e-006	8.06019265e-008	
3.59642218e+001	4.00400921e-006	-4.00326733e-006	7.70739669e-008	
3.60644007e+001	3.97399116e-006	-3.97331055e-006	7.35460074e-008	
3.61645796e+001	3.94397534e-006	-3.94335377e-006	7.00180478e-008	
3.62647585e+001	3.93316590e-006	-3.93258043e-006	6.78611472e-008	
3.63649374e+001	3.92419983e-006	-3.92364774e-006	6.58232321e-008	
3.64651163e+001	3.91523467e-006	-3.91471505e-006	6.37853171e-008	
3.65652952e+001	3.90627042e-006	-3.90578236e-006	6.17474021e-008	
3.66654741e+001	3.89730709e-006	-3.89684967e-006	5.97094871e-008	
3.67656530e+001	3.88834469e-006	-3.88791697e-006	5.76715721e-008	
3.68658318e+001	3.87912203e-006	-3.87872640e-006	5.54011592e-008	
3.69660107e+001	3.86981190e-006	-3.86944824e-006	5.30517870e-008	
3.70661896e+001	3.86050305e-006	-3.86017008e-006	5.07024148e-008	
3.71663685e+001	3.85263405e-006	-3.85232834e-006	4.85337819e-008	
3.72665474e+001	3.84483651e-006	-3.84455684e-006	4.63739876e-008	
3.73667263e+001	3.83853983e-006	-3.83828498e-006	4.42314951e-008	
3.74669052e+001	3.84768377e-006	-3.84745161e-006	4.22671217e-008	
3.75670841e+001	3.87098196e-006	-3.87077508e-006	4.00202024e-008	
3.76672630e+001	3.90394458e-006	-3.90376370e-006	3.75803837e-008	
3.77674419e+001	3.93690915e-006	-3.93675232e-006	3.51405649e-008	
3.78676208e+001	3.96678308e-006	-3.96664791e-006	3.27474985e-008	
3.79677996e+001	3.99140576e-006	-3.99128974e-006	3.04338450e-008	
3.80679785e+001	4.02333444e-006	-4.02324059e-006	2.74805912e-008	
3.81681574e+001	4.05215896e-006	-4.05208346e-006	2.47366876e-008	
3.82683363e+001	4.08098559e-006	-4.08092633e-006	2.19927840e-008	
3.83685152e+001	4.10981427e-006	-4.10976919e-006	1.92488803e-008	
3.84686941e+001	4.13864497e-006	-4.13861206e-006	1.65049767e-008	
3.85688730e+001	4.20007185e-006	-4.20005036e-006	1.34365827e-008	
3.86690519e+001	4.26646292e-006	-4.26645026e-006	1.03929965e-008	
3.87692308e+001	4.33285639e-006	-4.33285016e-006	7.34941027e-009	
3.88694097e+001	4.39925216e-006	-4.39925005e-006	4.30582407e-009	
3.89695886e+001	4.51997855e-006	-4.51997818e-006	-1.82973161e-009	
3.90697674e+001	4.65863838e-006	-4.65862972e-006	-8.98535785e-009	
3.91699463e+001	4.79230542e-006	-4.79228264e-006	-1.47764988e-008	
3.92701252e+001	4.91482405e-006	-4.91479281e-006	-1.75259712e-008	
3.93703041e+001	5.03734378e-006	-5.03730297e-006	-2.02754437e-008	
3.94704830e+001	5.15986451e-006	-5.15981314e-006	-2.30249161e-008	
3.95706619e+001	5.28238618e-006	-5.28232330e-006	-2.57743886e-008	
3.96708408e+001	5.55324314e-006	-5.55310203e-006	-3.95874269e-008	
3.97710197e+001	5.87911367e-006	-5.87893874e-006	-4.53527016e-008	
3.98711986e+001	6.10738507e-006	-6.10721851e-006	-4.51044718e-008	
3.99713775e+001	6.30633165e-006	-6.30618349e-006	-4.32281567e-008	
4.00715564e+001	6.54633976e-006	-6.54624148e-006	-3.58709423e-008	
4.01717352e+001	6.79207930e-006	-6.79205661e-006	-1.75561026e-008	
4.02719141e+001	6.51966815e-006	-6.51948295e-006	4.91417673e-008	
4.03720930e+001	6.48207350e-006	-6.48120510e-006	1.06100290e-007	
4.04722719e+001	5.73340639e-006	-5.72516175e-006	3.07362617e-007	
4.05724508e+001	4.64482216e-006	-4.62216064e-006	4.58261817e-007	
4.06726297e+001	3.36885912e-006	-3.33283097e-006	4.91375152e-007	
4.07728086e+001	2.41130542e-006	-2.37376821e-006	4.23814001e-007	
4.08729875e+001	1.85114964e-006	-1.82018043e-006	3.37191647e-007	
4.09731664e+001	1.39177443e-006	-1.36654178e-006	2.63817443e-007	
4.10733453e+001	1.01878244e-006	-9.99673696e-007	1.96392890e-007	
4.11735242e+001	8.53624981e-007	-8.38124802e-007	1.61933392e-007	
4.12737030e+001	6.86100156e-007	-6.73775911e-007	1.29458279e-007	
4.13738819e+001	5.80832430e-007	-5.71437595e-007	1.04045120e-007	
4.14740608e+001	4.65659535e-007	-4.57995214e-007	8.41379013e-008	
4.15742397e+001	3.92109875e-007	-3.86189430e-007	6.78813570e-008	
4.16744186e+001	3.19317443e-007	-3.14815809e-007	5.34287917e-008	
4.17745975e+001	2.68604668e-007	-2.65230916e-007	4.24385307e-008	
4.18747764e+001	2.23838262e-007	-2.21552811e-007	3.19048507e-008	
4.19749553e+001	1.76972994e-007	-1.75677870e-007	2.13711647e-008	
4.20751342e+001	1.37467210e-007	-1.37127543e-007	9.65768684e-009	
4.21753131e+001	8.85768918e-008	-8.85186165e-008	-3.21252029e-009	
4.22754919e+001	2.72818278e-008	-9.33206722e-009	-2.56361200e-008	
4.23756708e+001	8.44347929e-008	7.55287820e-008	-3.77443685e-008	
4.24758497e+001	1.53870613e-007	1.49200735e-007	-3.76205589e-008	
4.25760286e+001	1.97660690e-007	1.95383573e-007	-2.99166817e-008	
4.26762075e+001	1.87643913e-007	1.86850945e-007	-1.72325989e-008	
4.27763864e+001	1.52132049e-007	1.52061080e-007	-4.64633504e-009	
4.28765653e+001	5.20077794e-008	5.08883023e-008	1.07326514e-008	
4.29767442e+001	3.46898308e-008	-2.82361617e-008	2.01520107e-008	
4.30769231e+001	1.23048549e-007	-1.19499950e-007	2.93378150e-008	
4.31771020e+001	2.04418983e-007	-2.00998847e-007	3.72368624e-008	
4.32772809e+001	2.38975560e-007	-2.35548825e-007	4.03245519e-008	
4.33774597e+001	2.76468708e-007	-2.73024897e-007	4.35011742e-008	
4.34776386e+001	2.58965129e-007	-2.55072055e-007	4.47346020e-008	
4.35778175e+001	2.47538133e-007	-2.43368048e-007	4.52451133e-008	
4.36779964e+001	2.16909614e-007	-2.12426781e-007	4.38707576e-008	
4.37781753e+001	1.78264791e-007	-1.73731174e-007	3.99476511e-008	
4.38783542e+001	1.44524051e-007	-1.40301563e-007	3.46795703e-008	
4.39785331e+001	1.13437209e-007	-1.09924069e-007	2.80124886e-008	
4.40787120e+001	8.96951253e-008	-8.68224660e-008	2.25183239e-008	
4.41788909e+001	7.13500067e-008	-6.88901177e-008	1.85735064e-008	
4.42790698e+001	5.89884345e-008	-5.69320867e-008	1.54393300e-008	
4.43792487e+001	4.79332821e-008	-4.61918268e-008	1.28029167e-008	
4.44794275e+001	3.87308839e-008	-3.72976091e-008	1.04388566e-008	
4.45796064e+001	3.59498200e-008	-3.47495475e-008	9.21186797e-009	
4.46797853e+001	3.36145449e-008	-3.26333805e-008	8.06226402e-009	
4.47799642e+001	3.26858715e-008	-3.19147902e-008	7.05778696e-009	
4.48801431e+001	3.19463299e-008	-3.12942878e-008	6.42149082e-009	
4.49803220e+001	3.09883349e-008	-3.04486343e-008	5.75826077e-009	
4.50805009e+001	3.04139193e-008	-2.99387561e-008	5.35512536e-009	
4.51806798e+001	2.81631887e-008	-2.77646938e-008	4.72090868e-009	
4.52808587e+001	2.54137246e-008	-2.50114354e-008	4.50394241e-009	
4.53810376e+001	2.32655301e-008	-2.28784037e-008	4.22652734e-009	
4.54812165e+001	2.20218874e-008	-2.16985224e-008	3.76000682e-009	
4.55813953e+001	2.17688612e-008	-2.15212778e-008	3.27382316e-009	
4.56815742e+001	2.19479608e-008	-2.17652396e-008	2.82618668e-009	
4.57817531e+001	2.66693626e-008	-2.65818832e-008	2.15833035e-009	
4.58819320e+001	3.29441413e-008	-3.29215590e-008	1.21959108e-009	
4.59821109e+001	4.71701096e-008	-4.71001666e-008	-2.56778987e-009	
4.60822898e+001	4.03308982e-008	-3.97584458e-008	6.77106643e-009	
4.61824687e+001	8.35208170e-009	-4.30957115e-009	7.15435987e-009	
4.62826476e+001	1.44571837e-009	4.13406991e-010	1.38535060e-009	
4.63828265e+001	9.45832252e-010	-9.40207767e-010	-1.02995157e-010	
4.64830054e+001	9.52824550e-010	7.61253437e-010	-5.73033881e-010	
4.65831843e+001	2.32113834e-009	2.24861341e-009	-5.75691689e-010	
4.66833631e+001	1.86936189e-009	1.09066051e-009	-1.51821392e-009	
4.67835420e+001	2.32762835e-009	1.43381334e-009	-1.83358475e-009	
4.68837209e+001	2.87461448e-009	1.90880397e-009	-2.14938964e-009	
4.69838998e+001	3.11176976e-009	1.76533844e-009	-2.56255560e-009	
4.70840787e+001	5.28060027e-009	4.22050183e-009	-3.17365775e-009	
4.71842576e+001	4.69805497e-009	2.22481238e-009	-4.13786543e-009	
4.72844365e+001	7.39350270e-009	5.23843458e-009	-5.21753633e-009	
4.73846154e+001	7.00377173e-009	3.12205118e-009	-6.26941902e-009	
4.74847943e+001	1.08627409e-008	8.14711607e-009	-7.18495926e-009	
4.75849732e+001	1.27271247e-008	8.22604153e-009	-9.71143367e-009	
4.76851521e+001	1.67462337e-008	9.15509916e-009	-1.40221433e-008	
4.77853309e+001	2.50916427e-008	1.95042249e-008	-1.57853016e-008	
4.78855098e+001	3.58789245e-008	2.22777466e-008	-2.81247085e-008	
4.79856887e+001	5.61382713e-008	2.23202998e-008	-5.15102875e-008	
4.80858676e+001	2.53603938e-007	1.76900097e-007	-1.81717674e-007	
4.81860465e+001	9.77668412e-007	9.77652261e-007	5.61949792e-009	
4.82862254e+001	1.02924057e-006	1.02811394e-006	4.81441605e-008	
4.83864043e+001	9.34846610e-007	9.34766329e-007	1.22513100e-008	
4.84865832e+001	8.87855187e-007	8.87854683e-007	-9.46578659e-010	
4.85867621e+001	8.71330215e-007	8.71317413e-007	-4.72322891e-009	
4.86869410e+001	8.41664603e-007	8.41613920e-007	-9.23650529e-009	
4.87871199e+001	8.15638781e-007	8.15585755e-007	-9.30035643e-009	
4.88872987e+001	8.05433304e-007	8.05374749e-007	-9.71186972e-009	
4.89874776e+001	7.95228182e-007	7.95163743e-007	-1.01233830e-008	
4.90876565e+001	7.85474449e-007	7.85410316e-007	-1.00371674e-008	
4.91878354e+001	7.75918992e-007	7.75857954e-007	-9.73224460e-009	
4.92880143e+001	7.66363579e-007	7.66305592e-007	-9.42732179e-009	
4.93881932e+001	7.54838435e-007	7.54783817e-007	-9.08032737e-009	
4.94883721e+001	7.33115135e-007	7.33066402e-007	-8.45289552e-009	
4.95885510e+001	7.12543932e-007	7.12499456e-007	-7.96118056e-009	
4.96887299e+001	6.91972825e-007	6.91932509e-007	-7.46946561e-009	
4.97889088e+001	6.71401823e-007	6.71365563e-007	-6.97775065e-009	
4.98890877e+001	6.50658860e-007	6.50626579e-007	-6.48126588e-009	
4.99892665e+001	6.29664486e-007	6.29636110e-007	-5.97780861e-009	
5.00894454e+001	6.14120400e-007	6.14094916e-007	-5.59462608e-009	
5.01896243e+001	5.98200795e-007	5.98177888e-007	-5.23504545e-009	
5.02898032e+001	5.82281271e-007	5.82260859e-007	-4.87546483e-009	
5.03899821e+001	5.66361834e-007	5.66343830e-007	-4.51588421e-009	
5.04901610e+001	5.50442494e-007	5.50426802e-007	-4.15630359e-009	
5.05903399e+001	5.34523257e-007	5.34509773e-007	-3.79672297e-009	
5.06905188e+001	5.18604135e-007	5.18592745e-007	-3.43714235e-009	
5.07906977e+001	5.01997595e-007	5.01988025e-007	-3.09976495e-009	
5.08908766e+001	4.83860137e-007	4.83852082e-007	-2.79182629e-009	
5.09910555e+001	4.65722763e-007	4.65716139e-007	-2.48388763e-009	
5.10912343e+001	4.47585486e-007	4.47580197e-007	-2.17594897e-009	
5.11914132e+001	4.33175092e-007	4.33170656e-007	-1.96033542e-009	
5.12915921e+001	4.19612172e-007	4.19608450e-007	-1.76753876e-009	
5.13917710e+001	4.01381343e-007	4.01378195e-007	-1.58963250e-009	
5.14919499e+001	3.83150542e-007	3.83147941e-007	-1.41172624e-009	
5.15921288e+001	3.66585096e-007	3.66583027e-007	-1.23162597e-009	
5.16923077e+001	3.50193915e-007	3.50192337e-007	-1.05129617e-009	
5.17924866e+001	3.33802784e-007	3.33801648e-007	-8.70966367e-010	
5.18926655e+001	3.19779246e-007	3.19778453e-007	-7.12146044e-010	
5.19928444e+001	3.09717067e-007	3.09716475e-007	-6.05823094e-010	
5.20930233e+001	3.00738140e-007	3.00737697e-007	-5.16428575e-010	
5.21932021e+001	2.91759231e-007	2.91758919e-007	-4.27034056e-010	
5.22933810e+001	2.79391329e-007	2.79391087e-007	-3.67800525e-010	
5.23935599e+001	2.67464748e-007	2.67464574e-007	-3.04538775e-010	
5.24937388e+001	2.56040916e-007	2.56040806e-007	-2.36724920e-010	
5.25939177e+001	2.44617096e-007	2.44617038e-007	-1.68911065e-010	
5.26940966e+001	2.33217524e-007	2.33217502e-007	-1.01533426e-010	
5.27942755e+001	2.24400378e-007	2.24400372e-007	-5.18493992e-011	
5.28944544e+001	2.15677567e-007	2.15677567e-007	-1.65239170e-012	
5.29946333e+001	2.06954768e-007	2.06954762e-007	4.85446158e-011	
5.30948122e+001	1.98231982e-007	1.98231957e-007	9.87416234e-011	
5.31949911e+001	1.89361963e-007	1.89361912e-007	1.39235167e-010	
5.32951699e+001	1.80156472e-007	1.80156403e-007	1.57620903e-010	
5.33953488e+001	1.70950985e-007	1.70950894e-007	1.76006640e-010	
5.34955277e+001	1.61745502e-007	1.61745385e-007	1.94392377e-010	
5.35957066e+001	1.52398390e-007	1.52398231e-007	2.20111401e-010	
5.36958855e+001	1.43614192e-007	1.43613986e-007	2.43100022e-010	
5.37960644e+001	1.35973368e-007	1.35973143e-007	2.47231094e-010	
5.38962433e+001	1.28067073e-007	1.28066827e-007	2.51100477e-010	
5.39964222e+001	1.19973407e-007	1.19973137e-007	2.54785156e-010	
5.40966011e+001	1.11879745e-007	1.11879446e-007	2.58469836e-010	
5.41967800e+001	1.04798975e-007	1.04798662e-007	2.55972865e-010	
5.42969589e+001	9.83057602e-008	9.83054426e-008	2.49890060e-010	
5.43971377e+001	9.24768099e-008	9.24764787e-008	2.47471375e-010	
5.44973166e+001	8.70412864e-008	8.70409353e-008	2.47222848e-010	
5.45974955e+001	8.16057656e-008	8.16053918e-008	2.46974320e-010	
5.46976744e+001	7.52352042e-008	7.52348313e-008	2.36848272e-010	
5.47978533e+001	6.85564206e-008	6.85560564e-008	2.23466246e-010	
5.48980322e+001	6.18776381e-008	6.18772815e-008	2.10084220e-010	
5.49982111e+001	5.58363281e-008	5.58359956e-008	1.92696354e-010	
5.50983900e+001	5.02160979e-008	5.02158010e-008	1.72662445e-010	
5.51985689e+001	4.45958677e-008	4.45956065e-008	1.52628536e-010	
5.52987478e+001	3.89756374e-008	3.89754119e-008	1.32594627e-010	
5.53989267e+001	3.33554073e-008	3.33552173e-008	1.12560718e-010	
5.54991055e+001	2.76662438e-008	2.76660811e-008	9.48884483e-011	
5.55992844e+001	2.19738857e-008	2.19737496e-008	7.73280899e-011	
5.56994633e+001	1.62680658e-008	1.62679587e-008	5.90292473e-011	
5.57996422e+001	1.08676947e-008	1.08676228e-008	3.95321021e-011	
5.58998211e+001	5.15346419e-009	5.15342857e-009	1.91594005e-011	
5.60000000e+001	3.26959223e-010	3.26953017e-010	2.01440719e-012	
