% Column 0: Length, cm
% Column 1: |B.t|, Tesla
% Column 2: Re[B.t], Tesla
% Column 3: Im[B.t], Tesla
0.00000000e+000	4.20778271e-006	-4.20760309e-006	3.88782557e-008	
1.00178891e-001	4.20792669e-006	-4.20774706e-006	3.88804824e-008	
2.00357782e-001	4.20827868e-006	-4.20809902e-006	3.88848209e-008	
3.00536673e-001	4.20865065e-006	-4.20847102e-006	3.88840340e-008	
4.00715564e-001	4.21064425e-006	-4.21046437e-006	3.89209235e-008	
5.00894454e-001	4.21420719e-006	-4.21402675e-006	3.89964356e-008	
6.01073345e-001	4.21777012e-006	-4.21758914e-006	3.90719477e-008	
7.01252236e-001	4.22265231e-006	-4.22247060e-006	3.91730253e-008	
8.01431127e-001	4.22762314e-006	-4.22744070e-006	3.92758208e-008	
9.01610018e-001	4.23259398e-006	-4.23241079e-006	3.93786162e-008	
1.00178891e+000	4.23682742e-006	-4.23664361e-006	3.94650173e-008	
1.10196780e+000	4.24514197e-006	-4.24495689e-006	3.96403186e-008	
1.20214669e+000	4.25319938e-006	-4.25301311e-006	3.98054279e-008	
1.30232558e+000	4.26066770e-006	-4.26048036e-006	3.99546912e-008	
1.40250447e+000	4.26866275e-006	-4.26847426e-006	4.01146624e-008	
1.50268336e+000	4.27793621e-006	-4.27774638e-006	4.03006233e-008	
1.60286225e+000	4.28720968e-006	-4.28701850e-006	4.04865842e-008	
1.70304114e+000	4.29574265e-006	-4.29555019e-006	4.06627100e-008	
1.80322004e+000	4.30418446e-006	-4.30399072e-006	4.08376249e-008	
1.90339893e+000	4.31262626e-006	-4.31243125e-006	4.10125398e-008	
2.00357782e+000	4.32241869e-006	-4.32222212e-006	4.12221500e-008	
2.10375671e+000	4.33360771e-006	-4.33340930e-006	4.14676366e-008	
2.20393560e+000	4.34479673e-006	-4.34459649e-006	4.17131232e-008	
2.30411449e+000	4.35545208e-006	-4.35525040e-006	4.19132665e-008	
2.40429338e+000	4.36602587e-006	-4.36582282e-006	4.21064802e-008	
2.50447227e+000	4.37853037e-006	-4.37832558e-006	4.23467824e-008	
2.60465116e+000	4.39444211e-006	-4.39423494e-006	4.26701847e-008	
2.70483005e+000	4.41035386e-006	-4.41014429e-006	4.29935870e-008	
2.80500894e+000	4.42626561e-006	-4.42605365e-006	4.33169894e-008	
2.90518784e+000	4.44146327e-006	-4.44124883e-006	4.36445080e-008	
3.00536673e+000	4.45623010e-006	-4.45601313e-006	4.39745102e-008	
3.10554562e+000	4.47335906e-006	-4.47313905e-006	4.43663217e-008	
3.20572451e+000	4.49191513e-006	-4.49169221e-006	4.47513804e-008	
3.30590340e+000	4.51086324e-006	-4.51063748e-006	4.51297822e-008	
3.40608229e+000	4.52981136e-006	-4.52958275e-006	4.55081840e-008	
3.50626118e+000	4.54875948e-006	-4.54852803e-006	4.58865858e-008	
3.60644007e+000	4.56770761e-006	-4.56747330e-006	4.62649875e-008	
3.70661896e+000	4.58709361e-006	-4.58685603e-006	4.66856757e-008	
3.80679785e+000	4.60813612e-006	-4.60789444e-006	4.71948169e-008	
3.90697674e+000	4.63078132e-006	-4.63053529e-006	4.77341450e-008	
4.00715564e+000	4.65342653e-006	-4.65317614e-006	4.82734730e-008	
4.10733453e+000	4.67607177e-006	-4.67581699e-006	4.88128011e-008	
4.20751342e+000	4.69871703e-006	-4.69845784e-006	4.93521291e-008	
4.30769231e+000	4.72136231e-006	-4.72109869e-006	4.98914571e-008	
4.40787120e+000	4.74834876e-006	-4.74807965e-006	5.05527409e-008	
4.50805009e+000	4.77641170e-006	-4.77613673e-006	5.12506792e-008	
4.60822898e+000	4.80447467e-006	-4.80419382e-006	5.19486175e-008	
4.70840787e+000	4.83253768e-006	-4.83225090e-006	5.26465558e-008	
4.80858676e+000	4.86060072e-006	-4.86030798e-006	5.33444941e-008	
4.90876565e+000	4.88739975e-006	-4.88710037e-006	5.40953147e-008	
5.00894454e+000	4.91293095e-006	-4.91262421e-006	5.48991782e-008	
5.10912343e+000	4.94048513e-006	-4.94017163e-006	5.56554797e-008	
5.20930233e+000	4.97113903e-006	-4.97081977e-006	5.63389020e-008	
5.30948122e+000	5.00179297e-006	-5.00146792e-006	5.70223243e-008	
5.40966011e+000	5.03244692e-006	-5.03211606e-006	5.77057466e-008	
5.50983900e+000	5.06300976e-006	-5.06267276e-006	5.84150070e-008	
5.61001789e+000	5.09430648e-006	-5.09396141e-006	5.92924671e-008	
5.71019678e+000	5.12763112e-006	-5.12727835e-006	6.01468523e-008	
5.81037567e+000	5.16095580e-006	-5.16059528e-006	6.10012375e-008	
5.91055456e+000	5.19428053e-006	-5.19391222e-006	6.18556227e-008	
6.01073345e+000	5.22869715e-006	-5.22831991e-006	6.28073307e-008	
6.11091234e+000	5.26516305e-006	-5.26477597e-006	6.38437722e-008	
6.21109123e+000	5.30160154e-006	-5.30120447e-006	6.48848446e-008	
6.31127013e+000	5.33804009e-006	-5.33763297e-006	6.59259170e-008	
6.41144902e+000	5.37585389e-006	-5.37543639e-006	6.69976267e-008	
6.51162791e+000	5.41252846e-006	-5.41209873e-006	6.82030960e-008	
6.61180680e+000	5.44853197e-006	-5.44808958e-006	6.94297169e-008	
6.71198569e+000	5.48453558e-006	-5.48408044e-006	7.06563377e-008	
6.81216458e+000	5.52053931e-006	-5.52007129e-006	7.18829586e-008	
6.91234347e+000	5.55654313e-006	-5.55606215e-006	7.31095795e-008	
7.01252236e+000	5.59333528e-006	-5.59284147e-006	7.43228411e-008	
7.11270125e+000	5.64207542e-006	-5.64156787e-006	7.56766402e-008	
7.21288014e+000	5.68187785e-006	-5.68135173e-006	7.73201152e-008	
7.31305903e+000	5.72168050e-006	-5.72113560e-006	7.89635902e-008	
7.41323792e+000	5.76020742e-006	-5.75964163e-006	8.07333315e-008	
7.51341682e+000	5.79864129e-006	-5.79805420e-006	8.25123069e-008	
7.61359571e+000	5.83707542e-006	-5.83646678e-006	8.42912823e-008	
7.71377460e+000	5.87278575e-006	-5.87215724e-006	8.59175120e-008	
7.81395349e+000	5.91218938e-006	-5.91153994e-006	8.76286711e-008	
7.91413238e+000	5.95799328e-006	-5.95732031e-006	8.95468164e-008	
8.01431127e+000	6.00379743e-006	-6.00310068e-006	9.14649616e-008	
8.11449016e+000	6.04960183e-006	-6.04888105e-006	9.33831069e-008	
8.21466905e+000	6.08444049e-006	-6.08368922e-006	9.56116986e-008	
8.31484794e+000	6.10909020e-006	-6.10829951e-006	9.82863366e-008	
8.41502683e+000	6.13649924e-006	-6.13565967e-006	1.01505221e-007	
8.51520572e+000	6.16390952e-006	-6.16301983e-006	1.04724105e-007	
8.61538462e+000	6.19404945e-006	-6.19311259e-006	1.07726720e-007	
8.71556351e+000	6.22869611e-006	-6.22771814e-006	1.10372175e-007	
8.81574240e+000	6.26725714e-006	-6.26622629e-006	1.13666594e-007	
8.91592129e+000	6.30581540e-006	-6.30472561e-006	1.17230172e-007	
9.01610018e+000	6.32876036e-006	-6.32760500e-006	1.20923882e-007	
9.11627907e+000	6.35170698e-006	-6.35048439e-006	1.24617593e-007	
9.21645796e+000	6.37465527e-006	-6.37336379e-006	1.28311304e-007	
9.31663685e+000	6.39760519e-006	-6.39624318e-006	1.32005015e-007	
9.41681574e+000	6.40111002e-006	-6.39964689e-006	1.36854649e-007	
9.51699463e+000	6.40260589e-006	-6.40103493e-006	1.41823918e-007	
9.61717352e+000	6.40410556e-006	-6.40242297e-006	1.46793186e-007	
9.71735242e+000	6.40560904e-006	-6.40381100e-006	1.51762454e-007	
9.81753131e+000	6.34921115e-006	-6.34717836e-006	1.60651987e-007	
9.91771020e+000	6.27911185e-006	-6.27680300e-006	1.70263520e-007	
1.00178891e+001	6.20903366e-006	-6.20642764e-006	1.79875053e-007	
1.01180680e+001	6.10312507e-006	-6.10018296e-006	1.89482091e-007	
1.02182469e+001	5.94627924e-006	-5.94289084e-006	2.00711884e-007	
1.03184258e+001	5.80371250e-006	-5.79957671e-006	2.19063278e-007	
1.04186047e+001	5.66124299e-006	-5.65626259e-006	2.37414673e-007	
1.05187835e+001	5.51887824e-006	-5.51294846e-006	2.55766068e-007	
1.06189624e+001	5.39636106e-006	-5.38944591e-006	2.73103407e-007	
1.07191413e+001	4.99668955e-006	-4.98735565e-006	3.05270383e-007	
1.08193202e+001	4.51245856e-006	-4.49977102e-006	3.38146550e-007	
1.09194991e+001	4.02930483e-006	-4.01218638e-006	3.71022716e-007	
1.10196780e+001	3.27910755e-006	-3.25036538e-006	4.33210356e-007	
1.11198569e+001	2.06880004e-006	-2.01100811e-006	4.85571836e-007	
1.12200358e+001	9.23301861e-007	-7.51277812e-007	5.36719643e-007	
1.13202147e+001	9.99200372e-007	8.15998300e-007	5.76669887e-007	
1.14203936e+001	2.34770010e-006	2.27008051e-006	5.98690453e-007	
1.15205725e+001	4.41708711e-006	4.37440292e-006	6.12582757e-007	
1.16207513e+001	4.64949364e-006	4.64103629e-006	2.80309159e-007	
1.17209302e+001	4.89261888e-006	4.89261519e-006	6.00982888e-009	
1.18211091e+001	4.67824668e-006	4.67671639e-006	-1.19648646e-007	
1.19212880e+001	4.53120879e-006	4.52715101e-006	-1.91720862e-007	
1.20214669e+001	4.27721626e-006	4.27224172e-006	-2.06227030e-007	
1.21216458e+001	4.17750710e-006	4.17207961e-006	-2.12878560e-007	
1.22218247e+001	4.08722266e-006	4.08203034e-006	-2.05954707e-007	
1.23220036e+001	4.06532739e-006	4.06043771e-006	-1.99329938e-007	
1.24221825e+001	4.10566096e-006	4.10110115e-006	-1.93445935e-007	
1.25223614e+001	4.21922018e-006	4.21471681e-006	-1.94887632e-007	
1.26225403e+001	4.39147151e-006	4.38715628e-006	-1.94632602e-007	
1.27227191e+001	4.57659103e-006	4.57246351e-006	-1.94326851e-007	
1.28228980e+001	4.85455297e-006	4.85038194e-006	-2.01195388e-007	
1.29230769e+001	5.21509679e-006	5.21096970e-006	-2.07435055e-007	
1.30232558e+001	5.60142753e-006	5.59736325e-006	-2.13342443e-007	
1.31234347e+001	6.11258002e-006	6.10859166e-006	-2.20776789e-007	
1.32236136e+001	6.60466233e-006	6.60066932e-006	-2.29628008e-007	
1.33237925e+001	7.08142130e-006	7.07729185e-006	-2.41801008e-007	
1.34239714e+001	7.73722415e-006	7.73275869e-006	-2.62831891e-007	
1.35241503e+001	8.54699063e-006	8.54241612e-006	-2.79599260e-007	
1.36243292e+001	9.44398853e-006	9.43905145e-006	-3.05330870e-007	
1.37245081e+001	1.05946970e-005	1.05897875e-005	-3.22500301e-007	
1.38246869e+001	1.19574996e-005	1.19521120e-005	-3.58910401e-007	
1.39248658e+001	1.33280999e-005	1.33227979e-005	-3.75901817e-007	
1.40250447e+001	1.48685907e-005	1.48631265e-005	-4.03063562e-007	
1.41252236e+001	1.65369994e-005	1.65319362e-005	-4.09188216e-007	
1.42254025e+001	1.91300370e-005	1.91250973e-005	-4.34703078e-007	
1.43255814e+001	2.12033960e-005	2.12005778e-005	-3.45692886e-007	
1.44257603e+001	2.43933865e-005	2.43921064e-005	-2.49896628e-007	
1.45259392e+001	2.80670276e-005	2.80670267e-005	7.12185498e-009	
1.46261181e+001	3.12858579e-005	3.12774334e-005	7.25995243e-007	
1.47262970e+001	3.29837546e-005	3.29142315e-005	2.14042800e-006	
1.48264758e+001	3.28118537e-005	3.26114015e-005	3.62135803e-006	
1.49266547e+001	2.63678099e-005	2.60245287e-005	4.24090836e-006	
1.50268336e+001	1.88609753e-005	1.83639748e-005	4.30125765e-006	
1.51270125e+001	9.53554631e-006	8.81471743e-006	3.63694927e-006	
1.52271914e+001	2.87051054e-006	2.83524396e-007	2.85647417e-006	
1.53273703e+001	7.03120795e-006	-6.63744735e-006	2.31995214e-006	
1.54275492e+001	1.37206882e-005	-1.36046216e-005	1.78088574e-006	
1.55277281e+001	1.77545996e-005	-1.76859113e-005	1.56023962e-006	
1.56279070e+001	2.17315283e-005	-2.16916683e-005	1.31561701e-006	
1.57280859e+001	2.57333478e-005	-2.57115432e-005	1.05912064e-006	
1.58282648e+001	2.80958217e-005	-2.80813522e-005	9.01584489e-007	
1.59284436e+001	3.03120378e-005	-3.03004445e-005	8.38270877e-007	
1.60286225e+001	3.25372099e-005	-3.25279212e-005	7.77410878e-007	
1.61288014e+001	3.47627837e-005	-3.47553979e-005	7.16550879e-007	
1.62289803e+001	3.69886867e-005	-3.69828746e-005	6.55690879e-007	
1.63291592e+001	3.92148629e-005	-3.92103513e-005	5.94830880e-007	
1.64293381e+001	4.14412683e-005	-4.14378280e-005	5.33970881e-007	
1.65295170e+001	4.35807862e-005	-4.35781719e-005	4.77342627e-007	
1.66296959e+001	4.54581188e-005	-4.54559600e-005	4.43022112e-007	
1.67298748e+001	4.75685798e-005	-4.75668749e-005	4.02727250e-007	
1.68300537e+001	4.96791120e-005	-4.96777899e-005	3.62432387e-007	
1.69302326e+001	5.17897067e-005	-5.17887048e-005	3.22137525e-007	
1.70304114e+001	5.39201710e-005	-5.39194335e-005	2.82020800e-007	
1.71305903e+001	5.66399185e-005	-5.66393790e-005	2.47201506e-007	
1.72307692e+001	5.92703488e-005	-5.92699539e-005	2.16352189e-007	
1.73309481e+001	6.16720194e-005	-6.16717090e-005	1.95667386e-007	
1.74311270e+001	6.40737031e-005	-6.40734642e-005	1.74982582e-007	
1.75313059e+001	6.64753984e-005	-6.64752193e-005	1.54297778e-007	
1.76314848e+001	6.95305451e-005	-6.95304286e-005	1.27296868e-007	
1.77316637e+001	7.31960258e-005	-7.31959649e-005	9.43967046e-008	
1.78318426e+001	7.68615258e-005	-7.68615012e-005	6.14965415e-008	
1.79320215e+001	8.04365265e-005	-8.04365218e-005	2.76712964e-008	
1.80322004e+001	8.38625004e-005	-8.38625001e-005	-7.67717753e-009	
1.81323792e+001	8.72884890e-005	-8.72884784e-005	-4.30256515e-008	
1.82325581e+001	9.07144906e-005	-9.07144567e-005	-7.83741254e-008	
1.83327370e+001	9.41405037e-005	-9.41404351e-005	-1.13722599e-007	
1.84329159e+001	9.75447521e-005	-9.75446394e-005	-1.48339926e-007	
1.85330948e+001	1.03134555e-004	-1.03134317e-004	-2.21476231e-007	
1.86332737e+001	1.08749481e-004	-1.08749088e-004	-2.92159032e-007	
1.87334526e+001	1.14364435e-004	-1.14363859e-004	-3.62841834e-007	
1.88336315e+001	1.19979413e-004	-1.19978630e-004	-4.33524636e-007	
1.89338104e+001	1.26520735e-004	-1.26519807e-004	-4.84638250e-007	
1.90339893e+001	1.33704430e-004	-1.33703290e-004	-5.52174386e-007	
1.91341682e+001	1.40888137e-004	-1.40886774e-004	-6.19710521e-007	
1.92343470e+001	1.48071852e-004	-1.48070257e-004	-6.87246656e-007	
1.93345259e+001	1.55289521e-004	-1.55287904e-004	-7.08569149e-007	
1.94347048e+001	1.62516460e-004	-1.62514877e-004	-7.17276956e-007	
1.95348837e+001	1.73449352e-004	-1.73447093e-004	-8.85416363e-007	
1.96350626e+001	1.84578187e-004	-1.84575132e-004	-1.06198182e-006	
1.97352415e+001	1.95707091e-004	-1.95703171e-004	-1.23854727e-006	
1.98354204e+001	2.07240744e-004	-2.07237781e-004	-1.10824978e-006	
1.99355993e+001	2.18813681e-004	-2.18811626e-004	-9.48338834e-007	
2.00357782e+001	2.30386820e-004	-2.30385471e-004	-7.88427891e-007	
2.01359571e+001	2.41960133e-004	-2.41959316e-004	-6.28516948e-007	
2.02361360e+001	2.52932783e-004	-2.52932286e-004	-5.01065206e-007	
2.03363148e+001	2.62538336e-004	-2.62538255e-004	-2.06821886e-007	
2.04364937e+001	2.73459968e-004	-2.73459904e-004	1.87842788e-007	
2.05366726e+001	2.84382149e-004	-2.84381552e-004	5.82507462e-007	
2.06368515e+001	2.95304818e-004	-2.95303201e-004	9.77172137e-007	
2.07370304e+001	3.04792765e-004	-3.04789864e-004	1.32967705e-006	
2.08372093e+001	3.08950835e-004	-3.08947068e-004	1.52560295e-006	
2.09373882e+001	3.13109005e-004	-3.13104273e-004	1.72152885e-006	
2.10375671e+001	3.17267271e-004	-3.17261477e-004	1.91745475e-006	
2.11377460e+001	3.21425629e-004	-3.21418681e-004	2.11338065e-006	
2.12379249e+001	3.23211218e-004	-3.23203867e-004	2.17986148e-006	
2.13381038e+001	3.24648051e-004	-3.24640342e-004	2.23732699e-006	
2.14382826e+001	3.26084891e-004	-3.26076816e-004	2.29479249e-006	
2.15384615e+001	3.27521737e-004	-3.27513290e-004	2.35225800e-006	
2.16386404e+001	3.28958590e-004	-3.28949764e-004	2.40972351e-006	
2.17388193e+001	3.28778977e-004	-3.28770226e-004	2.39879459e-006	
2.18389982e+001	3.27220090e-004	-3.27211798e-004	2.32950700e-006	
2.19391771e+001	3.23576791e-004	-3.23569417e-004	2.18446525e-006	
2.20393560e+001	3.18968069e-004	-3.18961771e-004	2.00433501e-006	
2.21395349e+001	3.14359419e-004	-3.14354126e-004	1.82420477e-006	
2.22397138e+001	3.09931959e-004	-3.09927624e-004	1.63915982e-006	
2.23398927e+001	3.04939924e-004	-3.04936903e-004	1.35731142e-006	
2.24400716e+001	2.96301715e-004	-2.96300093e-004	9.80267377e-007	
2.25402504e+001	2.87220725e-004	-2.87220096e-004	6.00900673e-007	
2.26404293e+001	2.79724182e-004	-2.79723999e-004	3.20476035e-007	
2.27406082e+001	2.72755203e-004	-2.72755194e-004	7.29899766e-008	
2.28407871e+001	2.65786446e-004	-2.65786389e-004	-1.74496082e-007	
2.29409660e+001	2.56743812e-004	-2.56743446e-004	-4.33810338e-007	
2.30411449e+001	2.42493718e-004	-2.42492641e-004	-7.22823500e-007	
2.31413238e+001	2.28244079e-004	-2.28241836e-004	-1.01183666e-006	
2.32415027e+001	2.18192740e-004	-2.18189825e-004	-1.12778199e-006	
2.33416816e+001	2.10067787e-004	-2.10064560e-004	-1.16430987e-006	
2.34418605e+001	2.01942865e-004	-2.01939295e-004	-1.20083774e-006	
2.35420394e+001	1.93601138e-004	-1.93597250e-004	-1.22688166e-006	
2.36422182e+001	1.81777806e-004	-1.81774570e-004	-1.08459393e-006	
2.37423971e+001	1.69954502e-004	-1.69951890e-004	-9.42306195e-007	
2.38425760e+001	1.61715375e-004	-1.61712943e-004	-8.86818767e-007	
2.39427549e+001	1.54097046e-004	-1.54094722e-004	-8.46365698e-007	
2.40429338e+001	1.46478718e-004	-1.46476501e-004	-8.05912628e-007	
2.41431127e+001	1.38861143e-004	-1.38859069e-004	-7.58891991e-007	
2.42432916e+001	1.31255625e-004	-1.31254221e-004	-6.07185494e-007	
2.43434705e+001	1.25352055e-004	-1.25350964e-004	-5.23001860e-007	
2.44436494e+001	1.20360692e-004	-1.20359754e-004	-4.75010267e-007	
2.45438283e+001	1.14894549e-004	-1.14893775e-004	-4.21704484e-007	
2.46440072e+001	1.09537549e-004	-1.09536924e-004	-3.70029193e-007	
2.47441860e+001	1.05350517e-004	-1.05349992e-004	-3.32607785e-007	
2.48443649e+001	1.01143102e-004	-1.01142689e-004	-2.88968381e-007	
2.49445438e+001	9.69316299e-005	-9.69313225e-005	-2.44088419e-007	
2.50447227e+001	9.27983687e-005	-9.27981346e-005	-2.08430930e-007	
2.51449016e+001	8.87289811e-005	-8.87287979e-005	-1.80305720e-007	
2.52450805e+001	8.46595980e-005	-8.46594612e-005	-1.52180511e-007	
2.53452594e+001	8.12390726e-005	-8.12389729e-005	-1.27293616e-007	
2.54454383e+001	7.89955797e-005	-7.89954958e-005	-1.15164496e-007	
2.55456172e+001	7.67181117e-005	-7.67180444e-005	-1.01669976e-007	
2.56457961e+001	7.44406452e-005	-7.44405930e-005	-8.81754568e-008	
2.57459750e+001	7.21631802e-005	-7.21631416e-005	-7.46809372e-008	
2.58461538e+001	6.98857170e-005	-6.98856902e-005	-6.11864177e-008	
2.59463327e+001	6.76082556e-005	-6.76082388e-005	-4.76918982e-008	
2.60465116e+001	6.54318467e-005	-6.54318352e-005	-3.87905572e-008	
2.61466905e+001	6.32852242e-005	-6.32852165e-005	-3.12430974e-008	
2.62468694e+001	6.08732601e-005	-6.08732561e-005	-2.20618229e-008	
2.63470483e+001	5.83665175e-005	-5.83665163e-005	-1.22969527e-008	
2.64472272e+001	5.68723280e-005	-5.68723273e-005	-8.67455867e-009	
2.65474061e+001	5.53246951e-005	-5.53246949e-005	-4.60573149e-009	
2.66475850e+001	5.37770626e-005	-5.37770626e-005	-5.36904305e-010	
2.67477639e+001	5.23572383e-005	-5.23572382e-005	2.79699830e-009	
2.68479428e+001	5.10219366e-005	-5.10219362e-005	5.64487833e-009	
2.69481216e+001	4.96866350e-005	-4.96866343e-005	8.49275836e-009	
2.70483005e+001	4.85498242e-005	-4.85498231e-005	1.04918141e-008	
2.71484794e+001	4.74980443e-005	-4.74980427e-005	1.21196864e-008	
2.72486583e+001	4.62257498e-005	-4.62257475e-005	1.46138890e-008	
2.73488372e+001	4.49534555e-005	-4.49534522e-005	1.71080916e-008	
2.74490161e+001	4.37000138e-005	-4.37000094e-005	1.94865524e-008	
2.75491950e+001	4.27365768e-005	-4.27365721e-005	2.00845683e-008	
2.76493739e+001	4.17731398e-005	-4.17731347e-005	2.06825843e-008	
2.77495528e+001	4.04843466e-005	-4.04843404e-005	2.25745114e-008	
2.78497317e+001	3.91796993e-005	-3.91796916e-005	2.45294896e-008	
2.79499106e+001	3.82036059e-005	-3.82035974e-005	2.55127313e-008	
2.80500894e+001	3.73015035e-005	-3.73014942e-005	2.62771365e-008	
2.81502683e+001	3.63866773e-005	-3.63866673e-005	2.70085919e-008	
2.82504472e+001	3.53951524e-005	-3.53951417e-005	2.75414249e-008	
2.83506261e+001	3.45711489e-005	-3.45711375e-005	2.80338076e-008	
2.84508050e+001	3.38036531e-005	-3.38036411e-005	2.85125456e-008	
2.85509839e+001	3.30361574e-005	-3.30361447e-005	2.89912837e-008	
2.86511628e+001	3.22686617e-005	-3.22686483e-005	2.94700217e-008	
2.87513417e+001	3.15011661e-005	-3.15011519e-005	2.99487598e-008	
2.88515206e+001	3.07336705e-005	-3.07336554e-005	3.04274978e-008	
2.89516995e+001	3.00185412e-005	-3.00185256e-005	3.05456337e-008	
2.90518784e+001	2.95066392e-005	-2.95066236e-005	3.02936082e-008	
2.91520572e+001	2.89268702e-005	-2.89268544e-005	3.01444177e-008	
2.92522361e+001	2.82421841e-005	-2.82421680e-005	3.01318209e-008	
2.93524150e+001	2.75574981e-005	-2.75574816e-005	3.01192241e-008	
2.94525939e+001	2.69473973e-005	-2.69473803e-005	3.02431597e-008	
2.95527728e+001	2.63446931e-005	-2.63446756e-005	3.03805611e-008	
2.96529517e+001	2.57227215e-005	-2.57227035e-005	3.04824637e-008	
2.97531306e+001	2.51007500e-005	-2.51007313e-005	3.05843662e-008	
2.98533095e+001	2.44917297e-005	-2.44917105e-005	3.06828571e-008	
2.99534884e+001	2.39338278e-005	-2.39338080e-005	3.07678818e-008	
3.00536673e+001	2.33759260e-005	-2.33759056e-005	3.08529064e-008	
3.01538462e+001	2.28180242e-005	-2.28180032e-005	3.09379311e-008	
3.02540250e+001	2.24017056e-005	-2.24016845e-005	3.07613904e-008	
3.03542039e+001	2.20505008e-005	-2.20504797e-005	3.04645565e-008	
3.04543828e+001	2.16658096e-005	-2.16657884e-005	3.02826572e-008	
3.05545617e+001	2.12372890e-005	-2.12372675e-005	3.02511924e-008	
3.06547406e+001	2.08087684e-005	-2.08087465e-005	3.02197277e-008	
3.07549195e+001	2.03826726e-005	-2.03826503e-005	3.01868318e-008	
3.08550984e+001	1.99713845e-005	-1.99713617e-005	3.01451964e-008	
3.09552773e+001	1.95600963e-005	-1.95600732e-005	3.01035610e-008	
3.10554562e+001	1.91488082e-005	-1.91487846e-005	3.00619256e-008	
3.11556351e+001	1.87375201e-005	-1.87374960e-005	3.00202902e-008	
3.12558140e+001	1.83232669e-005	-1.83232423e-005	2.99819249e-008	
3.13559928e+001	1.79293350e-005	-1.79293101e-005	2.99249506e-008	
3.14561717e+001	1.75354032e-005	-1.75353778e-005	2.98679762e-008	
3.15563506e+001	1.71414715e-005	-1.71414455e-005	2.98110019e-008	
3.16565295e+001	1.67475397e-005	-1.67475133e-005	2.97540276e-008	
3.17567084e+001	1.64403510e-005	-1.64403243e-005	2.96227233e-008	
3.18568873e+001	1.61717972e-005	-1.61717703e-005	2.94894992e-008	
3.19570662e+001	1.59032434e-005	-1.59032163e-005	2.93562751e-008	
3.20572451e+001	1.56342802e-005	-1.56342528e-005	2.92229618e-008	
3.21574240e+001	1.53367640e-005	-1.53367365e-005	2.90834319e-008	
3.22576029e+001	1.50260709e-005	-1.50260430e-005	2.89444841e-008	
3.23577818e+001	1.46546819e-005	-1.46546536e-005	2.88082174e-008	
3.24579606e+001	1.42832930e-005	-1.42832642e-005	2.86719507e-008	
3.25581395e+001	1.39310323e-005	-1.39310031e-005	2.84874320e-008	
3.26583184e+001	1.36957284e-005	-1.36956997e-005	2.80078837e-008	
3.27584973e+001	1.34604245e-005	-1.34603964e-005	2.75283354e-008	
3.28586762e+001	1.32251206e-005	-1.32250930e-005	2.70487871e-008	
3.29588551e+001	1.29898168e-005	-1.29897896e-005	2.65692388e-008	
3.30590340e+001	1.27277874e-005	-1.27277604e-005	2.61959908e-008	
3.31592129e+001	1.24836395e-005	-1.24836130e-005	2.56963913e-008	
3.32593918e+001	1.22445246e-005	-1.22444988e-005	2.51555972e-008	
3.33595707e+001	1.20054097e-005	-1.20053845e-005	2.46148031e-008	
3.34597496e+001	1.17662948e-005	-1.17662702e-005	2.40740090e-008	
3.35599284e+001	1.15461963e-005	-1.15461721e-005	2.36679795e-008	
3.36601073e+001	1.13502312e-005	-1.13502070e-005	2.34329765e-008	
3.37602862e+001	1.11542660e-005	-1.11542419e-005	2.31979735e-008	
3.38604651e+001	1.09583009e-005	-1.09582768e-005	2.29629706e-008	
3.39606440e+001	1.07615421e-005	-1.07615181e-005	2.27306268e-008	
3.40608229e+001	1.05689923e-005	-1.05689680e-005	2.26235938e-008	
3.41610018e+001	1.03840597e-005	-1.03840353e-005	2.24922193e-008	
3.42611807e+001	1.01991271e-005	-1.01991026e-005	2.23608449e-008	
3.43613596e+001	1.00141945e-005	-1.00141698e-005	2.22294704e-008	
3.44615385e+001	9.82926193e-006	-9.82923709e-006	2.20980960e-008	
3.45617174e+001	9.66504134e-006	-9.66501628e-006	2.20077567e-008	
3.46618962e+001	9.50707191e-006	-9.50704661e-006	2.19298024e-008	
3.47620751e+001	9.32941215e-006	-9.32938635e-006	2.19395586e-008	
3.48622540e+001	9.14985271e-006	-9.14982636e-006	2.19577770e-008	
3.49624329e+001	8.97029329e-006	-8.97026637e-006	2.19759955e-008	
3.50626118e+001	8.80691721e-006	-8.80688985e-006	2.19503441e-008	
3.51627907e+001	8.65390556e-006	-8.65387787e-006	2.18888739e-008	
3.52629696e+001	8.51545101e-006	-8.51542253e-006	2.20216530e-008	
3.53631485e+001	8.37699649e-006	-8.37696719e-006	2.21544320e-008	
3.54633274e+001	8.22997526e-006	-8.22994513e-006	2.22687513e-008	
3.55635063e+001	8.08276861e-006	-8.08273762e-006	2.23826710e-008	
3.56636852e+001	7.93556200e-006	-7.93553011e-006	2.24965907e-008	
3.57638640e+001	7.79486515e-006	-7.79483194e-006	2.27521752e-008	
3.58640429e+001	7.66033824e-006	-7.66030328e-006	2.31420282e-008	
3.59642218e+001	7.52581141e-006	-7.52577462e-006	2.35318812e-008	
3.60644007e+001	7.40257201e-006	-7.40253353e-006	2.38689642e-008	
3.61645796e+001	7.28039435e-006	-7.28035412e-006	2.42010836e-008	
3.62647585e+001	7.15821676e-006	-7.15817472e-006	2.45332031e-008	
3.63649374e+001	7.03613564e-006	-7.03609164e-006	2.48831499e-008	
3.64651163e+001	6.91429385e-006	-6.91424764e-006	2.52773418e-008	
3.65652952e+001	6.79200739e-006	-6.79195889e-006	2.56678828e-008	
3.66654741e+001	6.66467057e-006	-6.66461979e-006	2.60169663e-008	
3.67656530e+001	6.53733385e-006	-6.53728068e-006	2.63660499e-008	
3.68658318e+001	6.40999725e-006	-6.40994158e-006	2.67151335e-008	
3.69660107e+001	6.28744646e-006	-6.28738833e-006	2.70356346e-008	
3.70661896e+001	6.17674996e-006	-6.17668969e-006	2.72853372e-008	
3.71663685e+001	6.06645517e-006	-6.06639215e-006	2.76505815e-008	
3.72665474e+001	5.95621547e-006	-5.95614951e-006	2.80316391e-008	
3.73667263e+001	5.83978372e-006	-5.83971422e-006	2.84902923e-008	
3.74669052e+001	5.72457494e-006	-5.72450172e-006	2.89526363e-008	
3.75670841e+001	5.61561415e-006	-5.61553726e-006	2.93858440e-008	
3.76672630e+001	5.50665353e-006	-5.50657280e-006	2.98190517e-008	
3.77674419e+001	5.39781678e-006	-5.39773200e-006	3.02541233e-008	
3.78676208e+001	5.28956169e-006	-5.28947179e-006	3.08394368e-008	
3.79677996e+001	5.18130688e-006	-5.18121158e-006	3.14247503e-008	
3.80679785e+001	5.07305237e-006	-5.07295138e-006	3.20100638e-008	
3.81681574e+001	4.97146270e-006	-4.97135620e-006	3.25407616e-008	
3.82683363e+001	4.86214033e-006	-4.86202571e-006	3.33851094e-008	
3.83685152e+001	4.75281848e-006	-4.75269522e-006	3.42294572e-008	
3.84686941e+001	4.64349720e-006	-4.64336474e-006	3.50738049e-008	
3.85688730e+001	4.55285494e-006	-4.55271522e-006	3.56685005e-008	
3.86690519e+001	4.45828555e-006	-4.45813621e-006	3.64913464e-008	
3.87692308e+001	4.36014094e-006	-4.35997931e-006	3.75421769e-008	
3.88694097e+001	4.26082802e-006	-4.26065256e-006	3.86675515e-008	
3.89695886e+001	4.16151606e-006	-4.16132580e-006	3.97929261e-008	
3.90697674e+001	4.05273963e-006	-4.05252919e-006	4.12999363e-008	
3.91699463e+001	3.93148458e-006	-3.93124601e-006	4.33101555e-008	
3.92701252e+001	3.82261120e-006	-3.82234171e-006	4.53895195e-008	
3.93703041e+001	3.72916188e-006	-3.72885865e-006	4.75550220e-008	
3.94704830e+001	3.63571558e-006	-3.63537559e-006	4.97205245e-008	
3.95706619e+001	3.54227255e-006	-3.54189253e-006	5.18860270e-008	
3.96708408e+001	3.44071538e-006	-3.44028645e-006	5.43277820e-008	
3.97710197e+001	3.28422901e-006	-3.28370547e-006	5.86391561e-008	
3.98711986e+001	3.11896878e-006	-3.11827952e-006	6.55673598e-008	
3.99713775e+001	2.94921376e-006	-2.94828909e-006	7.38459860e-008	
4.00715564e+001	2.77951217e-006	-2.77829866e-006	8.21246123e-008	
4.01717352e+001	2.60987443e-006	-2.60830823e-006	9.04032385e-008	
4.02719141e+001	2.41553395e-006	-2.41338138e-006	1.01953899e-007	
4.03720930e+001	2.11707995e-006	-2.11365662e-006	1.20346198e-007	
4.04722719e+001	1.81922982e-006	-1.81393186e-006	1.38738498e-007	
4.05724508e+001	1.47790107e-006	-1.46897825e-006	1.62155691e-007	
4.06726297e+001	9.36712273e-007	-9.14385407e-007	2.03295868e-007	
4.07728086e+001	3.78694008e-007	-2.87639766e-007	2.46317917e-007	
4.08729875e+001	4.90329293e-007	3.97555505e-007	2.87005986e-007	
4.09731664e+001	1.07674811e-006	1.03296745e-006	3.03915683e-007	
4.10733453e+001	1.76121015e-006	1.73150691e-006	3.22094725e-007	
4.11735242e+001	2.18021324e-006	2.16563855e-006	2.51673302e-007	
4.12737030e+001	2.27188177e-006	2.26865717e-006	1.21001776e-007	
4.13738819e+001	2.16379690e-006	2.16348387e-006	3.68040487e-008	
4.14740608e+001	1.84979633e-006	1.84969390e-006	-1.94663042e-008	
4.15742397e+001	1.61560695e-006	1.61526094e-006	-3.34350440e-008	
4.16744186e+001	1.43997376e-006	1.43919700e-006	-4.72907401e-008	
4.17745975e+001	1.27558900e-006	1.27480237e-006	-4.47907345e-008	
4.18747764e+001	1.14160426e-006	1.14073343e-006	-4.45818992e-008	
4.19749553e+001	9.94177650e-007	9.93367926e-007	-4.01168875e-008	
4.20751342e+001	8.99424316e-007	8.98585100e-007	-3.88447990e-008	
4.21753131e+001	8.03753996e-007	8.02919925e-007	-3.66071083e-008	
4.22754919e+001	7.16593768e-007	7.15852937e-007	-3.25760780e-008	
4.23756708e+001	6.57700772e-007	6.57003007e-007	-3.02878639e-008	
4.24758497e+001	6.04291916e-007	6.03617181e-007	-2.85485332e-008	
4.25760286e+001	5.58630054e-007	5.57976439e-007	-2.70153911e-008	
4.26762075e+001	5.23824179e-007	5.23197027e-007	-2.56250120e-008	
4.27763864e+001	4.92205445e-007	4.91576074e-007	-2.48830003e-008	
4.28765653e+001	4.68711328e-007	4.68073231e-007	-2.44491267e-008	
4.29767442e+001	4.49355023e-007	4.48723608e-007	-2.38130331e-008	
4.30769231e+001	4.34070299e-007	4.33448444e-007	-2.32265173e-008	
4.31771020e+001	4.25762746e-007	4.25132470e-007	-2.31581147e-008	
4.32772809e+001	4.25139638e-007	4.24473218e-007	-2.37949503e-008	
4.33774597e+001	4.25517699e-007	4.24845842e-007	-2.39023512e-008	
4.34776386e+001	4.34474658e-007	4.33767040e-007	-2.47867575e-008	
4.35778175e+001	4.52597946e-007	4.51831089e-007	-2.63356820e-008	
4.36779964e+001	4.73183559e-007	4.72425156e-007	-2.67796878e-008	
4.37781753e+001	5.03766816e-007	5.02995000e-007	-2.78753347e-008	
4.38783542e+001	5.41501534e-007	5.40727906e-007	-2.89351489e-008	
4.39785331e+001	5.93857483e-007	5.93198593e-007	-2.79667461e-008	
4.40787120e+001	6.58015318e-007	6.57606449e-007	-2.31930454e-008	
4.41788909e+001	7.12456510e-007	7.12369027e-007	-1.11645377e-008	
4.42790698e+001	7.88401790e-007	7.88389442e-007	4.41240387e-009	
4.43792487e+001	7.93038649e-007	7.90024625e-007	6.90752547e-008	
4.44794275e+001	6.55479518e-007	6.47486654e-007	1.02051124e-007	
4.45796064e+001	4.16144329e-007	3.94228977e-007	1.33265210e-007	
4.46797853e+001	1.53327349e-007	9.33714541e-008	1.21618450e-007	
4.47799642e+001	2.76864119e-007	-2.56906350e-007	1.03212729e-007	
4.48801431e+001	4.72284258e-007	-4.63427333e-007	9.10358599e-008	
4.49803220e+001	6.74573558e-007	-6.69948315e-007	7.88589906e-008	
4.50805009e+001	8.45858252e-007	-8.43164284e-007	6.74549633e-008	
4.51806798e+001	9.18373391e-007	-9.16264200e-007	6.22061109e-008	
4.52808587e+001	9.91002262e-007	-9.89364116e-007	5.69572585e-008	
4.53810376e+001	1.06372157e-006	-1.06246403e-006	5.17084062e-008	
4.54812165e+001	1.13651395e-006	-1.13556395e-006	4.64595538e-008	
4.55813953e+001	1.20936622e-006	-1.20866386e-006	4.12107014e-008	
4.56815742e+001	1.27160539e-006	-1.27108949e-006	3.62187153e-008	
4.57817531e+001	1.28429563e-006	-1.28385157e-006	3.37701356e-008	
4.58819320e+001	1.30685489e-006	-1.30646292e-006	3.20053906e-008	
4.59821109e+001	1.32941826e-006	-1.32907427e-006	3.02406456e-008	
4.60822898e+001	1.35198554e-006	-1.35168562e-006	2.84759006e-008	
4.61824687e+001	1.36657839e-006	-1.36631121e-006	2.70218186e-008	
4.62826476e+001	1.36958648e-006	-1.36933839e-006	2.60669923e-008	
4.63828265e+001	1.37341890e-006	-1.37319015e-006	2.50658027e-008	
4.64830054e+001	1.37725216e-006	-1.37704190e-006	2.40646131e-008	
4.65831843e+001	1.38108624e-006	-1.38089366e-006	2.30634235e-008	
4.66833631e+001	1.39245994e-006	-1.39228375e-006	2.21502246e-008	
4.67835420e+001	1.40406432e-006	-1.40390366e-006	2.12397083e-008	
4.68837209e+001	1.41206478e-006	-1.41191731e-006	2.04070260e-008	
4.69838998e+001	1.41012564e-006	-1.40998678e-006	1.97889684e-008	
4.70840787e+001	1.40846050e-006	-1.40832909e-006	1.92391349e-008	
4.71842576e+001	1.40711978e-006	-1.40699458e-006	1.87701099e-008	
4.72844365e+001	1.40608322e-006	-1.40596409e-006	1.83029398e-008	
4.73846154e+001	1.40706181e-006	-1.40694861e-006	1.78480634e-008	
4.74847943e+001	1.40804057e-006	-1.40793313e-006	1.73931870e-008	
4.75849732e+001	1.40743496e-006	-1.40733246e-006	1.69855386e-008	
4.76851521e+001	1.40464736e-006	-1.40454876e-006	1.66429291e-008	
4.77853309e+001	1.40185984e-006	-1.40176507e-006	1.63003196e-008	
4.78855098e+001	1.39907238e-006	-1.39898137e-006	1.59577100e-008	
4.79856887e+001	1.39628499e-006	-1.39619768e-006	1.56151005e-008	
4.80858676e+001	1.39509213e-006	-1.39500867e-006	1.52595083e-008	
4.81860465e+001	1.39174976e-006	-1.39166919e-006	1.49754247e-008	
4.82862254e+001	1.38843320e-006	-1.38835548e-006	1.46910341e-008	
4.83864043e+001	1.38519072e-006	-1.38511581e-006	1.44057615e-008	
4.84865832e+001	1.38194828e-006	-1.38187614e-006	1.41204889e-008	
4.85867621e+001	1.37770476e-006	-1.37763493e-006	1.38704336e-008	
4.86869410e+001	1.37461123e-006	-1.37454338e-006	1.36579516e-008	
4.87871199e+001	1.37179824e-006	-1.37173246e-006	1.34339403e-008	
4.88872987e+001	1.36898528e-006	-1.36892155e-006	1.32099291e-008	
4.89874776e+001	1.36617235e-006	-1.36611063e-006	1.29859178e-008	
4.90876565e+001	1.36336945e-006	-1.36330971e-006	1.27632686e-008	
4.91878354e+001	1.36065758e-006	-1.36059968e-006	1.25530089e-008	
4.92880143e+001	1.35794574e-006	-1.35788965e-006	1.23427492e-008	
4.93881932e+001	1.35468608e-006	-1.35463165e-006	1.21436622e-008	
4.94883721e+001	1.34977609e-006	-1.34972294e-006	1.19782321e-008	
4.95885510e+001	1.34486611e-006	-1.34481423e-006	1.18128020e-008	
4.96887299e+001	1.34079253e-006	-1.34074197e-006	1.16428836e-008	
4.97889088e+001	1.33755799e-006	-1.33750883e-006	1.14684624e-008	
4.98890877e+001	1.33432348e-006	-1.33427568e-006	1.12940413e-008	
4.99892665e+001	1.33108897e-006	-1.33104253e-006	1.11196201e-008	
5.00894454e+001	1.32707879e-006	-1.32703352e-006	1.09610216e-008	
5.01896243e+001	1.32252182e-006	-1.32247741e-006	1.08382770e-008	
5.02898032e+001	1.31822875e-006	-1.31818521e-006	1.07143307e-008	
5.03899821e+001	1.31393569e-006	-1.31389301e-006	1.05903843e-008	
5.04901610e+001	1.30980235e-006	-1.30976051e-006	1.04685850e-008	
5.05903399e+001	1.30623984e-006	-1.30619880e-006	1.03544596e-008	
5.06905188e+001	1.30267735e-006	-1.30263710e-006	1.02403342e-008	
5.07906977e+001	1.29911486e-006	-1.29907539e-006	1.01262088e-008	
5.08908766e+001	1.29566792e-006	-1.29562928e-006	1.00058271e-008	
5.09910555e+001	1.29244137e-006	-1.29240364e-006	9.87561449e-009	
5.10912343e+001	1.28889129e-006	-1.28885437e-006	9.75560549e-009	
5.11914132e+001	1.28474202e-006	-1.28470587e-006	9.63805859e-009	
5.12915921e+001	1.28059276e-006	-1.28055737e-006	9.52051169e-009	
5.13917710e+001	1.27674388e-006	-1.27670914e-006	9.41782396e-009	
5.14919499e+001	1.27316709e-006	-1.27313294e-006	9.32526800e-009	
5.15921288e+001	1.27032201e-006	-1.27028827e-006	9.25840613e-009	
5.16923077e+001	1.26747693e-006	-1.26744360e-006	9.19154427e-009	
5.17924866e+001	1.26463185e-006	-1.26459893e-006	9.12468241e-009	
5.18926655e+001	1.26168510e-006	-1.26165268e-006	9.04500594e-009	
5.19928444e+001	1.25873254e-006	-1.25870061e-006	8.96459712e-009	
5.20930233e+001	1.25579180e-006	-1.25576037e-006	8.88465014e-009	
5.21932021e+001	1.25288675e-006	-1.25285580e-006	8.80609662e-009	
5.22933810e+001	1.24998170e-006	-1.24995123e-006	8.72754311e-009	
5.23935599e+001	1.24707666e-006	-1.24704666e-006	8.64898959e-009	
5.24937388e+001	1.24417161e-006	-1.24414209e-006	8.57043607e-009	
5.25939177e+001	1.24153422e-006	-1.24150503e-006	8.51268012e-009	
5.26940966e+001	1.23881026e-006	-1.23878139e-006	8.45807983e-009	
5.27942755e+001	1.23608631e-006	-1.23605774e-006	8.40347954e-009	
5.28944544e+001	1.23336235e-006	-1.23333409e-006	8.34887925e-009	
5.29946333e+001	1.23063840e-006	-1.23061045e-006	8.29427896e-009	
5.30948122e+001	1.22827817e-006	-1.22825054e-006	8.23909165e-009	
5.31949911e+001	1.22626883e-006	-1.22624152e-006	8.18333805e-009	
5.32951699e+001	1.22399456e-006	-1.22396753e-006	8.13427085e-009	
5.33953488e+001	1.22171150e-006	-1.22168474e-006	8.08542577e-009	
5.34955277e+001	1.21942843e-006	-1.21940195e-006	8.03658069e-009	
5.35957066e+001	1.21764570e-006	-1.21761941e-006	8.00145782e-009	
5.36958855e+001	1.21597466e-006	-1.21594854e-006	7.96940123e-009	
5.37960644e+001	1.21422971e-006	-1.21420376e-006	7.93762922e-009	
5.38962433e+001	1.21256868e-006	-1.21254290e-006	7.90726323e-009	
5.39964222e+001	1.21104694e-006	-1.21102131e-006	7.87883251e-009	
5.40966011e+001	1.20925109e-006	-1.20922569e-006	7.83759110e-009	
5.41967800e+001	1.20745525e-006	-1.20743008e-006	7.79634969e-009	
5.42969589e+001	1.20567962e-006	-1.20565465e-006	7.75916742e-009	
5.43971377e+001	1.20394021e-006	-1.20391540e-006	7.72838807e-009	
5.44973166e+001	1.20291935e-006	-1.20289467e-006	7.70637865e-009	
5.45974955e+001	1.20189849e-006	-1.20187393e-006	7.68436922e-009	
5.46976744e+001	1.20090802e-006	-1.20088356e-006	7.66379568e-009	
5.47978533e+001	1.20013882e-006	-1.20011441e-006	7.65368084e-009	
5.48980322e+001	1.19931134e-006	-1.19928701e-006	7.63970586e-009	
5.49982111e+001	1.19844231e-006	-1.19841807e-006	7.62192651e-009	
5.50983900e+001	1.19757736e-006	-1.19755323e-006	7.60156697e-009	
5.51985689e+001	1.19673690e-006	-1.19671288e-006	7.58245949e-009	
5.52987478e+001	1.19581337e-006	-1.19578947e-006	7.56090148e-009	
5.53989267e+001	1.19494138e-006	-1.19491758e-006	7.54071977e-009	
5.54991055e+001	1.19446297e-006	-1.19443922e-006	7.53104979e-009	
5.55992844e+001	1.19398456e-006	-1.19396087e-006	7.52137982e-009	
5.56994633e+001	1.19371340e-006	-1.19368973e-006	7.51707315e-009	
5.57996422e+001	1.19365870e-006	-1.19363503e-006	7.51793806e-009	
5.58998211e+001	1.19361580e-006	-1.19359213e-006	7.51779700e-009	
5.60000000e+001	1.19360012e-006	-1.19357644e-006	7.51771349e-009	
