% Column 0: Length, cm
% Column 1: |B.t|, Tesla
% Column 2: Re[B.t], Tesla
% Column 3: Im[B.t], Tesla
0.00000000e+000	7.25440453e-006	-7.25342368e-006	1.19289534e-007	
1.00178891e-001	7.25583123e-006	-7.25485071e-006	1.19281173e-007	
2.00357782e-001	7.25633055e-006	-7.25534987e-006	1.19295527e-007	
3.00536673e-001	7.25284936e-006	-7.25186715e-006	1.19359402e-007	
4.00715564e-001	7.25142232e-006	-7.25043899e-006	1.19415606e-007	
5.00894454e-001	7.25042760e-006	-7.24944306e-006	1.19480419e-007	
6.01073345e-001	7.24699212e-006	-7.24600528e-006	1.19592416e-007	
7.01252236e-001	7.24176280e-006	-7.24077288e-006	1.19735809e-007	
8.01431127e-001	7.23616058e-006	-7.23516738e-006	1.19887104e-007	
9.01610018e-001	7.22617782e-006	-7.22517919e-006	1.20131223e-007	
1.00178891e+000	7.21619509e-006	-7.21519101e-006	1.20375342e-007	
1.10196780e+000	7.20680319e-006	-7.20579409e-006	1.20597512e-007	
1.20214669e+000	7.19742521e-006	-7.19641130e-006	1.20806013e-007	
1.30232558e+000	7.18783356e-006	-7.18681410e-006	1.21055399e-007	
1.40250447e+000	7.18068817e-006	-7.17966350e-006	1.21303559e-007	
1.50268336e+000	7.17354279e-006	-7.17251290e-006	1.21551720e-007	
1.60286225e+000	7.16446553e-006	-7.16342978e-006	1.21820070e-007	
1.70304114e+000	7.15098102e-006	-7.14993795e-006	1.22134481e-007	
1.80322004e+000	7.13749654e-006	-7.13644612e-006	1.22448892e-007	
1.90339893e+000	7.12667858e-006	-7.12562131e-006	1.22754030e-007	
2.00357782e+000	7.11328805e-006	-7.11222219e-006	1.23135680e-007	
2.10375671e+000	7.09751035e-006	-7.09643429e-006	1.23585968e-007	
2.20393560e+000	7.08170277e-006	-7.08061653e-006	1.24031117e-007	
2.30411449e+000	7.06559398e-006	-7.06449834e-006	1.24424555e-007	
2.40429338e+000	7.04738503e-006	-7.04627954e-006	1.24821181e-007	
2.50447227e+000	7.01742189e-006	-7.01630396e-006	1.25254355e-007	
2.60465116e+000	6.99332385e-006	-6.99219328e-006	1.25744103e-007	
2.70483005e+000	6.96922592e-006	-6.96808259e-006	1.26233852e-007	
2.80500894e+000	6.94512813e-006	-6.94397190e-006	1.26723601e-007	
2.90518784e+000	6.92232276e-006	-6.92115298e-006	1.27254849e-007	
3.00536673e+000	6.90039646e-006	-6.89921262e-006	1.27814322e-007	
3.10554562e+000	6.87847029e-006	-6.87727226e-006	1.28373795e-007	
3.20572451e+000	6.85654426e-006	-6.85533189e-006	1.28933268e-007	
3.30590340e+000	6.83491097e-006	-6.83368374e-006	1.29516421e-007	
3.40608229e+000	6.79930301e-006	-6.79805604e-006	1.30213419e-007	
3.50626118e+000	6.74375036e-006	-6.74248219e-006	1.30777644e-007	
3.60644007e+000	6.68819811e-006	-6.68690835e-006	1.31341870e-007	
3.70661896e+000	6.63264627e-006	-6.63133451e-006	1.31906095e-007	
3.80679785e+000	6.58691203e-006	-6.58557650e-006	1.32636111e-007	
3.90697674e+000	6.54429188e-006	-6.54293133e-006	1.33438600e-007	
4.00715564e+000	6.48664936e-006	-6.48526353e-006	1.34077832e-007	
4.10733453e+000	6.42900735e-006	-6.42759572e-006	1.34717065e-007	
4.20751342e+000	6.37136587e-006	-6.36992792e-006	1.35356297e-007	
4.30769231e+000	6.31127828e-006	-6.30981211e-006	1.36031940e-007	
4.40787120e+000	6.24152686e-006	-6.24002638e-006	1.36851409e-007	
4.50805009e+000	6.16214857e-006	-6.16061136e-006	1.37632363e-007	
4.60822898e+000	6.06599824e-006	-6.06442042e-006	1.38346215e-007	
4.70840787e+000	5.96988007e-006	-5.96826089e-006	1.39032412e-007	
4.80858676e+000	5.87965362e-006	-5.87800006e-006	1.39434643e-007	
4.90876565e+000	5.79535995e-006	-5.79367042e-006	1.39928601e-007	
5.00894454e+000	5.71449623e-006	-5.71277054e-006	1.40427602e-007	
5.10912343e+000	5.63363360e-006	-5.63187067e-006	1.40926603e-007	
5.20930233e+000	5.54164010e-006	-5.53982698e-006	1.41746584e-007	
5.30948122e+000	5.40751593e-006	-5.40565207e-006	1.41965506e-007	
5.40966011e+000	5.26725003e-006	-5.26533426e-006	1.42049309e-007	
5.50983900e+000	5.12698696e-006	-5.12501644e-006	1.42133111e-007	
5.61001789e+000	4.98672698e-006	-4.98469862e-006	1.42216914e-007	
5.71019678e+000	4.84739417e-006	-4.84530011e-006	1.42467968e-007	
5.81037567e+000	4.63328974e-006	-4.63111097e-006	1.42074179e-007	
5.91055456e+000	4.44303263e-006	-4.44077972e-006	1.41472409e-007	
6.01073345e+000	4.25623670e-006	-4.25390583e-006	1.40840499e-007	
6.11091234e+000	4.04363668e-006	-4.04123454e-006	1.39359286e-007	
6.21109123e+000	3.81807313e-006	-3.81559819e-006	1.37451236e-007	
6.31127013e+000	3.59251973e-006	-3.58996185e-006	1.35543186e-007	
6.41144902e+000	3.36752331e-006	-3.36486996e-006	1.33654009e-007	
6.51162791e+000	3.14926256e-006	-3.14649508e-006	1.31997682e-007	
6.61180680e+000	2.93101976e-006	-2.92812021e-006	1.30341354e-007	
6.71198569e+000	2.68214992e-006	-2.67914216e-006	1.26986190e-007	
6.81216458e+000	2.41207200e-006	-2.40891086e-006	1.23449718e-007	
6.91234347e+000	2.13191396e-006	-2.12851965e-006	1.20254935e-007	
7.01252236e+000	1.85183202e-006	-1.84812845e-006	1.17060152e-007	
7.11270125e+000	1.50037484e-006	-1.49626899e-006	1.10922400e-007	
7.21288014e+000	1.15666028e-006	-1.15174220e-006	1.06550069e-007	
7.31305903e+000	7.35649468e-007	-7.28561128e-007	1.01876504e-007	
7.41323792e+000	3.14172894e-007	-2.98467165e-007	9.80915827e-008	
7.51341682e+000	2.20450219e-007	2.04366097e-007	8.26607359e-008	
7.61359571e+000	8.76832888e-007	8.71122622e-007	9.99064097e-008	
7.71377460e+000	1.97503168e-006	1.96756435e-006	1.71582868e-007	
7.81395349e+000	5.21273547e-006	5.07854708e-006	1.17514707e-006	
7.91413238e+000	3.78137786e-006	3.75387860e-006	-4.55207627e-007	
8.01431127e+000	2.49992654e-006	2.41125909e-006	-6.59895679e-007	
8.11449016e+000	1.85656450e-006	1.79826310e-006	-4.61607609e-007	
8.21466905e+000	1.49114484e-006	1.44409822e-006	-3.71609023e-007	
8.31484794e+000	1.35791584e-006	1.32511542e-006	-2.96655617e-007	
8.41502683e+000	1.08884917e-006	1.05257734e-006	-2.78699553e-007	
8.51520572e+000	9.84404324e-007	9.53928639e-007	-2.43047370e-007	
8.61538462e+000	9.47311564e-007	9.22927007e-007	-2.13553129e-007	
8.71556351e+000	8.83697307e-007	8.60048790e-007	-2.03068975e-007	
8.81574240e+000	8.63182222e-007	8.44647283e-007	-1.77917162e-007	
8.91592129e+000	7.77897218e-007	7.55058308e-007	-1.87112358e-007	
9.01610018e+000	7.39310532e-007	7.15797436e-007	-1.84970518e-007	
9.11627907e+000	7.75332795e-007	7.55682747e-007	-1.73448927e-007	
9.21645796e+000	7.45243203e-007	7.22775521e-007	-1.81612163e-007	
9.31663685e+000	8.05602003e-007	7.85992769e-007	-1.76663395e-007	
9.41681574e+000	8.59987090e-007	8.41727692e-007	-1.76273332e-007	
9.51699463e+000	8.63395088e-007	8.36197606e-007	-2.14999164e-007	
9.61717352e+000	9.49604688e-007	9.20175476e-007	-2.34576551e-007	
9.71735242e+000	1.03855793e-006	9.94765131e-007	-2.98403941e-007	
9.81753131e+000	1.36005383e-006	1.33074403e-006	-2.80832218e-007	
9.91771020e+000	1.82516158e-006	1.82438666e-006	5.31800565e-008	
1.00178891e+001	1.17508881e-006	1.17276253e-006	-7.39037069e-008	
1.01180680e+001	1.02543836e-006	1.02055187e-006	-9.99885732e-008	
1.02182469e+001	1.03342343e-006	1.02863550e-006	-9.93629140e-008	
1.03184258e+001	1.09960093e-006	1.09510312e-006	-9.93547876e-008	
1.04186047e+001	1.19899336e-006	1.19488662e-006	-9.91516539e-008	
1.05187835e+001	1.28346720e-006	1.27964825e-006	-9.89364601e-008	
1.06189624e+001	1.35889600e-006	1.35534181e-006	-9.82187436e-008	
1.07191413e+001	1.43859728e-006	1.43528252e-006	-9.76023881e-008	
1.08193202e+001	1.51193596e-006	1.50858434e-006	-1.00616326e-007	
1.09194991e+001	1.57733395e-006	1.57352714e-006	-1.09520404e-007	
1.10196780e+001	1.69021988e-006	1.68576904e-006	-1.22580535e-007	
1.11198569e+001	1.81068342e-006	1.80551230e-006	-1.36747258e-007	
1.12200358e+001	1.95507429e-006	1.94898562e-006	-1.54176980e-007	
1.13202147e+001	2.20669806e-006	2.19985376e-006	-1.73665641e-007	
1.14203936e+001	2.41756702e-006	2.41038796e-006	-1.86172464e-007	
1.15205725e+001	2.77640573e-006	2.76915804e-006	-2.00480789e-007	
1.16207513e+001	3.18911851e-006	3.18131291e-006	-2.22991134e-007	
1.17209302e+001	3.59672121e-006	3.58846830e-006	-2.43513189e-007	
1.18211091e+001	4.03945409e-006	4.03094100e-006	-2.62114437e-007	
1.19212880e+001	4.45982282e-006	4.45141837e-006	-2.73667869e-007	
1.20214669e+001	4.87347817e-006	4.86526289e-006	-2.82854134e-007	
1.21216458e+001	5.05850399e-006	5.05267627e-006	-2.42744850e-007	
1.22218247e+001	5.13013628e-006	5.12896539e-006	-1.09600776e-007	
1.23220036e+001	4.98135531e-006	4.98134374e-006	1.07384401e-008	
1.24221825e+001	4.64377699e-006	4.64258689e-006	1.05127088e-007	
1.25223614e+001	3.69250694e-006	3.68584690e-006	2.21675843e-007	
1.26225403e+001	3.14701359e-006	3.13126874e-006	3.14405113e-007	
1.27227191e+001	2.69183456e-006	2.66269232e-006	3.95022692e-007	
1.28228980e+001	2.13403217e-006	2.07693121e-006	4.90357059e-007	
1.29230769e+001	2.21897691e-006	2.14409381e-006	5.71594479e-007	
1.30232558e+001	2.32154880e-006	2.23101122e-006	6.42010729e-007	
1.31234347e+001	3.83368406e-006	3.76832681e-006	7.04873387e-007	
1.32236136e+001	6.01555949e-006	5.97763740e-006	6.74393874e-007	
1.33237925e+001	8.79754049e-006	8.77723806e-006	5.97336315e-007	
1.34239714e+001	1.29242335e-005	1.29130363e-005	5.37870997e-007	
1.35241503e+001	1.70232545e-005	1.70230740e-005	7.84078775e-008	
1.36243292e+001	1.98939274e-005	1.98916005e-005	-3.04265417e-007	
1.37245081e+001	2.20565855e-005	2.20442146e-005	-7.38626966e-007	
1.38246869e+001	2.40141434e-005	2.39965004e-005	-9.20354001e-007	
1.39248658e+001	2.61075659e-005	2.60859010e-005	-1.06337451e-006	
1.40250447e+001	2.85322601e-005	2.85102831e-005	-1.11965549e-006	
1.41252236e+001	3.14062806e-005	3.13840035e-005	-1.18270168e-006	
1.42254025e+001	3.45184857e-005	3.44958470e-005	-1.24995630e-006	
1.43255814e+001	3.81687803e-005	3.81459161e-005	-1.32093653e-006	
1.44257603e+001	4.28467832e-005	4.28227153e-005	-1.43592748e-006	
1.45259392e+001	4.74759002e-005	4.74528767e-005	-1.47837638e-006	
1.46261181e+001	5.35185748e-005	5.34956167e-005	-1.56743117e-006	
1.47262970e+001	5.99126050e-005	5.98925599e-005	-1.54967883e-006	
1.48264758e+001	6.67409160e-005	6.67216815e-005	-1.60221212e-006	
1.49266547e+001	7.84854086e-005	7.84700556e-005	-1.55233340e-006	
1.50268336e+001	8.83626193e-005	8.83570585e-005	-9.91315100e-007	
1.51270125e+001	1.03439532e-004	1.03439476e-004	1.06949230e-007	
1.52271914e+001	1.13661307e-004	1.13634745e-004	2.45711893e-006	
1.53273703e+001	1.23498656e-004	1.23266467e-004	7.56942976e-006	
1.54275492e+001	1.19111206e-004	1.18368803e-004	1.32780160e-005	
1.55277281e+001	1.00776169e-004	9.94683045e-005	1.61830989e-005	
1.56279070e+001	6.74271050e-005	6.56159087e-005	1.55231122e-005	
1.57280859e+001	3.73397755e-005	3.48156229e-005	1.34956004e-005	
1.58282648e+001	1.09782509e-005	3.06084239e-006	1.05429236e-005	
1.59284436e+001	2.40914813e-005	-2.24783417e-005	8.66738846e-006	
1.60286225e+001	4.66375226e-005	-4.61811722e-005	6.50829066e-006	
1.61288014e+001	5.92326482e-005	-5.89573771e-005	5.70388442e-006	
1.62289803e+001	7.48793357e-005	-7.47302375e-005	4.72297774e-006	
1.63291592e+001	9.05804273e-005	-9.05030979e-005	3.74207107e-006	
1.64293381e+001	1.01170496e-004	-1.01118593e-004	3.24025773e-006	
1.65295170e+001	1.09521859e-004	-1.09482186e-004	2.94763486e-006	
1.66296959e+001	1.17875683e-004	-1.17845779e-004	2.65501198e-006	
1.67298748e+001	1.26425347e-004	-1.26403274e-004	2.36238434e-006	
1.68300537e+001	1.35789772e-004	-1.35773191e-004	2.12200259e-006	
1.69302326e+001	1.45243038e-004	-1.45229902e-004	1.95335142e-006	
1.70304114e+001	1.54696909e-004	-1.54686614e-004	1.78470026e-006	
1.71305903e+001	1.64151280e-004	-1.64143325e-004	1.61604910e-006	
1.72307692e+001	1.73242064e-004	-1.73236029e-004	1.44603810e-006	
1.73309481e+001	1.81340321e-004	-1.81335505e-004	1.32164886e-006	
1.74311270e+001	1.89686461e-004	-1.89682644e-004	1.20336296e-006	
1.75313059e+001	1.98032757e-004	-1.98029784e-004	1.08507707e-006	
1.76314848e+001	2.06379188e-004	-2.06376923e-004	9.66791173e-007	
1.77316637e+001	2.14725740e-004	-2.14724063e-004	8.48505278e-007	
1.78318426e+001	2.23072398e-004	-2.23071203e-004	7.30219382e-007	
1.79320215e+001	2.31419152e-004	-2.31418342e-004	6.11933487e-007	
1.80322004e+001	2.42612014e-004	-2.42611490e-004	5.04320993e-007	
1.81323792e+001	2.55794741e-004	-2.55794463e-004	3.76798736e-007	
1.82325581e+001	2.69117554e-004	-2.69117437e-004	2.51314272e-007	
1.83327370e+001	2.82440438e-004	-2.82440410e-004	1.25829808e-007	
1.84329159e+001	2.97619042e-004	-2.97619040e-004	-2.87113948e-008	
1.85330948e+001	3.15829987e-004	-3.15829902e-004	-2.30732720e-007	
1.86332737e+001	3.34041045e-004	-3.34040764e-004	-4.32754044e-007	
1.87334526e+001	3.51998499e-004	-3.51997929e-004	-6.33061133e-007	
1.88336315e+001	3.70418658e-004	-3.70417576e-004	-8.95328069e-007	
1.89338104e+001	3.93452371e-004	-3.93450687e-004	-1.15117514e-006	
1.90339893e+001	4.16517766e-004	-4.16515394e-004	-1.40578442e-006	
1.91341682e+001	4.39583236e-004	-4.39580100e-004	-1.66039369e-006	
1.92343470e+001	4.62926360e-004	-4.62921989e-004	-2.01171902e-006	
1.93345259e+001	4.94197190e-004	-4.94190813e-004	-2.51047348e-006	
1.94347048e+001	5.27068935e-004	-5.27061916e-004	-2.72016509e-006	
1.95348837e+001	5.54787478e-004	-5.54780533e-004	-2.77578675e-006	
1.96350626e+001	5.82506032e-004	-5.82499151e-004	-2.83140840e-006	
1.97352415e+001	6.10224598e-004	-6.10217768e-004	-2.88703006e-006	
1.98354204e+001	6.37943173e-004	-6.37936386e-004	-2.94265171e-006	
1.99355993e+001	6.74391710e-004	-6.74385723e-004	-2.84167329e-006	
2.00357782e+001	7.13019527e-004	-7.13016743e-004	-1.99249572e-006	
2.01359571e+001	7.51536498e-004	-7.51535771e-004	-1.04515652e-006	
2.02361360e+001	7.84728918e-004	-7.84728810e-004	-4.11823535e-007	
2.03363148e+001	8.14882916e-004	-8.14882915e-004	4.23420090e-008	
2.04364937e+001	8.45037166e-004	-8.45037020e-004	4.96507553e-007	
2.05366726e+001	8.73109465e-004	-8.73108363e-004	1.38716802e-006	
2.06368515e+001	8.99908129e-004	-8.99904530e-004	2.54507386e-006	
2.07370304e+001	9.25302317e-004	-9.25295313e-004	3.60024189e-006	
2.08372093e+001	9.43176000e-004	-9.43166637e-004	4.20257607e-006	
2.09373882e+001	9.61506378e-004	-9.61493553e-004	4.96612314e-006	
2.10375671e+001	9.79837222e-004	-9.79820469e-004	5.72967020e-006	
2.11377460e+001	9.92934884e-004	-9.92915638e-004	6.18212132e-006	
2.12379249e+001	1.00585387e-003	-1.00583179e-003	6.66531960e-006	
2.13381038e+001	1.01877302e-003	-1.01874794e-003	7.14851787e-006	
2.14382826e+001	1.02205124e-003	-1.02202534e-003	7.27567633e-006	
2.15384615e+001	1.02187628e-003	-1.02185038e-003	7.27530971e-006	
2.16386404e+001	1.02155009e-003	-1.02152415e-003	7.28004860e-006	
2.17388193e+001	1.02098719e-003	-1.02096128e-003	7.27337432e-006	
2.18389982e+001	1.01348418e-003	-1.01346029e-003	6.95833722e-006	
2.19391771e+001	1.00272571e-003	-1.00270432e-003	6.54819447e-006	
2.20393560e+001	9.94056996e-004	-9.94037544e-004	6.21879079e-006	
2.21395349e+001	9.86732796e-004	-9.86714909e-004	5.94133316e-006	
2.22397138e+001	9.79765343e-004	-9.79748912e-004	5.67419856e-006	
2.23398927e+001	9.59903931e-004	-9.59891484e-004	4.88839731e-006	
2.24400716e+001	9.35684420e-004	-9.35676168e-004	3.92968841e-006	
2.25402504e+001	9.11465695e-004	-9.11460853e-004	2.97097951e-006	
2.26404293e+001	8.84494307e-004	-8.84491461e-004	2.24358363e-006	
2.27406082e+001	8.51906163e-004	-8.51905153e-004	1.31162005e-006	
2.28407871e+001	8.18002184e-004	-8.18002138e-004	2.72676295e-007	
2.29409660e+001	7.84099498e-004	-7.84099123e-004	-7.66267456e-007	
2.30411449e+001	7.50304992e-004	-7.50302831e-004	-1.80092225e-006	
2.31413238e+001	7.25511967e-004	-7.25507984e-004	-2.40385600e-006	
2.32415027e+001	6.87564097e-004	-6.87559038e-004	-2.63750921e-006	
2.33416816e+001	6.49616437e-004	-6.49610092e-004	-2.87116242e-006	
2.34418605e+001	6.11669027e-004	-6.11661147e-004	-3.10481562e-006	
2.35420394e+001	5.78057681e-004	-5.78048516e-004	-3.25516653e-006	
2.36422182e+001	5.49353994e-004	-5.49345780e-004	-3.00410591e-006	
2.37423971e+001	5.19547618e-004	-5.19540710e-004	-2.67905751e-006	
2.38425760e+001	4.89741298e-004	-4.89735640e-004	-2.35400911e-006	
2.39427549e+001	4.59935045e-004	-4.59930570e-004	-2.02896072e-006	
2.40429338e+001	4.34986980e-004	-4.34983301e-004	-1.78883170e-006	
2.41431127e+001	4.13582284e-004	-4.13579147e-004	-1.61063998e-006	
2.42432916e+001	3.88446079e-004	-3.88443936e-004	-1.29049504e-006	
2.43434705e+001	3.62373543e-004	-3.62372337e-004	-9.34723976e-007	
2.44436494e+001	3.42292867e-004	-3.42292241e-004	-6.55064853e-007	
2.45438283e+001	3.24761455e-004	-3.24761159e-004	-4.38682865e-007	
2.46440072e+001	3.04897168e-004	-3.04897075e-004	-2.37973303e-007	
2.47441860e+001	2.85032993e-004	-2.85032991e-004	-3.72637416e-008	
2.48443649e+001	2.67033283e-004	-2.67033244e-004	1.45129825e-007	
2.49445438e+001	2.56327348e-004	-2.56327221e-004	2.55027509e-007	
2.50447227e+001	2.45621469e-004	-2.45621198e-004	3.64925193e-007	
2.51449016e+001	2.34915655e-004	-2.34915175e-004	4.74822877e-007	
2.52450805e+001	2.24209915e-004	-2.24209152e-004	5.84720562e-007	
2.53452594e+001	2.14831768e-004	-2.14830725e-004	6.69375043e-007	
2.54454383e+001	2.05827872e-004	-2.05826517e-004	7.46914049e-007	
2.55456172e+001	1.96824036e-004	-1.96822309e-004	8.24453055e-007	
2.56457961e+001	1.87820266e-004	-1.87818101e-004	9.01992061e-007	
2.57459750e+001	1.78844788e-004	-1.78842114e-004	9.77923994e-007	
2.58461538e+001	1.69894914e-004	-1.69891654e-004	1.05240236e-006	
2.59463327e+001	1.60945139e-004	-1.60941194e-004	1.12688074e-006	
2.60465116e+001	1.50676180e-004	-1.50671316e-004	1.21064710e-006	
2.61466905e+001	1.40962875e-004	-1.40956762e-004	1.31272616e-006	
2.62468694e+001	1.31303139e-004	-1.31295498e-004	1.41645069e-006	
2.63470483e+001	1.21643734e-004	-1.21634235e-004	1.52017521e-006	
2.64472272e+001	1.11984746e-004	-1.11972971e-004	1.62389974e-006	
2.65474061e+001	1.02326292e-004	-1.02311707e-004	1.72762426e-006	
2.66475850e+001	9.26685407e-005	-9.26504430e-005	1.83134879e-006	
2.67477639e+001	8.30117363e-005	-8.29891792e-005	1.93507331e-006	
2.68479428e+001	7.37391918e-005	-7.37109688e-005	2.03997396e-006	
2.69481216e+001	6.41318229e-005	-6.40946161e-005	2.18423636e-006	
2.70483005e+001	5.41508562e-005	-5.40994655e-005	2.35861246e-006	
2.71484794e+001	4.41769921e-005	-4.41043150e-005	2.53298856e-006	
2.72486583e+001	3.42164422e-005	-3.41091644e-005	2.70736466e-006	
2.73488372e+001	2.49183296e-005	-2.47535900e-005	2.86058308e-006	
2.74490161e+001	1.65126310e-005	-1.62404181e-005	2.98593418e-006	
2.75491950e+001	7.54496952e-006	-6.85614231e-006	3.14958373e-006	
2.76493739e+001	4.22302495e-006	2.62206554e-006	3.31039454e-006	
2.77495528e+001	9.14972716e-006	8.51679985e-006	3.34389403e-006	
2.78497317e+001	1.47258320e-005	1.43338140e-005	3.37518944e-006	
2.79499106e+001	1.93564599e-005	1.90653956e-005	3.34413329e-006	
2.80500894e+001	2.13525219e-005	2.11143067e-005	3.18060428e-006	
2.81502683e+001	2.21958919e-005	2.19843432e-005	3.05716716e-006	
2.82504472e+001	2.30419062e-005	2.28543797e-005	2.93373004e-006	
2.83506261e+001	2.24612382e-005	2.22919187e-005	2.75274105e-006	
2.84508050e+001	1.75551633e-005	1.73906886e-005	2.39743810e-006	
2.85509839e+001	1.28105679e-005	1.26168526e-005	2.21938738e-006	
2.86511628e+001	8.10487631e-006	7.84344041e-006	2.04192620e-006	
2.87513417e+001	4.25327556e-006	3.81847835e-006	1.87338626e-006	
2.88515206e+001	2.13196502e-006	1.22937687e-006	1.74181151e-006	
2.89516995e+001	2.22775516e-006	-1.47401271e-006	1.67038307e-006	
2.90518784e+001	4.82242464e-006	-4.55133016e-006	1.59410575e-006	
2.91520572e+001	7.77817894e-006	-7.62864762e-006	1.51782844e-006	
2.92522361e+001	1.08025811e-005	-1.07059651e-005	1.44155112e-006	
2.93524150e+001	1.38507346e-005	-1.37832825e-005	1.36527380e-006	
2.94525939e+001	1.49023461e-005	-1.48440715e-005	1.31660921e-006	
2.95527728e+001	1.58773812e-005	-1.58265862e-005	1.26901643e-006	
2.96529517e+001	1.68534195e-005	-1.68091009e-005	1.22142366e-006	
2.97531306e+001	1.78798281e-005	-1.78412233e-005	1.17431003e-006	
2.98533095e+001	1.94778208e-005	-1.94448568e-005	1.13271641e-006	
2.99534884e+001	2.10767524e-005	-2.10484903e-005	1.09112279e-006	
3.00536673e+001	2.26764244e-005	-2.26521238e-005	1.04952917e-006	
3.01538462e+001	2.34910024e-005	-2.34692604e-005	1.01045127e-006	
3.02540250e+001	2.39439068e-005	-2.39241479e-005	9.72532065e-007	
3.03542039e+001	2.43969439e-005	-2.43790355e-005	9.34612861e-007	
3.04543828e+001	2.48258085e-005	-2.48095451e-005	8.98465336e-007	
3.05545617e+001	2.50382261e-005	-2.50228236e-005	8.78105173e-007	
3.06547406e+001	2.52506747e-005	-2.52361020e-005	8.57745009e-007	
3.07549195e+001	2.54631534e-005	-2.54493805e-005	8.37384846e-007	
3.08550984e+001	2.56382007e-005	-2.56252374e-005	8.15195552e-007	
3.09552773e+001	2.57034229e-005	-2.56913521e-005	7.87642171e-007	
3.10554562e+001	2.57483046e-005	-2.57370092e-005	7.62590181e-007	
3.11556351e+001	2.57877429e-005	-2.57771746e-005	7.38209683e-007	
3.12558140e+001	2.57062965e-005	-2.56963068e-005	7.16589190e-007	
3.13559928e+001	2.55714522e-005	-2.55619735e-005	6.96187908e-007	
3.14561717e+001	2.54366187e-005	-2.54276402e-005	6.75786626e-007	
3.15563506e+001	2.53171178e-005	-2.53086273e-005	6.55621555e-007	
3.16565295e+001	2.52007380e-005	-2.51927017e-005	6.36376334e-007	
3.17567084e+001	2.49968054e-005	-2.49890682e-005	6.21891291e-007	
3.18568873e+001	2.47857279e-005	-2.47782546e-005	6.08609207e-007	
3.19570662e+001	2.45746530e-005	-2.45674410e-005	5.95327123e-007	
3.20572451e+001	2.43682443e-005	-2.43613082e-005	5.81370210e-007	
3.21574240e+001	2.41633568e-005	-2.41566989e-005	5.67193651e-007	
3.22576029e+001	2.39459932e-005	-2.39395795e-005	5.54186778e-007	
3.23577818e+001	2.36880284e-005	-2.36818423e-005	5.41329971e-007	
3.24579606e+001	2.34145147e-005	-2.34085975e-005	5.26363413e-007	
3.25581395e+001	2.31410042e-005	-2.31353528e-005	5.11396855e-007	
3.26583184e+001	2.28674973e-005	-2.28621081e-005	4.96430297e-007	
3.27584973e+001	2.25919992e-005	-2.25868016e-005	4.84583198e-007	
3.28586762e+001	2.23164952e-005	-2.23114773e-005	4.73220558e-007	
3.29588551e+001	2.20421902e-005	-2.20373657e-005	4.61152515e-007	
3.30590340e+001	2.17678871e-005	-2.17632541e-005	4.49084471e-007	
3.31592129e+001	2.14846915e-005	-2.14802222e-005	4.38204768e-007	
3.32593918e+001	2.12033317e-005	-2.11990012e-005	4.28515791e-007	
3.33595707e+001	2.09266047e-005	-2.09224011e-005	4.19420556e-007	
3.34597496e+001	2.06498782e-005	-2.06458011e-005	4.10325322e-007	
3.35599284e+001	2.03821305e-005	-2.03781783e-005	4.01362194e-007	
3.36601073e+001	2.00922865e-005	-2.00884546e-005	3.92391176e-007	
3.37602862e+001	1.98012549e-005	-1.97975427e-005	3.83408184e-007	
3.38604651e+001	1.95102239e-005	-1.95066308e-005	3.74425193e-007	
3.39606440e+001	1.92266228e-005	-1.92231371e-005	3.66091278e-007	
3.40608229e+001	1.89545882e-005	-1.89511925e-005	3.58767873e-007	
3.41610018e+001	1.86827320e-005	-1.86794261e-005	3.51448266e-007	
3.42611807e+001	1.84278953e-005	-1.84246751e-005	3.44491315e-007	
3.43613596e+001	1.81730589e-005	-1.81699241e-005	3.37534365e-007	
3.44615385e+001	1.79268348e-005	-1.79237670e-005	3.31637624e-007	
3.45617174e+001	1.76862568e-005	-1.76832440e-005	3.26435956e-007	
3.46618962e+001	1.74221881e-005	-1.74192475e-005	3.20087898e-007	
3.47620751e+001	1.71459852e-005	-1.71431254e-005	3.13147654e-007	
3.48622540e+001	1.68756152e-005	-1.68728284e-005	3.06677530e-007	
3.49624329e+001	1.66199413e-005	-1.66172083e-005	3.01391922e-007	
3.50626118e+001	1.63763695e-005	-1.63736960e-005	2.95900600e-007	
3.51627907e+001	1.61346986e-005	-1.61320809e-005	2.90624945e-007	
3.52629696e+001	1.58932223e-005	-1.58906517e-005	2.85838171e-007	
3.53631485e+001	1.56520261e-005	-1.56495029e-005	2.81031390e-007	
3.54633274e+001	1.54071213e-005	-1.54046454e-005	2.76202597e-007	
3.55635063e+001	1.51571114e-005	-1.51546824e-005	2.71343502e-007	
3.56636852e+001	1.49071014e-005	-1.49047193e-005	2.66484406e-007	
3.57638640e+001	1.46559558e-005	-1.46536215e-005	2.61566000e-007	
3.58640429e+001	1.44131330e-005	-1.44108265e-005	2.57841475e-007	
3.59642218e+001	1.41685356e-005	-1.41662573e-005	2.54076207e-007	
3.60644007e+001	1.39239382e-005	-1.39216881e-005	2.50310939e-007	
3.61645796e+001	1.36793409e-005	-1.36771190e-005	2.46545672e-007	
3.62647585e+001	1.34615335e-005	-1.34593303e-005	2.43542444e-007	
3.63649374e+001	1.32455058e-005	-1.32433203e-005	2.40606735e-007	
3.64651163e+001	1.30294782e-005	-1.30273104e-005	2.37671025e-007	
3.65652952e+001	1.28134507e-005	-1.28113004e-005	2.34735315e-007	
3.66654741e+001	1.25974233e-005	-1.25952905e-005	2.31799605e-007	
3.67656530e+001	1.23813960e-005	-1.23792806e-005	2.28863895e-007	
3.68658318e+001	1.21724323e-005	-1.21703269e-005	2.26390466e-007	
3.69660107e+001	1.19658678e-005	-1.19637696e-005	2.24074033e-007	
3.70661896e+001	1.17593035e-005	-1.17572123e-005	2.21757599e-007	
3.71663685e+001	1.15396291e-005	-1.15375504e-005	2.19025087e-007	
3.72665474e+001	1.13193139e-005	-1.13172476e-005	2.16272228e-007	
3.73667263e+001	1.11010175e-005	-1.10989625e-005	2.13589667e-007	
3.74669052e+001	1.09035029e-005	-1.09014489e-005	2.11630809e-007	
3.75670841e+001	1.06862780e-005	-1.06842163e-005	2.09904418e-007	
3.76672630e+001	1.04555971e-005	-1.04535212e-005	2.08336737e-007	
3.77674419e+001	1.02249170e-005	-1.02228261e-005	2.06769055e-007	
3.78676208e+001	1.00003046e-005	-9.99820178e-006	2.05066406e-007	
3.79677996e+001	9.78599773e-006	-9.78388920e-006	2.03134500e-007	
3.80679785e+001	9.59825420e-006	-9.59613686e-006	2.01596315e-007	
3.81681574e+001	9.38012559e-006	-9.37797477e-006	2.00861633e-007	
3.82683363e+001	9.16199864e-006	-9.15981268e-006	2.00126950e-007	
3.83685152e+001	8.94387346e-006	-8.94165059e-006	1.99392268e-007	
3.84686941e+001	8.72575019e-006	-8.72348849e-006	1.98657586e-007	
3.85688730e+001	8.48699028e-006	-8.48465123e-006	1.99242654e-007	
3.86690519e+001	8.24149871e-006	-8.23906785e-006	2.00154996e-007	
3.87692308e+001	7.99601289e-006	-7.99348447e-006	2.01067339e-007	
3.88694097e+001	7.75053335e-006	-7.74790109e-006	2.01979681e-007	
3.89695886e+001	7.52077436e-006	-7.51799664e-006	2.04385750e-007	
3.90697674e+001	7.29620987e-006	-7.29326481e-006	2.07284614e-007	
3.91699463e+001	7.01036196e-006	-7.00712471e-006	2.13021369e-007	
3.92701252e+001	6.58794144e-006	-6.58409519e-006	2.25084264e-007	
3.93703041e+001	6.16562803e-006	-6.16106568e-006	2.37147160e-007	
3.94704830e+001	5.74344536e-006	-5.73803616e-006	2.49210055e-007	
3.95706619e+001	5.32142454e-006	-5.31500664e-006	2.61272951e-007	
3.96708408e+001	4.96466024e-006	-4.95692613e-006	2.77010159e-007	
3.97710197e+001	4.26224896e-006	-4.25010253e-006	3.21550466e-007	
3.98711986e+001	3.65438342e-006	-3.63748483e-006	3.51030381e-007	
3.99713775e+001	3.08128823e-006	-3.05830828e-006	3.75616319e-007	
4.00715564e+001	2.23531990e-006	-2.19323575e-006	4.31708274e-007	
4.01717352e+001	1.11078704e-006	-9.80933492e-007	5.21169207e-007	
4.02719141e+001	5.72240663e-007	1.67632374e-007	5.47136879e-007	
4.03720930e+001	1.85854034e-006	1.74326704e-006	6.44354101e-007	
4.04722719e+001	3.73531414e-006	3.67290774e-006	6.79941545e-007	
4.05724508e+001	4.51614306e-006	4.49052767e-006	4.80322214e-007	
4.06726297e+001	4.62324115e-006	4.61920615e-006	1.93114673e-007	
4.07728086e+001	4.37294150e-006	4.37293282e-006	8.71581984e-009	
4.08729875e+001	3.78579298e-006	3.78486243e-006	-8.39336076e-008	
4.09731664e+001	3.32878588e-006	3.32638255e-006	-1.26469550e-007	
4.10733453e+001	2.90907723e-006	2.90569796e-006	-1.40177509e-007	
4.11735242e+001	2.56846884e-006	2.56493766e-006	-1.34636470e-007	
4.12737030e+001	2.25675175e-006	2.25304359e-006	-1.29317669e-007	
4.13738819e+001	1.97524338e-006	1.97176479e-006	-1.17175202e-007	
4.14740608e+001	1.74565849e-006	1.74236592e-006	-1.07166087e-007	
4.15742397e+001	1.55592184e-006	1.55275560e-006	-9.92109594e-008	
4.16744186e+001	1.40165947e-006	1.39864690e-006	-9.18483974e-008	
4.17745975e+001	1.29193093e-006	1.28891159e-006	-8.82748057e-008	
4.18747764e+001	1.19008201e-006	1.18698573e-006	-8.57909105e-008	
4.19749553e+001	1.09804535e-006	1.09498254e-006	-8.19562696e-008	
4.20751342e+001	1.00198485e-006	9.98978526e-007	-7.75599831e-008	
4.21753131e+001	9.12549018e-007	9.09952456e-007	-6.87912668e-008	
4.22754919e+001	8.39426282e-007	8.37639992e-007	-5.47332265e-008	
4.23756708e+001	7.35405333e-007	7.35085032e-007	-2.17025513e-008	
4.24758497e+001	5.94913608e-007	5.94822795e-007	1.03944339e-008	
4.25760286e+001	4.04059190e-007	4.01964939e-007	4.10854823e-008	
4.26762075e+001	2.26193040e-007	2.18577922e-007	5.81977953e-008	
4.27763864e+001	8.68666951e-008	5.32646129e-008	6.86199951e-008	
4.28765653e+001	9.90676673e-008	-7.37924665e-008	6.60989758e-008	
4.29767442e+001	1.50822958e-007	-1.37285119e-007	6.24528684e-008	
4.30769231e+001	1.58464402e-007	-1.47753923e-007	5.72690556e-008	
4.31771020e+001	1.47751921e-007	-1.38626159e-007	5.11216022e-008	
4.32772809e+001	8.01228938e-008	-6.83414767e-008	4.18224900e-008	
4.33774597e+001	3.33599602e-008	9.34952971e-009	3.20230110e-008	
4.34776386e+001	9.78356867e-008	9.55875815e-008	2.08527184e-008	
4.35778175e+001	1.41297144e-007	1.40781173e-007	1.20641722e-008	
4.36779964e+001	1.81358223e-007	1.81351819e-007	1.52412429e-009	
4.37781753e+001	2.07165542e-007	2.06985263e-007	-8.64076600e-009	
4.38783542e+001	2.11105427e-007	2.10596494e-007	-1.46498418e-008	
4.39785331e+001	2.01448041e-007	2.00663450e-007	-1.77621178e-008	
4.40787120e+001	1.89644713e-007	1.88660703e-007	-1.92939437e-008	
4.41788909e+001	1.75129456e-007	1.74099271e-007	-1.89676073e-008	
4.42790698e+001	1.54796236e-007	1.53834198e-007	-1.72311954e-008	
4.43792487e+001	1.41038122e-007	1.40116307e-007	-1.60988326e-008	
4.44794275e+001	1.24547804e-007	1.23660636e-007	-1.48392236e-008	
4.45796064e+001	1.13001479e-007	1.12186160e-007	-1.35498960e-008	
4.46797853e+001	1.01791517e-007	1.01050685e-007	-1.22585459e-008	
4.47799642e+001	8.98132072e-008	8.91723294e-008	-1.07101758e-008	
4.48801431e+001	8.44261737e-008	8.38553859e-008	-9.80066635e-009	
4.49803220e+001	7.87809479e-008	7.82764468e-008	-8.90143951e-009	
4.50805009e+001	7.61953665e-008	7.57645713e-008	-8.09095847e-009	
4.51806798e+001	7.43070072e-008	7.38949143e-008	-7.81491862e-009	
4.52808587e+001	7.29387195e-008	7.25262580e-008	-7.74588297e-009	
4.53810376e+001	7.10943226e-008	7.06709955e-008	-7.74681199e-009	
4.54812165e+001	6.83163633e-008	6.78702841e-008	-7.79423074e-009	
4.55813953e+001	6.61742782e-008	6.57092627e-008	-7.83121196e-009	
4.56815742e+001	6.35615694e-008	6.30745239e-008	-7.85350498e-009	
4.57817531e+001	6.19608710e-008	6.14262392e-008	-8.12198651e-009	
4.58819320e+001	6.45202882e-008	6.39504824e-008	-8.55589797e-009	
4.59821109e+001	7.70219322e-008	7.65991263e-008	-8.05927344e-009	
4.60822898e+001	1.24134671e-007	1.24127393e-007	-1.34418257e-009	
4.61824687e+001	9.41418823e-008	9.10812536e-008	-2.38096462e-008	
4.62826476e+001	8.32914231e-008	7.97855611e-008	-2.39107799e-008	
4.63828265e+001	8.51867842e-008	8.22378313e-008	-2.22199755e-008	
4.64830054e+001	8.67726931e-008	8.37651685e-008	-2.26472252e-008	
4.65831843e+001	8.93297287e-008	8.63629217e-008	-2.28308164e-008	
4.66833631e+001	9.92340923e-008	9.65554680e-008	-2.29008008e-008	
4.67835420e+001	9.81271035e-008	9.46583558e-008	-2.58597007e-008	
4.68837209e+001	1.09757661e-007	1.06399795e-007	-2.69411874e-008	
4.69838998e+001	1.26095802e-007	1.22883556e-007	-2.82804349e-008	
4.70840787e+001	1.39445107e-007	1.35944826e-007	-3.10474198e-008	
4.71842576e+001	1.47058333e-007	1.42301532e-007	-3.71002332e-008	
4.72844365e+001	1.74776459e-007	1.70702175e-007	-3.75177006e-008	
4.73846154e+001	1.79973618e-007	1.74183966e-007	-4.52818868e-008	
4.74847943e+001	2.18018932e-007	2.11842545e-007	-5.15266058e-008	
4.75849732e+001	2.64852268e-007	2.59108400e-007	-5.48594637e-008	
4.76851521e+001	3.15771578e-007	3.09090203e-007	-6.46137462e-008	
4.77853309e+001	3.69727025e-007	3.60014854e-007	-8.41865677e-008	
4.78855098e+001	4.51558910e-007	4.38524203e-007	-1.07712452e-007	
4.79856887e+001	5.56107483e-007	5.30789947e-007	-1.65884188e-007	
4.80858676e+001	9.41849040e-007	9.35350581e-007	-1.10448648e-007	
4.81860465e+001	1.31322909e-006	1.27764737e-006	3.03624522e-007	
4.82862254e+001	4.85534352e-007	4.83632755e-007	4.29297733e-008	
4.83864043e+001	2.38987842e-007	2.36861297e-007	3.18106079e-008	
4.84865832e+001	6.19203786e-008	5.62524243e-008	2.58804568e-008	
4.85867621e+001	8.30873986e-008	-7.93602321e-008	2.46062872e-008	
4.86869410e+001	1.99423143e-007	-1.97595152e-007	2.69396693e-008	
4.87871199e+001	2.86900117e-007	-2.85411716e-007	2.91861180e-008	
4.88872987e+001	3.73085333e-007	-3.71903744e-007	2.96693605e-008	
4.89874776e+001	4.59386399e-007	-4.58395773e-007	3.01526030e-008	
4.90876565e+001	5.33128476e-007	-5.32234695e-007	3.08577605e-008	
4.91878354e+001	6.01347737e-007	-6.00513712e-007	3.16604298e-008	
4.92880143e+001	6.69580143e-007	-6.68792729e-007	3.24630991e-008	
4.93881932e+001	7.42814844e-007	-7.42057475e-007	3.35349982e-008	
4.94883721e+001	8.05815089e-007	-8.05091050e-007	3.41520043e-008	
4.95885510e+001	8.61289525e-007	-8.60596949e-007	3.45331536e-008	
4.96887299e+001	9.16767929e-007	-9.16102847e-007	3.49143029e-008	
4.97889088e+001	9.72249621e-007	-9.71608746e-007	3.52954522e-008	
4.98890877e+001	1.02902469e-006	-1.02840527e-006	3.56989839e-008	
4.99892665e+001	1.08768883e-006	-1.08708842e-006	3.61352340e-008	
5.00894454e+001	1.13341309e-006	-1.13282890e-006	3.63854291e-008	
5.01896243e+001	1.17484856e-006	-1.17427996e-006	3.65475349e-008	
5.02898032e+001	1.21628511e-006	-1.21573101e-006	3.67096408e-008	
5.03899821e+001	1.25772264e-006	-1.25718206e-006	3.68717466e-008	
5.04901610e+001	1.29916106e-006	-1.29863311e-006	3.70338524e-008	
5.05903399e+001	1.34060027e-006	-1.34008416e-006	3.71959583e-008	
5.06905188e+001	1.38204022e-006	-1.38153521e-006	3.73580641e-008	
5.07906977e+001	1.42053244e-006	-1.42003879e-006	3.74465096e-008	
5.08908766e+001	1.45436962e-006	-1.45388861e-006	3.74021321e-008	
5.09910555e+001	1.48820738e-006	-1.48773842e-006	3.73577547e-008	
5.10912343e+001	1.52204568e-006	-1.52158824e-006	3.73133773e-008	
5.11914132e+001	1.54931028e-006	-1.54886186e-006	3.72732525e-008	
5.12915921e+001	1.57490597e-006	-1.57446579e-006	3.72328746e-008	
5.13917710e+001	1.59625571e-006	-1.59582452e-006	3.70998069e-008	
5.14919499e+001	1.61760570e-006	-1.61718325e-006	3.69667392e-008	
5.15921288e+001	1.64049358e-006	-1.64007815e-006	3.69170367e-008	
5.16923077e+001	1.66354253e-006	-1.66313376e-006	3.68760556e-008	
5.17924866e+001	1.68659166e-006	-1.68618937e-006	3.68350746e-008	
5.18926655e+001	1.70757484e-006	-1.70717957e-006	3.67390991e-008	
5.19928444e+001	1.72566016e-006	-1.72527106e-006	3.66435655e-008	
5.20930233e+001	1.74304023e-006	-1.74265671e-006	3.65625628e-008	
5.21932021e+001	1.76042042e-006	-1.76004237e-006	3.64815602e-008	
5.22933810e+001	1.77142721e-006	-1.77105424e-006	3.63492218e-008	
5.23935599e+001	1.78363390e-006	-1.78326567e-006	3.62415192e-008	
5.24937388e+001	1.79707237e-006	-1.79670863e-006	3.61553240e-008	
5.25939177e+001	1.81051091e-006	-1.81015159e-006	3.60691287e-008	
5.26940966e+001	1.82391766e-006	-1.82356270e-006	3.59825142e-008	
5.27942755e+001	1.83434806e-006	-1.83399668e-006	3.59023558e-008	
5.28944544e+001	1.84468662e-006	-1.84433872e-006	3.58244925e-008	
5.29946333e+001	1.85502522e-006	-1.85468077e-006	3.57466292e-008	
5.30948122e+001	1.86536386e-006	-1.86502281e-006	3.56687659e-008	
5.31949911e+001	1.87498459e-006	-1.87464686e-006	3.55858931e-008	
5.32951699e+001	1.88296958e-006	-1.88263506e-006	3.54916068e-008	
5.33953488e+001	1.89095460e-006	-1.89062326e-006	3.53973206e-008	
5.34955277e+001	1.89893965e-006	-1.89861146e-006	3.53030344e-008	
5.35957066e+001	1.90797899e-006	-1.90765381e-006	3.52244041e-008	
5.36958855e+001	1.91630651e-006	-1.91598377e-006	3.51684348e-008	
5.37960644e+001	1.92143532e-006	-1.92111441e-006	3.51157183e-008	
5.38962433e+001	1.92670187e-006	-1.92638291e-006	3.50567439e-008	
5.39964222e+001	1.93206564e-006	-1.93174872e-006	3.49933525e-008	
5.40966011e+001	1.93742943e-006	-1.93711453e-006	3.49299611e-008	
5.41967800e+001	1.94209791e-006	-1.94178481e-006	3.48720512e-008	
5.42969589e+001	1.94636306e-006	-1.94605162e-006	3.48173211e-008	
5.43971377e+001	1.95052688e-006	-1.95021691e-006	3.47721100e-008	
5.44973166e+001	1.95463067e-006	-1.95432206e-006	3.47325367e-008	
5.45974955e+001	1.95873447e-006	-1.95842721e-006	3.46929635e-008	
5.46976744e+001	1.96173236e-006	-1.96142627e-006	3.46527557e-008	
5.47978533e+001	1.96436569e-006	-1.96406073e-006	3.46123387e-008	
5.48980322e+001	1.96699903e-006	-1.96669519e-006	3.45719217e-008	
5.49982111e+001	1.96881901e-006	-1.96851599e-006	3.45413233e-008	
5.50983900e+001	1.97010173e-006	-1.96979932e-006	3.45172106e-008	
5.51985689e+001	1.97138444e-006	-1.97108266e-006	3.44930979e-008	
5.52987478e+001	1.97266715e-006	-1.97236599e-006	3.44689852e-008	
5.53989267e+001	1.97394987e-006	-1.97364932e-006	3.44448725e-008	
5.54991055e+001	1.97618732e-006	-1.97588744e-006	3.44263893e-008	
5.55992844e+001	1.97847159e-006	-1.97817237e-006	3.44081766e-008	
5.56994633e+001	1.98052071e-006	-1.98022206e-006	3.43927115e-008	
5.57996422e+001	1.98064038e-006	-1.98034184e-006	3.43876792e-008	
5.58998211e+001	1.98120822e-006	-1.98090985e-006	3.43829114e-008	
5.60000000e+001	1.98100902e-006	-1.98071062e-006	3.43829800e-008	
