% Column 0: Length, cm
% Column 1: |B.n|, Tesla
% Column 2: Re[B.n], Tesla
% Column 3: Im[B.n], Tesla
0.00000000e+000	7.84222471e-016	-7.84222362e-016	-4.12942678e-019	
1.00178891e-001	7.75202156e-015	-7.75202036e-015	-4.31309337e-018	
2.00357782e-001	1.24433638e-014	-1.24433619e-014	-6.91456673e-018	
3.00536673e-001	2.17683589e-014	-2.17683556e-014	-1.19725345e-017	
4.00715564e-001	2.17683589e-014	-2.17683556e-014	-1.19725345e-017	
5.00894454e-001	3.50911995e-014	-3.50911946e-014	-1.84726692e-017	
6.01073345e-001	3.50911995e-014	-3.50911946e-014	-1.84726692e-017	
7.01252236e-001	3.50911995e-014	-3.50911946e-014	-1.84726692e-017	
8.01431127e-001	3.50911995e-014	-3.50911946e-014	-1.84726692e-017	
9.01610018e-001	1.02431041e-013	-1.02431040e-013	-1.49429584e-017	
1.00178891e+000	1.02431041e-013	-1.02431040e-013	-1.49429584e-017	
1.10196780e+000	1.02431041e-013	-1.02431040e-013	-1.49429584e-017	
1.20214669e+000	1.02431041e-013	-1.02431040e-013	-1.49429584e-017	
1.30232558e+000	1.02431041e-013	-1.02431040e-013	-1.49429584e-017	
1.40250447e+000	1.02431041e-013	-1.02431040e-013	-1.49429584e-017	
1.50268336e+000	1.02431041e-013	-1.02431040e-013	-1.49429584e-017	
1.60286225e+000	1.02431041e-013	-1.02431040e-013	-1.49429584e-017	
1.70304114e+000	1.02431041e-013	-1.02431040e-013	-1.49429584e-017	
1.80322004e+000	1.18236368e-013	-1.18236368e-013	1.24073490e-017	
1.90339893e+000	1.18236368e-013	-1.18236368e-013	1.24073490e-017	
2.00357782e+000	1.18236368e-013	-1.18236368e-013	1.24073490e-017	
2.10375671e+000	1.18236368e-013	-1.18236368e-013	1.24073490e-017	
2.20393560e+000	1.65875649e-013	-1.65875613e-013	1.08746435e-016	
2.30411449e+000	1.65875649e-013	-1.65875613e-013	1.08746435e-016	
2.40429338e+000	1.65875649e-013	-1.65875613e-013	1.08746435e-016	
2.50447227e+000	1.65875649e-013	-1.65875613e-013	1.08746435e-016	
2.60465116e+000	1.65875649e-013	-1.65875613e-013	1.08746435e-016	
2.70483005e+000	1.96371085e-013	-1.96370909e-013	2.63048735e-016	
2.80500894e+000	1.96371085e-013	-1.96370909e-013	2.63048735e-016	
2.90518784e+000	1.96371085e-013	-1.96370909e-013	2.63048735e-016	
3.00536673e+000	1.96371085e-013	-1.96370909e-013	2.63048735e-016	
3.10554562e+000	1.96371085e-013	-1.96370909e-013	2.63048735e-016	
3.20572451e+000	1.96371085e-013	-1.96370909e-013	2.63048735e-016	
3.30590340e+000	1.96371085e-013	-1.96370909e-013	2.63048735e-016	
3.40608229e+000	1.96371085e-013	-1.96370909e-013	2.63048735e-016	
3.50626118e+000	1.96371085e-013	-1.96370909e-013	2.63048735e-016	
3.60644007e+000	2.90186060e-013	-2.90185416e-013	6.11443491e-016	
3.70661896e+000	2.90186060e-013	-2.90185416e-013	6.11443491e-016	
3.80679785e+000	2.90186060e-013	-2.90185416e-013	6.11443491e-016	
3.90697674e+000	2.90186060e-013	-2.90185416e-013	6.11443491e-016	
4.00715564e+000	3.36584100e-013	-3.36582468e-013	1.04801188e-015	
4.10733453e+000	3.36584100e-013	-3.36582468e-013	1.04801188e-015	
4.20751342e+000	3.36584100e-013	-3.36582468e-013	1.04801188e-015	
4.30769231e+000	3.36584100e-013	-3.36582468e-013	1.04801188e-015	
4.40787120e+000	3.36584100e-013	-3.36582468e-013	1.04801188e-015	
4.50805009e+000	3.36584100e-013	-3.36582468e-013	1.04801188e-015	
4.60822898e+000	3.36584100e-013	-3.36582468e-013	1.04801188e-015	
4.70840787e+000	3.36584100e-013	-3.36582468e-013	1.04801188e-015	
4.80858676e+000	3.36584100e-013	-3.36582468e-013	1.04801188e-015	
4.90876565e+000	4.09798970e-013	-4.09795895e-013	1.58752975e-015	
5.00894454e+000	4.09798970e-013	-4.09795895e-013	1.58752975e-015	
5.10912343e+000	4.09798970e-013	-4.09795895e-013	1.58752975e-015	
5.20930233e+000	4.09798970e-013	-4.09795895e-013	1.58752975e-015	
5.30948122e+000	4.40787971e-013	-4.40783089e-013	2.07473594e-015	
5.40966011e+000	4.40787971e-013	-4.40783089e-013	2.07473594e-015	
5.50983900e+000	4.40787971e-013	-4.40783089e-013	2.07473594e-015	
5.61001789e+000	4.40787971e-013	-4.40783089e-013	2.07473594e-015	
5.71019678e+000	3.61676435e-013	-3.61670792e-013	2.02053431e-015	
5.81037567e+000	3.61676435e-013	-3.61670792e-013	2.02053431e-015	
5.91055456e+000	3.61676435e-013	-3.61670792e-013	2.02053431e-015	
6.01073345e+000	3.61676435e-013	-3.61670792e-013	2.02053431e-015	
6.11091234e+000	3.61676435e-013	-3.61670792e-013	2.02053431e-015	
6.21109123e+000	3.61676435e-013	-3.61670792e-013	2.02053431e-015	
6.31127013e+000	3.61676435e-013	-3.61670792e-013	2.02053431e-015	
6.41144902e+000	3.61676435e-013	-3.61670792e-013	2.02053431e-015	
6.51162791e+000	3.61676435e-013	-3.61670792e-013	2.02053431e-015	
6.61180680e+000	3.97526973e-013	-3.97519573e-013	2.42554091e-015	
6.71198569e+000	3.97526973e-013	-3.97519573e-013	2.42554091e-015	
6.81216458e+000	3.97526973e-013	-3.97519573e-013	2.42554091e-015	
6.91234347e+000	3.97526973e-013	-3.97519573e-013	2.42554091e-015	
7.01252236e+000	3.79464896e-013	-3.79458261e-013	2.24384174e-015	
7.11270125e+000	3.79464896e-013	-3.79458261e-013	2.24384174e-015	
7.21288014e+000	3.79464896e-013	-3.79458261e-013	2.24384174e-015	
7.31305903e+000	3.79464896e-013	-3.79458261e-013	2.24384174e-015	
7.41323792e+000	3.79464896e-013	-3.79458261e-013	2.24384174e-015	
7.51341682e+000	2.67813656e-013	-2.67809779e-013	1.44088132e-015	
7.61359571e+000	2.67813656e-013	-2.67809779e-013	1.44088132e-015	
7.71377460e+000	2.67813656e-013	-2.67809779e-013	1.44088132e-015	
7.81395349e+000	2.67813656e-013	-2.67809779e-013	1.44088132e-015	
7.91413238e+000	1.95381784e-013	-1.95381773e-013	6.63981240e-017	
8.01431127e+000	1.95381784e-013	-1.95381773e-013	6.63981240e-017	
8.11449016e+000	1.95381784e-013	-1.95381773e-013	6.63981240e-017	
8.21466905e+000	1.95381784e-013	-1.95381773e-013	6.63981240e-017	
8.31484794e+000	1.95381784e-013	-1.95381773e-013	6.63981240e-017	
8.41502683e+000	5.44108373e-014	-5.43474311e-014	-2.62601227e-015	
8.51520572e+000	5.44108373e-014	-5.43474311e-014	-2.62601227e-015	
8.61538462e+000	5.44108373e-014	-5.43474311e-014	-2.62601227e-015	
8.71556351e+000	5.44108373e-014	-5.43474311e-014	-2.62601227e-015	
8.81574240e+000	1.46018824e-013	1.45893577e-013	-6.04656437e-015	
8.91592129e+000	1.46018824e-013	1.45893577e-013	-6.04656437e-015	
9.01610018e+000	1.46018824e-013	1.45893577e-013	-6.04656437e-015	
9.11627907e+000	1.46018824e-013	1.45893577e-013	-6.04656437e-015	
9.21645796e+000	1.46018824e-013	1.45893577e-013	-6.04656437e-015	
9.31663685e+000	1.46018824e-013	1.45893577e-013	-6.04656437e-015	
9.41681574e+000	1.46018824e-013	1.45893577e-013	-6.04656437e-015	
9.51699463e+000	1.46018824e-013	1.45893577e-013	-6.04656437e-015	
9.61717352e+000	1.46018824e-013	1.45893577e-013	-6.04656437e-015	
9.71735242e+000	3.56852644e-013	3.56705232e-013	-1.02560490e-014	
9.81753131e+000	3.56852644e-013	3.56705232e-013	-1.02560490e-014	
9.91771020e+000	3.56852644e-013	3.56705232e-013	-1.02560490e-014	
1.00178891e+001	3.56852644e-013	3.56705232e-013	-1.02560490e-014	
1.01180680e+001	6.92568617e-013	6.92342655e-013	-1.76900403e-014	
1.02182469e+001	6.92568617e-013	6.92342655e-013	-1.76900403e-014	
1.03184258e+001	6.92568617e-013	6.92342655e-013	-1.76900403e-014	
1.04186047e+001	6.92568617e-013	6.92342655e-013	-1.76900403e-014	
1.05187835e+001	1.14719400e-012	1.14692209e-012	-2.49756728e-014	
1.06189624e+001	1.14719400e-012	1.14692209e-012	-2.49756728e-014	
1.07191413e+001	1.14719400e-012	1.14692209e-012	-2.49756728e-014	
1.08193202e+001	1.14719400e-012	1.14692209e-012	-2.49756728e-014	
1.09194991e+001	1.14719400e-012	1.14692209e-012	-2.49756728e-014	
1.10196780e+001	1.47888985e-012	1.47862024e-012	-2.82378224e-014	
1.11198569e+001	1.47888985e-012	1.47862024e-012	-2.82378224e-014	
1.12200358e+001	1.47888985e-012	1.47862024e-012	-2.82378224e-014	
1.13202147e+001	1.47888985e-012	1.47862024e-012	-2.82378224e-014	
1.14203936e+001	1.47888985e-012	1.47862024e-012	-2.82378224e-014	
1.15205725e+001	1.47888985e-012	1.47862024e-012	-2.82378224e-014	
1.16207513e+001	1.47888985e-012	1.47862024e-012	-2.82378224e-014	
1.17209302e+001	1.47888985e-012	1.47862024e-012	-2.82378224e-014	
1.18211091e+001	2.98640897e-012	2.98603440e-012	-4.72981392e-014	
1.19212880e+001	2.98640897e-012	2.98603440e-012	-4.72981392e-014	
1.20214669e+001	2.98640897e-012	2.98603440e-012	-4.72981392e-014	
1.21216458e+001	2.98640897e-012	2.98603440e-012	-4.72981392e-014	
1.22218247e+001	2.98640897e-012	2.98603440e-012	-4.72981392e-014	
1.23220036e+001	4.54046611e-012	4.54012553e-012	-5.56117218e-014	
1.24221825e+001	4.54046611e-012	4.54012553e-012	-5.56117218e-014	
1.25223614e+001	4.54046611e-012	4.54012553e-012	-5.56117218e-014	
1.26225403e+001	4.54046611e-012	4.54012553e-012	-5.56117218e-014	
1.27227191e+001	4.54046611e-012	4.54012553e-012	-5.56117218e-014	
1.28228980e+001	4.54046611e-012	4.54012553e-012	-5.56117218e-014	
1.29230769e+001	4.54046611e-012	4.54012553e-012	-5.56117218e-014	
1.30232558e+001	4.54046611e-012	4.54012553e-012	-5.56117218e-014	
1.31234347e+001	4.54046611e-012	4.54012553e-012	-5.56117218e-014	
1.32236136e+001	8.83068637e-012	8.83039694e-012	-7.14957585e-014	
1.33237925e+001	8.83068637e-012	8.83039694e-012	-7.14957585e-014	
1.34239714e+001	8.83068637e-012	8.83039694e-012	-7.14957585e-014	
1.35241503e+001	8.83068637e-012	8.83039694e-012	-7.14957585e-014	
1.36243292e+001	8.83068637e-012	8.83039694e-012	-7.14957585e-014	
1.37245081e+001	8.83068637e-012	8.83039694e-012	-7.14957585e-014	
1.38246869e+001	8.83068637e-012	8.83039694e-012	-7.14957585e-014	
1.39248658e+001	8.83068637e-012	8.83039694e-012	-7.14957585e-014	
1.40250447e+001	1.07779883e-011	1.07777713e-011	-6.83958465e-014	
1.41252236e+001	1.07779883e-011	1.07777713e-011	-6.83958465e-014	
1.42254025e+001	1.07779883e-011	1.07777713e-011	-6.83958465e-014	
1.43255814e+001	1.07779883e-011	1.07777713e-011	-6.83958465e-014	
1.44257603e+001	1.07779883e-011	1.07777713e-011	-6.83958465e-014	
1.45259392e+001	1.75655728e-011	1.75654395e-011	-6.84266101e-014	
1.46261181e+001	1.75655728e-011	1.75654395e-011	-6.84266101e-014	
1.47262970e+001	1.75655728e-011	1.75654395e-011	-6.84266101e-014	
1.48264758e+001	1.75655728e-011	1.75654395e-011	-6.84266101e-014	
1.49266547e+001	1.96196505e-011	1.96196040e-011	-4.27204616e-014	
1.50268336e+001	1.96196505e-011	1.96196040e-011	-4.27204616e-014	
1.51270125e+001	1.96196505e-011	1.96196040e-011	-4.27204616e-014	
1.52271914e+001	1.96196505e-011	1.96196040e-011	-4.27204616e-014	
1.53273703e+001	2.17665815e-011	2.17665718e-011	-2.04826077e-014	
1.54275492e+001	2.17665815e-011	2.17665718e-011	-2.04826077e-014	
1.55277281e+001	2.17665815e-011	2.17665718e-011	-2.04826077e-014	
1.56279070e+001	2.17665815e-011	2.17665718e-011	-2.04826077e-014	
1.57280859e+001	2.17665815e-011	2.17665718e-011	-2.04826077e-014	
1.58282648e+001	3.62397991e-011	3.62397977e-011	1.01369648e-014	
1.59284436e+001	3.62397991e-011	3.62397977e-011	1.01369648e-014	
1.60286225e+001	3.62397991e-011	3.62397977e-011	1.01369648e-014	
1.61288014e+001	3.62397991e-011	3.62397977e-011	1.01369648e-014	
1.62289803e+001	3.72629693e-011	3.72629572e-011	3.00145427e-014	
1.63291592e+001	3.72629693e-011	3.72629572e-011	3.00145427e-014	
1.64293381e+001	3.72629693e-011	3.72629572e-011	3.00145427e-014	
1.65295170e+001	3.72629693e-011	3.72629572e-011	3.00145427e-014	
1.66296959e+001	3.66913307e-011	3.66913189e-011	2.93756869e-014	
1.67298748e+001	3.66913307e-011	3.66913189e-011	2.93756869e-014	
1.68300537e+001	3.66913307e-011	3.66913189e-011	2.93756869e-014	
1.69302326e+001	3.66913307e-011	3.66913189e-011	2.93756869e-014	
1.70304114e+001	3.66913307e-011	3.66913189e-011	2.93756869e-014	
1.71305903e+001	3.55958486e-011	3.55958466e-011	1.20664002e-014	
1.72307692e+001	3.55958486e-011	3.55958466e-011	1.20664002e-014	
1.73309481e+001	3.55958486e-011	3.55958466e-011	1.20664002e-014	
1.74311270e+001	3.55958486e-011	3.55958466e-011	1.20664002e-014	
1.75313059e+001	3.55958486e-011	3.55958466e-011	1.20664002e-014	
1.76314848e+001	3.55958486e-011	3.55958466e-011	1.20664002e-014	
1.77316637e+001	3.55958486e-011	3.55958466e-011	1.20664002e-014	
1.78318426e+001	3.55958486e-011	3.55958466e-011	1.20664002e-014	
1.79320215e+001	3.55958486e-011	3.55958466e-011	1.20664002e-014	
1.80322004e+001	4.52648496e-011	4.52648076e-011	-6.16469690e-014	
1.81323792e+001	4.52648496e-011	4.52648076e-011	-6.16469690e-014	
1.82325581e+001	4.52648496e-011	4.52648076e-011	-6.16469690e-014	
1.83327370e+001	4.52648496e-011	4.52648076e-011	-6.16469690e-014	
1.84329159e+001	3.91320897e-011	3.91318853e-011	-1.26473671e-013	
1.85330948e+001	3.91320897e-011	3.91318853e-011	-1.26473671e-013	
1.86332737e+001	3.91320897e-011	3.91318853e-011	-1.26473671e-013	
1.87334526e+001	3.91320897e-011	3.91318853e-011	-1.26473671e-013	
1.88336315e+001	3.91320897e-011	3.91318853e-011	-1.26473671e-013	
1.89338104e+001	3.91320897e-011	3.91318853e-011	-1.26473671e-013	
1.90339893e+001	3.91320897e-011	3.91318853e-011	-1.26473671e-013	
1.91341682e+001	3.91320897e-011	3.91318853e-011	-1.26473671e-013	
1.92343470e+001	3.91320897e-011	3.91318853e-011	-1.26473671e-013	
1.93345259e+001	4.41747345e-011	4.41741846e-011	-2.20420727e-013	
1.94347048e+001	4.41747345e-011	4.41741846e-011	-2.20420727e-013	
1.95348837e+001	4.41747345e-011	4.41741846e-011	-2.20420727e-013	
1.96350626e+001	4.41747345e-011	4.41741846e-011	-2.20420727e-013	
1.97352415e+001	3.43500798e-011	3.43493604e-011	-2.22315576e-013	
1.98354204e+001	3.43500798e-011	3.43493604e-011	-2.22315576e-013	
1.99355993e+001	3.43500798e-011	3.43493604e-011	-2.22315576e-013	
2.00357782e+001	3.43500798e-011	3.43493604e-011	-2.22315576e-013	
2.01359571e+001	2.35226963e-011	2.35218815e-011	-1.95786617e-013	
2.02361360e+001	2.35226963e-011	2.35218815e-011	-1.95786617e-013	
2.03363148e+001	2.35226963e-011	2.35218815e-011	-1.95786617e-013	
2.04364937e+001	2.35226963e-011	2.35218815e-011	-1.95786617e-013	
2.05366726e+001	2.35226963e-011	2.35218815e-011	-1.95786617e-013	
2.06368515e+001	1.28046864e-011	1.28042020e-011	-1.11385787e-013	
2.07370304e+001	1.28046864e-011	1.28042020e-011	-1.11385787e-013	
2.08372093e+001	1.28046864e-011	1.28042020e-011	-1.11385787e-013	
2.09373882e+001	1.28046864e-011	1.28042020e-011	-1.11385787e-013	
2.10375671e+001	1.28046864e-011	1.28042020e-011	-1.11385787e-013	
2.11377460e+001	1.28046864e-011	1.28042020e-011	-1.11385787e-013	
2.12379249e+001	1.28046864e-011	1.28042020e-011	-1.11385787e-013	
2.13381038e+001	1.28046864e-011	1.28042020e-011	-1.11385787e-013	
2.14382826e+001	2.52405126e-012	-2.52372753e-012	4.04244582e-014	
2.15384615e+001	2.52405126e-012	-2.52372753e-012	4.04244582e-014	
2.16386404e+001	2.52405126e-012	-2.52372753e-012	4.04244582e-014	
2.17388193e+001	2.52405126e-012	-2.52372753e-012	4.04244582e-014	
2.18389982e+001	2.52405126e-012	-2.52372753e-012	4.04244582e-014	
2.19391771e+001	1.07328135e-011	-1.07320960e-011	1.24097458e-013	
2.20393560e+001	1.07328135e-011	-1.07320960e-011	1.24097458e-013	
2.21395349e+001	1.07328135e-011	-1.07320960e-011	1.24097458e-013	
2.22397138e+001	1.07328135e-011	-1.07320960e-011	1.24097458e-013	
2.23398927e+001	1.91868190e-011	-1.91858655e-011	1.91284373e-013	
2.24400716e+001	1.91868190e-011	-1.91858655e-011	1.91284373e-013	
2.25402504e+001	1.91868190e-011	-1.91858655e-011	1.91284373e-013	
2.26404293e+001	1.91868190e-011	-1.91858655e-011	1.91284373e-013	
2.27406082e+001	1.91868190e-011	-1.91858655e-011	1.91284373e-013	
2.28407871e+001	3.28103723e-011	-3.28092657e-011	2.69480920e-013	
2.29409660e+001	3.28103723e-011	-3.28092657e-011	2.69480920e-013	
2.30411449e+001	3.28103723e-011	-3.28092657e-011	2.69480920e-013	
2.31413238e+001	3.28103723e-011	-3.28092657e-011	2.69480920e-013	
2.32415027e+001	3.28103723e-011	-3.28092657e-011	2.69480920e-013	
2.33416816e+001	3.28103723e-011	-3.28092657e-011	2.69480920e-013	
2.34418605e+001	3.28103723e-011	-3.28092657e-011	2.69480920e-013	
2.35420394e+001	3.28103723e-011	-3.28092657e-011	2.69480920e-013	
2.36422182e+001	3.49256497e-011	-3.49249250e-011	2.25003333e-013	
2.37423971e+001	3.49256497e-011	-3.49249250e-011	2.25003333e-013	
2.38425760e+001	3.49256497e-011	-3.49249250e-011	2.25003333e-013	
2.39427549e+001	3.49256497e-011	-3.49249250e-011	2.25003333e-013	
2.40429338e+001	3.49256497e-011	-3.49249250e-011	2.25003333e-013	
2.41431127e+001	4.20664715e-011	-4.20660246e-011	1.93899170e-013	
2.42432916e+001	4.20664715e-011	-4.20660246e-011	1.93899170e-013	
2.43434705e+001	4.20664715e-011	-4.20660246e-011	1.93899170e-013	
2.44436494e+001	4.20664715e-011	-4.20660246e-011	1.93899170e-013	
2.45438283e+001	4.18340788e-011	-4.18339496e-011	1.03964823e-013	
2.46440072e+001	4.18340788e-011	-4.18339496e-011	1.03964823e-013	
2.47441860e+001	4.18340788e-011	-4.18339496e-011	1.03964823e-013	
2.48443649e+001	4.18340788e-011	-4.18339496e-011	1.03964823e-013	
2.49445438e+001	4.29322504e-011	-4.29322014e-011	6.48668038e-014	
2.50447227e+001	4.29322504e-011	-4.29322014e-011	6.48668038e-014	
2.51449016e+001	4.29322504e-011	-4.29322014e-011	6.48668038e-014	
2.52450805e+001	4.29322504e-011	-4.29322014e-011	6.48668038e-014	
2.53452594e+001	4.29322504e-011	-4.29322014e-011	6.48668038e-014	
2.54454383e+001	4.22558410e-011	-4.22558352e-011	2.20886754e-014	
2.55456172e+001	4.22558410e-011	-4.22558352e-011	2.20886754e-014	
2.56457961e+001	4.22558410e-011	-4.22558352e-011	2.20886754e-014	
2.57459750e+001	4.22558410e-011	-4.22558352e-011	2.20886754e-014	
2.58461538e+001	2.56650570e-011	-2.56650494e-011	-1.97086637e-014	
2.59463327e+001	2.56650570e-011	-2.56650494e-011	-1.97086637e-014	
2.60465116e+001	2.56650570e-011	-2.56650494e-011	-1.97086637e-014	
2.61466905e+001	2.56650570e-011	-2.56650494e-011	-1.97086637e-014	
2.62468694e+001	2.56650570e-011	-2.56650494e-011	-1.97086637e-014	
2.63470483e+001	2.56650570e-011	-2.56650494e-011	-1.97086637e-014	
2.64472272e+001	2.56650570e-011	-2.56650494e-011	-1.97086637e-014	
2.65474061e+001	2.56650570e-011	-2.56650494e-011	-1.97086637e-014	
2.66475850e+001	2.56650570e-011	-2.56650494e-011	-1.97086637e-014	
2.67477639e+001	2.96643018e-011	-2.96642784e-011	-3.72725516e-014	
2.68479428e+001	2.96643018e-011	-2.96642784e-011	-3.72725516e-014	
2.69481216e+001	2.96643018e-011	-2.96642784e-011	-3.72725516e-014	
2.70483005e+001	2.96643018e-011	-2.96642784e-011	-3.72725516e-014	
2.71484794e+001	2.87105169e-011	-2.87104867e-011	-4.16532969e-014	
2.72486583e+001	2.87105169e-011	-2.87104867e-011	-4.16532969e-014	
2.73488372e+001	2.87105169e-011	-2.87104867e-011	-4.16532969e-014	
2.74490161e+001	2.87105169e-011	-2.87104867e-011	-4.16532969e-014	
2.75491950e+001	2.87105169e-011	-2.87104867e-011	-4.16532969e-014	
2.76493739e+001	2.15656605e-011	-2.15656392e-011	-3.03575847e-014	
2.77495528e+001	2.15656605e-011	-2.15656392e-011	-3.03575847e-014	
2.78497317e+001	1.91892745e-011	-1.91892576e-011	-2.55194627e-014	
2.79499106e+001	1.76507818e-011	-1.76507687e-011	-2.14803823e-014	
2.80500894e+001	1.62697452e-011	-1.62697345e-011	-1.86598677e-014	
2.81502683e+001	1.58111967e-011	-1.58111886e-011	-1.60132933e-014	
2.82504472e+001	1.56460817e-011	-1.56460753e-011	-1.42112991e-014	
2.83506261e+001	1.57426382e-011	-1.57426344e-011	-1.09658194e-014	
2.84508050e+001	1.65825056e-011	-1.65825038e-011	-7.58382202e-015	
2.85509839e+001	1.65825056e-011	-1.65825038e-011	-7.58382202e-015	
2.86511628e+001	1.65825056e-011	-1.65825038e-011	-7.58382202e-015	
2.87513417e+001	1.51714857e-011	-1.51714854e-011	-2.80497849e-015	
2.88515206e+001	1.51714857e-011	-1.51714854e-011	-2.80497849e-015	
2.89516995e+001	1.09878636e-011	-1.09878623e-011	5.43080245e-015	
2.90518784e+001	1.09878636e-011	-1.09878623e-011	5.43080245e-015	
2.91520572e+001	1.09878636e-011	-1.09878623e-011	5.43080245e-015	
2.92522361e+001	1.09878636e-011	-1.09878623e-011	5.43080245e-015	
2.93524150e+001	9.95752562e-012	-9.95751021e-012	1.75178358e-014	
2.94525939e+001	9.95752562e-012	-9.95751021e-012	1.75178358e-014	
2.95527728e+001	9.95752562e-012	-9.95751021e-012	1.75178358e-014	
2.96529517e+001	9.95752562e-012	-9.95751021e-012	1.75178358e-014	
2.97531306e+001	9.95752562e-012	-9.95751021e-012	1.75178358e-014	
2.98533095e+001	6.99161312e-012	-6.99158266e-012	2.06384649e-014	
2.99534884e+001	6.99161312e-012	-6.99158266e-012	2.06384649e-014	
3.00536673e+001	6.99161312e-012	-6.99158266e-012	2.06384649e-014	
3.01538462e+001	6.99161312e-012	-6.99158266e-012	2.06384649e-014	
3.02540250e+001	5.52495128e-012	-5.52488890e-012	2.62530243e-014	
3.03542039e+001	5.52495128e-012	-5.52488890e-012	2.62530243e-014	
3.04543828e+001	5.52495128e-012	-5.52488890e-012	2.62530243e-014	
3.05545617e+001	5.52495128e-012	-5.52488890e-012	2.62530243e-014	
3.06547406e+001	4.26267830e-012	-4.26257027e-012	3.03485350e-014	
3.07549195e+001	4.26267830e-012	-4.26257027e-012	3.03485350e-014	
3.08550984e+001	4.26267830e-012	-4.26257027e-012	3.03485350e-014	
3.09552773e+001	4.26267830e-012	-4.26257027e-012	3.03485350e-014	
3.10554562e+001	4.26267830e-012	-4.26257027e-012	3.03485350e-014	
3.11556351e+001	4.26267830e-012	-4.26257027e-012	3.03485350e-014	
3.12558140e+001	4.26267830e-012	-4.26257027e-012	3.03485350e-014	
3.13559928e+001	4.26267830e-012	-4.26257027e-012	3.03485350e-014	
3.14561717e+001	4.26267830e-012	-4.26257027e-012	3.03485350e-014	
3.15563506e+001	2.77969239e-012	-2.77956446e-012	2.66682494e-014	
3.16565295e+001	2.77969239e-012	-2.77956446e-012	2.66682494e-014	
3.17567084e+001	2.77969239e-012	-2.77956446e-012	2.66682494e-014	
3.18568873e+001	2.77969239e-012	-2.77956446e-012	2.66682494e-014	
3.19570662e+001	2.77969239e-012	-2.77956446e-012	2.66682494e-014	
3.20572451e+001	2.77969239e-012	-2.77956446e-012	2.66682494e-014	
3.21574240e+001	2.77969239e-012	-2.77956446e-012	2.66682494e-014	
3.22576029e+001	2.77969239e-012	-2.77956446e-012	2.66682494e-014	
3.23577818e+001	2.77969239e-012	-2.77956446e-012	2.66682494e-014	
3.24579606e+001	2.04776611e-012	-2.04761158e-012	2.51573786e-014	
3.25581395e+001	2.04776611e-012	-2.04761158e-012	2.51573786e-014	
3.26583184e+001	2.04776611e-012	-2.04761158e-012	2.51573786e-014	
3.27584973e+001	2.04776611e-012	-2.04761158e-012	2.51573786e-014	
3.28586762e+001	2.04776611e-012	-2.04761158e-012	2.51573786e-014	
3.29588551e+001	2.04776611e-012	-2.04761158e-012	2.51573786e-014	
3.30590340e+001	2.04776611e-012	-2.04761158e-012	2.51573786e-014	
3.31592129e+001	2.04776611e-012	-2.04761158e-012	2.51573786e-014	
3.32593918e+001	1.40307269e-012	-1.40295669e-012	1.80413364e-014	
3.33595707e+001	1.40307269e-012	-1.40295669e-012	1.80413364e-014	
3.34597496e+001	1.40307269e-012	-1.40295669e-012	1.80413364e-014	
3.35599284e+001	1.40307269e-012	-1.40295669e-012	1.80413364e-014	
3.36601073e+001	1.40307269e-012	-1.40295669e-012	1.80413364e-014	
3.37602862e+001	1.77148134e-012	-1.77134109e-012	2.22904485e-014	
3.38604651e+001	1.77148134e-012	-1.77134109e-012	2.22904485e-014	
3.39606440e+001	1.77148134e-012	-1.77134109e-012	2.22904485e-014	
3.40608229e+001	1.77148134e-012	-1.77134109e-012	2.22904485e-014	
3.41610018e+001	1.30584273e-012	-1.30574996e-012	1.55648623e-014	
3.42611807e+001	1.30584273e-012	-1.30574996e-012	1.55648623e-014	
3.43613596e+001	1.30584273e-012	-1.30574996e-012	1.55648623e-014	
3.44615385e+001	1.30584273e-012	-1.30574996e-012	1.55648623e-014	
3.45617174e+001	1.30584273e-012	-1.30574996e-012	1.55648623e-014	
3.46618962e+001	1.34697862e-012	-1.34689323e-012	1.51670451e-014	
3.47620751e+001	1.34697862e-012	-1.34689323e-012	1.51670451e-014	
3.48622540e+001	1.34697862e-012	-1.34689323e-012	1.51670451e-014	
3.49624329e+001	1.34697862e-012	-1.34689323e-012	1.51670451e-014	
3.50626118e+001	1.02399090e-012	-1.02393830e-012	1.03788823e-014	
3.51627907e+001	1.02399090e-012	-1.02393830e-012	1.03788823e-014	
3.52629696e+001	1.02399090e-012	-1.02393830e-012	1.03788823e-014	
3.53631485e+001	1.02399090e-012	-1.02393830e-012	1.03788823e-014	
3.54633274e+001	1.02399090e-012	-1.02393830e-012	1.03788823e-014	
3.55635063e+001	1.02399090e-012	-1.02393830e-012	1.03788823e-014	
3.56636852e+001	1.02399090e-012	-1.02393830e-012	1.03788823e-014	
3.57638640e+001	1.02399090e-012	-1.02393830e-012	1.03788823e-014	
3.58640429e+001	1.02399090e-012	-1.02393830e-012	1.03788823e-014	
3.59642218e+001	1.07515598e-012	-1.07511486e-012	9.40236660e-015	
3.60644007e+001	1.07515598e-012	-1.07511486e-012	9.40236660e-015	
3.61645796e+001	1.07515598e-012	-1.07511486e-012	9.40236660e-015	
3.62647585e+001	1.07515598e-012	-1.07511486e-012	9.40236660e-015	
3.63649374e+001	1.19685470e-012	-1.19681946e-012	9.18528544e-015	
3.64651163e+001	1.19685470e-012	-1.19681946e-012	9.18528544e-015	
3.65652952e+001	1.19685470e-012	-1.19681946e-012	9.18528544e-015	
3.66654741e+001	1.19685470e-012	-1.19681946e-012	9.18528544e-015	
3.67656530e+001	1.17448322e-012	-1.17445566e-012	8.04625293e-015	
3.68658318e+001	1.17448322e-012	-1.17445566e-012	8.04625293e-015	
3.69660107e+001	1.17448322e-012	-1.17445566e-012	8.04625293e-015	
3.70661896e+001	1.17448322e-012	-1.17445566e-012	8.04625293e-015	
3.71663685e+001	1.17448322e-012	-1.17445566e-012	8.04625293e-015	
3.72665474e+001	1.13090021e-012	-1.13087850e-012	7.00747672e-015	
3.73667263e+001	1.13090021e-012	-1.13087850e-012	7.00747672e-015	
3.74669052e+001	1.13090021e-012	-1.13087850e-012	7.00747672e-015	
3.75670841e+001	1.13090021e-012	-1.13087850e-012	7.00747672e-015	
3.76672630e+001	1.09520156e-012	-1.09518285e-012	6.40111674e-015	
3.77674419e+001	1.09520156e-012	-1.09518285e-012	6.40111674e-015	
3.78676208e+001	1.09520156e-012	-1.09518285e-012	6.40111674e-015	
3.79677996e+001	1.09520156e-012	-1.09518285e-012	6.40111674e-015	
3.80679785e+001	1.02034819e-012	-1.02033180e-012	5.78343983e-015	
3.81681574e+001	1.02034819e-012	-1.02033180e-012	5.78343983e-015	
3.82683363e+001	1.02034819e-012	-1.02033180e-012	5.78343983e-015	
3.83685152e+001	1.02034819e-012	-1.02033180e-012	5.78343983e-015	
3.84686941e+001	1.02034819e-012	-1.02033180e-012	5.78343983e-015	
3.85688730e+001	1.08273204e-012	-1.08271271e-012	6.46914947e-015	
3.86690519e+001	1.08273204e-012	-1.08271271e-012	6.46914947e-015	
3.87692308e+001	1.08273204e-012	-1.08271271e-012	6.46914947e-015	
3.88694097e+001	1.08273204e-012	-1.08271271e-012	6.46914947e-015	
3.89695886e+001	1.08273204e-012	-1.08271271e-012	6.46914947e-015	
3.90697674e+001	1.08273204e-012	-1.08271271e-012	6.46914947e-015	
3.91699463e+001	1.08273204e-012	-1.08271271e-012	6.46914947e-015	
3.92701252e+001	1.08273204e-012	-1.08271271e-012	6.46914947e-015	
3.93703041e+001	1.08273204e-012	-1.08271271e-012	6.46914947e-015	
3.94704830e+001	9.72163842e-013	-9.72135801e-013	7.38384398e-015	
3.95706619e+001	9.72163842e-013	-9.72135801e-013	7.38384398e-015	
3.96708408e+001	9.72163842e-013	-9.72135801e-013	7.38384398e-015	
3.97710197e+001	9.72163842e-013	-9.72135801e-013	7.38384398e-015	
3.98711986e+001	8.98010312e-013	-8.97974443e-013	8.02618476e-015	
3.99713775e+001	8.98010312e-013	-8.97974443e-013	8.02618476e-015	
4.00715564e+001	8.98010312e-013	-8.97974443e-013	8.02618476e-015	
4.01717352e+001	8.98010312e-013	-8.97974443e-013	8.02618476e-015	
4.02719141e+001	7.77013258e-013	-7.76968829e-013	8.30914412e-015	
4.03720930e+001	7.77013258e-013	-7.76968829e-013	8.30914412e-015	
4.04722719e+001	7.77013258e-013	-7.76968829e-013	8.30914412e-015	
4.05724508e+001	7.77013258e-013	-7.76968829e-013	8.30914412e-015	
4.06726297e+001	7.77013258e-013	-7.76968829e-013	8.30914412e-015	
4.07728086e+001	4.91939557e-013	-4.91894928e-013	6.62621751e-015	
4.08729875e+001	4.91939557e-013	-4.91894928e-013	6.62621751e-015	
4.09731664e+001	4.91939557e-013	-4.91894928e-013	6.62621751e-015	
4.10733453e+001	4.91939557e-013	-4.91894928e-013	6.62621751e-015	
4.11735242e+001	4.91939557e-013	-4.91894928e-013	6.62621751e-015	
4.12737030e+001	4.91939557e-013	-4.91894928e-013	6.62621751e-015	
4.13738819e+001	4.91939557e-013	-4.91894928e-013	6.62621751e-015	
4.14740608e+001	4.91939557e-013	-4.91894928e-013	6.62621751e-015	
4.15742397e+001	4.28980442e-013	-4.28923878e-013	6.96612980e-015	
4.16744186e+001	4.28980442e-013	-4.28923878e-013	6.96612980e-015	
4.17745975e+001	4.28980442e-013	-4.28923878e-013	6.96612980e-015	
4.18747764e+001	4.28980442e-013	-4.28923878e-013	6.96612980e-015	
4.19749553e+001	4.28980442e-013	-4.28923878e-013	6.96612980e-015	
4.20751342e+001	3.24603704e-013	-3.24538116e-013	6.52498846e-015	
4.21753131e+001	3.24603704e-013	-3.24538116e-013	6.52498846e-015	
4.22754919e+001	3.24603704e-013	-3.24538116e-013	6.52498846e-015	
4.23756708e+001	3.24603704e-013	-3.24538116e-013	6.52498846e-015	
4.24758497e+001	2.12609455e-013	-2.12555692e-013	4.78105659e-015	
4.25760286e+001	2.12609455e-013	-2.12555692e-013	4.78105659e-015	
4.26762075e+001	2.12609455e-013	-2.12555692e-013	4.78105659e-015	
4.27763864e+001	2.12609455e-013	-2.12555692e-013	4.78105659e-015	
4.28765653e+001	2.12609455e-013	-2.12555692e-013	4.78105659e-015	
4.29767442e+001	2.12609455e-013	-2.12555692e-013	4.78105659e-015	
4.30769231e+001	2.12609455e-013	-2.12555692e-013	4.78105659e-015	
4.31771020e+001	2.12609455e-013	-2.12555692e-013	4.78105659e-015	
4.32772809e+001	2.12609455e-013	-2.12555692e-013	4.78105659e-015	
4.33774597e+001	1.63213759e-013	-1.63160578e-013	4.16616914e-015	
4.34776386e+001	1.63213759e-013	-1.63160578e-013	4.16616914e-015	
4.35778175e+001	1.63213759e-013	-1.63160578e-013	4.16616914e-015	
4.36779964e+001	1.63213759e-013	-1.63160578e-013	4.16616914e-015	
4.37781753e+001	1.05475949e-013	-1.05429741e-013	3.12177318e-015	
4.38783542e+001	1.05475949e-013	-1.05429741e-013	3.12177318e-015	
4.39785331e+001	1.05475949e-013	-1.05429741e-013	3.12177318e-015	
4.40787120e+001	1.05475949e-013	-1.05429741e-013	3.12177318e-015	
4.41788909e+001	1.05475949e-013	-1.05429741e-013	3.12177318e-015	
4.42790698e+001	6.44571013e-014	-6.44190588e-014	2.21422160e-015	
4.43792487e+001	6.44571013e-014	-6.44190588e-014	2.21422160e-015	
4.44794275e+001	6.44571013e-014	-6.44190588e-014	2.21422160e-015	
4.45796064e+001	6.44571013e-014	-6.44190588e-014	2.21422160e-015	
4.46797853e+001	3.84717201e-014	-3.84403122e-014	1.55423516e-015	
4.47799642e+001	3.84717201e-014	-3.84403122e-014	1.55423516e-015	
4.48801431e+001	3.84717201e-014	-3.84403122e-014	1.55423516e-015	
4.49803220e+001	3.84717201e-014	-3.84403122e-014	1.55423516e-015	
4.50805009e+001	2.19382227e-014	-2.19086070e-014	1.13954051e-015	
4.51806798e+001	2.19382227e-014	-2.19086070e-014	1.13954051e-015	
4.52808587e+001	2.19382227e-014	-2.19086070e-014	1.13954051e-015	
4.53810376e+001	2.19382227e-014	-2.19086070e-014	1.13954051e-015	
4.54812165e+001	2.19382227e-014	-2.19086070e-014	1.13954051e-015	
4.55813953e+001	1.72530359e-015	-1.61593870e-015	6.04495309e-016	
4.56815742e+001	1.72530359e-015	-1.61593870e-015	6.04495309e-016	
4.57817531e+001	1.72530359e-015	-1.61593870e-015	6.04495309e-016	
4.58819320e+001	1.72530359e-015	-1.61593870e-015	6.04495309e-016	
4.59821109e+001	1.72530359e-015	-1.61593870e-015	6.04495309e-016	
4.60822898e+001	1.72530359e-015	-1.61593870e-015	6.04495309e-016	
4.61824687e+001	1.72530359e-015	-1.61593870e-015	6.04495309e-016	
4.62826476e+001	1.72530359e-015	-1.61593870e-015	6.04495309e-016	
4.63828265e+001	2.71566986e-014	2.71563667e-014	-1.34265443e-016	
4.64830054e+001	2.71566986e-014	2.71563667e-014	-1.34265443e-016	
4.65831843e+001	2.71566986e-014	2.71563667e-014	-1.34265443e-016	
4.66833631e+001	2.71566986e-014	2.71563667e-014	-1.34265443e-016	
4.67835420e+001	2.71566986e-014	2.71563667e-014	-1.34265443e-016	
4.68837209e+001	4.57556367e-014	4.57529796e-014	-4.93105348e-016	
4.69838998e+001	4.57556367e-014	4.57529796e-014	-4.93105348e-016	
4.70840787e+001	4.57556367e-014	4.57529796e-014	-4.93105348e-016	
4.71842576e+001	4.57556367e-014	4.57529796e-014	-4.93105348e-016	
4.72844365e+001	5.64097841e-014	5.64056981e-014	-6.78944976e-016	
4.73846154e+001	5.64097841e-014	5.64056981e-014	-6.78944976e-016	
4.74847943e+001	5.64097841e-014	5.64056981e-014	-6.78944976e-016	
4.75849732e+001	5.64097841e-014	5.64056981e-014	-6.78944976e-016	
4.76851521e+001	5.64097841e-014	5.64056981e-014	-6.78944976e-016	
4.77853309e+001	5.64097841e-014	5.64056981e-014	-6.78944976e-016	
4.78855098e+001	5.64097841e-014	5.64056981e-014	-6.78944976e-016	
4.79856887e+001	5.64097841e-014	5.64056981e-014	-6.78944976e-016	
4.80858676e+001	5.64097841e-014	5.64056981e-014	-6.78944976e-016	
4.81860465e+001	8.17931035e-014	8.17879050e-014	-9.22154341e-016	
4.82862254e+001	8.17931035e-014	8.17879050e-014	-9.22154341e-016	
4.83864043e+001	8.17931035e-014	8.17879050e-014	-9.22154341e-016	
4.84865832e+001	8.17931035e-014	8.17879050e-014	-9.22154341e-016	
4.85867621e+001	9.53847280e-014	9.53800159e-014	-9.48110980e-016	
4.86869410e+001	9.53847280e-014	9.53800159e-014	-9.48110980e-016	
4.87871199e+001	9.53847280e-014	9.53800159e-014	-9.48110980e-016	
4.88872987e+001	9.53847280e-014	9.53800159e-014	-9.48110980e-016	
4.89874776e+001	9.53847280e-014	9.53800159e-014	-9.48110980e-016	
4.90876565e+001	1.11391874e-013	1.11387664e-013	-9.68534766e-016	
4.91878354e+001	1.11391874e-013	1.11387664e-013	-9.68534766e-016	
4.92880143e+001	1.11391874e-013	1.11387664e-013	-9.68534766e-016	
4.93881932e+001	1.11391874e-013	1.11387664e-013	-9.68534766e-016	
4.94883721e+001	9.51455782e-014	9.51428510e-014	-7.20383089e-016	
4.95885510e+001	9.51455782e-014	9.51428510e-014	-7.20383089e-016	
4.96887299e+001	9.51455782e-014	9.51428510e-014	-7.20383089e-016	
4.97889088e+001	9.51455782e-014	9.51428510e-014	-7.20383089e-016	
4.98890877e+001	9.51455782e-014	9.51428510e-014	-7.20383089e-016	
4.99892665e+001	9.51455782e-014	9.51428510e-014	-7.20383089e-016	
5.00894454e+001	9.51455782e-014	9.51428510e-014	-7.20383089e-016	
5.01896243e+001	9.51455782e-014	9.51428510e-014	-7.20383089e-016	
5.02898032e+001	9.51455782e-014	9.51428510e-014	-7.20383089e-016	
5.03899821e+001	1.32583178e-013	1.32580924e-013	-7.73047873e-016	
5.04901610e+001	1.32583178e-013	1.32580924e-013	-7.73047873e-016	
5.05903399e+001	1.32583178e-013	1.32580924e-013	-7.73047873e-016	
5.06905188e+001	1.32583178e-013	1.32580924e-013	-7.73047873e-016	
5.07906977e+001	1.03476171e-013	1.03474790e-013	-5.34598687e-016	
5.08908766e+001	1.03476171e-013	1.03474790e-013	-5.34598687e-016	
5.09910555e+001	1.03476171e-013	1.03474790e-013	-5.34598687e-016	
5.10912343e+001	1.03476171e-013	1.03474790e-013	-5.34598687e-016	
5.11914132e+001	9.10359623e-014	9.10350843e-014	-3.99828777e-016	
5.12915921e+001	9.10359623e-014	9.10350843e-014	-3.99828777e-016	
5.13917710e+001	9.10359623e-014	9.10350843e-014	-3.99828777e-016	
5.14919499e+001	9.10359623e-014	9.10350843e-014	-3.99828777e-016	
5.15921288e+001	9.10359623e-014	9.10350843e-014	-3.99828777e-016	
5.16923077e+001	9.15196456e-014	9.15189946e-014	-3.45182298e-016	
5.17924866e+001	9.15196456e-014	9.15189946e-014	-3.45182298e-016	
5.18926655e+001	9.15196456e-014	9.15189946e-014	-3.45182298e-016	
5.19928444e+001	9.15196456e-014	9.15189946e-014	-3.45182298e-016	
5.20930233e+001	9.15196456e-014	9.15189946e-014	-3.45182298e-016	
5.21932021e+001	9.15196456e-014	9.15189946e-014	-3.45182298e-016	
5.22933810e+001	9.15196456e-014	9.15189946e-014	-3.45182298e-016	
5.23935599e+001	9.15196456e-014	9.15189946e-014	-3.45182298e-016	
5.24937388e+001	5.28957184e-014	5.28955389e-014	-1.37798949e-016	
5.25939177e+001	5.28957184e-014	5.28955389e-014	-1.37798949e-016	
5.26940966e+001	5.28957184e-014	5.28955389e-014	-1.37798949e-016	
5.27942755e+001	5.28957184e-014	5.28955389e-014	-1.37798949e-016	
5.28944544e+001	5.28957184e-014	5.28955389e-014	-1.37798949e-016	
5.29946333e+001	5.28957184e-014	5.28955389e-014	-1.37798949e-016	
5.30948122e+001	5.28957184e-014	5.28955389e-014	-1.37798949e-016	
5.31949911e+001	5.28957184e-014	5.28955389e-014	-1.37798949e-016	
5.32951699e+001	5.28957184e-014	5.28955389e-014	-1.37798949e-016	
5.33953488e+001	4.94696377e-014	4.94695282e-014	-1.04089855e-016	
5.34955277e+001	4.94696377e-014	4.94695282e-014	-1.04089855e-016	
5.35957066e+001	4.94696377e-014	4.94695282e-014	-1.04089855e-016	
5.36958855e+001	4.94696377e-014	4.94695282e-014	-1.04089855e-016	
5.37960644e+001	4.94696377e-014	4.94695282e-014	-1.04089855e-016	
5.38962433e+001	3.13771890e-014	3.13771469e-014	-5.13919318e-017	
5.39964222e+001	3.13771890e-014	3.13771469e-014	-5.13919318e-017	
5.40966011e+001	3.13771890e-014	3.13771469e-014	-5.13919318e-017	
5.41967800e+001	3.13771890e-014	3.13771469e-014	-5.13919318e-017	
5.42969589e+001	3.13771890e-014	3.13771469e-014	-5.13919318e-017	
5.43971377e+001	3.13771890e-014	3.13771469e-014	-5.13919318e-017	
5.44973166e+001	3.13771890e-014	3.13771469e-014	-5.13919318e-017	
5.45974955e+001	3.13771890e-014	3.13771469e-014	-5.13919318e-017	
5.46976744e+001	2.25910453e-014	2.25910240e-014	-3.10425669e-017	
5.47978533e+001	2.25910453e-014	2.25910240e-014	-3.10425669e-017	
5.48980322e+001	2.25910453e-014	2.25910240e-014	-3.10425669e-017	
5.49982111e+001	2.25910453e-014	2.25910240e-014	-3.10425669e-017	
5.50983900e+001	2.25910453e-014	2.25910240e-014	-3.10425669e-017	
5.51985689e+001	1.27444371e-014	1.27444278e-014	-1.53840879e-017	
5.52987478e+001	1.27444371e-014	1.27444278e-014	-1.53840879e-017	
5.53989267e+001	1.27444371e-014	1.27444278e-014	-1.53840879e-017	
5.54991055e+001	1.27444371e-014	1.27444278e-014	-1.53840879e-017	
5.55992844e+001	6.40049974e-015	6.40049555e-015	-7.32032513e-018	
5.56994633e+001	6.40049974e-015	6.40049555e-015	-7.32032513e-018	
5.57996422e+001	3.83490935e-015	3.83490685e-015	-4.38318983e-018	
5.58998211e+001	2.39939882e-015	2.39939726e-015	-2.74058825e-018	
5.60000000e+001	2.46245837e-016	2.46245681e-016	-2.77126041e-019	
