% Column 0: Length, cm
% Column 1: |B.n|, Tesla
% Column 2: Re[B.n], Tesla
% Column 3: Im[B.n], Tesla
0.00000000e+000	4.65502315e-010	-4.65489290e-010	-3.48224276e-012	
1.00178891e-001	7.26596630e-009	-7.26559319e-009	-7.36338620e-011	
2.00357782e-001	1.43029272e-008	-1.43022427e-008	-1.39923434e-010	
3.00536673e-001	2.16648856e-008	-2.16638442e-008	-2.12420674e-010	
4.00715564e-001	2.96033375e-008	-2.96019302e-008	-2.88644918e-010	
5.00894454e-001	3.72503006e-008	-3.72485533e-008	-3.60787500e-010	
6.01073345e-001	4.49432264e-008	-4.49411434e-008	-4.32704951e-010	
7.01252236e-001	5.23991360e-008	-5.23967514e-008	-4.99905583e-010	
8.01431127e-001	5.98550460e-008	-5.98523594e-008	-5.67106215e-010	
9.01610018e-001	6.72862270e-008	-6.72833120e-008	-6.26320257e-010	
1.00178891e+000	7.47170419e-008	-7.47138980e-008	-6.85415565e-010	
1.10196780e+000	8.23258120e-008	-8.23224458e-008	-7.44468893e-010	
1.20214669e+000	9.11679543e-008	-9.11644086e-008	-8.04043945e-010	
1.30232558e+000	1.00841434e-007	-1.00837725e-007	-8.64915576e-010	
1.40250447e+000	1.09673554e-007	-1.09669646e-007	-9.25838505e-010	
1.50268336e+000	1.18505676e-007	-1.18501568e-007	-9.86761435e-010	
1.60286225e+000	1.28512875e-007	-1.28508558e-007	-1.05331718e-009	
1.70304114e+000	1.38956351e-007	-1.38951834e-007	-1.12036939e-009	
1.80322004e+000	1.47979144e-007	-1.47974645e-007	-1.15390374e-009	
1.90339893e+000	1.57001945e-007	-1.56997455e-007	-1.18743809e-009	
2.00357782e+000	1.67821875e-007	-1.67817360e-007	-1.23101213e-009	
2.10375671e+000	1.78813998e-007	-1.78809448e-007	-1.27554809e-009	
2.20393560e+000	1.90874027e-007	-1.90869639e-007	-1.29426421e-009	
2.30411449e+000	2.03971245e-007	-2.03967179e-007	-1.28790390e-009	
2.40429338e+000	2.17068503e-007	-2.17064720e-007	-1.28154359e-009	
2.50447227e+000	2.29939201e-007	-2.29935595e-007	-1.28776615e-009	
2.60465116e+000	2.42595721e-007	-2.42592207e-007	-1.30588312e-009	
2.70483005e+000	2.56599678e-007	-2.56596425e-007	-1.29191619e-009	
2.80500894e+000	2.71003023e-007	-2.71000055e-007	-1.26844007e-009	
2.90518784e+000	2.84117222e-007	-2.84114480e-007	-1.24825348e-009	
3.00536673e+000	2.96865349e-007	-2.96862805e-007	-1.22900103e-009	
3.10554562e+000	3.09613493e-007	-3.09611130e-007	-1.20974858e-009	
3.20572451e+000	3.22361653e-007	-3.22359455e-007	-1.19049613e-009	
3.30590340e+000	3.37642142e-007	-3.37640170e-007	-1.15393585e-009	
3.40608229e+000	3.56037902e-007	-3.56036215e-007	-1.09608359e-009	
3.50626118e+000	3.74433700e-007	-3.74432260e-007	-1.03823132e-009	
3.60644007e+000	3.92362503e-007	-3.92361296e-007	-9.73015606e-010	
3.70661896e+000	4.08555399e-007	-4.08554451e-007	-8.80429837e-010	
3.80679785e+000	4.30630156e-007	-4.30629517e-007	-7.41748018e-010	
3.90697674e+000	4.52796314e-007	-4.52795913e-007	-6.02350451e-010	
4.00715564e+000	4.74962535e-007	-4.74962310e-007	-4.62952884e-010	
4.10733453e+000	4.97085861e-007	-4.97085756e-007	-3.22566572e-010	
4.20751342e+000	5.16345259e-007	-5.16345246e-007	-1.16249325e-010	
4.30769231e+000	5.37449128e-007	-5.37449115e-007	1.21937357e-010	
4.40787120e+000	5.62201808e-007	-5.62201649e-007	4.23170170e-010	
4.50805009e+000	5.86954631e-007	-5.86954184e-007	7.24402983e-010	
4.60822898e+000	6.11707578e-007	-6.11706718e-007	1.02563580e-009	
4.70840787e+000	6.36430697e-007	-6.36429313e-007	1.32727415e-009	
4.80858676e+000	6.59871878e-007	-6.59869825e-007	1.64627839e-009	
4.90876565e+000	6.86057897e-007	-6.86054879e-007	2.03484592e-009	
5.00894454e+000	7.12313663e-007	-7.12309534e-007	2.42517755e-009	
5.10912343e+000	7.39165034e-007	-7.39159778e-007	2.78762360e-009	
5.20930233e+000	7.66231572e-007	-7.66225138e-007	3.13999781e-009	
5.30948122e+000	7.93298186e-007	-7.93290498e-007	3.49237202e-009	
5.40966011e+000	8.23940432e-007	-8.23930411e-007	4.06360312e-009	
5.50983900e+000	8.54505627e-007	-8.54493037e-007	4.63853487e-009	
5.61001789e+000	8.79097267e-007	-8.79082116e-007	5.16122039e-009	
5.71019678e+000	9.06789927e-007	-9.06771683e-007	5.75207918e-009	
5.81037567e+000	9.44536104e-007	-9.44513296e-007	6.56396155e-009	
5.91055456e+000	9.82356986e-007	-9.82329280e-007	7.37791769e-009	
6.01073345e+000	1.02104913e-006	-1.02101607e-006	8.21615552e-009	
6.11091234e+000	1.05697320e-006	-1.05693374e-006	9.13284855e-009	
6.21109123e+000	1.08824627e-006	-1.08819921e-006	1.01198243e-008	
6.31127013e+000	1.11339399e-006	-1.11334041e-006	1.09229513e-008	
6.41144902e+000	1.13854199e-006	-1.13848161e-006	1.17260782e-008	
6.51162791e+000	1.16369025e-006	-1.16362280e-006	1.25292051e-008	
6.61180680e+000	1.18841591e-006	-1.18834276e-006	1.31855911e-008	
6.71198569e+000	1.21265043e-006	-1.21257336e-006	1.36715040e-008	
6.81216458e+000	1.23688498e-006	-1.23680395e-006	1.41574170e-008	
6.91234347e+000	1.26111957e-006	-1.26103455e-006	1.46433300e-008	
7.01252236e+000	1.29426907e-006	-1.29417734e-006	1.54084500e-008	
7.11270125e+000	1.31923325e-006	-1.31914846e-006	1.49568184e-008	
7.21288014e+000	1.34348970e-006	-1.34341223e-006	1.44275815e-008	
7.31305903e+000	1.37086916e-006	-1.37080483e-006	1.32805290e-008	
7.41323792e+000	1.39842931e-006	-1.39839222e-006	1.01843691e-008	
7.51341682e+000	1.46140588e-006	-1.46140574e-006	6.29714738e-010	
7.61359571e+000	1.53221324e-006	-1.53210867e-006	-1.79008194e-008	
7.71377460e+000	1.67774487e-006	-1.67616889e-006	-7.27028565e-008	
7.81395349e+000	1.61182586e-006	-1.61181197e-006	-6.69249712e-009	
7.91413238e+000	3.96638191e-007	-2.73125019e-007	2.87618807e-007	
8.01431127e+000	8.11572341e-008	-2.86543581e-008	7.59303918e-008	
8.11449016e+000	5.73901499e-008	-4.19974254e-008	3.91132403e-008	
8.21466905e+000	3.12081135e-008	-6.98353700e-009	3.04167151e-008	
8.31484794e+000	2.98432113e-008	-2.38006617e-008	1.80040485e-008	
8.41502683e+000	1.59115279e-008	-5.49687329e-009	1.49318821e-008	
8.51520572e+000	1.45075804e-008	-1.06268470e-008	9.87623471e-009	
8.61538462e+000	1.02711918e-008	-5.65685236e-009	8.57306257e-009	
8.71556351e+000	6.88192025e-009	-3.93655709e-009	5.64485116e-009	
8.81574240e+000	5.88743886e-009	-4.44571129e-009	3.85973929e-009	
8.91592129e+000	4.76477594e-009	-3.99237755e-009	2.60077127e-009	
9.01610018e+000	1.75291389e-009	1.38465786e-009	1.07490916e-009	
9.11627907e+000	1.25224032e-009	1.01796923e-009	7.29276675e-010	
9.21645796e+000	4.68815882e-009	4.68009122e-009	2.74916952e-010	
9.31663685e+000	2.92376038e-009	1.93351071e-009	-2.19315095e-009	
9.41681574e+000	3.89835363e-009	1.77847233e-009	-3.46903404e-009	
9.51699463e+000	7.46824349e-009	5.07207034e-009	-5.48167523e-009	
9.61717352e+000	1.18122033e-008	8.46978134e-009	-8.23352606e-009	
9.71735242e+000	1.68964691e-008	1.04047980e-008	-1.33128076e-008	
9.81753131e+000	6.10681366e-008	3.33470377e-008	-5.11594799e-008	
9.91771020e+000	2.62395905e-007	2.57439130e-007	-5.07612562e-008	
1.00178891e+001	3.23210021e-007	3.22856328e-007	1.51165151e-008	
1.01180680e+001	2.49598907e-007	2.49450142e-007	-8.61630737e-009	
1.02182469e+001	2.19808571e-007	2.19254429e-007	-1.55981860e-008	
1.03184258e+001	2.00200368e-007	1.99154297e-007	-2.04390135e-008	
1.04186047e+001	2.00833322e-007	1.99432021e-007	-2.36831650e-008	
1.05187835e+001	2.08782693e-007	2.07073906e-007	-2.66572739e-008	
1.06189624e+001	2.26451916e-007	2.24575727e-007	-2.90897469e-008	
1.07191413e+001	2.45229341e-007	2.43274030e-007	-3.09059223e-008	
1.08193202e+001	2.61936544e-007	2.59977375e-007	-3.19768237e-008	
1.09194991e+001	2.70701661e-007	2.68697579e-007	-3.28785735e-008	
1.10196780e+001	2.86325047e-007	2.84086057e-007	-3.57371644e-008	
1.11198569e+001	2.80293659e-007	2.77531113e-007	-3.92557809e-008	
1.12200358e+001	2.84099677e-007	2.80645366e-007	-4.41679225e-008	
1.13202147e+001	2.99995863e-007	2.95726177e-007	-5.04335820e-008	
1.14203936e+001	3.09825848e-007	3.04511403e-007	-5.71389681e-008	
1.15205725e+001	3.32682636e-007	3.26308247e-007	-6.48125287e-008	
1.16207513e+001	3.65059951e-007	3.57187070e-007	-7.54066591e-008	
1.17209302e+001	4.40006743e-007	4.30724046e-007	-8.99040026e-008	
1.18211091e+001	5.34506389e-007	5.23699951e-007	-1.06936619e-007	
1.19212880e+001	6.58110553e-007	6.45503105e-007	-1.28200002e-007	
1.20214669e+001	8.02271939e-007	7.87349082e-007	-1.54018465e-007	
1.21216458e+001	1.00215935e-006	9.85296750e-007	-1.83067392e-007	
1.22218247e+001	1.23499299e-006	1.21674527e-006	-2.11515093e-007	
1.23220036e+001	1.41972551e-006	1.40158510e-006	-2.26229390e-007	
1.24221825e+001	1.61690854e-006	1.59933139e-006	-2.37765290e-007	
1.25223614e+001	1.68261607e-006	1.66692743e-006	-2.29237373e-007	
1.26225403e+001	1.74926840e-006	1.73465116e-006	-2.25666292e-007	
1.27227191e+001	1.59201923e-006	1.57742248e-006	-2.15089585e-007	
1.28228980e+001	1.41947107e-006	1.40454094e-006	-2.05336010e-007	
1.29230769e+001	1.10532489e-006	1.08877315e-006	-1.90567977e-007	
1.30232558e+001	6.22609902e-007	5.99937779e-007	-1.66486490e-007	
1.31234347e+001	1.21152230e-007	-1.15276216e-008	-1.20602557e-007	
1.32236136e+001	3.29235012e-007	-3.17525424e-007	-8.70247015e-008	
1.33237925e+001	6.24659755e-007	-6.23925573e-007	-3.02768756e-008	
1.34239714e+001	8.50465747e-007	-8.48366967e-007	5.97116196e-008	
1.35241503e+001	6.78784863e-007	-6.69574823e-007	1.11438085e-007	
1.36243292e+001	1.48671908e-007	1.01424046e-007	1.08703722e-007	
1.37245081e+001	6.84578905e-007	6.83841388e-007	3.17684270e-008	
1.38246869e+001	1.13963042e-006	1.13808133e-006	-5.94001372e-008	
1.39248658e+001	1.54658617e-006	1.54028428e-006	-1.39474471e-007	
1.40250447e+001	1.92663086e-006	1.91467815e-006	-2.14275705e-007	
1.41252236e+001	2.20477481e-006	2.18777930e-006	-2.73228249e-007	
1.42254025e+001	2.59671036e-006	2.57391443e-006	-3.43320872e-007	
1.43255814e+001	3.01931134e-006	2.98908497e-006	-4.26159614e-007	
1.44257603e+001	3.47771357e-006	3.44108585e-006	-5.03408175e-007	
1.45259392e+001	4.29064373e-006	4.24930442e-006	-5.94168019e-007	
1.46261181e+001	4.92340313e-006	4.87319956e-006	-7.01301950e-007	
1.47262970e+001	5.45455917e-006	5.39270683e-006	-8.19102474e-007	
1.48264758e+001	6.17020263e-006	6.09297718e-006	-9.73154451e-007	
1.49266547e+001	7.87477079e-006	7.78072530e-006	-1.21339558e-006	
1.50268336e+001	9.83712559e-006	9.72842130e-006	-1.45837541e-006	
1.51270125e+001	1.21563660e-005	1.20151764e-005	-1.84736857e-006	
1.52271914e+001	1.55921986e-005	1.54222386e-005	-2.29591236e-006	
1.53273703e+001	2.02385793e-005	2.00145664e-005	-3.00286909e-006	
1.54275492e+001	2.70451915e-005	2.68003150e-005	-3.63118480e-006	
1.55277281e+001	3.77929254e-005	3.75495103e-005	-4.28246248e-006	
1.56279070e+001	4.96453379e-005	4.95270534e-005	-3.42499066e-006	
1.57280859e+001	6.19085447e-005	6.18925397e-005	-1.40763755e-006	
1.58282648e+001	7.08646342e-005	7.08646328e-005	1.38765600e-008	
1.59284436e+001	7.48159452e-005	7.48080283e-005	1.08837267e-006	
1.60286225e+001	7.74911707e-005	7.74724865e-005	1.70157993e-006	
1.61288014e+001	7.59614775e-005	7.59416361e-005	1.73607892e-006	
1.62289803e+001	7.30156627e-005	7.29997525e-005	1.52418568e-006	
1.63291592e+001	7.19491500e-005	7.19358006e-005	1.38592100e-006	
1.64293381e+001	7.08828300e-005	7.08718487e-005	1.24765632e-006	
1.65295170e+001	6.98167115e-005	6.98078968e-005	1.10939164e-006	
1.66296959e+001	6.92579058e-005	6.92498252e-005	1.05793687e-006	
1.67298748e+001	6.91060152e-005	6.90976750e-005	1.07361343e-006	
1.68300537e+001	6.98847302e-005	6.98767586e-005	1.05552499e-006	
1.69302326e+001	7.06153440e-005	7.06083255e-005	9.95584122e-007	
1.70304114e+001	7.13460277e-005	7.13398924e-005	9.35643252e-007	
1.71305903e+001	7.20767792e-005	7.20714593e-005	8.75702382e-007	
1.72307692e+001	7.30494572e-005	7.30444746e-005	8.53185344e-007	
1.73309481e+001	7.41465914e-005	7.41419974e-005	8.25371168e-007	
1.74311270e+001	7.52437471e-005	7.52395201e-005	7.97556991e-007	
1.75313059e+001	7.63409236e-005	7.63370428e-005	7.69742814e-007	
1.76314848e+001	7.74381198e-005	7.74345656e-005	7.41928637e-007	
1.77316637e+001	7.85353351e-005	7.85320883e-005	7.14114461e-007	
1.78318426e+001	7.96699310e-005	7.96669523e-005	6.88921822e-007	
1.79320215e+001	8.11506550e-005	8.11478709e-005	6.72200124e-007	
1.80322004e+001	8.33055157e-005	8.33029321e-005	6.56083726e-007	
1.81323792e+001	8.57186149e-005	8.57162269e-005	6.39837182e-007	
1.82325581e+001	8.81317278e-005	8.81295216e-005	6.23590638e-007	
1.83327370e+001	9.08902273e-005	9.08882246e-005	6.03368429e-007	
1.84329159e+001	9.38585968e-005	9.38568002e-005	5.80730576e-007	
1.85330948e+001	9.68269842e-005	9.68253758e-005	5.58092722e-007	
1.86332737e+001	1.00078389e-004	1.00076893e-004	5.47269726e-007	
1.87334526e+001	1.03825596e-004	1.03824132e-004	5.51430915e-007	
1.88336315e+001	1.07168040e-004	1.07166817e-004	5.11929314e-007	
1.89338104e+001	1.09628879e-004	1.09627889e-004	4.65756393e-007	
1.90339893e+001	1.12089747e-004	1.12088962e-004	4.19583473e-007	
1.91341682e+001	1.14550643e-004	1.14550034e-004	3.73410553e-007	
1.92343470e+001	1.17233568e-004	1.17233155e-004	3.10837421e-007	
1.93345259e+001	1.20870580e-004	1.20870449e-004	1.77790520e-007	
1.94347048e+001	1.22957693e-004	1.22957690e-004	2.88869794e-008	
1.95348837e+001	1.22600162e-004	1.22600076e-004	-1.45026793e-007	
1.96350626e+001	1.22242879e-004	1.22242463e-004	-3.18940565e-007	
1.97352415e+001	1.21885846e-004	1.21884849e-004	-4.92854337e-007	
1.98354204e+001	1.21395733e-004	1.21393786e-004	-6.87645002e-007	
1.99355993e+001	1.20645420e-004	1.20641763e-004	-9.39343492e-007	
2.00357782e+001	1.19895656e-004	1.19889740e-004	-1.19104198e-006	
2.01359571e+001	1.19146452e-004	1.19137716e-004	-1.44274047e-006	
2.02361360e+001	1.13284201e-004	1.13272744e-004	-1.61106158e-006	
2.03363148e+001	1.07335256e-004	1.07321741e-004	-1.70326770e-006	
2.04364937e+001	1.01386638e-004	1.01370738e-004	-1.79547381e-006	
2.05366726e+001	9.55189497e-005	9.55000684e-005	-1.89913049e-006	
2.06368515e+001	8.83910443e-005	8.83718083e-005	-1.84396488e-006	
2.07370304e+001	8.16027498e-005	8.15831465e-005	-1.78857201e-006	
2.08372093e+001	7.48145630e-005	7.47944846e-005	-1.73317915e-006	
2.09373882e+001	6.62782992e-005	6.62590998e-005	-1.59519106e-006	
2.10375671e+001	5.40597737e-005	5.40453001e-005	-1.25086563e-006	
2.11377460e+001	4.41262153e-005	4.41142400e-005	-1.02796378e-006	
2.12379249e+001	3.41926587e-005	3.41831799e-005	-8.05061926e-007	
2.13381038e+001	2.42591059e-005	2.42521197e-005	-5.82160075e-007	
2.14382826e+001	1.54658370e-005	1.54615116e-005	-3.65753350e-007	
2.15384615e+001	6.85932830e-006	6.85767902e-006	-1.50410352e-007	
2.16386404e+001	1.74736041e-006	-1.74615353e-006	6.49326456e-008	
2.17388193e+001	1.03537803e-005	-1.03499861e-005	2.80275643e-007	
2.18389982e+001	2.16703062e-005	-2.16617481e-005	6.08964663e-007	
2.19391771e+001	3.02025057e-005	-3.01915974e-005	8.11662116e-007	
2.20393560e+001	3.91181026e-005	-3.91047073e-005	1.02362906e-006	
2.21395349e+001	4.82499590e-005	-4.82340014e-005	1.24082461e-006	
2.22397138e+001	5.67329556e-005	-5.67152541e-005	1.41711271e-006	
2.23398927e+001	6.56282490e-005	-6.56085984e-005	1.60588973e-006	
2.24400716e+001	7.65726298e-005	-7.65489633e-005	1.90364329e-006	
2.25402504e+001	8.75078870e-005	-8.74833869e-005	2.07058245e-006	
2.26404293e+001	9.76991157e-005	-9.76774413e-005	2.05783035e-006	
2.27406082e+001	1.01264729e-004	-1.01247320e-004	1.87762918e-006	
2.28407871e+001	1.04830942e-004	-1.04817199e-004	1.69742801e-006	
2.29409660e+001	1.08693573e-004	-1.08682786e-004	1.53127473e-006	
2.30411449e+001	1.13170490e-004	-1.13161901e-004	1.39426768e-006	
2.31413238e+001	1.17647734e-004	-1.17641016e-004	1.25726064e-006	
2.32415027e+001	1.22125270e-004	-1.22120132e-004	1.12025359e-006	
2.33416816e+001	1.27076660e-004	-1.27072602e-004	1.01563022e-006	
2.34418605e+001	1.24469968e-004	-1.24467444e-004	7.92667564e-007	
2.35420394e+001	1.21820081e-004	-1.21818949e-004	5.25234800e-007	
2.36422182e+001	1.19170733e-004	-1.19170454e-004	2.57802036e-007	
2.37423971e+001	1.16621594e-004	-1.16621592e-004	2.39583894e-008	
2.38425760e+001	1.16059337e-004	-1.16059305e-004	-8.57729139e-008	
2.39427549e+001	1.15842637e-004	-1.15842483e-004	-1.88918723e-007	
2.40429338e+001	1.15626029e-004	-1.15625660e-004	-2.92064533e-007	
2.41431127e+001	1.08554425e-004	-1.08554062e-004	-2.80904662e-007	
2.42432916e+001	1.06068899e-004	-1.06068379e-004	-3.32050960e-007	
2.43434705e+001	1.03583406e-004	-1.03582697e-004	-3.83197258e-007	
2.44436494e+001	1.01097948e-004	-1.01097015e-004	-4.34343556e-007	
2.45438283e+001	9.79011876e-005	-9.79002223e-005	-4.34739361e-007	
2.46440072e+001	9.47246836e-005	-9.47237639e-005	-4.17435771e-007	
2.47441860e+001	9.17760523e-005	-9.17751630e-005	-4.04026117e-007	
2.48443649e+001	8.95159455e-005	-8.95150330e-005	-4.04204719e-007	
2.49445438e+001	8.72558399e-005	-8.72549029e-005	-4.04383321e-007	
2.50447227e+001	8.49957356e-005	-8.49947728e-005	-4.04561923e-007	
2.51449016e+001	8.27356327e-005	-8.27346427e-005	-4.04740526e-007	
2.52450805e+001	8.05341995e-005	-8.05331920e-005	-4.02836406e-007	
2.53452594e+001	7.84260632e-005	-7.84250552e-005	-3.97620266e-007	
2.54454383e+001	7.63054533e-005	-7.63044426e-005	-3.92726969e-007	
2.55456172e+001	7.40777799e-005	-7.40767501e-005	-3.90604636e-007	
2.56457961e+001	7.18501079e-005	-7.18490576e-005	-3.88482303e-007	
2.57459750e+001	7.00134984e-005	-7.00124239e-005	-3.87900907e-007	
2.58461538e+001	6.84914622e-005	-6.84903600e-005	-3.88559050e-007	
2.59463327e+001	6.69694272e-005	-6.69682961e-005	-3.89217194e-007	
2.60465116e+001	6.52820927e-005	-6.52809334e-005	-3.89043152e-007	
2.61466905e+001	6.34347159e-005	-6.34335307e-005	-3.87770986e-007	
2.62468694e+001	6.20841940e-005	-6.20829926e-005	-3.86225949e-007	
2.63470483e+001	6.07336729e-005	-6.07324546e-005	-3.84680911e-007	
2.64472272e+001	5.93831526e-005	-5.93819166e-005	-3.83135874e-007	
2.65474061e+001	5.80326331e-005	-5.80313786e-005	-3.81590836e-007	
2.66475850e+001	5.67795768e-005	-5.67782908e-005	-3.82152711e-007	
2.67477639e+001	5.55753148e-005	-5.55740120e-005	-3.80529946e-007	
2.68479428e+001	5.43022528e-005	-5.43009454e-005	-3.76808354e-007	
2.69481216e+001	5.30291912e-005	-5.30278788e-005	-3.73086761e-007	
2.70483005e+001	5.17561301e-005	-5.17548121e-005	-3.69365169e-007	
2.71484794e+001	5.00234294e-005	-5.00221837e-005	-3.53030803e-007	
2.72486583e+001	4.79933252e-005	-4.79922010e-005	-3.28485354e-007	
2.73488372e+001	4.59632233e-005	-4.59622184e-005	-3.03939904e-007	
2.74490161e+001	4.38428926e-005	-4.38420236e-005	-2.76042193e-007	
2.75491950e+001	4.12733549e-005	-4.12727059e-005	-2.31455192e-007	
2.76493739e+001	3.78426274e-005	-3.78423664e-005	-1.40549404e-007	
2.77495528e+001	3.41945395e-005	-3.41945185e-005	-3.79427169e-008	
2.78497317e+001	3.05854509e-005	-3.05853886e-005	6.17332285e-008	
2.79499106e+001	2.76263532e-005	-2.76261253e-005	1.12217964e-007	
2.80500894e+001	2.46673985e-005	-2.46668619e-005	1.62702700e-007	
2.81502683e+001	2.03821084e-005	-2.03804456e-005	2.60350300e-007	
2.82504472e+001	1.70933871e-005	-1.70906644e-005	3.05076351e-007	
2.83506261e+001	1.46720323e-005	-1.46685531e-005	3.19503973e-007	
2.84508050e+001	1.28023603e-005	-1.27979677e-005	3.35338470e-007	
2.85509839e+001	1.09330237e-005	-1.09273823e-005	3.51172966e-007	
2.86511628e+001	9.01524853e-006	-9.00838914e-006	3.51612258e-007	
2.87513417e+001	7.37624951e-006	-7.36861023e-006	3.35619015e-007	
2.88515206e+001	6.50521070e-006	-6.49723533e-006	3.22023801e-007	
2.89516995e+001	5.63430863e-006	-5.62586043e-006	3.08428587e-007	
2.90518784e+001	4.67951417e-006	-4.67006183e-006	2.97280085e-007	
2.91520572e+001	4.05136081e-006	-4.04100653e-006	2.89466196e-007	
2.92522361e+001	3.81846102e-006	-3.80843216e-006	2.76566471e-007	
2.93524150e+001	3.58556539e-006	-3.57585780e-006	2.63666745e-007	
2.94525939e+001	3.35267479e-006	-3.34328344e-006	2.50767020e-007	
2.95527728e+001	2.92563400e-006	-2.91531488e-006	2.45506518e-007	
2.96529517e+001	2.48031592e-006	-2.46858176e-006	2.40979645e-007	
2.97531306e+001	2.40347925e-006	-2.39226268e-006	2.31930513e-007	
2.98533095e+001	2.48589981e-006	-2.47606327e-006	2.20926535e-007	
2.99534884e+001	2.49306712e-006	-2.48406325e-006	2.11691787e-007	
3.00536673e+001	2.46907370e-006	-2.46069891e-006	2.03189101e-007	
3.01538462e+001	2.46417858e-006	-2.45641816e-006	1.95412124e-007	
3.02540250e+001	2.44660726e-006	-2.43919728e-006	1.90272742e-007	
3.03542039e+001	2.35116404e-006	-2.34375801e-006	1.86469144e-007	
3.04543828e+001	2.25572691e-006	-2.24831874e-006	1.82665547e-007	
3.05545617e+001	2.16029666e-006	-2.15287948e-006	1.78861949e-007	
3.06547406e+001	2.18389233e-006	-2.17699580e-006	1.73421405e-007	
3.07549195e+001	2.24528477e-006	-2.23903111e-006	1.67461676e-007	
3.08550984e+001	2.30672701e-006	-2.30106641e-006	1.61501948e-007	
3.09552773e+001	2.32673897e-006	-2.32147778e-006	1.56381431e-007	
3.10554562e+001	2.34063420e-006	-2.33573351e-006	1.51385022e-007	
3.11556351e+001	2.35454434e-006	-2.34998924e-006	1.46388614e-007	
3.12558140e+001	2.36046053e-006	-2.35621894e-006	1.41443215e-007	
3.13559928e+001	2.32857141e-006	-2.32452989e-006	1.37133586e-007	
3.14561717e+001	2.31253722e-006	-2.30869072e-006	1.33324978e-007	
3.15563506e+001	2.30453945e-006	-2.30090554e-006	1.29366907e-007	
3.16565295e+001	2.29979164e-006	-2.29637309e-006	1.25348474e-007	
3.17567084e+001	2.29685601e-006	-2.29365080e-006	1.21299413e-007	
3.18568873e+001	2.29361105e-006	-2.29059323e-006	1.17619360e-007	
3.19570662e+001	2.28565166e-006	-2.28276454e-006	1.14845833e-007	
3.20572451e+001	2.27769474e-006	-2.27493585e-006	1.12072307e-007	
3.21574240e+001	2.26974032e-006	-2.26710716e-006	1.09298780e-007	
3.22576029e+001	2.26178842e-006	-2.25927847e-006	1.06525254e-007	
3.23577818e+001	2.25540233e-006	-2.25301475e-006	1.03750714e-007	
3.24579606e+001	2.25312897e-006	-2.25087332e-006	1.00794081e-007	
3.25581395e+001	2.23073568e-006	-2.22861860e-006	9.71637500e-008	
3.26583184e+001	2.20826579e-006	-2.20628553e-006	9.34984531e-008	
3.27584973e+001	2.18579924e-006	-2.18395246e-006	8.98331561e-008	
3.28586762e+001	2.16928626e-006	-2.16755330e-006	8.66923222e-008	
3.29588551e+001	2.16314117e-006	-2.16149147e-006	8.44651417e-008	
3.30590340e+001	2.14664555e-006	-2.14506970e-006	8.22380939e-008	
3.31592129e+001	2.12607728e-006	-2.12457121e-006	8.00110983e-008	
3.32593918e+001	2.10551000e-006	-2.10407271e-006	7.77841027e-008	
3.33595707e+001	2.08494374e-006	-2.08357422e-006	7.55571071e-008	
3.34597496e+001	2.06437854e-006	-2.06307573e-006	7.33301116e-008	
3.35599284e+001	2.04807766e-006	-2.04684420e-006	7.10700032e-008	
3.36601073e+001	2.03989998e-006	-2.03873575e-006	6.89092229e-008	
3.37602862e+001	2.03172405e-006	-2.03062731e-006	6.67484426e-008	
3.38604651e+001	2.02354988e-006	-2.02251886e-006	6.45876623e-008	
3.39606440e+001	2.01150148e-006	-2.01053100e-006	6.24764065e-008	
3.40608229e+001	1.98966214e-006	-1.98874240e-006	6.04902667e-008	
3.41610018e+001	1.96782367e-006	-1.96695380e-006	5.85041269e-008	
3.42611807e+001	1.94631236e-006	-1.94549122e-006	5.65308421e-008	
3.43613596e+001	1.93863789e-006	-1.93785462e-006	5.51027281e-008	
3.44615385e+001	1.92741536e-006	-1.92667105e-006	5.35596653e-008	
3.45617174e+001	1.91240097e-006	-1.91169676e-006	5.18937545e-008	
3.46618962e+001	1.90102595e-006	-1.90036055e-006	5.02936872e-008	
3.47620751e+001	1.89715589e-006	-1.89652740e-006	4.88294133e-008	
3.48622540e+001	1.88728896e-006	-1.88669730e-006	4.72537915e-008	
3.49624329e+001	1.86231290e-006	-1.86175949e-006	4.53976583e-008	
3.50626118e+001	1.83289006e-006	-1.83237370e-006	4.35042036e-008	
3.51627907e+001	1.80945170e-006	-1.80896876e-006	4.18026537e-008	
3.52629696e+001	1.79895643e-006	-1.79850067e-006	4.04913860e-008	
3.53631485e+001	1.78724363e-006	-1.78681364e-006	3.92019463e-008	
3.54633274e+001	1.77807710e-006	-1.77767135e-006	3.79833976e-008	
3.55635063e+001	1.77198658e-006	-1.77160336e-006	3.68504932e-008	
3.56636852e+001	1.76589663e-006	-1.76553538e-006	3.57175887e-008	
3.57638640e+001	1.75674901e-006	-1.75641098e-006	3.44607930e-008	
3.58640429e+001	1.74810560e-006	-1.74779329e-006	3.30426061e-008	
3.59642218e+001	1.73946310e-006	-1.73917560e-006	3.16244192e-008	
3.60644007e+001	1.73072400e-006	-1.73046058e-006	3.01948832e-008	
3.61645796e+001	1.72210227e-006	-1.72186059e-006	2.88504003e-008	
3.62647585e+001	1.71510238e-006	-1.71487447e-006	2.79589773e-008	
3.63649374e+001	1.70824180e-006	-1.70802727e-006	2.70723580e-008	
3.64651163e+001	1.70138158e-006	-1.70118006e-006	2.61857386e-008	
3.65652952e+001	1.69452172e-006	-1.69433285e-006	2.52991192e-008	
3.66654741e+001	1.69089758e-006	-1.69072104e-006	2.44335708e-008	
3.67656530e+001	1.69330200e-006	-1.69313743e-006	2.36072822e-008	
3.68658318e+001	1.69570686e-006	-1.69555383e-006	2.27809935e-008	
3.69660107e+001	1.69811215e-006	-1.69797022e-006	2.19547049e-008	
3.70661896e+001	1.69885789e-006	-1.69872910e-006	2.09183460e-008	
3.71663685e+001	1.69949442e-006	-1.69937873e-006	1.98298359e-008	
3.72665474e+001	1.70189737e-006	-1.70179387e-006	1.87688029e-008	
3.73667263e+001	1.70430101e-006	-1.70420901e-006	1.77077698e-008	
3.74669052e+001	1.70713561e-006	-1.70705445e-006	1.66470587e-008	
3.75670841e+001	1.71438391e-006	-1.71431302e-006	1.55898827e-008	
3.76672630e+001	1.72527400e-006	-1.72521200e-006	1.46260690e-008	
3.77674419e+001	1.73616473e-006	-1.73611097e-006	1.36622553e-008	
3.78676208e+001	1.74705609e-006	-1.74700994e-006	1.26984416e-008	
3.79677996e+001	1.76094697e-006	-1.76090924e-006	1.15272294e-008	
3.80679785e+001	1.77516614e-006	-1.77513606e-006	1.03333767e-008	
3.81681574e+001	1.79094368e-006	-1.79091921e-006	9.36172500e-009	
3.82683363e+001	1.80712981e-006	-1.80711006e-006	8.44828168e-009	
3.83685152e+001	1.82396116e-006	-1.82394564e-006	7.52269922e-009	
3.84686941e+001	1.85509730e-006	-1.85508650e-006	6.32777335e-009	
3.85688730e+001	1.88785937e-006	-1.88785258e-006	5.06362854e-009	
3.86690519e+001	1.94978088e-006	-1.94977921e-006	2.55751426e-009	
3.87692308e+001	2.01170584e-006	-2.01170584e-006	5.13999783e-011	
3.88694097e+001	2.07266500e-006	-2.07266373e-006	-2.29654806e-009	
3.89695886e+001	2.13161055e-006	-2.13160618e-006	-4.31543537e-009	
3.90697674e+001	2.19055779e-006	-2.19054863e-006	-6.33432268e-009	
3.91699463e+001	2.24950659e-006	-2.24949108e-006	-8.35320999e-009	
3.92701252e+001	2.30845683e-006	-2.30843353e-006	-1.03720973e-008	
3.93703041e+001	2.34894049e-006	-2.34891393e-006	-1.11695790e-008	
3.94704830e+001	2.41197178e-006	-2.41194932e-006	-1.04081837e-008	
3.95706619e+001	2.53341082e-006	-2.53337469e-006	-1.35284797e-008	
3.96708408e+001	2.65485227e-006	-2.65480007e-006	-1.66487757e-008	
3.97710197e+001	2.77629583e-006	-2.77622544e-006	-1.97690716e-008	
3.98711986e+001	2.88783049e-006	-2.88777158e-006	-1.84468714e-008	
3.99713775e+001	2.96930627e-006	-2.96928836e-006	-1.03133327e-008	
4.00715564e+001	2.87462216e-006	-2.87455735e-006	1.93031519e-008	
4.01717352e+001	2.87906708e-006	-2.87866080e-006	4.83657504e-008	
4.02719141e+001	2.52345673e-006	-2.51975870e-006	1.36564955e-007	
4.03720930e+001	1.95957246e-006	-1.94956741e-006	1.97765395e-007	
4.04722719e+001	1.43675887e-006	-1.42117139e-006	2.11063803e-007	
4.05724508e+001	1.04144275e-006	-1.02717903e-006	1.71773812e-007	
4.06726297e+001	7.84158268e-007	-7.72193917e-007	1.36457845e-007	
4.07728086e+001	6.05943660e-007	-5.96002703e-007	1.09309176e-007	
4.08729875e+001	4.70529148e-007	-4.63114015e-007	8.32051012e-008	
4.09731664e+001	3.70842186e-007	-3.64819949e-007	6.65607361e-008	
4.10733453e+001	3.07470890e-007	-3.02786241e-007	5.34681225e-008	
4.11735242e+001	2.47554489e-007	-2.43553829e-007	4.43255851e-008	
4.12737030e+001	2.06546635e-007	-2.03237661e-007	3.68234377e-008	
4.13738819e+001	1.77647196e-007	-1.75034291e-007	3.03566004e-008	
4.14740608e+001	1.45527390e-007	-1.43399449e-007	2.47955493e-008	
4.15742397e+001	1.27483872e-007	-1.25804646e-007	2.06234969e-008	
4.16744186e+001	1.09871339e-007	-1.08575808e-007	1.68227537e-008	
4.17745975e+001	9.05519960e-008	-8.95928948e-008	1.31444737e-008	
4.18747764e+001	7.62333815e-008	-7.56072766e-008	9.75029086e-009	
4.19749553e+001	5.79148939e-008	-5.76207375e-008	5.82971287e-009	
4.20751342e+001	4.40804161e-008	-4.40430417e-008	1.81481601e-009	
4.21753131e+001	2.02587720e-008	-1.97576325e-008	-4.47814722e-009	
4.22754919e+001	1.16852672e-008	5.60341096e-009	-1.02541336e-008	
4.23756708e+001	3.99889521e-008	3.69115245e-008	-1.53836163e-008	
4.24758497e+001	7.14646899e-008	6.95183204e-008	-1.65651752e-008	
4.25760286e+001	8.43211616e-008	8.34228131e-008	-1.22756897e-008	
4.26762075e+001	9.42828740e-008	9.39684218e-008	-7.69389597e-009	
4.27763864e+001	6.10589263e-008	6.10482835e-008	-1.13998378e-009	
4.28765653e+001	3.40067697e-008	3.37885599e-008	3.84624563e-009	
4.29767442e+001	3.16330689e-008	-3.01783285e-008	9.48259118e-009	
4.30769231e+001	5.76332453e-008	-5.63384000e-008	1.21480720e-008	
4.31771020e+001	7.81679296e-008	-7.68495973e-008	1.42956149e-008	
4.32772809e+001	1.02627164e-007	-1.01376813e-007	1.59711143e-008	
4.33774597e+001	1.05561208e-007	-1.04209597e-007	1.68383011e-008	
4.34776386e+001	1.10667355e-007	-1.09249624e-007	1.76573829e-008	
4.35778175e+001	1.03713716e-007	-1.02042643e-007	1.85427598e-008	
4.36779964e+001	8.52886059e-008	-8.34921025e-008	1.74130733e-008	
4.37781753e+001	6.34638328e-008	-6.18825906e-008	1.40784604e-008	
4.38783542e+001	5.51757331e-008	-5.36133444e-008	1.30372858e-008	
4.39785331e+001	4.64939310e-008	-4.50831890e-008	1.13662522e-008	
4.40787120e+001	3.50327163e-008	-3.38689215e-008	8.95474024e-009	
4.41788909e+001	2.76415331e-008	-2.67011590e-008	7.14859868e-009	
4.42790698e+001	2.17512625e-008	-2.09682719e-008	5.78351051e-009	
4.43792487e+001	1.85363856e-008	-1.78815163e-008	4.88354048e-009	
4.44794275e+001	1.50655875e-008	-1.45220276e-008	4.01031693e-009	
4.45796064e+001	1.25068972e-008	-1.20685178e-008	3.28227901e-009	
4.46797853e+001	1.17410678e-008	-1.14088097e-008	2.77339761e-009	
4.47799642e+001	1.10240197e-008	-1.07495783e-008	2.44449926e-009	
4.48801431e+001	1.10354581e-008	-1.07990463e-008	2.27198911e-009	
4.49803220e+001	1.12912316e-008	-1.10894636e-008	2.12501989e-009	
4.50805009e+001	1.12370238e-008	-1.10561647e-008	2.00796557e-009	
4.51806798e+001	1.03430435e-008	-1.01605998e-008	1.93410495e-009	
4.52808587e+001	9.43697118e-009	-9.26700492e-009	1.78298761e-009	
4.53810376e+001	8.69111144e-009	-8.54426220e-009	1.59091220e-009	
4.54812165e+001	8.17867188e-009	-8.05879806e-009	1.39515147e-009	
4.55813953e+001	7.97008564e-009	-7.87976411e-009	1.19648770e-009	
4.56815742e+001	8.14425989e-009	-8.08009222e-009	1.02033280e-009	
4.57817531e+001	1.00694861e-008	-1.00396860e-008	7.74115958e-010	
4.58819320e+001	1.26183206e-008	-1.26109518e-008	4.31173852e-010	
4.59821109e+001	1.84169800e-008	-1.83873891e-008	-1.04358765e-009	
4.60822898e+001	1.56436617e-008	-1.54012379e-008	2.74335948e-009	
4.61824687e+001	2.91099833e-009	-1.31504491e-009	2.59703064e-009	
4.62826476e+001	4.35364098e-010	-1.10212931e-010	4.21182867e-010	
4.63828265e+001	2.96100276e-010	2.94733806e-010	-2.84140365e-011	
4.64830054e+001	2.91256452e-010	1.82050415e-010	-2.27349878e-010	
4.65831843e+001	5.66827191e-010	7.40635321e-011	-5.61967666e-010	
4.66833631e+001	1.19174944e-009	9.91617878e-010	-6.61030030e-010	
4.67835420e+001	8.09930570e-010	2.73695196e-010	-7.62285030e-010	
4.68837209e+001	1.42738339e-009	1.09727542e-009	-9.12912917e-010	
4.69838998e+001	1.48610349e-009	7.44633535e-010	-1.28608884e-009	
4.70840787e+001	1.95291655e-009	1.40575940e-009	-1.35562663e-009	
4.71842576e+001	2.31744994e-009	1.55183047e-009	-1.72116136e-009	
4.72844365e+001	3.07981596e-009	2.45501077e-009	-1.85962051e-009	
4.73846154e+001	3.62807906e-009	2.71178435e-009	-2.41022473e-009	
4.74847943e+001	4.49360379e-009	2.89855032e-009	-3.43378524e-009	
4.75849732e+001	5.68120850e-009	4.62734007e-009	-3.29603609e-009	
4.76851521e+001	6.40627875e-009	4.28117737e-009	-4.76570328e-009	
4.77853309e+001	9.94956486e-009	6.71607769e-009	-7.34085427e-009	
4.78855098e+001	1.43014115e-008	9.18237652e-009	-1.09642297e-008	
4.79856887e+001	2.17759844e-008	9.47508613e-009	-1.96065356e-008	
4.80858676e+001	1.02539910e-007	7.00796018e-008	-7.48550775e-008	
4.81860465e+001	4.18260709e-007	4.18260468e-007	4.49127135e-010	
4.82862254e+001	4.42365946e-007	4.41912572e-007	2.00227174e-008	
4.83864043e+001	4.03209913e-007	4.03180227e-007	4.89268534e-009	
4.84865832e+001	3.84600150e-007	3.84599551e-007	-6.78597292e-010	
4.85867621e+001	3.73569659e-007	3.73564137e-007	-2.03112632e-009	
4.86869410e+001	3.56306160e-007	3.56287203e-007	-3.67540448e-009	
4.87871199e+001	3.49373740e-007	3.49353545e-007	-3.75650040e-009	
4.88872987e+001	3.43255521e-007	3.43235119e-007	-3.74243811e-009	
4.89874776e+001	3.41458702e-007	3.41436631e-007	-3.88225338e-009	
4.90876565e+001	3.39661958e-007	3.39638143e-007	-4.02206865e-009	
4.91878354e+001	3.37005174e-007	3.36979876e-007	-4.12919039e-009	
4.92880143e+001	3.25846587e-007	3.25823090e-007	-3.91315186e-009	
4.93881932e+001	3.14688021e-007	3.14666303e-007	-3.69711333e-009	
4.94883721e+001	3.06655674e-007	3.06635553e-007	-3.51281861e-009	
4.95885510e+001	2.99259305e-007	2.99240722e-007	-3.33498142e-009	
4.96887299e+001	2.92952858e-007	2.92935901e-007	-3.15197646e-009	
4.97889088e+001	2.86954437e-007	2.86939092e-007	-2.96751120e-009	
4.98890877e+001	2.80466725e-007	2.80453025e-007	-2.77208658e-009	
4.99892665e+001	2.72945289e-007	2.72933344e-007	-2.55350907e-009	
5.00894454e+001	2.65423934e-007	2.65413664e-007	-2.33493156e-009	
5.01896243e+001	2.58386450e-007	2.58377390e-007	-2.16380748e-009	
5.02898032e+001	2.51745761e-007	2.51737563e-007	-2.03160059e-009	
5.03899821e+001	2.45105097e-007	2.45097737e-007	-1.89939370e-009	
5.04901610e+001	2.37426275e-007	2.37419810e-007	-1.75202167e-009	
5.05903399e+001	2.27915946e-007	2.27910484e-007	-1.57789556e-009	
5.06905188e+001	2.18405669e-007	2.18401157e-007	-1.40376946e-009	
5.07906977e+001	2.09685013e-007	2.09681275e-007	-1.25201317e-009	
5.08908766e+001	2.02750960e-007	2.02747694e-007	-1.15087377e-009	
5.09910555e+001	1.95816927e-007	1.95814113e-007	-1.04973438e-009	
5.10912343e+001	1.88882914e-007	1.88880532e-007	-9.48594982e-010	
5.11914132e+001	1.81961134e-007	1.81959160e-007	-8.47441710e-010	
5.12915921e+001	1.76030118e-007	1.76028540e-007	-7.45162400e-010	
5.13917710e+001	1.70291417e-007	1.70290070e-007	-6.77348679e-010	
5.14919499e+001	1.64281806e-007	1.64280671e-007	-6.10889692e-010	
5.15921288e+001	1.58101536e-007	1.58100600e-007	-5.44018593e-010	
5.16923077e+001	1.51921279e-007	1.51920529e-007	-4.77147494e-010	
5.17924866e+001	1.45909904e-007	1.45909311e-007	-4.15788101e-010	
5.18926655e+001	1.40756156e-007	1.40755636e-007	-3.82420738e-010	
5.19928444e+001	1.35388288e-007	1.35387856e-007	-3.41707677e-010	
5.20930233e+001	1.29886681e-007	1.29886343e-007	-2.96406362e-010	
5.21932021e+001	1.24385084e-007	1.24384830e-007	-2.51105047e-010	
5.22933810e+001	1.19091095e-007	1.19090913e-007	-2.08044576e-010	
5.23935599e+001	1.14319931e-007	1.14319803e-007	-1.70627415e-010	
5.24937388e+001	1.09548775e-007	1.09548694e-007	-1.33210253e-010	
5.25939177e+001	1.03730751e-007	1.03730702e-007	-1.00841196e-010	
5.26940966e+001	9.83633420e-008	9.83633159e-008	-7.16436913e-011	
5.27942755e+001	9.38185345e-008	9.38185231e-008	-4.64140905e-011	
5.28944544e+001	8.92737328e-008	8.92737302e-008	-2.11844897e-011	
5.29946333e+001	8.47289375e-008	8.47289374e-008	4.04511112e-012	
5.30948122e+001	8.09578467e-008	8.09578453e-008	1.52861331e-011	
5.31949911e+001	7.72764551e-008	7.72764511e-008	2.49054068e-011	
5.32951699e+001	7.40878412e-008	7.40878328e-008	3.54472261e-011	
5.33953488e+001	7.10388376e-008	7.10388225e-008	4.62504113e-011	
5.34955277e+001	6.79898362e-008	6.79898123e-008	5.70535966e-011	
5.35957066e+001	6.49408375e-008	6.49408020e-008	6.78567818e-011	
5.36958855e+001	6.12807757e-008	6.12807356e-008	7.01333367e-011	
5.37960644e+001	5.75049384e-008	5.75048949e-008	7.07943878e-011	
5.38962433e+001	5.39315728e-008	5.39315232e-008	7.31765994e-011	
5.39964222e+001	5.07734442e-008	5.07733826e-008	7.90886330e-011	
5.40966011e+001	4.78754177e-008	4.78753454e-008	8.31901344e-011	
5.41967800e+001	4.53175099e-008	4.53174303e-008	8.49241080e-011	
5.42969589e+001	4.27283650e-008	4.27282765e-008	8.69250092e-011	
5.43971377e+001	4.01221001e-008	4.01220013e-008	8.90722107e-011	
5.44973166e+001	3.75158369e-008	3.75157260e-008	9.12194121e-011	
5.45974955e+001	3.48844689e-008	3.48843590e-008	8.75287026e-011	
5.46976744e+001	3.22408562e-008	3.22407545e-008	8.09907471e-011	
5.47978533e+001	2.95972435e-008	2.95971499e-008	7.44527916e-011	
5.48980322e+001	2.66788311e-008	2.66787422e-008	6.88674694e-011	
5.49982111e+001	2.34874805e-008	2.34873927e-008	6.42283279e-011	
5.50983900e+001	2.08157129e-008	2.08156296e-008	5.88841256e-011	
5.51985689e+001	1.84577848e-008	1.84577084e-008	5.31140506e-011	
5.52987478e+001	1.60998569e-008	1.60997872e-008	4.73439756e-011	
5.53989267e+001	1.37320491e-008	1.37319864e-008	4.15132614e-011	
5.54991055e+001	1.13857858e-008	1.13857331e-008	3.46730515e-011	
5.55992844e+001	9.07575206e-009	9.07570860e-009	2.80860653e-011	
5.56994633e+001	6.75082137e-009	6.75078749e-009	2.13878596e-011	
5.57996422e+001	4.57473484e-009	4.57471150e-009	1.46126081e-011	
5.58998211e+001	2.18620545e-009	2.18619320e-009	7.31758312e-012	
5.60000000e+001	1.42784548e-010	1.42780099e-010	1.12717844e-012	
