% Column 0: Length, cm
% Column 1: |B.t|, Tesla
% Column 2: Re[B.t], Tesla
% Column 3: Im[B.t], Tesla
0.00000000e+000	2.65798898e-006	-2.65779552e-006	3.20692397e-008	
1.00178891e-001	2.65851484e-006	-2.65832144e-006	3.20672341e-008	
2.00357782e-001	2.65869710e-006	-2.65850366e-006	3.20710486e-008	
3.00536673e-001	2.65740829e-006	-2.65721456e-006	3.20873659e-008	
4.00715564e-001	2.65687664e-006	-2.65668270e-006	3.21019206e-008	
5.00894454e-001	2.65650321e-006	-2.65630904e-006	3.21187880e-008	
6.01073345e-001	2.65522589e-006	-2.65503127e-006	3.21477308e-008	
7.01252236e-001	2.65328461e-006	-2.65308940e-006	3.21846882e-008	
8.01431127e-001	2.65120515e-006	-2.65100931e-006	3.22236729e-008	
9.01610018e-001	2.64750251e-006	-2.64730564e-006	3.22864714e-008	
1.00178891e+000	2.64379988e-006	-2.64360196e-006	3.23492699e-008	
1.10196780e+000	2.64031722e-006	-2.64011834e-006	3.24063863e-008	
1.20214669e+000	2.63684120e-006	-2.63664140e-006	3.24599284e-008	
1.30232558e+000	2.63328196e-006	-2.63308109e-006	3.25241701e-008	
1.40250447e+000	2.63062354e-006	-2.63042168e-006	3.25883720e-008	
1.50268336e+000	2.62796513e-006	-2.62776226e-006	3.26525739e-008	
1.60286225e+000	2.62459316e-006	-2.62438917e-006	3.27218487e-008	
1.70304114e+000	2.61959334e-006	-2.61938795e-006	3.28026966e-008	
1.80322004e+000	2.61459353e-006	-2.61438673e-006	3.28835445e-008	
1.90339893e+000	2.61057654e-006	-2.61036843e-006	3.29622615e-008	
2.00357782e+000	2.60560381e-006	-2.60539406e-006	3.30607614e-008	
2.10375671e+000	2.59974450e-006	-2.59953279e-006	3.31769997e-008	
2.20393560e+000	2.59387474e-006	-2.59366108e-006	3.32918860e-008	
2.30411449e+000	2.58789982e-006	-2.58768437e-006	3.33931705e-008	
2.40429338e+000	2.58115127e-006	-2.58093393e-006	3.34950508e-008	
2.50447227e+000	2.57007079e-006	-2.56985108e-006	3.36051791e-008	
2.60465116e+000	2.56114346e-006	-2.56092133e-006	3.37308415e-008	
2.70483005e+000	2.55221616e-006	-2.55199159e-006	3.38565040e-008	
2.80500894e+000	2.54328888e-006	-2.54306185e-006	3.39821664e-008	
2.90518784e+000	2.53483280e-006	-2.53460317e-006	3.41189055e-008	
3.00536673e+000	2.52669721e-006	-2.52646489e-006	3.42631781e-008	
3.10554562e+000	2.51856164e-006	-2.51832660e-006	3.44074507e-008	
3.20572451e+000	2.51042610e-006	-2.51018832e-006	3.45517234e-008	
3.30590340e+000	2.50239568e-006	-2.50215505e-006	3.47022358e-008	
3.40608229e+000	2.48920703e-006	-2.48896262e-006	3.48810490e-008	
3.50626118e+000	2.46868960e-006	-2.46844115e-006	3.50226875e-008	
3.60644007e+000	2.44817224e-006	-2.44791969e-006	3.51643260e-008	
3.70661896e+000	2.42765496e-006	-2.42739822e-006	3.53059645e-008	
3.80679785e+000	2.41073386e-006	-2.41047258e-006	3.54923313e-008	
3.90697674e+000	2.39495118e-006	-2.39468511e-006	3.56981215e-008	
4.00715564e+000	2.37365554e-006	-2.37338465e-006	3.58592810e-008	
4.10733453e+000	2.35235999e-006	-2.35208420e-006	3.60204406e-008	
4.20751342e+000	2.33106455e-006	-2.33078374e-006	3.61816001e-008	
4.30769231e+000	2.30886424e-006	-2.30857805e-006	3.63520472e-008	
4.40787120e+000	2.28308936e-006	-2.28279663e-006	3.65591809e-008	
4.50805009e+000	2.25377413e-006	-2.25347441e-006	3.67550202e-008	
4.60822898e+000	2.21829095e-006	-2.21798350e-006	3.69311823e-008	
4.70840787e+000	2.18282245e-006	-2.18250714e-006	3.71000923e-008	
4.80858676e+000	2.14955506e-006	-2.14923323e-006	3.71951191e-008	
4.90876565e+000	2.11846180e-006	-2.11813314e-006	3.73148826e-008	
5.00894454e+000	2.08863060e-006	-2.08829507e-006	3.74364277e-008	
5.10912343e+000	2.05879961e-006	-2.05845701e-006	3.75579728e-008	
5.20930233e+000	2.02483378e-006	-2.02448162e-006	3.77623979e-008	
5.30948122e+000	1.97542294e-006	-1.97506118e-006	3.78036912e-008	
5.40966011e+000	1.92376551e-006	-1.92339394e-006	3.78087310e-008	
5.50983900e+000	1.87210862e-006	-1.87172669e-006	3.78137708e-008	
5.61001789e+000	1.82045232e-006	-1.82005945e-006	3.78188105e-008	
5.71019678e+000	1.76911949e-006	-1.76871419e-006	3.78666627e-008	
5.81037567e+000	1.69032907e-006	-1.68990784e-006	3.77339690e-008	
5.91055456e+000	1.62033868e-006	-1.61990347e-006	3.75522739e-008	
6.01073345e+000	1.55162456e-006	-1.55117464e-006	3.73634777e-008	
6.11091234e+000	1.47350549e-006	-1.47304219e-006	3.69476971e-008	
6.21109123e+000	1.39066068e-006	-1.39018375e-006	3.64178403e-008	
6.31127013e+000	1.30781781e-006	-1.30732531e-006	3.58879836e-008	
6.41144902e+000	1.22517597e-006	-1.22466551e-006	3.53629295e-008	
6.51162791e+000	1.14498832e-006	-1.14445640e-006	3.48971269e-008	
6.61180680e+000	1.06480411e-006	-1.06424728e-006	3.44313244e-008	
6.71198569e+000	9.73548032e-007	-9.72971343e-007	3.35042788e-008	
6.81216458e+000	8.74495485e-007	-8.73890340e-007	3.25273304e-008	
6.91234347e+000	7.71676003e-007	-7.71026980e-007	3.16425380e-008	
7.01252236e+000	6.68871185e-007	-6.68163620e-007	3.07577456e-008	
7.11270125e+000	5.40133970e-007	-5.39351757e-007	2.90583437e-008	
7.21288014e+000	4.13991391e-007	-4.13056073e-007	2.78127997e-008	
7.31305903e+000	2.59246982e-007	-2.57898469e-007	2.64079024e-008	
7.41323792e+000	1.03223958e-007	-1.00091835e-007	2.52350971e-008	
7.51341682e+000	8.47941377e-008	8.23668873e-008	2.01430303e-008	
7.61359571e+000	3.30423870e-007	3.29557180e-007	2.39164994e-008	
7.71377460e+000	7.41954502e-007	7.40960369e-007	3.83954968e-008	
7.81395349e+000	2.10677527e-006	2.07169865e-006	3.82840346e-007	
7.91413238e+000	1.27978232e-006	1.25759771e-006	-2.37256773e-007	
8.01431127e+000	8.08188802e-007	7.78948842e-007	-2.15424794e-007	
8.11449016e+000	6.15275334e-007	5.95011001e-007	-1.56606659e-007	
8.21466905e+000	4.90682209e-007	4.74299832e-007	-1.25732651e-007	
8.31484794e+000	4.55163785e-007	4.42798620e-007	-1.05372925e-007	
8.41502683e+000	3.57040165e-007	3.44270518e-007	-9.46334485e-008	
8.51520572e+000	3.24530273e-007	3.13840005e-007	-8.26096177e-008	
8.61538462e+000	3.16217427e-007	3.07220175e-007	-7.48947622e-008	
8.71556351e+000	2.94180694e-007	2.85312993e-007	-7.16852632e-008	
8.81574240e+000	2.91022126e-007	2.84323081e-007	-6.20827165e-008	
8.91592129e+000	2.57091810e-007	2.48989518e-007	-6.40345112e-008	
9.01610018e+000	2.42855158e-007	2.34946947e-007	-6.14699902e-008	
9.11627907e+000	2.58901589e-007	2.52062294e-007	-5.91154186e-008	
9.21645796e+000	2.46080304e-007	2.38648342e-007	-6.00207032e-008	
9.31663685e+000	2.69908849e-007	2.63316454e-007	-5.92893896e-008	
9.41681574e+000	2.90066452e-007	2.84194667e-007	-5.80683863e-008	
9.51699463e+000	2.84744660e-007	2.75466819e-007	-7.20940555e-008	
9.61717352e+000	3.14223383e-007	3.04087203e-007	-7.91663262e-008	
9.71735242e+000	3.35099370e-007	3.20436510e-007	-9.80409629e-008	
9.81753131e+000	4.49312377e-007	4.36905500e-007	-1.04857982e-007	
9.91771020e+000	6.86273436e-007	6.86273074e-007	-7.04918944e-010	
1.00178891e+001	4.24398528e-007	4.23921768e-007	-2.01108090e-008	
1.01180680e+001	3.65400300e-007	3.64431086e-007	-2.65962981e-008	
1.02182469e+001	3.68848755e-007	3.67944077e-007	-2.58178304e-008	
1.03184258e+001	3.93462772e-007	3.92633444e-007	-2.55329557e-008	
1.04186047e+001	4.30203944e-007	4.29454870e-007	-2.53761244e-008	
1.05187835e+001	4.61416558e-007	4.60725824e-007	-2.52379727e-008	
1.06189624e+001	4.89423616e-007	4.88788160e-007	-2.49321250e-008	
1.07191413e+001	5.19006658e-007	5.18421453e-007	-2.46395592e-008	
1.08193202e+001	5.45778531e-007	5.45191730e-007	-2.53018189e-008	
1.09194991e+001	5.68870395e-007	5.68203436e-007	-2.75387178e-008	
1.10196780e+001	6.08897946e-007	6.08113142e-007	-3.09049212e-008	
1.11198569e+001	6.51553764e-007	6.50634985e-007	-3.45893501e-008	
1.12200358e+001	7.02624211e-007	7.01533749e-007	-3.91302900e-008	
1.13202147e+001	7.93017140e-007	7.91788973e-007	-4.41180901e-008	
1.14203936e+001	8.69141771e-007	8.67850440e-007	-4.73606598e-008	
1.15205725e+001	9.99519588e-007	9.98215088e-007	-5.10494402e-008	
1.16207513e+001	1.14883041e-006	1.14742478e-006	-5.68126658e-008	
1.17209302e+001	1.29624508e-006	1.29475132e-006	-6.22119746e-008	
1.18211091e+001	1.45624517e-006	1.45468679e-006	-6.73521506e-008	
1.19212880e+001	1.60834300e-006	1.60678357e-006	-7.08079128e-008	
1.20214669e+001	1.75804106e-006	1.75649531e-006	-7.37059703e-008	
1.21216458e+001	1.82985490e-006	1.82874506e-006	-6.37216613e-008	
1.22218247e+001	1.87018826e-006	1.86994665e-006	-3.00610365e-008	
1.23220036e+001	1.82795754e-006	1.82795737e-006	7.96176162e-010	
1.24221825e+001	1.71364963e-006	1.71345956e-006	2.55223443e-008	
1.25223614e+001	1.37545520e-006	1.37430090e-006	5.63385461e-008	
1.26225403e+001	1.18287651e-006	1.18012940e-006	8.05693419e-008	
1.27227191e+001	1.02021339e-006	1.01519531e-006	1.01063644e-007	
1.28228980e+001	8.18033783e-007	8.08390118e-007	1.25238521e-007	
1.29230769e+001	8.52554012e-007	8.40026957e-007	1.45612692e-007	
1.30232558e+001	8.93245819e-007	8.78183869e-007	1.63343764e-007	
1.31234347e+001	1.45591112e-006	1.44502811e-006	1.77682109e-007	
1.32236136e+001	2.25943092e-006	2.25306335e-006	1.69509975e-007	
1.33237925e+001	3.27840086e-006	3.27494412e-006	1.50509713e-007	
1.34239714e+001	4.79382683e-006	4.79176541e-006	1.40570175e-007	
1.35241503e+001	6.26034409e-006	6.26032472e-006	1.55716316e-008	
1.36243292e+001	7.28228945e-006	7.28178296e-006	-8.58861084e-008	
1.37245081e+001	8.04461033e-006	8.04220300e-006	-1.96789936e-007	
1.38246869e+001	8.75522685e-006	8.75190442e-006	-2.41176711e-007	
1.39248658e+001	9.51921535e-006	9.51523328e-006	-2.75311637e-007	
1.40250447e+001	1.04072387e-005	1.04032344e-005	-2.88671837e-007	
1.41252236e+001	1.14588058e-005	1.14547608e-005	-3.04441579e-007	
1.42254025e+001	1.25969300e-005	1.25928285e-005	-3.21427505e-007	
1.43255814e+001	1.39349750e-005	1.39308699e-005	-3.38220249e-007	
1.44257603e+001	1.56481842e-005	1.56438517e-005	-3.68204645e-007	
1.45259392e+001	1.73502926e-005	1.73460978e-005	-3.81504827e-007	
1.46261181e+001	1.95642985e-005	1.95600346e-005	-4.08436280e-007	
1.47262970e+001	2.19170954e-005	2.19132872e-005	-4.08553938e-007	
1.48264758e+001	2.44205820e-005	2.44168504e-005	-4.26895246e-007	
1.49266547e+001	2.87426061e-005	2.87393990e-005	-4.29355008e-007	
1.50268336e+001	3.24325966e-005	3.24312530e-005	-2.95221677e-007	
1.51270125e+001	3.80712419e-005	3.80712232e-005	-3.77557791e-008	
1.52271914e+001	4.20524524e-005	4.20487960e-005	5.54527284e-007	
1.53273703e+001	4.61990788e-005	4.61598159e-005	1.90428001e-006	
1.54275492e+001	4.52660659e-005	4.51269774e-005	3.54579077e-006	
1.55277281e+001	3.88533237e-005	3.85980420e-005	4.44656296e-006	
1.56279070e+001	2.64127558e-005	2.60609081e-005	4.29682895e-006	
1.57280859e+001	1.49260617e-005	1.44554435e-005	3.71853099e-006	
1.58282648e+001	3.71916010e-006	2.37467276e-006	2.86235587e-006	
1.59284436e+001	7.63423270e-006	-7.27118365e-006	2.32624100e-006	
1.60286225e+001	1.63492010e-005	-1.62569504e-005	1.73434105e-006	
1.61288014e+001	2.11152940e-005	-2.10612628e-005	1.50958576e-006	
1.62289803e+001	2.70187508e-005	-2.69904760e-005	1.23575981e-006	
1.63291592e+001	3.29337403e-005	-3.29196891e-005	9.61933867e-007	
1.64293381e+001	3.69014614e-005	-3.68923738e-005	8.18905430e-007	
1.65295170e+001	4.00174770e-005	-4.00107635e-005	7.32988185e-007	
1.66296959e+001	4.31340069e-005	-4.31291531e-005	6.47070940e-007	
1.67298748e+001	4.63223876e-005	-4.63189888e-005	5.61128433e-007	
1.68300537e+001	4.98050365e-005	-4.98026454e-005	4.88030793e-007	
1.69302326e+001	5.33124500e-005	-5.33106941e-005	4.32696156e-007	
1.70304114e+001	5.68199959e-005	-5.68187427e-005	3.77361518e-007	
1.71305903e+001	6.03276509e-005	-6.03267914e-005	3.22026881e-007	
1.72307692e+001	6.37011768e-005	-6.37006179e-005	2.66860346e-007	
1.73309481e+001	6.67046517e-005	-6.67042839e-005	2.21509116e-007	
1.74311270e+001	6.97995731e-005	-6.97993508e-005	1.76156146e-007	
1.75313059e+001	7.28945352e-005	-7.28944178e-005	1.30803176e-007	
1.76314848e+001	7.59895328e-005	-7.59894848e-005	8.54502066e-008	
1.77316637e+001	7.90845619e-005	-7.90845517e-005	4.00972370e-008	
1.78318426e+001	8.21796189e-005	-8.21796187e-005	-5.25573265e-009	
1.79320215e+001	8.52747007e-005	-8.52746857e-005	-5.06087023e-008	
1.80322004e+001	8.94227044e-005	-8.94226433e-005	-1.04522960e-007	
1.81323792e+001	9.43066235e-005	-9.43064811e-005	-1.63886261e-007	
1.82325581e+001	9.92414190e-005	-9.92411717e-005	-2.21549842e-007	
1.83327370e+001	1.04176237e-004	-1.04175862e-004	-2.79213424e-007	
1.84329159e+001	1.09801833e-004	-1.09801270e-004	-3.51706912e-007	
1.85330948e+001	1.16556204e-004	-1.16555341e-004	-4.48433185e-007	
1.86332737e+001	1.23310618e-004	-1.23309412e-004	-5.45159458e-007	
1.87334526e+001	1.29971386e-004	-1.29969803e-004	-6.41555259e-007	
1.88336315e+001	1.36819496e-004	-1.36817306e-004	-7.73985849e-007	
1.89338104e+001	1.45363602e-004	-1.45360836e-004	-8.96747310e-007	
1.90339893e+001	1.53919044e-004	-1.53915672e-004	-1.01877907e-006	
1.91341682e+001	1.62474514e-004	-1.62470508e-004	-1.14081082e-006	
1.92343470e+001	1.71156921e-004	-1.71151873e-004	-1.31451317e-006	
1.93345259e+001	1.82793895e-004	-1.82787231e-004	-1.56084494e-006	
1.94347048e+001	1.94946876e-004	-1.94939889e-004	-1.65059580e-006	
1.95348837e+001	2.05165264e-004	-2.05158534e-004	-1.66176323e-006	
1.96350626e+001	2.15383676e-004	-2.15377179e-004	-1.67293065e-006	
1.97352415e+001	2.25602110e-004	-2.25595824e-004	-1.68409807e-006	
1.98354204e+001	2.35820563e-004	-2.35814469e-004	-1.69526549e-006	
1.99355993e+001	2.49211473e-004	-2.49206183e-004	-1.62368045e-006	
2.00357782e+001	2.63222122e-004	-2.63219612e-004	-1.14955105e-006	
2.01359571e+001	2.77168853e-004	-2.77168154e-004	-6.22536707e-007	
2.02361360e+001	2.89233434e-004	-2.89233313e-004	-2.63834655e-007	
2.03363148e+001	3.00223842e-004	-3.00223842e-004	-1.16917931e-009	
2.04364937e+001	3.11214480e-004	-3.11214370e-004	2.61496296e-007	
2.05366726e+001	3.21338333e-004	-3.21337409e-004	7.70824029e-007	
2.06368515e+001	3.30932420e-004	-3.30929325e-004	1.43117149e-006	
2.07370304e+001	3.40034153e-004	-3.40028072e-004	2.03355902e-006	
2.08372093e+001	3.46475346e-004	-3.46467148e-004	2.38348488e-006	
2.09373882e+001	3.53049714e-004	-3.53038385e-004	2.82832949e-006	
2.10375671e+001	3.59624518e-004	-3.59609623e-004	3.27317411e-006	
2.11377460e+001	3.64343457e-004	-3.64326280e-004	3.53783927e-006	
2.12379249e+001	3.68991574e-004	-3.68971772e-004	3.82271082e-006	
2.13381038e+001	3.73639842e-004	-3.73617263e-004	4.10758237e-006	
2.14382826e+001	3.74818150e-004	-3.74794817e-004	4.18216075e-006	
2.15384615e+001	3.74753567e-004	-3.74730238e-004	4.18141708e-006	
2.16386404e+001	3.74632401e-004	-3.74609040e-004	4.18359382e-006	
2.17388193e+001	3.74426475e-004	-3.74403158e-004	4.17853105e-006	
2.18389982e+001	3.71733341e-004	-3.71711913e-004	3.99131371e-006	
2.19391771e+001	3.67864049e-004	-3.67844936e-004	3.74984944e-006	
2.20393560e+001	3.64746028e-004	-3.64728697e-004	3.55567292e-006	
2.21395349e+001	3.62111355e-004	-3.62095469e-004	3.39192050e-006	
2.22397138e+001	3.59606299e-004	-3.59591741e-004	3.23569156e-006	
2.23398927e+001	3.52475025e-004	-3.52464032e-004	2.78371100e-006	
2.24400716e+001	3.43779504e-004	-3.43772257e-004	2.23214965e-006	
2.25402504e+001	3.35084696e-004	-3.35080481e-004	1.68058829e-006	
2.26404293e+001	3.25326009e-004	-3.25323559e-004	1.26252660e-006	
2.27406082e+001	3.13552316e-004	-3.13551449e-004	7.37729892e-007	
2.28407871e+001	3.01320697e-004	-3.01320658e-004	1.54835219e-007	
2.29409660e+001	2.89090184e-004	-2.89089867e-004	-4.28059453e-007	
2.30411449e+001	2.76899155e-004	-2.76897318e-004	-1.00859282e-006	
2.31413238e+001	2.67916850e-004	-2.67913438e-004	-1.35201263e-006	
2.32415027e+001	2.54004807e-004	-2.54000381e-004	-1.49946642e-006	
2.33416816e+001	2.40092972e-004	-2.40087323e-004	-1.64692021e-006	
2.34418605e+001	2.26181383e-004	-2.26174265e-004	-1.79437400e-006	
2.35420394e+001	2.13845078e-004	-2.13836678e-004	-1.89533184e-006	
2.36422182e+001	2.03215050e-004	-2.03207258e-004	-1.77952750e-006	
2.37423971e+001	1.92160749e-004	-1.92153881e-004	-1.62468508e-006	
2.38425760e+001	1.81106467e-004	-1.81100503e-004	-1.46984267e-006	
2.39427549e+001	1.70052209e-004	-1.70047125e-004	-1.31500026e-006	
2.40429338e+001	1.60807096e-004	-1.60802605e-004	-1.20178820e-006	
2.41431127e+001	1.52881500e-004	-1.52877405e-004	-1.11893990e-006	
2.42432916e+001	1.43546592e-004	-1.43543365e-004	-9.62474005e-007	
2.43434705e+001	1.33858064e-004	-1.33855747e-004	-7.87532247e-007	
2.44436494e+001	1.26394028e-004	-1.26392373e-004	-6.46826288e-007	
2.45438283e+001	1.19884739e-004	-1.19883532e-004	-5.37837496e-007	
2.46440072e+001	1.12521572e-004	-1.12520709e-004	-4.40671124e-007	
2.47441860e+001	1.05158447e-004	-1.05157886e-004	-3.43504753e-007	
2.48443649e+001	9.84864958e-005	-9.84861649e-005	-2.55308896e-007	
2.49445438e+001	9.45188759e-005	-9.45186569e-005	-2.03427221e-007	
2.50447227e+001	9.05512758e-005	-9.05511490e-005	-1.51545547e-007	
2.51449016e+001	8.65836984e-005	-8.65836410e-005	-9.96638722e-008	
2.52450805e+001	8.26161469e-005	-8.26161331e-005	-4.77821977e-008	
2.53452594e+001	7.91450101e-005	-7.91450092e-005	-1.17802229e-008	
2.54454383e+001	7.58138072e-005	-7.58138046e-005	1.97456311e-008	
2.55456172e+001	7.24826182e-005	-7.24826000e-005	5.12714852e-008	
2.56457961e+001	6.91514450e-005	-6.91513954e-005	8.27973392e-008	
2.57459750e+001	6.58307781e-005	-6.58306794e-005	1.13970012e-007	
2.58461538e+001	6.25196179e-005	-6.25194502e-005	1.44823239e-007	
2.59463327e+001	5.92084815e-005	-5.92082209e-005	1.75676466e-007	
2.60465116e+001	5.54102602e-005	-5.54098669e-005	2.08786133e-007	
2.61466905e+001	5.18163939e-005	-5.18158209e-005	2.43671927e-007	
2.62468694e+001	4.82418572e-005	-4.82410480e-005	2.79425613e-007	
2.63470483e+001	4.46673870e-005	-4.46662750e-005	3.15179298e-007	
2.64472272e+001	4.10930005e-005	-4.10915020e-005	3.50932984e-007	
2.65474061e+001	3.75187218e-005	-3.75167290e-005	3.86686670e-007	
2.66475850e+001	3.39445848e-005	-3.39419560e-005	4.22440355e-007	
2.67477639e+001	3.03706396e-005	-3.03671831e-005	4.58194041e-007	
2.68479428e+001	2.69387454e-005	-2.69342454e-005	4.92368067e-007	
2.69481216e+001	2.33789637e-005	-2.33728157e-005	5.36127551e-007	
2.70483005e+001	1.96773633e-005	-1.96685823e-005	5.87790436e-007	
2.71484794e+001	1.59771504e-005	-1.59643489e-005	6.39453322e-007	
2.72486583e+001	1.22795795e-005	-1.22601155e-005	6.91116207e-007	
2.73488372e+001	8.82508049e-006	-8.79429694e-006	7.36469290e-007	
2.74490161e+001	5.69527316e-006	-5.64250088e-006	7.73511567e-007	
2.75491950e+001	2.31588133e-006	-2.16542840e-006	8.21112773e-007	
2.76493739e+001	1.60039522e-006	1.34515113e-006	8.67083222e-007	
2.77495528e+001	3.62870275e-006	3.52099744e-006	8.77531022e-007	
2.78497317e+001	5.73702600e-006	5.66798183e-006	8.87383412e-007	
2.79499106e+001	7.45881172e-006	7.40687356e-006	8.78690081e-007	
2.80500894e+001	8.18590496e-006	8.14335083e-006	8.33593065e-007	
2.81502683e+001	8.48823083e-006	8.45041329e-006	8.00361064e-007	
2.82504472e+001	8.79101066e-006	8.75747575e-006	7.67129064e-007	
2.83506261e+001	8.56067338e-006	8.53051665e-006	7.17923682e-007	
2.84508050e+001	6.71482112e-006	6.68610526e-006	6.20337886e-007	
2.85509839e+001	4.94088121e-006	4.90759381e-006	5.72564560e-007	
2.86511628e+001	3.17302819e-006	3.12930154e-006	5.24956909e-007	
2.87513417e+001	1.69703046e-006	1.62779830e-006	4.79776075e-007	
2.88515206e+001	7.95308738e-007	6.59356051e-007	4.44708429e-007	
2.89516995e+001	5.48298763e-007	-3.44985577e-007	4.26164857e-007	
2.90518784e+001	1.54214070e-006	-1.48766278e-006	4.06272574e-007	
2.91520572e+001	2.65856693e-006	-2.63033998e-006	3.86380291e-007	
2.92522361e+001	3.79077460e-006	-3.77301718e-006	3.66488008e-007	
2.93524150e+001	4.92789811e-006	-4.91569438e-006	3.46595725e-007	
2.94525939e+001	5.32260243e-006	-5.31210477e-006	3.34125076e-007	
2.95527728e+001	5.68866507e-006	-5.67954781e-006	3.21942508e-007	
2.96529517e+001	6.05491945e-006	-6.04699085e-006	3.09759940e-007	
2.97531306e+001	6.43957051e-006	-6.43268462e-006	2.97719566e-007	
2.98533095e+001	7.03450820e-006	-7.02863816e-006	2.87317360e-007	
2.99534884e+001	7.62961863e-006	-7.62459169e-006	2.76915154e-007	
3.00536673e+001	8.22486431e-006	-8.22054523e-006	2.66512948e-007	
3.01538462e+001	8.53008175e-006	-8.52621799e-006	2.56712878e-007	
3.02540250e+001	8.70170333e-006	-8.69819164e-006	2.47190144e-007	
3.03542039e+001	8.87334875e-006	-8.87016529e-006	2.37667410e-007	
3.04543828e+001	9.03585580e-006	-9.03296398e-006	2.28586269e-007	
3.05545617e+001	9.11674360e-006	-9.11400507e-006	2.23440141e-007	
3.06547406e+001	9.19763697e-006	-9.19504615e-006	2.18294013e-007	
3.07549195e+001	9.27853578e-006	-9.27608723e-006	2.13147885e-007	
3.08550984e+001	9.34583902e-006	-9.34353413e-006	2.07550025e-007	
3.09552773e+001	9.37326228e-006	-9.37111489e-006	2.00627417e-007	
3.10554562e+001	9.39287892e-006	-9.39086825e-006	1.94339593e-007	
3.11556351e+001	9.41040291e-006	-9.40852036e-006	1.88222175e-007	
3.12558140e+001	9.38303676e-006	-9.38125610e-006	1.82791633e-007	
3.13559928e+001	9.33584104e-006	-9.33415038e-006	1.77664513e-007	
3.14561717e+001	9.28864724e-006	-9.28704465e-006	1.72537392e-007	
3.15563506e+001	9.24707423e-006	-9.24555765e-006	1.67468217e-007	
3.16565295e+001	9.20653007e-006	-9.20509343e-006	1.62637177e-007	
3.17567084e+001	9.13316175e-006	-9.13177791e-006	1.58983414e-007	
3.18568873e+001	9.05702693e-006	-9.05568990e-006	1.55619316e-007	
3.19570662e+001	8.98089258e-006	-8.97960188e-006	1.52255217e-007	
3.20572451e+001	8.90655236e-006	-8.90531050e-006	1.48727144e-007	
3.21574240e+001	8.83279654e-006	-8.83160390e-006	1.45145700e-007	
3.22576029e+001	8.75430868e-006	-8.75315935e-006	1.41851283e-007	
3.23577818e+001	8.66084777e-006	-8.65973882e-006	1.38591331e-007	
3.24579606e+001	8.56190401e-006	-8.56084261e-006	1.34811370e-007	
3.25581395e+001	8.46296083e-006	-8.46194639e-006	1.31031408e-007	
3.26583184e+001	8.36401824e-006	-8.36305018e-006	1.27251447e-007	
3.27584973e+001	8.26403938e-006	-8.26310614e-006	1.24192628e-007	
3.28586762e+001	8.16400145e-006	-8.16310095e-006	1.21254463e-007	
3.29588551e+001	8.06444940e-006	-8.06358351e-006	1.18174606e-007	
3.30590340e+001	7.96489768e-006	-7.96406606e-006	1.15094749e-007	
3.31592129e+001	7.86198109e-006	-7.86117949e-006	1.12266336e-007	
3.32593918e+001	7.75958375e-006	-7.75880760e-006	1.09747655e-007	
3.33595707e+001	7.65879116e-006	-7.65803804e-006	1.07403405e-007	
3.34597496e+001	7.55799869e-006	-7.55726848e-006	1.05059155e-007	
3.35599284e+001	7.46048697e-006	-7.45977926e-006	1.02758368e-007	
3.36601073e+001	7.35483246e-006	-7.35414638e-006	1.00456354e-007	
3.37602862e+001	7.24874302e-006	-7.24807850e-006	9.81500988e-008	
3.38604651e+001	7.14265369e-006	-7.14201062e-006	9.58438442e-008	
3.39606440e+001	7.03920949e-006	-7.03858566e-006	9.37129868e-008	
3.40608229e+001	6.93988324e-006	-6.93927532e-006	9.18551950e-008	
3.41610018e+001	6.84062230e-006	-6.84003024e-006	8.99982810e-008	
3.42611807e+001	6.74759377e-006	-6.74701697e-006	8.82251892e-008	
3.43613596e+001	6.65456530e-006	-6.65400371e-006	8.64520974e-008	
3.44615385e+001	6.56457632e-006	-6.56402663e-006	8.49509509e-008	
3.45617174e+001	6.47658002e-006	-6.47604008e-006	8.36280919e-008	
3.46618962e+001	6.38006535e-006	-6.37953812e-006	8.20201202e-008	
3.47620751e+001	6.27915040e-006	-6.27863737e-006	8.02648689e-008	
3.48622540e+001	6.18032789e-006	-6.17982771e-006	7.86273284e-008	
3.49624329e+001	6.08677742e-006	-6.08628673e-006	7.72863724e-008	
3.50626118e+001	5.99769682e-006	-5.99721646e-006	7.59071818e-008	
3.51627907e+001	5.90928759e-006	-5.90881688e-006	7.45845434e-008	
3.52629696e+001	5.82088933e-006	-5.82042672e-006	7.33855772e-008	
3.53631485e+001	5.73259662e-006	-5.73214214e-006	7.21836653e-008	
3.54633274e+001	5.64293196e-006	-5.64248550e-006	7.09823410e-008	
3.55635063e+001	5.55137862e-006	-5.55094001e-006	6.97818256e-008	
3.56636852e+001	5.45982527e-006	-5.45939453e-006	6.85813102e-008	
3.57638640e+001	5.36786439e-006	-5.36744170e-006	6.73626180e-008	
3.58640429e+001	5.27880141e-006	-5.27838292e-006	6.64685921e-008	
3.59642218e+001	5.18909255e-006	-5.18867835e-006	6.55627062e-008	
3.60644007e+001	5.09938369e-006	-5.09897377e-006	6.46568203e-008	
3.61645796e+001	5.00967485e-006	-5.00926920e-006	6.37509344e-008	
3.62647585e+001	4.92976006e-006	-4.92935713e-006	6.30276451e-008	
3.63649374e+001	4.85049678e-006	-4.85009643e-006	6.23189435e-008	
3.64651163e+001	4.77123352e-006	-4.77083572e-006	6.16102419e-008	
3.65652952e+001	4.69197028e-006	-4.69157501e-006	6.09015403e-008	
3.66654741e+001	4.61270706e-006	-4.61231431e-006	6.01928388e-008	
3.67656530e+001	4.53344387e-006	-4.53305360e-006	5.94841372e-008	
3.68658318e+001	4.45675463e-006	-4.45636574e-006	5.88743475e-008	
3.69660107e+001	4.38093956e-006	-4.38055165e-006	5.82981495e-008	
3.70661896e+001	4.30512454e-006	-4.30473756e-006	5.77219515e-008	
3.71663685e+001	4.22451992e-006	-4.22413470e-006	5.70487857e-008	
3.72665474e+001	4.14368111e-006	-4.14329765e-006	5.63708778e-008	
3.73667263e+001	4.06357830e-006	-4.06319639e-006	5.57107236e-008	
3.74669052e+001	3.99105210e-006	-3.99066989e-006	5.52333395e-008	
3.75670841e+001	3.91124471e-006	-3.91086061e-006	5.48137078e-008	
3.76672630e+001	3.82646641e-006	-3.82607922e-006	5.44335047e-008	
3.77674419e+001	3.74168829e-006	-3.74129784e-006	5.40533016e-008	
3.78676208e+001	3.65916038e-006	-3.65876725e-006	5.36366761e-008	
3.79677996e+001	3.58045447e-006	-3.58005983e-006	5.31581838e-008	
3.80679785e+001	3.51148907e-006	-3.51109241e-006	5.27789213e-008	
3.81681574e+001	3.43123630e-006	-3.43083279e-006	5.26208144e-008	
3.82683363e+001	3.35098387e-006	-3.35057317e-006	5.24627074e-008	
3.83685152e+001	3.27073180e-006	-3.27031355e-006	5.23046004e-008	
3.84686941e+001	3.19048011e-006	-3.19005393e-006	5.21464935e-008	
3.85688730e+001	3.10247646e-006	-3.10203502e-006	5.23343622e-008	
3.86690519e+001	3.01195499e-006	-3.01149551e-006	5.26085959e-008	
3.87692308e+001	2.92143466e-006	-2.92095599e-006	5.28828296e-008	
3.88694097e+001	2.83091559e-006	-2.83041647e-006	5.31570633e-008	
3.89695886e+001	2.74600026e-006	-2.74547238e-006	5.38410771e-008	
3.90697674e+001	2.66293531e-006	-2.66237427e-006	5.46602814e-008	
3.91699463e+001	2.55696896e-006	-2.55635056e-006	5.62324265e-008	
3.92701252e+001	2.39995908e-006	-2.39922182e-006	5.94830039e-008	
3.93703041e+001	2.24297055e-006	-2.24209308e-006	6.27335813e-008	
3.94704830e+001	2.08600820e-006	-2.08496434e-006	6.59841586e-008	
3.95706619e+001	1.92907842e-006	-1.92783560e-006	6.92347360e-008	
3.96708408e+001	1.79565736e-006	-1.79415191e-006	7.35138087e-008	
3.97710197e+001	1.53141071e-006	-1.52903257e-006	8.53121751e-008	
3.98711986e+001	1.30354975e-006	-1.30021711e-006	9.31526020e-008	
3.99713775e+001	1.08881398e-006	-1.08423902e-006	9.97078314e-008	
4.00715564e+001	7.68157507e-007	-7.59538069e-007	1.14751375e-007	
4.01717352e+001	3.33557613e-007	-3.03302780e-007	1.38809600e-007	
4.02719141e+001	1.90795863e-007	1.22777623e-007	1.46043543e-007	
4.03720930e+001	7.35661517e-007	7.14827248e-007	1.73838643e-007	
4.04722719e+001	1.44242684e-006	1.43064698e-006	1.83968500e-007	
4.05724508e+001	1.70803548e-006	1.70362013e-006	1.22734093e-007	
4.06726297e+001	1.71615515e-006	1.71561936e-006	4.28801826e-008	
4.07728086e+001	1.60651084e-006	1.60650403e-006	-4.67586875e-009	
4.08729875e+001	1.38449066e-006	1.38424173e-006	-2.62530561e-008	
4.09731664e+001	1.21286197e-006	1.21232803e-006	-3.59850734e-008	
4.10733453e+001	1.05709370e-006	1.05638864e-006	-3.86023070e-008	
4.11735242e+001	9.31968540e-007	9.31248184e-007	-3.66357466e-008	
4.12737030e+001	8.17617380e-007	8.16876216e-007	-3.48055680e-008	
4.13738819e+001	7.15427015e-007	7.14741838e-007	-3.13036473e-008	
4.14740608e+001	6.32098503e-007	6.31458723e-007	-2.84323452e-008	
4.15742397e+001	5.63164499e-007	5.62557380e-007	-2.61428386e-008	
4.16744186e+001	5.07238413e-007	5.06663834e-007	-2.41364054e-008	
4.17745975e+001	4.67414508e-007	4.66840411e-007	-2.31593123e-008	
4.18747764e+001	4.30330976e-007	4.29743906e-007	-2.24705210e-008	
4.19749553e+001	3.96794689e-007	3.96211330e-007	-2.15083082e-008	
4.20751342e+001	3.61757505e-007	3.61181159e-007	-2.04123132e-008	
4.21753131e+001	3.29398314e-007	3.28896235e-007	-1.81801118e-008	
4.22754919e+001	3.03176333e-007	3.02816271e-007	-1.47714373e-008	
4.23756708e+001	2.67497289e-007	2.67419693e-007	-6.44262407e-009	
4.24758497e+001	2.18550869e-007	2.18542164e-007	1.95067080e-009	
4.25760286e+001	1.50677697e-007	1.50346138e-007	9.99036391e-009	
4.26762075e+001	8.57980038e-008	8.45736754e-008	1.44426757e-008	
4.27763864e+001	3.03314768e-008	2.49813036e-008	1.72027019e-008	
4.28765653e+001	2.72256646e-008	-2.15066633e-008	1.66943177e-008	
4.29767442e+001	4.76757796e-008	-4.49536302e-008	1.58792660e-008	
4.30769231e+001	5.13067120e-008	-4.91850229e-008	1.46017882e-008	
4.31771020e+001	4.81476537e-008	-4.63434912e-008	1.30566988e-008	
4.32772809e+001	2.39089236e-008	-2.14107118e-008	1.06403970e-008	
4.33774597e+001	1.01904608e-008	6.19446798e-009	8.09160412e-009	
4.34776386e+001	3.70678181e-008	3.67102395e-008	5.13628847e-009	
4.35778175e+001	5.24838451e-008	5.24071255e-008	2.83675879e-009	
4.36779964e+001	6.62004294e-008	6.62003866e-008	7.53127249e-011	
4.37781753e+001	7.46602551e-008	7.46176597e-008	-2.52161698e-009	
4.38783542e+001	7.55427115e-008	7.54367532e-008	-3.99969084e-009	
4.39785331e+001	7.17847463e-008	7.16303164e-008	-4.70612083e-009	
4.40787120e+001	6.73737700e-008	6.71853117e-008	-5.03575045e-009	
4.41788909e+001	6.21396277e-008	6.19450574e-008	-4.91357263e-009	
4.42790698e+001	5.49094327e-008	5.47296730e-008	-4.43944789e-009	
4.43792487e+001	5.00020161e-008	4.98307372e-008	-4.13512258e-009	
4.44794275e+001	4.40991147e-008	4.39351817e-008	-3.79891166e-009	
4.45796064e+001	4.00076576e-008	3.98573206e-008	-3.46506346e-009	
4.46797853e+001	3.60394610e-008	3.59031646e-008	-3.13137605e-009	
4.47799642e+001	3.18161287e-008	3.16984494e-008	-2.73392622e-009	
4.48801431e+001	2.99459016e-008	2.98414713e-008	-2.49872278e-009	
4.49803220e+001	2.79789577e-008	2.78870128e-008	-2.26640547e-009	
4.50805009e+001	2.71302221e-008	2.70523021e-008	-2.05472673e-009	
4.51806798e+001	2.64739390e-008	2.63997349e-008	-1.98076879e-009	
4.52808587e+001	2.59672938e-008	2.58921549e-008	-1.97399684e-009	
4.53810376e+001	2.52788264e-008	2.52009210e-008	-1.98309018e-009	
4.54812165e+001	2.42478389e-008	2.41654355e-008	-1.99735295e-009	
4.55813953e+001	2.34526943e-008	2.33664394e-008	-2.00957240e-009	
4.56815742e+001	2.24844310e-008	2.23936284e-008	-2.01867410e-009	
4.57817531e+001	2.18457190e-008	2.17441703e-008	-2.10392322e-009	
4.58819320e+001	2.27033420e-008	2.25909767e-008	-2.25599426e-009	
4.59821109e+001	2.73716205e-008	2.72824767e-008	-2.20727726e-009	
4.60822898e+001	4.59855410e-008	4.59627384e-008	-1.44798457e-009	
4.61824687e+001	3.04987120e-008	2.94245612e-008	-8.02288179e-009	
4.62826476e+001	2.69359953e-008	2.58646829e-008	-7.52103843e-009	
4.63828265e+001	2.79776817e-008	2.70001299e-008	-7.33100658e-009	
4.64830054e+001	2.84534838e-008	2.74179382e-008	-7.60640557e-009	
4.65831843e+001	2.93307815e-008	2.83346121e-008	-7.57921513e-009	
4.66833631e+001	3.30467093e-008	3.20930956e-008	-7.88151046e-009	
4.67835420e+001	3.20371970e-008	3.08556320e-008	-8.62043870e-009	
4.68837209e+001	3.62425670e-008	3.50574574e-008	-9.19229807e-009	
4.69838998e+001	4.21377538e-008	4.09408593e-008	-9.97177698e-009	
4.70840787e+001	4.66610050e-008	4.53337180e-008	-1.10500407e-008	
4.71842576e+001	4.83856837e-008	4.66032314e-008	-1.30120409e-008	
4.72844365e+001	5.86471842e-008	5.71344827e-008	-1.32341644e-008	
4.73846154e+001	5.91098372e-008	5.71237208e-008	-1.51938599e-008	
4.74847943e+001	7.22716690e-008	7.00490953e-008	-1.77853422e-008	
4.75849732e+001	8.91880803e-008	8.71377329e-008	-1.90139204e-008	
4.76851521e+001	1.06555028e-007	1.04138839e-007	-2.25627134e-008	
4.77853309e+001	1.23145294e-007	1.19661470e-007	-2.90842929e-008	
4.78855098e+001	1.50160274e-007	1.45813821e-007	-3.58669438e-008	
4.79856887e+001	1.76848294e-007	1.69437422e-007	-5.06584580e-008	
4.80858676e+001	3.18843852e-007	3.13516663e-007	-5.80405354e-008	
4.81860465e+001	5.31616829e-007	5.22378465e-007	9.86772104e-008	
4.82862254e+001	1.82184448e-007	1.81950502e-007	9.22973590e-009	
4.83864043e+001	9.06534472e-008	9.03096587e-008	7.88752430e-009	
4.84865832e+001	2.41077106e-008	2.32048873e-008	6.53566493e-009	
4.85867621e+001	2.75676616e-008	-2.68534805e-008	6.23430445e-009	
4.86869410e+001	7.03198309e-008	-6.99695626e-008	7.00991588e-009	
4.87871199e+001	1.02303414e-007	-1.02018195e-007	7.63389497e-009	
4.88872987e+001	1.34025748e-007	-1.33799968e-007	7.77622926e-009	
4.89874776e+001	1.65770976e-007	-1.65581741e-007	7.91856355e-009	
4.90876565e+001	1.92854458e-007	-1.92683658e-007	8.11480372e-009	
4.91878354e+001	2.17888668e-007	-2.17729199e-007	8.33473069e-009	
4.92880143e+001	2.42925413e-007	-2.42774739e-007	8.55465766e-009	
4.93881932e+001	2.69768062e-007	-2.69622911e-007	8.84833858e-009	
4.94883721e+001	2.92896347e-007	-2.92757454e-007	9.01904691e-009	
4.95885510e+001	3.13281231e-007	-3.13148291e-007	9.12566919e-009	
4.96887299e+001	3.33666877e-007	-3.33539128e-007	9.23229146e-009	
4.97889088e+001	3.54053153e-007	-3.53929964e-007	9.33891374e-009	
4.98890877e+001	3.74912537e-007	-3.74793379e-007	9.45163081e-009	
4.99892665e+001	3.96463202e-007	-3.96347604e-007	9.57325720e-009	
5.00894454e+001	4.13271452e-007	-4.13158921e-007	9.64362436e-009	
5.01896243e+001	4.28510389e-007	-4.28400807e-007	9.69034253e-009	
5.02898032e+001	4.43749534e-007	-4.43642693e-007	9.73706069e-009	
5.03899821e+001	4.58988865e-007	-4.58884578e-007	9.78377886e-009	
5.04901610e+001	4.74228366e-007	-4.74126464e-007	9.83049703e-009	
5.05903399e+001	4.89468019e-007	-4.89368350e-007	9.87721519e-009	
5.06905188e+001	5.04707811e-007	-5.04610236e-007	9.92393336e-009	
5.07906977e+001	5.18870620e-007	-5.18775193e-007	9.95087759e-009	
5.08908766e+001	5.31334611e-007	-5.31241584e-007	9.94224587e-009	
5.09910555e+001	5.43798713e-007	-5.43707976e-007	9.93361415e-009	
5.10912343e+001	5.56262917e-007	-5.56174368e-007	9.92498243e-009	
5.11914132e+001	5.66306301e-007	-5.66219466e-007	9.91678074e-009	
5.12915921e+001	5.75735210e-007	-5.75649943e-007	9.90833771e-009	
5.13917710e+001	5.83611226e-007	-5.83527673e-007	9.87507576e-009	
5.14919499e+001	5.91487289e-007	-5.91405404e-007	9.84181381e-009	
5.15921288e+001	5.99920199e-007	-5.99839648e-007	9.83063272e-009	
5.16923077e+001	6.08411397e-007	-6.08332114e-007	9.82176169e-009	
5.17924866e+001	6.16902629e-007	-6.16824579e-007	9.81289065e-009	
5.18926655e+001	6.24639460e-007	-6.24562747e-007	9.78928500e-009	
5.19928444e+001	6.31309244e-007	-6.31233709e-007	9.76554656e-009	
5.20930233e+001	6.37717684e-007	-6.37643213e-007	9.74559352e-009	
5.21932021e+001	6.44126145e-007	-6.44052718e-007	9.72564049e-009	
5.22933810e+001	6.48193778e-007	-6.48121321e-007	9.69159517e-009	
5.23935599e+001	6.52700401e-007	-6.52628852e-007	9.66415657e-009	
5.24937388e+001	6.57658108e-007	-6.57587415e-007	9.64250119e-009	
5.25939177e+001	6.62615828e-007	-6.62545979e-007	9.62084581e-009	
5.26940966e+001	6.67561880e-007	-6.67492863e-007	9.59907684e-009	
5.27942755e+001	6.71411337e-007	-6.71343005e-007	9.57876159e-009	
5.28944544e+001	6.75226713e-007	-6.75159047e-007	9.55904533e-009	
5.29946333e+001	6.79042097e-007	-6.78975088e-007	9.53932907e-009	
5.30948122e+001	6.82857488e-007	-6.82791129e-007	9.51961280e-009	
5.31949911e+001	6.86409110e-007	-6.86343387e-007	9.49851528e-009	
5.32951699e+001	6.89359764e-007	-6.89294656e-007	9.47427077e-009	
5.33953488e+001	6.92310423e-007	-6.92245924e-007	9.45002627e-009	
5.34955277e+001	6.95261089e-007	-6.95197192e-007	9.42578176e-009	
5.35957066e+001	6.98598156e-007	-6.98534834e-007	9.40575796e-009	
5.36958855e+001	7.01670570e-007	-7.01607715e-007	9.39166148e-009	
5.37960644e+001	7.03564890e-007	-7.03502384e-007	9.37816416e-009	
5.38962433e+001	7.05510630e-007	-7.05448497e-007	9.36302555e-009	
5.39964222e+001	7.07492662e-007	-7.07430920e-007	9.34672851e-009	
5.40966011e+001	7.09474698e-007	-7.09413342e-007	9.33043147e-009	
5.41967800e+001	7.11200108e-007	-7.11139097e-007	9.31552669e-009	
5.42969589e+001	7.12776656e-007	-7.12715964e-007	9.30142953e-009	
5.43971377e+001	7.14314818e-007	-7.14254407e-007	9.28983604e-009	
5.44973166e+001	7.15830245e-007	-7.15770093e-007	9.27972542e-009	
5.45974955e+001	7.17345674e-007	-7.17285780e-007	9.26961479e-009	
5.46976744e+001	7.18453987e-007	-7.18394319e-007	9.25924831e-009	
5.47978533e+001	7.19428102e-007	-7.19368649e-007	9.24879749e-009	
5.48980322e+001	7.20402217e-007	-7.20342979e-007	9.23834668e-009	
5.49982111e+001	7.21075756e-007	-7.21016675e-007	9.23042061e-009	
5.50983900e+001	7.21550751e-007	-7.21491788e-007	9.22416224e-009	
5.51985689e+001	7.22025745e-007	-7.21966902e-007	9.21790388e-009	
5.52987478e+001	7.22500740e-007	-7.22442015e-007	9.21164552e-009	
5.53989267e+001	7.22975735e-007	-7.22917128e-007	9.20538715e-009	
5.54991055e+001	7.23801615e-007	-7.23743135e-007	9.20069025e-009	
5.55992844e+001	7.24644701e-007	-7.24586348e-007	9.19606844e-009	
5.56994633e+001	7.25400906e-007	-7.25342663e-007	9.19215541e-009	
5.57996422e+001	7.25445534e-007	-7.25387312e-007	9.19083578e-009	
5.58998211e+001	7.25655142e-007	-7.25596951e-007	9.18962081e-009	
5.60000000e+001	7.25581702e-007	-7.25523506e-007	9.18957313e-009	
