% Column 0: Length, cm
% Column 1: |B.n|, Tesla
% Column 2: Re[B.n], Tesla
% Column 3: Im[B.n], Tesla
0.00000000e+000	8.07293512e-009	8.07293356e-009	-5.00799467e-012	
1.00178891e-001	4.37310492e-008	4.37310404e-008	-2.76693646e-011	
2.00357782e-001	8.73943953e-008	8.73943775e-008	-5.57769209e-011	
3.00536673e-001	1.30243532e-007	1.30243505e-007	-8.31522867e-011	
4.00715564e-001	1.74948792e-007	1.74948756e-007	-1.11892481e-010	
5.00894454e-001	2.18620933e-007	2.18620889e-007	-1.39449964e-010	
6.01073345e-001	2.61582447e-007	2.61582394e-007	-1.66689343e-010	
7.01252236e-001	3.03610692e-007	3.03610631e-007	-1.92529769e-010	
8.01431127e-001	3.49238074e-007	3.49238004e-007	-2.20762837e-010	
9.01610018e-001	3.96037776e-007	3.96037697e-007	-2.49876165e-010	
1.00178891e+000	4.36961937e-007	4.36961850e-007	-2.74997194e-010	
1.10196780e+000	4.77271314e-007	4.77271220e-007	-2.99700491e-010	
1.20214669e+000	5.17580690e-007	5.17580589e-007	-3.24403787e-010	
1.30232558e+000	5.57890067e-007	5.57889958e-007	-3.49107084e-010	
1.40250447e+000	6.00283975e-007	6.00283858e-007	-3.75527078e-010	
1.50268336e+000	6.50789216e-007	6.50789090e-007	-4.05093623e-010	
1.60286225e+000	7.02779891e-007	7.02779756e-007	-4.35191968e-010	
1.70304114e+000	7.54770565e-007	7.54770422e-007	-4.65290313e-010	
1.80322004e+000	8.06897447e-007	8.06897295e-007	-4.95689629e-010	
1.90339893e+000	8.59279914e-007	8.59279753e-007	-5.26653699e-010	
2.00357782e+000	9.09542354e-007	9.09542185e-007	-5.53963441e-010	
2.10375671e+000	9.59194061e-007	9.59193886e-007	-5.80220455e-010	
2.20393560e+000	1.00884577e-006	1.00884559e-006	-6.06477468e-010	
2.30411449e+000	1.05849748e-006	1.05849729e-006	-6.32734482e-010	
2.40429338e+000	1.11602382e-006	1.11602363e-006	-6.64019269e-010	
2.50447227e+000	1.17266247e-006	1.17266226e-006	-6.92936997e-010	
2.60465116e+000	1.22577774e-006	1.22577753e-006	-7.17371264e-010	
2.70483005e+000	1.27889302e-006	1.27889280e-006	-7.41805532e-010	
2.80500894e+000	1.33200829e-006	1.33200807e-006	-7.66239800e-010	
2.90518784e+000	1.38512356e-006	1.38512334e-006	-7.90674067e-010	
3.00536673e+000	1.44093558e-006	1.44093535e-006	-8.18119140e-010	
3.10554562e+000	1.49736894e-006	1.49736871e-006	-8.46257929e-010	
3.20572451e+000	1.54488137e-006	1.54488113e-006	-8.63426129e-010	
3.30590340e+000	1.59184150e-006	1.59184126e-006	-8.79915143e-010	
3.40608229e+000	1.63880164e-006	1.63880139e-006	-8.96404158e-010	
3.50626118e+000	1.68576177e-006	1.68576153e-006	-9.12893172e-010	
3.60644007e+000	1.73272191e-006	1.73272166e-006	-9.29382187e-010	
3.70661896e+000	1.77920996e-006	1.77920971e-006	-9.46522767e-010	
3.80679785e+000	1.84295946e-006	1.84295920e-006	-9.67980773e-010	
3.90697674e+000	1.91845154e-006	1.91845128e-006	-9.92332124e-010	
4.00715564e+000	1.99394363e-006	1.99394337e-006	-1.01668348e-009	
4.10733453e+000	2.06943571e-006	2.06943545e-006	-1.04103483e-009	
4.20751342e+000	2.13975513e-006	2.13975487e-006	-1.06205392e-009	
4.30769231e+000	2.21006701e-006	2.21006675e-006	-1.08041752e-009	
4.40787120e+000	2.28303587e-006	2.28303560e-006	-1.09988887e-009	
4.50805009e+000	2.35226695e-006	2.35226668e-006	-1.12104225e-009	
4.60822898e+000	2.42149803e-006	2.42149776e-006	-1.14219564e-009	
4.70840787e+000	2.49072911e-006	2.49072884e-006	-1.16334902e-009	
4.80858676e+000	2.57685649e-006	2.57685623e-006	-1.17799292e-009	
4.90876565e+000	2.64297249e-006	2.64297223e-006	-1.17937795e-009	
5.00894454e+000	2.70675312e-006	2.70675286e-006	-1.17928990e-009	
5.10912343e+000	2.77053375e-006	2.77053349e-006	-1.17920185e-009	
5.20930233e+000	2.83580417e-006	2.83580393e-006	-1.17949514e-009	
5.30948122e+000	2.92049943e-006	2.92049919e-006	-1.18785621e-009	
5.40966011e+000	3.01151635e-006	3.01151611e-006	-1.20102646e-009	
5.50983900e+000	3.10253327e-006	3.10253303e-006	-1.21419670e-009	
5.61001789e+000	3.19355019e-006	3.19354995e-006	-1.22736694e-009	
5.71019678e+000	3.27869626e-006	3.27869603e-006	-1.23001657e-009	
5.81037567e+000	3.36357215e-006	3.36357192e-006	-1.23218202e-009	
5.91055456e+000	3.44485089e-006	3.44485067e-006	-1.23167225e-009	
6.01073345e+000	3.51635074e-006	3.51635052e-006	-1.22388986e-009	
6.11091234e+000	3.59275473e-006	3.59275453e-006	-1.21565979e-009	
6.21109123e+000	3.69640756e-006	3.69640737e-006	-1.20494233e-009	
6.31127013e+000	3.80006039e-006	3.80006021e-006	-1.19422488e-009	
6.41144902e+000	3.90424041e-006	3.90424023e-006	-1.18438719e-009	
6.51162791e+000	4.00949446e-006	4.00949428e-006	-1.17634183e-009	
6.61180680e+000	4.11474850e-006	4.11474834e-006	-1.16829646e-009	
6.71198569e+000	4.25254386e-006	4.25254370e-006	-1.16401333e-009	
6.81216458e+000	4.38455326e-006	4.38455311e-006	-1.15023396e-009	
6.91234347e+000	4.50900644e-006	4.50900630e-006	-1.12432611e-009	
7.01252236e+000	4.63012005e-006	4.63011992e-006	-1.09525838e-009	
7.11270125e+000	4.74295632e-006	4.74295621e-006	-1.05835875e-009	
7.21288014e+000	4.85519660e-006	4.85519649e-006	-1.02151178e-009	
7.31305903e+000	4.96315320e-006	4.96315310e-006	-9.85043353e-010	
7.41323792e+000	5.07110979e-006	5.07110970e-006	-9.48574928e-010	
7.51341682e+000	5.20002016e-006	5.20002008e-006	-8.99587193e-010	
7.61359571e+000	5.33048506e-006	5.33048499e-006	-8.49670670e-010	
7.71377460e+000	5.46094996e-006	5.46094990e-006	-7.99754146e-010	
7.81395349e+000	5.59301691e-006	5.59301686e-006	-7.45497638e-010	
7.91413238e+000	5.74069643e-006	5.74069639e-006	-6.48946235e-010	
8.01431127e+000	5.88837596e-006	5.88837593e-006	-5.52394832e-010	
8.11449016e+000	6.05653204e-006	6.05653202e-006	-4.74979713e-010	
8.21466905e+000	6.22479964e-006	6.22479962e-006	-3.97668805e-010	
8.31484794e+000	6.39171995e-006	6.39171995e-006	-3.21408404e-010	
8.41502683e+000	6.55478026e-006	6.55478026e-006	-2.48157751e-010	
8.51520572e+000	6.74141328e-006	6.74141328e-006	-1.39920588e-010	
8.61538462e+000	6.93807919e-006	6.93807919e-006	-2.20877331e-011	
8.71556351e+000	7.12158325e-006	7.12158325e-006	5.86711460e-011	
8.81574240e+000	7.30508732e-006	7.30508732e-006	1.39430025e-010	
8.91592129e+000	7.48859138e-006	7.48859138e-006	2.20188904e-010	
9.01610018e+000	7.71080854e-006	7.71080853e-006	3.62172569e-010	
9.11627907e+000	7.93326432e-006	7.93326431e-006	5.04533614e-010	
9.21645796e+000	8.12309176e-006	8.12309173e-006	6.57207922e-010	
9.31663685e+000	8.27783639e-006	8.27783635e-006	8.20971306e-010	
9.41681574e+000	8.47518476e-006	8.47518470e-006	9.92795248e-010	
9.51699463e+000	8.67809797e-006	8.67809789e-006	1.16567205e-009	
9.61717352e+000	8.92024952e-006	8.92024941e-006	1.35538463e-009	
9.71735242e+000	9.19964934e-006	9.19964920e-006	1.56185371e-009	
9.81753131e+000	9.46354447e-006	9.46354430e-006	1.79811993e-009	
9.91771020e+000	9.72743960e-006	9.72743939e-006	2.03438616e-009	
1.00178891e+001	9.98852620e-006	9.98852594e-006	2.28373370e-009	
1.01180680e+001	1.02418144e-005	1.02418141e-005	2.56940371e-009	
1.02182469e+001	1.05536123e-005	1.05536119e-005	2.89039224e-009	
1.03184258e+001	1.08786946e-005	1.08786941e-005	3.21939967e-009	
1.04186047e+001	1.12037768e-005	1.12037763e-005	3.54840710e-009	
1.05187835e+001	1.15333434e-005	1.15333427e-005	3.94068949e-009	
1.06189624e+001	1.18652590e-005	1.18652582e-005	4.31276446e-009	
1.07191413e+001	1.21675460e-005	1.21675451e-005	4.64547326e-009	
1.08193202e+001	1.24698330e-005	1.24698320e-005	4.97818206e-009	
1.09194991e+001	1.27721200e-005	1.27721189e-005	5.31089085e-009	
1.10196780e+001	1.30926946e-005	1.30926934e-005	5.68426085e-009	
1.11198569e+001	1.34353433e-005	1.34353419e-005	6.10671062e-009	
1.12200358e+001	1.38404764e-005	1.38404748e-005	6.64692551e-009	
1.13202147e+001	1.42816934e-005	1.42816915e-005	7.25514772e-009	
1.14203936e+001	1.47229103e-005	1.47229082e-005	7.86336993e-009	
1.15205725e+001	1.51641272e-005	1.51641248e-005	8.47159214e-009	
1.16207513e+001	1.56053441e-005	1.56053415e-005	9.07981435e-009	
1.17209302e+001	1.60680513e-005	1.60680484e-005	9.69687036e-009	
1.18211091e+001	1.65025243e-005	1.65025210e-005	1.04298065e-008	
1.19212880e+001	1.69213827e-005	1.69213791e-005	1.11275125e-008	
1.20214669e+001	1.73402411e-005	1.73402371e-005	1.18252184e-008	
1.21216458e+001	1.77590995e-005	1.77590951e-005	1.25229244e-008	
1.22218247e+001	1.81779579e-005	1.81779531e-005	1.32206303e-008	
1.23220036e+001	1.85968163e-005	1.85968111e-005	1.39183363e-008	
1.24221825e+001	1.90656287e-005	1.90656230e-005	1.47141654e-008	
1.25223614e+001	1.96409762e-005	1.96409699e-005	1.57192585e-008	
1.26225403e+001	2.02163237e-005	2.02163168e-005	1.67243515e-008	
1.27227191e+001	2.08819033e-005	2.08818956e-005	1.79102150e-008	
1.28228980e+001	2.15649492e-005	2.15649407e-005	1.91310704e-008	
1.29230769e+001	2.23004980e-005	2.23004885e-005	2.05814201e-008	
1.30232558e+001	2.30414918e-005	2.30414812e-005	2.20555703e-008	
1.31234347e+001	2.38632670e-005	2.38632554e-005	2.35361889e-008	
1.32236136e+001	2.46910104e-005	2.46909977e-005	2.50172854e-008	
1.33237925e+001	2.55122030e-005	2.55121892e-005	2.64786072e-008	
1.34239714e+001	2.62343130e-005	2.62342985e-005	2.76408347e-008	
1.35241503e+001	2.69557505e-005	2.69557348e-005	2.90393116e-008	
1.36243292e+001	2.76805329e-005	2.76805159e-005	3.06497782e-008	
1.37245081e+001	2.84502235e-005	2.84502049e-005	3.25328242e-008	
1.38246869e+001	2.92199141e-005	2.92198939e-005	3.44158703e-008	
1.39248658e+001	2.99896048e-005	2.99895828e-005	3.62989163e-008	
1.40250447e+001	3.07592955e-005	3.07592718e-005	3.81819624e-008	
1.41252236e+001	3.17467900e-005	3.17467643e-005	4.03818596e-008	
1.42254025e+001	3.30536769e-005	3.30536477e-005	4.39264141e-008	
1.43255814e+001	3.41237172e-005	3.41236853e-005	4.66577697e-008	
1.44257603e+001	3.51784639e-005	3.51784294e-005	4.93354063e-008	
1.45259392e+001	3.62332107e-005	3.62331734e-005	5.20130429e-008	
1.46261181e+001	3.74495178e-005	3.74494770e-005	5.52609084e-008	
1.47262970e+001	3.93259401e-005	3.93258930e-005	6.08386583e-008	
1.48264758e+001	4.12023625e-005	4.12023090e-005	6.64164083e-008	
1.49266547e+001	4.30787851e-005	4.30787250e-005	7.19941583e-008	
1.50268336e+001	4.44314227e-005	4.44313574e-005	7.61857700e-008	
1.51270125e+001	4.57923836e-005	4.57923129e-005	8.04770281e-008	
1.52271914e+001	4.70759516e-005	4.70758759e-005	8.44186694e-008	
1.53273703e+001	4.83595197e-005	4.83594390e-005	8.83603107e-008	
1.54275492e+001	4.96430879e-005	4.96430021e-005	9.23019521e-008	
1.55277281e+001	5.09266561e-005	5.09265651e-005	9.62435934e-008	
1.56279070e+001	5.22102243e-005	5.22101282e-005	1.00185235e-007	
1.57280859e+001	5.37568790e-005	5.37567757e-005	1.05363889e-007	
1.58282648e+001	5.56414054e-005	5.56412924e-005	1.12131192e-007	
1.59284436e+001	5.75259320e-005	5.75258091e-005	1.18898495e-007	
1.60286225e+001	5.94857665e-005	5.94856333e-005	1.25879687e-007	
1.61288014e+001	6.19481334e-005	6.19479855e-005	1.35369105e-007	
1.62289803e+001	6.45852968e-005	6.45851324e-005	1.45756353e-007	
1.63291592e+001	6.70905202e-005	6.70903409e-005	1.55105672e-007	
1.64293381e+001	6.95957438e-005	6.95955495e-005	1.64454990e-007	
1.65295170e+001	7.21830060e-005	7.21827958e-005	1.74208901e-007	
1.66296959e+001	7.48557484e-005	7.48555195e-005	1.85105541e-007	
1.67298748e+001	7.75565690e-005	7.75563184e-005	1.97171811e-007	
1.68300537e+001	8.02573899e-005	8.02571172e-005	2.09238080e-007	
1.69302326e+001	8.29582112e-005	8.29579160e-005	2.21304350e-007	
1.70304114e+001	8.57693646e-005	8.57690459e-005	2.33800361e-007	
1.71305903e+001	8.87946850e-005	8.87943411e-005	2.47130546e-007	
1.72307692e+001	9.18200058e-005	9.18196363e-005	2.60460732e-007	
1.73309481e+001	9.48453267e-005	9.48449316e-005	2.73790917e-007	
1.74311270e+001	9.79736403e-005	9.79732138e-005	2.89083350e-007	
1.75313059e+001	1.01865351e-004	1.01864876e-004	3.11049379e-007	
1.76314848e+001	1.06776499e-004	1.06775968e-004	3.36834115e-007	
1.77316637e+001	1.10995537e-004	1.10994967e-004	3.55799071e-007	
1.78318426e+001	1.15214575e-004	1.15213965e-004	3.74764027e-007	
1.79320215e+001	1.19506807e-004	1.19506154e-004	3.94894826e-007	
1.80322004e+001	1.23876695e-004	1.23875996e-004	4.16262540e-007	
1.81323792e+001	1.28246584e-004	1.28245838e-004	4.37630254e-007	
1.82325581e+001	1.31991228e-004	1.31990482e-004	4.43715871e-007	
1.83327370e+001	1.35236309e-004	1.35235602e-004	4.37591258e-007	
1.84329159e+001	1.39581067e-004	1.39580393e-004	4.33977754e-007	
1.85330948e+001	1.46021190e-004	1.46020542e-004	4.35149013e-007	
1.86332737e+001	1.52461315e-004	1.52460690e-004	4.36320272e-007	
1.87334526e+001	1.58901441e-004	1.58900839e-004	4.37491531e-007	
1.88336315e+001	1.65341570e-004	1.65340988e-004	4.38662790e-007	
1.89338104e+001	1.70800366e-004	1.70799982e-004	3.62036045e-007	
1.90339893e+001	1.76153434e-004	1.76153210e-004	2.80833744e-007	
1.91341682e+001	1.81506547e-004	1.81506438e-004	1.99631443e-007	
1.92343470e+001	1.86859703e-004	1.86859666e-004	1.18429142e-007	
1.93345259e+001	1.92212897e-004	1.92212894e-004	3.72268411e-008	
1.94347048e+001	1.95881716e-004	1.95881692e-004	-9.75330290e-008	
1.95348837e+001	1.95155363e-004	1.95155008e-004	-3.72050204e-007	
1.96350626e+001	1.94429400e-004	1.94428325e-004	-6.46567378e-007	
1.97352415e+001	1.93703831e-004	1.93701641e-004	-9.21084553e-007	
1.98354204e+001	1.94562297e-004	1.94558258e-004	-1.25365588e-006	
1.99355993e+001	1.96179731e-004	1.96173082e-004	-1.61519410e-006	
2.00357782e+001	1.90986210e-004	1.90974605e-004	-2.10533103e-006	
2.01359571e+001	1.87146529e-004	1.87129148e-004	-2.55054861e-006	
2.02361360e+001	1.84732173e-004	1.84708642e-004	-2.94845876e-006	
2.03363148e+001	1.82318848e-004	1.82288135e-004	-3.34636891e-006	
2.04364937e+001	1.77468034e-004	1.77430900e-004	-3.63027912e-006	
2.05366726e+001	1.61328509e-004	1.61292963e-004	-3.38643301e-006	
2.06368515e+001	1.45189041e-004	1.45155027e-004	-3.14258690e-006	
2.07370304e+001	1.29049651e-004	1.29017090e-004	-2.89874079e-006	
2.08372093e+001	1.11931887e-004	1.11899888e-004	-2.67629156e-006	
2.09373882e+001	9.69159569e-005	9.68877646e-005	-2.33747053e-006	
2.10375671e+001	8.38315087e-005	8.38065496e-005	-2.04550673e-006	
2.11377460e+001	7.20229308e-005	7.20001031e-005	-1.81320564e-006	
2.12379249e+001	6.02144131e-005	6.01936565e-005	-1.58090455e-006	
2.13381038e+001	4.59864819e-005	4.59688449e-005	-1.27350399e-006	
2.14382826e+001	2.76284784e-005	2.76178011e-005	-7.68038512e-007	
2.15384615e+001	9.27047651e-006	9.26675726e-006	-2.62573033e-007	
2.16386404e+001	9.08753317e-006	-9.08428657e-006	2.42892446e-007	
2.17388193e+001	2.37799449e-005	-2.37722144e-005	6.06301583e-007	
2.18389982e+001	3.77364350e-005	-3.77246960e-005	9.41189970e-007	
2.19391771e+001	5.16929304e-005	-5.16771775e-005	1.27607836e-006	
2.20393560e+001	6.56519155e-005	-6.56321438e-005	1.61112203e-006	
2.21395349e+001	8.17106243e-005	-8.16842165e-005	2.07723383e-006	
2.22397138e+001	1.00699674e-004	-1.00665675e-004	2.61653061e-006	
2.23398927e+001	1.15752205e-004	-1.15718105e-004	2.80949558e-006	
2.24400716e+001	1.30804998e-004	-1.30770534e-004	3.00246055e-006	
2.25402504e+001	1.45857971e-004	-1.45822964e-004	3.19542553e-006	
2.26404293e+001	1.56274001e-004	-1.56241430e-004	3.19044200e-006	
2.27406082e+001	1.64027571e-004	-1.63998694e-004	3.07773601e-006	
2.28407871e+001	1.71781549e-004	-1.71755958e-004	2.96503001e-006	
2.29409660e+001	1.79535881e-004	-1.79513222e-004	2.85232401e-006	
2.30411449e+001	1.85366342e-004	-1.85348442e-004	2.57597447e-006	
2.31413238e+001	1.89379487e-004	-1.89366726e-004	2.19845713e-006	
2.32415027e+001	1.93393583e-004	-1.93385010e-004	1.82093978e-006	
2.33416816e+001	1.97408571e-004	-1.97403294e-004	1.44342244e-006	
2.34418605e+001	1.99110483e-004	-1.99107189e-004	1.14535845e-006	
2.35420394e+001	1.97446035e-004	-1.97443687e-004	9.62897780e-007	
2.36422182e+001	1.96094671e-004	-1.96093565e-004	6.58457133e-007	
2.37423971e+001	1.95022074e-004	-1.95021919e-004	2.45622371e-007	
2.38425760e+001	1.93950345e-004	-1.93950273e-004	-1.67212390e-007	
2.39427549e+001	1.87628121e-004	-1.87627942e-004	-2.59541736e-007	
2.40429338e+001	1.80038701e-004	-1.80038492e-004	-2.74525272e-007	
2.41431127e+001	1.72696731e-004	-1.72696483e-004	-2.92705905e-007	
2.42432916e+001	1.68863664e-004	-1.68863288e-004	-3.56222623e-007	
2.43434705e+001	1.65030627e-004	-1.65030093e-004	-4.19739342e-007	
2.44436494e+001	1.61197623e-004	-1.61196898e-004	-4.83256060e-007	
2.45438283e+001	1.55210470e-004	-1.55209710e-004	-4.85519864e-007	
2.46440072e+001	1.47748427e-004	-1.47747754e-004	-4.45845825e-007	
2.47441860e+001	1.42563431e-004	-1.42562766e-004	-4.35465419e-007	
2.48443649e+001	1.38488005e-004	-1.38487308e-004	-4.39359344e-007	
2.49445438e+001	1.34412581e-004	-1.34411850e-004	-4.43253270e-007	
2.50447227e+001	1.29635424e-004	-1.29634741e-004	-4.20624598e-007	
2.51449016e+001	1.24949261e-004	-1.24948623e-004	-3.99549246e-007	
2.52450805e+001	1.20636038e-004	-1.20635412e-004	-3.88775134e-007	
2.53452594e+001	1.16322815e-004	-1.16322201e-004	-3.78001022e-007	
2.54454383e+001	1.11685627e-004	-1.11685054e-004	-3.57968543e-007	
2.55456172e+001	1.06761880e-004	-1.06761371e-004	-3.29746648e-007	
2.56457961e+001	1.01838134e-004	-1.01837688e-004	-3.01524752e-007	
2.57459750e+001	9.85654655e-005	-9.85650469e-005	-2.87273433e-007	
2.58461538e+001	9.54111972e-005	-9.54108037e-005	-2.74023959e-007	
2.59463327e+001	9.22569291e-005	-9.22565605e-005	-2.60774485e-007	
2.60465116e+001	8.91026611e-005	-8.91023173e-005	-2.47525011e-007	
2.61466905e+001	8.58852383e-005	-8.58849263e-005	-2.31529532e-007	
2.62468694e+001	8.28687542e-005	-8.28684714e-005	-2.16490170e-007	
2.63470483e+001	8.02075527e-005	-8.02072898e-005	-2.05367583e-007	
2.64472272e+001	7.73814867e-005	-7.73812428e-005	-1.94286425e-007	
2.65474061e+001	7.45554208e-005	-7.45551957e-005	-1.83205267e-007	
2.66475850e+001	7.20325826e-005	-7.20323757e-005	-1.72649001e-007	
2.67477639e+001	6.95126252e-005	-6.95124362e-005	-1.62097722e-007	
2.68479428e+001	6.70897924e-005	-6.70896199e-005	-1.52134284e-007	
2.69481216e+001	6.51879790e-005	-6.51878170e-005	-1.45324303e-007	
2.70483005e+001	6.32135708e-005	-6.32134199e-005	-1.38127019e-007	
2.71484794e+001	6.11680762e-005	-6.11679369e-005	-1.30550479e-007	
2.72486583e+001	5.91225817e-005	-5.91224538e-005	-1.22973939e-007	
2.73488372e+001	5.71868324e-005	-5.71867148e-005	-1.15982125e-007	
2.74490161e+001	5.49776351e-005	-5.49775270e-005	-1.09006675e-007	
2.75491950e+001	5.28007582e-005	-5.28006598e-005	-1.01931793e-007	
2.76493739e+001	5.06349342e-005	-5.06348454e-005	-9.48239241e-008	
2.77495528e+001	4.88043751e-005	-4.88042942e-005	-8.88676501e-008	
2.78497317e+001	4.74222531e-005	-4.74221779e-005	-8.44517044e-008	
2.79499106e+001	4.61695315e-005	-4.61694614e-005	-8.04448698e-008	
2.80500894e+001	4.49506619e-005	-4.49505967e-005	-7.65450611e-008	
2.81502683e+001	4.37317924e-005	-4.37317320e-005	-7.26452524e-008	
2.82504472e+001	4.25268772e-005	-4.25268213e-005	-6.89596075e-008	
2.83506261e+001	4.13423162e-005	-4.13422641e-005	-6.55863475e-008	
2.84508050e+001	4.01577552e-005	-4.01577070e-005	-6.22130875e-008	
2.85509839e+001	3.89731942e-005	-3.89731498e-005	-5.88398274e-008	
2.86511628e+001	3.76820199e-005	-3.76819794e-005	-5.52095138e-008	
2.87513417e+001	3.63685440e-005	-3.63685070e-005	-5.18796890e-008	
2.88515206e+001	3.50710307e-005	-3.50709969e-005	-4.86870260e-008	
2.89516995e+001	3.37735175e-005	-3.37734869e-005	-4.54943629e-008	
2.90518784e+001	3.25115917e-005	-3.25115641e-005	-4.23550571e-008	
2.91520572e+001	3.16574718e-005	-3.16574463e-005	-4.01849283e-008	
2.92522361e+001	3.07812557e-005	-3.07812323e-005	-3.79758039e-008	
2.93524150e+001	2.99050397e-005	-2.99050183e-005	-3.57666796e-008	
2.94525939e+001	2.91535937e-005	-2.91535738e-005	-3.40312532e-008	
2.95527728e+001	2.84615350e-005	-2.84615165e-005	-3.25212947e-008	
2.96529517e+001	2.76734238e-005	-2.76734066e-005	-3.08925086e-008	
2.97531306e+001	2.68286290e-005	-2.68286131e-005	-2.91935984e-008	
2.98533095e+001	2.59838342e-005	-2.59838197e-005	-2.74946883e-008	
2.99534884e+001	2.52121782e-005	-2.52121649e-005	-2.58931090e-008	
3.00536673e+001	2.45146582e-005	-2.45146460e-005	-2.43901878e-008	
3.01538462e+001	2.38171382e-005	-2.38171272e-005	-2.28872665e-008	
3.02540250e+001	2.31196183e-005	-2.31196084e-005	-2.13843453e-008	
3.03542039e+001	2.24115878e-005	-2.24115790e-005	-1.98503011e-008	
3.04543828e+001	2.16794631e-005	-2.16794551e-005	-1.86449249e-008	
3.05545617e+001	2.09506109e-005	-2.09506036e-005	-1.74835375e-008	
3.06547406e+001	2.02217587e-005	-2.02217522e-005	-1.63221501e-008	
3.07549195e+001	1.94929066e-005	-1.94929007e-005	-1.51607627e-008	
3.08550984e+001	1.87863239e-005	-1.87863187e-005	-1.40254147e-008	
3.09552773e+001	1.82488496e-005	-1.82488449e-005	-1.30878035e-008	
3.10554562e+001	1.77113754e-005	-1.77113712e-005	-1.21501922e-008	
3.11556351e+001	1.72276829e-005	-1.72276792e-005	-1.12541886e-008	
3.12558140e+001	1.68754511e-005	-1.68754479e-005	-1.04598877e-008	
3.13559928e+001	1.65232194e-005	-1.65232166e-005	-9.66558690e-009	
3.14561717e+001	1.61709876e-005	-1.61709852e-005	-8.87128606e-009	
3.15563506e+001	1.57919395e-005	-1.57919374e-005	-8.08388228e-009	
3.16565295e+001	1.53821237e-005	-1.53821220e-005	-7.29772157e-009	
3.17567084e+001	1.50175461e-005	-1.50175447e-005	-6.49581377e-009	
3.18568873e+001	1.46608954e-005	-1.46608943e-005	-5.72382033e-009	
3.19570662e+001	1.43042447e-005	-1.43042438e-005	-4.95182689e-009	
3.20572451e+001	1.39475940e-005	-1.39475934e-005	-4.17983344e-009	
3.21574240e+001	1.35743732e-005	-1.35743728e-005	-3.32909948e-009	
3.22576029e+001	1.31914902e-005	-1.31914900e-005	-2.43245140e-009	
3.23577818e+001	1.28154261e-005	-1.28154260e-005	-1.62181147e-009	
3.24579606e+001	1.24450265e-005	-1.24450265e-005	-8.82619362e-010	
3.25581395e+001	1.21281849e-005	-1.21281849e-005	-3.32189263e-012	
3.26583184e+001	1.18507612e-005	-1.18507612e-005	7.59206182e-010	
3.27584973e+001	1.15761857e-005	-1.15761856e-005	1.51961910e-009	
3.28586762e+001	1.12973433e-005	-1.12973431e-005	2.11560755e-009	
3.29588551e+001	1.10071378e-005	-1.10071375e-005	2.59646286e-009	
3.30590340e+001	1.07169323e-005	-1.07169318e-005	3.07731816e-009	
3.31592129e+001	1.04310826e-005	-1.04310821e-005	3.39550838e-009	
3.32593918e+001	1.01429187e-005	-1.01429180e-005	3.67403285e-009	
3.33595707e+001	9.85475471e-006	-9.85475392e-006	3.95255731e-009	
3.34597496e+001	9.59807744e-006	-9.59807664e-006	3.91093669e-009	
3.35599284e+001	9.35802864e-006	-9.35802791e-006	3.70024382e-009	
3.36601073e+001	9.11797985e-006	-9.11797918e-006	3.48955095e-009	
3.37602862e+001	8.87793106e-006	-8.87793045e-006	3.27885808e-009	
3.38604651e+001	8.67027012e-006	-8.67026953e-006	3.17554467e-009	
3.39606440e+001	8.47133970e-006	-8.47133917e-006	2.99035416e-009	
3.40608229e+001	8.27240928e-006	-8.27240880e-006	2.80516365e-009	
3.41610018e+001	8.07347886e-006	-8.07347844e-006	2.61997314e-009	
3.42611807e+001	7.89691674e-006	-7.89691636e-006	2.44401565e-009	
3.43613596e+001	7.73553572e-006	-7.73553539e-006	2.27432452e-009	
3.44615385e+001	7.57415471e-006	-7.57415442e-006	2.10463338e-009	
3.45617174e+001	7.41277371e-006	-7.41277345e-006	1.93494225e-009	
3.46618962e+001	7.22680563e-006	-7.22680543e-006	1.70322015e-009	
3.47620751e+001	7.03360254e-006	-7.03360239e-006	1.45532088e-009	
3.48622540e+001	6.84039946e-006	-6.84039935e-006	1.20742161e-009	
3.49624329e+001	6.69592011e-006	-6.69592004e-006	9.70786883e-010	
3.50626118e+001	6.56311945e-006	-6.56311941e-006	7.36852179e-010	
3.51627907e+001	6.43031880e-006	-6.43031878e-006	5.02917476e-010	
3.52629696e+001	6.29325811e-006	-6.29325811e-006	1.30922987e-010	
3.53631485e+001	6.15600049e-006	-6.15600049e-006	-2.47454013e-010	
3.54633274e+001	6.00622752e-006	-6.00622749e-006	-5.96373912e-010	
3.55635063e+001	5.86020453e-006	-5.86020446e-006	-9.05906192e-010	
3.56636852e+001	5.72907203e-006	-5.72907192e-006	-1.11021443e-009	
3.57638640e+001	5.59793954e-006	-5.59793938e-006	-1.31452267e-009	
3.58640429e+001	5.47016001e-006	-5.47015981e-006	-1.48364241e-009	
3.59642218e+001	5.34789808e-006	-5.34789784e-006	-1.59485619e-009	
3.60644007e+001	5.22563616e-006	-5.22563588e-006	-1.70606997e-009	
3.61645796e+001	5.08320802e-006	-5.08320773e-006	-1.69469541e-009	
3.62647585e+001	4.96479117e-006	-4.96479092e-006	-1.56179631e-009	
3.63649374e+001	4.86517155e-006	-4.86517136e-006	-1.36622977e-009	
3.64651163e+001	4.76555195e-006	-4.76555180e-006	-1.17066322e-009	
3.65652952e+001	4.67391029e-006	-4.67391019e-006	-9.97962818e-010	
3.66654741e+001	4.61903985e-006	-4.61903975e-006	-9.30654871e-010	
3.67656530e+001	4.52910259e-006	-4.52910252e-006	-7.72568623e-010	
3.68658318e+001	4.43708808e-006	-4.43708804e-006	-6.09104921e-010	
3.69660107e+001	4.34507357e-006	-4.34507355e-006	-4.45641219e-010	
3.70661896e+001	4.25305907e-006	-4.25305906e-006	-2.82177517e-010	
3.71663685e+001	4.16124793e-006	-4.16124793e-006	-1.17996734e-010	
3.72665474e+001	4.07195703e-006	-4.07195703e-006	5.52792284e-011	
3.73667263e+001	3.97075369e-006	-3.97075369e-006	2.13483602e-010	
3.74669052e+001	3.86815498e-006	-3.86815496e-006	3.71134741e-010	
3.75670841e+001	3.76555626e-006	-3.76555623e-006	5.28785881e-010	
3.76672630e+001	3.67158264e-006	-3.67158258e-006	6.76634900e-010	
3.77674419e+001	3.61626786e-006	-3.61626778e-006	7.80549407e-010	
3.78676208e+001	3.56095309e-006	-3.56095298e-006	8.84463915e-010	
3.79677996e+001	3.51009960e-006	-3.51009946e-006	9.83769633e-010	
3.80679785e+001	3.45303485e-006	-3.45303468e-006	1.06478728e-009	
3.81681574e+001	3.38192081e-006	-3.38192062e-006	1.13339564e-009	
3.82683363e+001	3.30797621e-006	-3.30797600e-006	1.20155005e-009	
3.83685152e+001	3.23403162e-006	-3.23403137e-006	1.26970445e-009	
3.84686941e+001	3.17533017e-006	-3.17532990e-006	1.31034321e-009	
3.85688730e+001	3.11869814e-006	-3.11869785e-006	1.34724644e-009	
3.86690519e+001	3.06185437e-006	-3.06185406e-006	1.38386779e-009	
3.87692308e+001	3.00244296e-006	-3.00244263e-006	1.41707089e-009	
3.88694097e+001	2.94303155e-006	-2.94303120e-006	1.45027399e-009	
3.89695886e+001	2.88653223e-006	-2.88653185e-006	1.47381413e-009	
3.90697674e+001	2.83138174e-006	-2.83138135e-006	1.49287850e-009	
3.91699463e+001	2.77623125e-006	-2.77623084e-006	1.51194287e-009	
3.92701252e+001	2.71990428e-006	-2.71990384e-006	1.53215474e-009	
3.93703041e+001	2.66137581e-006	-2.66137536e-006	1.55451382e-009	
3.94704830e+001	2.60284735e-006	-2.60284687e-006	1.57687291e-009	
3.95706619e+001	2.54812262e-006	-2.54812212e-006	1.58857274e-009	
3.96708408e+001	2.50234700e-006	-2.50234649e-006	1.59271279e-009	
3.97710197e+001	2.45715981e-006	-2.45715928e-006	1.60383817e-009	
3.98711986e+001	2.41208802e-006	-2.41208748e-006	1.61633355e-009	
3.99713775e+001	2.36701623e-006	-2.36701567e-006	1.62882893e-009	
4.00715564e+001	2.32194444e-006	-2.32194386e-006	1.64132432e-009	
4.01717352e+001	2.27666498e-006	-2.27666439e-006	1.63702540e-009	
4.02719141e+001	2.23135770e-006	-2.23135710e-006	1.63047603e-009	
4.03720930e+001	2.18605041e-006	-2.18604981e-006	1.62392666e-009	
4.04722719e+001	2.14074312e-006	-2.14074251e-006	1.61737730e-009	
4.05724508e+001	2.09955740e-006	-2.09955678e-006	1.61302663e-009	
4.06726297e+001	2.06455587e-006	-2.06455524e-006	1.61303430e-009	
4.07728086e+001	2.02955433e-006	-2.02955369e-006	1.61304197e-009	
4.08729875e+001	1.99455279e-006	-1.99455214e-006	1.61304964e-009	
4.09731664e+001	1.95824382e-006	-1.95824316e-006	1.60927839e-009	
4.10733453e+001	1.91899547e-006	-1.91899480e-006	1.59701130e-009	
4.11735242e+001	1.87910419e-006	-1.87910352e-006	1.58282910e-009	
4.12737030e+001	1.83843571e-006	-1.83843505e-006	1.56633185e-009	
4.13738819e+001	1.79776724e-006	-1.79776657e-006	1.54983461e-009	
4.14740608e+001	1.76129731e-006	-1.76129664e-006	1.53671003e-009	
4.15742397e+001	1.73776322e-006	-1.73776254e-006	1.53405793e-009	
4.16744186e+001	1.71161975e-006	-1.71161906e-006	1.53007487e-009	
4.17745975e+001	1.68547628e-006	-1.68547559e-006	1.52609180e-009	
4.18747764e+001	1.65887245e-006	-1.65887175e-006	1.52135353e-009	
4.19749553e+001	1.62659778e-006	-1.62659708e-006	1.50731244e-009	
4.20751342e+001	1.59432311e-006	-1.59432241e-006	1.49327134e-009	
4.21753131e+001	1.56817888e-006	-1.56817818e-006	1.48422278e-009	
4.22754919e+001	1.54835969e-006	-1.54835898e-006	1.48032522e-009	
4.23756708e+001	1.52561158e-006	-1.52561087e-006	1.47116481e-009	
4.24758497e+001	1.50057245e-006	-1.50057174e-006	1.45788774e-009	
4.25760286e+001	1.47553331e-006	-1.47553261e-006	1.44461068e-009	
4.26762075e+001	1.45049418e-006	-1.45049347e-006	1.43133361e-009	
4.27763864e+001	1.42545505e-006	-1.42545434e-006	1.41805655e-009	
4.28765653e+001	1.39845524e-006	-1.39845454e-006	1.40206384e-009	
4.29767442e+001	1.37088821e-006	-1.37088751e-006	1.38528550e-009	
4.30769231e+001	1.34360112e-006	-1.34360043e-006	1.36805794e-009	
4.31771020e+001	1.31636414e-006	-1.31636345e-006	1.35074996e-009	
4.32772809e+001	1.28912716e-006	-1.28912647e-006	1.33344199e-009	
4.33774597e+001	1.26491668e-006	-1.26491599e-006	1.31816562e-009	
4.34776386e+001	1.24378412e-006	-1.24378344e-006	1.30495537e-009	
4.35778175e+001	1.22265156e-006	-1.22265088e-006	1.29174512e-009	
4.36779964e+001	1.20151900e-006	-1.20151832e-006	1.27853487e-009	
4.37781753e+001	1.18172211e-006	-1.18172143e-006	1.26669268e-009	
4.38783542e+001	1.16592836e-006	-1.16592768e-006	1.25854939e-009	
4.39785331e+001	1.15013461e-006	-1.15013393e-006	1.25040610e-009	
4.40787120e+001	1.13434086e-006	-1.13434018e-006	1.24226281e-009	
4.41788909e+001	1.11854711e-006	-1.11854643e-006	1.23411952e-009	
4.42790698e+001	1.09809450e-006	-1.09809383e-006	1.21734384e-009	
4.43792487e+001	1.07653142e-006	-1.07653075e-006	1.19851055e-009	
4.44794275e+001	1.05892302e-006	-1.05892236e-006	1.18427954e-009	
4.45796064e+001	1.04146720e-006	-1.04146654e-006	1.17022608e-009	
4.46797853e+001	1.02401138e-006	-1.02401073e-006	1.15617262e-009	
4.47799642e+001	1.00655556e-006	-1.00655491e-006	1.14211917e-009	
4.48801431e+001	9.87818665e-007	-9.87818022e-007	1.12732171e-009	
4.49803220e+001	9.69882628e-007	-9.69881991e-007	1.11220071e-009	
4.50805009e+001	9.51826587e-007	-9.51825955e-007	1.09678628e-009	
4.51806798e+001	9.34033977e-007	-9.34033350e-007	1.08208781e-009	
4.52808587e+001	9.16253972e-007	-9.16253350e-007	1.06742361e-009	
4.53810376e+001	8.98700702e-007	-8.98700085e-007	1.05288600e-009	
4.54812165e+001	8.84084148e-007	-8.84083536e-007	1.04016445e-009	
4.55813953e+001	8.70621840e-007	-8.70621233e-007	1.02820454e-009	
4.56815742e+001	8.56620311e-007	-8.56619709e-007	1.01567780e-009	
4.57817531e+001	8.42618782e-007	-8.42618184e-007	1.00315105e-009	
4.58819320e+001	8.28617252e-007	-8.28616660e-007	9.90624308e-010	
4.59821109e+001	8.14187715e-007	-8.14187129e-007	9.77302549e-010	
4.60822898e+001	7.99657232e-007	-7.99656651e-007	9.63793285e-010	
4.61824687e+001	7.85126749e-007	-7.85126173e-007	9.50284020e-010	
4.62826476e+001	7.70795859e-007	-7.70795289e-007	9.37070521e-010	
4.63828265e+001	7.59606590e-007	-7.59606025e-007	9.26812502e-010	
4.64830054e+001	7.49536772e-007	-7.49536211e-007	9.17556865e-010	
4.65831843e+001	7.39449738e-007	-7.39449180e-007	9.08275364e-010	
4.66833631e+001	7.29362704e-007	-7.29362150e-007	8.98993862e-010	
4.67835420e+001	7.19275670e-007	-7.19275120e-007	8.89712360e-010	
4.68837209e+001	7.05578542e-007	-7.05577998e-007	8.76130823e-010	
4.69838998e+001	6.93103834e-007	-6.93103295e-007	8.63843846e-010	
4.70840787e+001	6.79694747e-007	-6.79694216e-007	8.50382228e-010	
4.71842576e+001	6.66285661e-007	-6.66285136e-007	8.36920610e-010	
4.72844365e+001	6.52214657e-007	-6.52214140e-007	8.21192799e-010	
4.73846154e+001	6.38130202e-007	-6.38129694e-007	8.05418937e-010	
4.74847943e+001	6.24045747e-007	-6.24045248e-007	7.89645076e-010	
4.75849732e+001	6.11866716e-007	-6.11866224e-007	7.76358439e-010	
4.76851521e+001	6.05270211e-007	-6.05269721e-007	7.70204384e-010	
4.77853309e+001	5.98756227e-007	-5.98755740e-007	7.64234507e-010	
4.78855098e+001	5.92242244e-007	-5.92241758e-007	7.58264629e-010	
4.79856887e+001	5.82966997e-007	-5.82966516e-007	7.48690325e-010	
4.80858676e+001	5.71722286e-007	-5.71721812e-007	7.36215002e-010	
4.81860465e+001	5.60523544e-007	-5.60523076e-007	7.23756398e-010	
4.82862254e+001	5.49324801e-007	-5.49324340e-007	7.11297793e-010	
4.83864043e+001	5.38175543e-007	-5.38175089e-007	6.98681935e-010	
4.84865832e+001	5.27071199e-007	-5.27070753e-007	6.85923346e-010	
4.85867621e+001	5.15382209e-007	-5.15381770e-007	6.72173966e-010	
4.86869410e+001	5.03653894e-007	-5.03653464e-007	6.58357945e-010	
4.87871199e+001	4.91925580e-007	-4.91925158e-007	6.44541924e-010	
4.88872987e+001	4.82028114e-007	-4.82027699e-007	6.32823812e-010	
4.89874776e+001	4.73114533e-007	-4.73114123e-007	6.22233100e-010	
4.90876565e+001	4.64200951e-007	-4.64200548e-007	6.11642389e-010	
4.91878354e+001	4.55308967e-007	-4.55308570e-007	6.01194327e-010	
4.92880143e+001	4.46436760e-007	-4.46436369e-007	5.90876890e-010	
4.93881932e+001	4.37937872e-007	-4.37937486e-007	5.81028539e-010	
4.94883721e+001	4.30803154e-007	-4.30802773e-007	5.72770042e-010	
4.95885510e+001	4.24230762e-007	-4.24230386e-007	5.65031945e-010	
4.96887299e+001	4.17346033e-007	-4.17345661e-007	5.56953596e-010	
4.97889088e+001	4.09829498e-007	-4.09829131e-007	5.48186976e-010	
4.98890877e+001	4.02312962e-007	-4.02312601e-007	5.39420355e-010	
4.99892665e+001	3.93966470e-007	-3.93966114e-007	5.29361240e-010	
5.00894454e+001	3.84634161e-007	-3.84633813e-007	5.17636948e-010	
5.01896243e+001	3.75580988e-007	-3.75580647e-007	5.06190749e-010	
5.02898032e+001	3.66473449e-007	-3.66473115e-007	4.94749764e-010	
5.03899821e+001	3.57486768e-007	-3.57486441e-007	4.83514450e-010	
5.04901610e+001	3.49750960e-007	-3.49750640e-007	4.73774866e-010	
5.05903399e+001	3.41769370e-007	-3.41769055e-007	4.63866301e-010	
5.06905188e+001	3.33835326e-007	-3.33835017e-007	4.53980256e-010	
5.07906977e+001	3.26165873e-007	-3.26165571e-007	4.44219526e-010	
5.08908766e+001	3.18496420e-007	-3.18496124e-007	4.34458796e-010	
5.09910555e+001	3.10826967e-007	-3.10826677e-007	4.24698067e-010	
5.10912343e+001	3.03216926e-007	-3.03216643e-007	4.14768614e-010	
5.11914132e+001	2.98112446e-007	-2.98112166e-007	4.08296904e-010	
5.12915921e+001	2.93322143e-007	-2.93321867e-007	4.02259270e-010	
5.13917710e+001	2.87646332e-007	-2.87646061e-007	3.94995309e-010	
5.14919499e+001	2.80773686e-007	-2.80773421e-007	3.86073866e-010	
5.15921288e+001	2.73880444e-007	-2.73880184e-007	3.77116950e-010	
5.16923077e+001	2.66647155e-007	-2.66646901e-007	3.67574356e-010	
5.17924866e+001	2.59423746e-007	-2.59423499e-007	3.58037224e-010	
5.18926655e+001	2.52314284e-007	-2.52314043e-007	3.48563076e-010	
5.19928444e+001	2.45204821e-007	-2.45204586e-007	3.39088928e-010	
5.20930233e+001	2.38095358e-007	-2.38095130e-007	3.29614779e-010	
5.21932021e+001	2.30985895e-007	-2.30985674e-007	3.20140631e-010	
5.22933810e+001	2.25174964e-007	-2.25174748e-007	3.12387899e-010	
5.23935599e+001	2.19390413e-007	-2.19390202e-007	3.04670137e-010	
5.24937388e+001	2.12425752e-007	-2.12425547e-007	2.95316016e-010	
5.25939177e+001	2.04970407e-007	-2.04970208e-007	2.85281507e-010	
5.26940966e+001	1.97567214e-007	-1.97567022e-007	2.75313206e-010	
5.27942755e+001	1.91941292e-007	-1.91941106e-007	2.67601239e-010	
5.28944544e+001	1.86315371e-007	-1.86315190e-007	2.59889272e-010	
5.29946333e+001	1.80689449e-007	-1.80689274e-007	2.52177306e-010	
5.30948122e+001	1.75063528e-007	-1.75063357e-007	2.44465339e-010	
5.31949911e+001	1.69437607e-007	-1.69437441e-007	2.36753372e-010	
5.32951699e+001	1.63617965e-007	-1.63617805e-007	2.28802130e-010	
5.33953488e+001	1.57324245e-007	-1.57324091e-007	2.20189200e-010	
5.34955277e+001	1.49926161e-007	-1.49926014e-007	2.09975556e-010	
5.35957066e+001	1.42528077e-007	-1.42527937e-007	1.99761912e-010	
5.36958855e+001	1.35129993e-007	-1.35129860e-007	1.89548269e-010	
5.37960644e+001	1.27731909e-007	-1.27731783e-007	1.79334625e-010	
5.38962433e+001	1.22013401e-007	-1.22013280e-007	1.71417925e-010	
5.39964222e+001	1.16647814e-007	-1.16647699e-007	1.63944510e-010	
5.40966011e+001	1.11282227e-007	-1.11282117e-007	1.56471095e-010	
5.41967800e+001	1.05916640e-007	-1.05916535e-007	1.48997680e-010	
5.42969589e+001	1.00551053e-007	-1.00550953e-007	1.41524265e-010	
5.43971377e+001	9.51854658e-008	-9.51853714e-008	1.34050850e-010	
5.44973166e+001	8.85907939e-008	-8.85907060e-008	1.24803210e-010	
5.45974955e+001	8.17071120e-008	-8.17070309e-008	1.15138376e-010	
5.46976744e+001	7.48234302e-008	-7.48233558e-008	1.05473541e-010	
5.47978533e+001	6.79701313e-008	-6.79700637e-008	9.58543713e-011	
5.48980322e+001	6.19961197e-008	-6.19960580e-008	8.74540784e-011	
5.49982111e+001	5.61892102e-008	-5.61891543e-008	7.92711115e-011	
5.50983900e+001	5.03823008e-008	-5.03822506e-008	7.10881446e-011	
5.51985689e+001	4.45753913e-008	-4.45753469e-008	6.29051777e-011	
5.52987478e+001	3.88246163e-008	-3.88245776e-008	5.48007958e-011	
5.53989267e+001	3.35396400e-008	-3.35396066e-008	4.73371823e-011	
5.54991055e+001	2.81956042e-008	-2.81955761e-008	3.97889520e-011	
5.55992844e+001	2.27281366e-008	-2.27281139e-008	3.20689599e-011	
5.56994633e+001	1.66694808e-008	-1.66694643e-008	2.34840725e-011	
5.57996422e+001	1.12517994e-008	-1.12517883e-008	1.57910352e-011	
5.58998211e+001	5.65282120e-009	-5.65281577e-009	7.83795941e-012	
5.60000000e+001	1.04491911e-009	-1.04491829e-009	1.31217167e-012	
