% Column 0: Length, cm
% Column 1: |B.t|, Tesla
% Column 2: Re[B.t], Tesla
% Column 3: Im[B.t], Tesla
0.00000000e+000	1.88960891e-006	-1.88954992e-006	1.49308335e-008	
1.00178891e-001	1.88998496e-006	-1.88992599e-006	1.49298990e-008	
2.00357782e-001	1.89011409e-006	-1.89005511e-006	1.49316572e-008	
3.00536673e-001	1.88918918e-006	-1.88913012e-006	1.49390498e-008	
4.00715564e-001	1.88880552e-006	-1.88874639e-006	1.49456864e-008	
5.00894454e-001	1.88853422e-006	-1.88847501e-006	1.49533930e-008	
6.01073345e-001	1.88761406e-006	-1.88755473e-006	1.49665738e-008	
7.01252236e-001	1.88621753e-006	-1.88615802e-006	1.49833845e-008	
8.01431127e-001	1.88472176e-006	-1.88466206e-006	1.50011153e-008	
9.01610018e-001	1.88206022e-006	-1.88200021e-006	1.50296537e-008	
1.00178891e+000	1.87939869e-006	-1.87933836e-006	1.50581921e-008	
1.10196780e+000	1.87689581e-006	-1.87683519e-006	1.50841414e-008	
1.20214669e+000	1.87439864e-006	-1.87433774e-006	1.51084567e-008	
1.30232558e+000	1.87183910e-006	-1.87177789e-006	1.51376779e-008	
1.40250447e+000	1.86992294e-006	-1.86986143e-006	1.51669391e-008	
1.50268336e+000	1.86800678e-006	-1.86794497e-006	1.51962004e-008	
1.60286225e+000	1.86557962e-006	-1.86551747e-006	1.52277438e-008	
1.70304114e+000	1.86198667e-006	-1.86192410e-006	1.52644936e-008	
1.80322004e+000	1.85839373e-006	-1.85833074e-006	1.53012434e-008	
1.90339893e+000	1.85550331e-006	-1.85543992e-006	1.53370736e-008	
2.00357782e+000	1.85192488e-006	-1.85186099e-006	1.53819305e-008	
2.10375671e+000	1.84770837e-006	-1.84764391e-006	1.54348793e-008	
2.20393560e+000	1.84348478e-006	-1.84341973e-006	1.54872067e-008	
2.30411449e+000	1.83918980e-006	-1.83912421e-006	1.55332813e-008	
2.40429338e+000	1.83434212e-006	-1.83427596e-006	1.55795809e-008	
2.50447227e+000	1.82639830e-006	-1.82633142e-006	1.56293981e-008	
2.60465116e+000	1.81998799e-006	-1.81992039e-006	1.56864935e-008	
2.70483005e+000	1.81357769e-006	-1.81350935e-006	1.57435889e-008	
2.80500894e+000	1.80716739e-006	-1.80709831e-006	1.58006843e-008	
2.90518784e+000	1.80109056e-006	-1.80102071e-006	1.58629264e-008	
3.00536673e+000	1.79524054e-006	-1.79516987e-006	1.59286689e-008	
3.10554562e+000	1.78939052e-006	-1.78931904e-006	1.59944114e-008	
3.20572451e+000	1.78354051e-006	-1.78346820e-006	1.60601539e-008	
3.30590340e+000	1.77776386e-006	-1.77769069e-006	1.61287602e-008	
3.40608229e+000	1.76829537e-006	-1.76822107e-006	1.62100618e-008	
3.50626118e+000	1.75360281e-006	-1.75352729e-006	1.62738147e-008	
3.60644007e+000	1.73891026e-006	-1.73883351e-006	1.63375675e-008	
3.70661896e+000	1.72421775e-006	-1.72413974e-006	1.64013203e-008	
3.80679785e+000	1.71208129e-006	-1.71200192e-006	1.64859062e-008	
3.90697674e+000	1.70075252e-006	-1.70067171e-006	1.65795261e-008	
4.00715564e+000	1.68549859e-006	-1.68541632e-006	1.66522998e-008	
4.10733453e+000	1.67024468e-006	-1.67016094e-006	1.67250735e-008	
4.20751342e+000	1.65499080e-006	-1.65490555e-006	1.67978472e-008	
4.30769231e+000	1.63908805e-006	-1.63900119e-006	1.68748424e-008	
4.40787120e+000	1.62062211e-006	-1.62053328e-006	1.69685130e-008	
4.50805009e+000	1.59963068e-006	-1.59953974e-006	1.70567940e-008	
4.60822898e+000	1.57423939e-006	-1.57414612e-006	1.71356851e-008	
4.70840787e+000	1.54886047e-006	-1.54876484e-006	1.72112385e-008	
4.80858676e+000	1.52507390e-006	-1.52497630e-006	1.72529354e-008	
4.90876565e+000	1.50283328e-006	-1.50273363e-006	1.73061656e-008	
5.00894454e+000	1.48149344e-006	-1.48139172e-006	1.73602842e-008	
5.10912343e+000	1.46015366e-006	-1.46004982e-006	1.74144029e-008	
5.20930233e+000	1.43583774e-006	-1.43573102e-006	1.75063841e-008	
5.30948122e+000	1.40053563e-006	-1.40042601e-006	1.75224327e-008	
5.40966011e+000	1.36363877e-006	-1.36352619e-006	1.75216772e-008	
5.50983900e+000	1.32674207e-006	-1.32662638e-006	1.75209217e-008	
5.61001789e+000	1.28984555e-006	-1.28972656e-006	1.75201663e-008	
5.71019678e+000	1.25316884e-006	-1.25304610e-006	1.75387739e-008	
5.81037567e+000	1.19693176e-006	-1.19680423e-006	1.74722333e-008	
5.91055456e+000	1.14699125e-006	-1.14685950e-006	1.73843825e-008	
6.01073345e+000	1.09796351e-006	-1.09782731e-006	1.72934436e-008	
6.11091234e+000	1.04228119e-006	-1.04214094e-006	1.70977120e-008	
6.21109123e+000	9.83254747e-007	-9.83110370e-007	1.68493147e-008	
6.31127013e+000	9.24228903e-007	-9.24079799e-007	1.66009173e-008	
6.41144902e+000	8.65344536e-007	-8.65189975e-007	1.63546414e-008	
6.51162791e+000	8.08197651e-007	-8.08036583e-007	1.61345389e-008	
6.61180680e+000	7.51051820e-007	-7.50883192e-007	1.59144363e-008	
6.71198569e+000	6.86132628e-007	-6.85958017e-007	1.54784272e-008	
6.81216458e+000	6.15654341e-007	-6.15471106e-007	1.50194632e-008	
6.91234347e+000	5.42451558e-007	-5.42254936e-007	1.46040042e-008	
7.01252236e+000	4.69253320e-007	-4.69038765e-007	1.41885452e-008	
7.11270125e+000	3.77767303e-007	-3.77530047e-007	1.33865302e-008	
7.21288014e+000	2.87983253e-007	-2.87699167e-007	1.27884088e-008	
7.31305903e+000	1.77750403e-007	-1.77339112e-007	1.20849201e-008	
7.41323792e+000	6.60310654e-008	-6.50243339e-008	1.14864093e-008	
7.51341682e+000	6.39439554e-008	6.33474201e-008	8.71400051e-009	
7.61359571e+000	2.40698664e-007	2.40490087e-007	1.00182329e-008	
7.71377460e+000	5.35703329e-007	5.35545740e-007	1.29929786e-008	
7.81395349e+000	1.64752822e-006	1.63602057e-006	1.94386000e-007	
7.91413238e+000	7.83924598e-007	7.62348883e-007	-1.82652554e-007	
8.01431127e+000	4.93147646e-007	4.73868947e-007	-1.36538717e-007	
8.11449016e+000	3.74695450e-007	3.61046512e-007	-1.00210262e-007	
8.21466905e+000	2.98400150e-007	2.88195591e-007	-7.73689250e-008	
8.31484794e+000	2.81595868e-007	2.72280991e-007	-7.18282323e-008	
8.41502683e+000	2.15899294e-007	2.07903047e-007	-5.82136406e-008	
8.51520572e+000	1.97641900e-007	1.90801010e-007	-5.15489564e-008	
8.61538462e+000	1.94863677e-007	1.88385633e-007	-4.98267566e-008	
8.71556351e+000	1.80415062e-007	1.74016907e-007	-4.76204856e-008	
8.81574240e+000	1.82676166e-007	1.77896210e-007	-4.15152965e-008	
8.91592129e+000	1.56625334e-007	1.51564062e-007	-3.94946885e-008	
9.01610018e+000	1.47834837e-007	1.43376341e-007	-3.60328194e-008	
9.11627907e+000	1.60737730e-007	1.56323480e-007	-3.74110620e-008	
9.21645796e+000	1.51344779e-007	1.47058260e-007	-3.57646510e-008	
9.31663685e+000	1.68717237e-007	1.64546756e-007	-3.72809736e-008	
9.41681574e+000	1.83832064e-007	1.80402833e-007	-3.53418398e-008	
9.51699463e+000	1.74124577e-007	1.68353059e-007	-4.44591479e-008	
9.61717352e+000	1.92460263e-007	1.85914283e-007	-4.97677834e-008	
9.71735242e+000	1.99591331e-007	1.90411001e-007	-5.98360251e-008	
9.81753131e+000	2.74140124e-007	2.65914722e-007	-6.66495914e-008	
9.91771020e+000	4.84828004e-007	4.83866806e-007	-3.05140461e-008	
1.00178891e+001	2.97303477e-007	2.97126014e-007	-1.02708077e-008	
1.01180680e+001	2.53433780e-007	2.53128806e-007	-1.24293466e-008	
1.02182469e+001	2.56470946e-007	2.56203589e-007	-1.17075719e-008	
1.03184258e+001	2.74330920e-007	2.74093677e-007	-1.14065743e-008	
1.04186047e+001	3.00731069e-007	3.00519520e-007	-1.12780118e-008	
1.05187835e+001	3.23154376e-007	3.22961351e-007	-1.11676429e-008	
1.06189624e+001	3.43353967e-007	3.43178694e-007	-1.09695230e-008	
1.07191413e+001	3.64683381e-007	3.64524265e-007	-1.07716680e-008	
1.08193202e+001	3.83717718e-007	3.83559648e-007	-1.10128645e-008	
1.09194991e+001	3.99644543e-007	3.99464572e-007	-1.19923354e-008	
1.10196780e+001	4.27336299e-007	4.27122719e-007	-1.35090869e-008	
1.11198569e+001	4.56800616e-007	4.56548093e-007	-1.51869105e-008	
1.12200358e+001	4.92036181e-007	4.91733311e-007	-1.72613474e-008	
1.13202147e+001	5.55325994e-007	5.54983732e-007	-1.94940041e-008	
1.14203936e+001	6.08859764e-007	6.08498887e-007	-2.09598757e-008	
1.15205725e+001	7.01076836e-007	7.00711943e-007	-2.26164305e-008	
1.16207513e+001	8.06279946e-007	8.05886121e-007	-2.51974177e-008	
1.17209302e+001	9.10141956e-007	9.09721705e-007	-2.76549846e-008	
1.18211091e+001	1.02297843e-006	1.02253748e-006	-3.00330124e-008	
1.19212880e+001	1.13055622e-006	1.13011405e-006	-3.16161981e-008	
1.20214669e+001	1.23654068e-006	1.23610202e-006	-3.29340855e-008	
1.21216458e+001	1.29043424e-006	1.29011970e-006	-2.84902510e-008	
1.22218247e+001	1.32795827e-006	1.32788881e-006	-1.35826388e-008	
1.23220036e+001	1.30574395e-006	1.30574393e-006	2.39827193e-010	
1.24221825e+001	1.23055184e-006	1.23049795e-006	1.15171011e-008	
1.25223614e+001	9.96822865e-007	9.96493680e-007	2.56158338e-008	
1.26225403e+001	8.64902344e-007	8.64127148e-007	3.66105988e-008	
1.27227191e+001	7.52730637e-007	7.51342585e-007	4.56917110e-008	
1.28228980e+001	6.12209841e-007	6.09606248e-007	5.64013476e-008	
1.29230769e+001	6.40494703e-007	6.37147223e-007	6.53978647e-008	
1.30232558e+001	6.72698363e-007	6.68698606e-007	7.32479526e-008	
1.31234347e+001	1.07929450e-006	1.07639322e-006	7.90838286e-008	
1.32236136e+001	1.65259110e-006	1.65087744e-006	7.52397746e-008	
1.33237925e+001	2.37666535e-006	2.37572273e-006	6.69305989e-008	
1.34239714e+001	3.45912859e-006	3.45853674e-006	6.39862919e-008	
1.35241503e+001	4.46843116e-006	4.46842953e-006	3.81672576e-009	
1.36243292e+001	5.16932868e-006	5.16916032e-006	-4.17206709e-008	
1.37245081e+001	5.68514984e-006	5.68445825e-006	-8.86740146e-008	
1.38246869e+001	6.18264877e-006	6.18172703e-006	-1.06755699e-007	
1.39248658e+001	6.72142240e-006	6.72034617e-006	-1.20276775e-007	
1.40250447e+001	7.35488631e-006	7.35381836e-006	-1.25332514e-007	
1.41252236e+001	8.10419867e-006	8.10313242e-006	-1.31457340e-007	
1.42254025e+001	8.91517035e-006	8.91410029e-006	-1.38124534e-007	
1.43255814e+001	9.86870462e-006	9.86763659e-006	-1.45185697e-007	
1.44257603e+001	1.10832280e-005	1.10820779e-005	-1.59662883e-007	
1.45259392e+001	1.22930627e-005	1.22919300e-005	-1.66880660e-007	
1.46261181e+001	1.38647999e-005	1.38636590e-005	-1.77866512e-007	
1.47262970e+001	1.55427356e-005	1.55417366e-005	-1.76220897e-007	
1.48264758e+001	1.73238521e-005	1.73229006e-005	-1.81569991e-007	
1.49266547e+001	2.04018918e-005	2.04010510e-005	-1.85223596e-007	
1.50268336e+001	2.30631337e-005	2.30627830e-005	-1.27189276e-007	
1.51270125e+001	2.71267969e-005	2.71267892e-005	-2.04314318e-008	
1.52271914e+001	3.00968876e-005	3.00959395e-005	2.38899297e-007	
1.53273703e+001	3.33900236e-005	3.33792906e-005	8.46545733e-007	
1.54275492e+001	3.32075444e-005	3.31670460e-005	1.63953124e-006	
1.55277281e+001	2.89171724e-005	2.88400216e-005	2.11092676e-006	
1.56279070e+001	1.99870591e-005	1.98803962e-005	2.06212947e-006	
1.57280859e+001	1.15561443e-005	1.14186380e-005	1.77740787e-006	
1.58282648e+001	2.85378458e-006	2.51629568e-006	1.34623269e-006	
1.59284436e+001	4.66603706e-006	-4.53943116e-006	1.07956779e-006	
1.60286225e+001	1.11607567e-005	-1.11322943e-005	7.96563752e-007	
1.61288014e+001	1.46483164e-005	-1.46322298e-005	6.86310936e-007	
1.62289803e+001	1.89580044e-005	-1.89499562e-005	5.52348589e-007	
1.63291592e+001	2.32714439e-005	-2.32676827e-005	4.18386242e-007	
1.64293381e+001	2.61523272e-005	-2.61500324e-005	3.46446148e-007	
1.65295170e+001	2.84072427e-005	-2.84056418e-005	3.01587339e-007	
1.66296959e+001	3.06623259e-005	-3.06612512e-005	2.56728531e-007	
1.67298748e+001	3.29685259e-005	-3.29678453e-005	2.11839293e-007	
1.68300537e+001	3.54815382e-005	-3.54811206e-005	1.72147755e-007	
1.69302326e+001	3.80079521e-005	-3.80076952e-005	1.39751202e-007	
1.70304114e+001	4.05344119e-005	-4.05342697e-005	1.07354649e-007	
1.71305903e+001	4.30609096e-005	-4.30608443e-005	7.49580961e-008	
1.72307692e+001	4.54912481e-005	-4.54912278e-005	4.29818781e-008	
1.73309481e+001	4.76557059e-005	-4.76557039e-005	1.39824726e-008	
1.74311270e+001	4.98863007e-005	-4.98862981e-005	-1.60588891e-008	
1.75313059e+001	5.21169127e-005	-5.21168924e-005	-4.61002508e-008	
1.76314848e+001	5.43475399e-005	-5.43474866e-005	-7.61416126e-008	
1.77316637e+001	5.65781805e-005	-5.65780808e-005	-1.06182974e-007	
1.78318426e+001	5.88088329e-005	-5.88086751e-005	-1.36224336e-007	
1.79320215e+001	6.10394958e-005	-6.10392693e-005	-1.66265698e-007	
1.80322004e+001	6.40306428e-005	-6.40303063e-005	-2.07603002e-007	
1.81323792e+001	6.75489681e-005	-6.75484999e-005	-2.51497358e-007	
1.82325581e+001	7.11025402e-005	-7.11019330e-005	-2.93853522e-007	
1.83327370e+001	7.46561231e-005	-7.46553661e-005	-3.36209687e-007	
1.84329159e+001	7.87109270e-005	-7.87099610e-005	-3.89966308e-007	
1.85330948e+001	8.35847574e-005	-8.35834787e-005	-4.62351831e-007	
1.86332737e+001	8.84586126e-005	-8.84569964e-005	-5.34737354e-007	
1.87334526e+001	9.32655576e-005	-9.32635820e-005	-6.07051769e-007	
1.88336315e+001	9.82265841e-005	-9.82240293e-005	-7.08441386e-007	
1.89338104e+001	1.04392052e-004	-1.04388982e-004	-8.00656511e-007	
1.90339893e+001	1.10565199e-004	-1.10561599e-004	-8.92285443e-007	
1.91341682e+001	1.16738362e-004	-1.16734215e-004	-9.83914375e-007	
1.92343470e+001	1.23030083e-004	-1.23025027e-004	-1.11546460e-006	
1.93345259e+001	1.31469890e-004	-1.31463423e-004	-1.30400313e-006	
1.94347048e+001	1.40193064e-004	-1.40186363e-004	-1.37075421e-006	
1.95348837e+001	1.47492790e-004	-1.47486377e-004	-1.37541357e-006	
1.96350626e+001	1.54792544e-004	-1.54786392e-004	-1.38007293e-006	
1.97352415e+001	1.62092321e-004	-1.62086406e-004	-1.38473229e-006	
1.98354204e+001	1.69392118e-004	-1.69386420e-004	-1.38939164e-006	
1.99355993e+001	1.78914039e-004	-1.78909042e-004	-1.33710305e-006	
2.00357782e+001	1.88659757e-004	-1.88657290e-004	-9.64713867e-007	
2.01359571e+001	1.98331203e-004	-1.98330441e-004	-5.49844691e-007	
2.02361360e+001	2.06749415e-004	-2.06749245e-004	-2.64862666e-007	
2.03363148e+001	2.14452344e-004	-2.14452337e-004	-5.39923853e-008	
2.04364937e+001	2.22155485e-004	-2.22155429e-004	1.56877895e-007	
2.05366726e+001	2.29101769e-004	-2.29101033e-004	5.80869064e-007	
2.06368515e+001	2.35585597e-004	-2.35582861e-004	1.13534416e-006	
2.07370304e+001	2.41750289e-004	-2.41744718e-004	1.64126958e-006	
2.08372093e+001	2.46154197e-004	-2.46146543e-004	1.94113522e-006	
2.09373882e+001	2.50599479e-004	-2.50588669e-004	2.32765637e-006	
2.10375671e+001	2.55045237e-004	-2.55030795e-004	2.71417753e-006	
2.11377460e+001	2.58266721e-004	-2.58249941e-004	2.94402643e-006	
2.12379249e+001	2.61425723e-004	-2.61406185e-004	3.19614966e-006	
2.13381038e+001	2.64584900e-004	-2.64562428e-004	3.44827290e-006	
2.14382826e+001	2.65384503e-004	-2.65361239e-004	3.51385672e-006	
2.15384615e+001	2.65338924e-004	-2.65315673e-004	3.51262652e-006	
2.16386404e+001	2.65251304e-004	-2.65228022e-004	3.51436415e-006	
2.17388193e+001	2.65107355e-004	-2.65084130e-004	3.50907775e-006	
2.18389982e+001	2.63289851e-004	-2.63268661e-004	3.34032403e-006	
2.19391771e+001	2.60662500e-004	-2.60643747e-004	3.12665832e-006	
2.20393560e+001	2.58545147e-004	-2.58528265e-004	2.95450890e-006	
2.21395349e+001	2.56755909e-004	-2.56740542e-004	2.80907031e-006	
2.22397138e+001	2.55054648e-004	-2.55040651e-004	2.67209227e-006	
2.23398927e+001	2.50213876e-004	-2.50203428e-004	2.28661241e-006	
2.24400716e+001	2.44311770e-004	-2.44305020e-004	1.81617239e-006	
2.25402504e+001	2.38410410e-004	-2.38406612e-004	1.34573236e-006	
2.26404293e+001	2.31674065e-004	-2.31671922e-004	9.96457167e-007	
2.27406082e+001	2.23555196e-004	-2.23554466e-004	5.71278643e-007	
2.28407871e+001	2.15141063e-004	-2.15141040e-004	1.00115988e-007	
2.29409660e+001	2.06727946e-004	-2.06727613e-004	-3.71046667e-007	
2.30411449e+001	1.98341988e-004	-1.98340207e-004	-8.40340842e-007	
2.31413238e+001	1.92118045e-004	-1.92114773e-004	-1.12132379e-006	
2.32415027e+001	1.82266647e-004	-1.82262439e-004	-1.23844797e-006	
2.33416816e+001	1.72415435e-004	-1.72410106e-004	-1.35557216e-006	
2.34418605e+001	1.62564443e-004	-1.62557773e-004	-1.47269634e-006	
2.35420394e+001	1.53813078e-004	-1.53805223e-004	-1.55446680e-006	
2.36422182e+001	1.46162664e-004	-1.46155295e-004	-1.46768612e-006	
2.37423971e+001	1.38188185e-004	-1.38181590e-004	-1.35006542e-006	
2.38425760e+001	1.30213718e-004	-1.30207885e-004	-1.23244473e-006	
2.39427549e+001	1.22239264e-004	-1.22234181e-004	-1.11482403e-006	
2.40429338e+001	1.15578587e-004	-1.15573999e-004	-1.02983494e-006	
2.41431127e+001	1.09876125e-004	-1.09871856e-004	-9.68646246e-007	
2.42432916e+001	1.03127810e-004	-1.03124304e-004	-8.50364315e-007	
2.43434705e+001	9.61170655e-005	-9.61143855e-005	-7.17753650e-007	
2.44436494e+001	9.07119271e-005	-9.07098759e-005	-6.10014738e-007	
2.45438283e+001	8.60052722e-005	-8.60036610e-005	-5.26432140e-007	
2.46440072e+001	8.06960212e-005	-8.06947492e-005	-4.53072473e-007	
2.47441860e+001	7.53867938e-005	-7.53858375e-005	-3.79712806e-007	
2.48443649e+001	7.05758768e-005	-7.05751821e-005	-3.13143324e-007	
2.49445438e+001	6.77155799e-005	-6.77150241e-005	-2.74352441e-007	
2.50447227e+001	6.48552939e-005	-6.48548661e-005	-2.35561558e-007	
2.51449016e+001	6.19950203e-005	-6.19947081e-005	-1.96770675e-007	
2.52450805e+001	5.91347611e-005	-5.91345501e-005	-1.57979793e-007	
2.53452594e+001	5.66383100e-005	-5.66381551e-005	-1.32461210e-007	
2.54454383e+001	5.42444095e-005	-5.42442966e-005	-1.10683783e-007	
2.55456172e+001	5.18505143e-005	-5.18504381e-005	-8.89063557e-008	
2.56457961e+001	4.94566252e-005	-4.94565796e-005	-6.71289284e-008	
2.57459750e+001	4.70702976e-005	-4.70702756e-005	-4.54805445e-008	
2.58461538e+001	4.46908108e-005	-4.46908044e-005	-2.39488775e-008	
2.59463327e+001	4.23113333e-005	-4.23113332e-005	-2.41721051e-009	
2.60465116e+001	3.95834373e-005	-3.95834322e-005	2.00328818e-008	
2.61466905e+001	3.70026082e-005	-3.70025850e-005	4.13657806e-008	
2.62468694e+001	3.44350672e-005	-3.44350089e-005	6.33577119e-008	
2.63470483e+001	3.18675471e-005	-3.18674328e-005	8.53496432e-008	
2.64472272e+001	2.93000533e-005	-2.92998567e-005	1.07341574e-007	
2.65474061e+001	2.67325935e-005	-2.67322806e-005	1.29333506e-007	
2.66475850e+001	2.41651783e-005	-2.41647045e-005	1.51325437e-007	
2.67477639e+001	2.15978238e-005	-2.15971284e-005	1.73317368e-007	
2.68479428e+001	1.91333340e-005	-1.91323566e-005	1.93391341e-007	
2.69481216e+001	1.65750416e-005	-1.65736166e-005	2.17340197e-007	
2.70483005e+001	1.39128789e-005	-1.39107238e-005	2.44874801e-007	
2.71484794e+001	1.12511292e-005	-1.12478309e-005	2.72409405e-007	
2.72486583e+001	8.59017627e-006	-8.58493809e-006	2.99944009e-007	
2.73488372e+001	6.10314532e-006	-6.09452554e-006	3.24254919e-007	
2.74490161e+001	3.84673229e-006	-3.83129132e-006	3.44319816e-007	
2.75491950e+001	1.38287246e-006	-1.33258184e-006	3.69542799e-007	
2.76493739e+001	1.25251455e-006	1.18900564e-006	3.93774430e-007	
2.77495528e+001	2.77546106e-006	2.74643449e-006	4.00351958e-007	
2.78497317e+001	4.30234054e-006	4.28308094e-006	4.06634708e-007	
2.79499106e+001	5.53651190e-006	5.52178584e-006	4.03540802e-007	
2.80500894e+001	6.04573292e-006	6.03361785e-006	3.82547107e-007	
2.81502683e+001	6.25387671e-006	6.24308326e-006	3.67267288e-007	
2.82504472e+001	6.46214203e-006	6.45254868e-006	3.51987470e-007	
2.83506261e+001	6.28431988e-006	6.27571333e-006	3.28783530e-007	
2.84508050e+001	4.93688115e-006	4.92884457e-006	2.81578897e-007	
2.85509839e+001	3.65440021e-006	3.64523432e-006	2.58665168e-007	
2.86511628e+001	2.37357934e-006	2.36183447e-006	2.35832230e-007	
2.87513417e+001	1.29462268e-006	1.27677013e-006	2.14256642e-007	
2.88515206e+001	6.08394109e-007	5.75371298e-007	1.97715103e-007	
2.89516995e+001	2.39216358e-007	-1.46515798e-007	1.89096765e-007	
2.90518784e+001	9.84157879e-007	-9.67597562e-007	1.79782339e-007	
2.91520572e+001	1.79678408e-006	-1.78867933e-006	1.70467912e-007	
2.92522361e+001	2.61473199e-006	-2.60976109e-006	1.61153485e-007	
2.93524150e+001	3.43420119e-006	-3.43084285e-006	1.51839058e-007	
2.94525939e+001	3.71985216e-006	-3.71697741e-006	1.46215546e-007	
2.95527728e+001	3.98483328e-006	-3.98234727e-006	1.40735303e-007	
2.96529517e+001	4.24986997e-006	-4.24771714e-006	1.35255059e-007	
2.97531306e+001	4.52792335e-006	-4.52606119e-006	1.29845818e-007	
2.98533095e+001	4.95545928e-006	-4.95387605e-006	1.25254575e-007	
2.99534884e+001	5.38304344e-006	-5.38169091e-006	1.20663331e-007	
3.00536673e+001	5.81066519e-006	-5.80950577e-006	1.16072087e-007	
3.01538462e+001	6.03101375e-006	-6.02997782e-006	1.11778410e-007	
3.02540250e+001	6.15589161e-006	-6.15495077e-006	1.07621788e-007	
3.03542039e+001	6.28077600e-006	-6.27992373e-006	1.03465167e-007	
3.04543828e+001	6.39901708e-006	-6.39824345e-006	9.95000950e-008	
3.05545617e+001	6.45800864e-006	-6.45727648e-006	9.72419189e-008	
3.06547406e+001	6.51700173e-006	-6.51630951e-006	9.49837428e-008	
3.07549195e+001	6.57599632e-006	-6.57534254e-006	9.27255667e-008	
3.08550984e+001	6.62538430e-006	-6.62476921e-006	9.02774950e-008	
3.09552773e+001	6.64659734e-006	-6.64602435e-006	8.72725378e-008	
3.10554562e+001	6.66207704e-006	-6.66154055e-006	8.45461967e-008	
3.11556351e+001	6.67601846e-006	-6.67551614e-006	8.18946496e-008	
3.12558140e+001	6.65774057e-006	-6.65726538e-006	7.95434346e-008	
3.13559928e+001	6.62523012e-006	-6.62477887e-006	7.73248890e-008	
3.14561717e+001	6.59272018e-006	-6.59229235e-006	7.51063435e-008	
3.15563506e+001	6.56421106e-006	-6.56380612e-006	7.29120351e-008	
3.16565295e+001	6.53637744e-006	-6.53599368e-006	7.08276406e-008	
3.17567084e+001	6.48483435e-006	-6.48446457e-006	6.92519813e-008	
3.18568873e+001	6.43125350e-006	-6.43089615e-006	6.77956163e-008	
3.19570662e+001	6.37767276e-006	-6.37732773e-006	6.63392513e-008	
3.20572451e+001	6.32540872e-006	-6.32507666e-006	6.48124268e-008	
3.21574240e+001	6.27357334e-006	-6.27325437e-006	6.32626690e-008	
3.22576029e+001	6.21829460e-006	-6.21798714e-006	6.18363223e-008	
3.23577818e+001	6.15231515e-006	-6.15201835e-006	6.04318158e-008	
3.24579606e+001	6.08253541e-006	-6.08225110e-006	5.88105763e-008	
3.25581395e+001	6.01275582e-006	-6.01248384e-006	5.71893369e-008	
3.26583184e+001	5.94297638e-006	-5.94271659e-006	5.55680974e-008	
3.27584973e+001	5.87231944e-006	-5.87206884e-006	5.42510165e-008	
3.28586762e+001	5.80159257e-006	-5.80135060e-006	5.29869163e-008	
3.29588551e+001	5.73122794e-006	-5.73099503e-006	5.16682198e-008	
3.30590340e+001	5.66086339e-006	-5.66063947e-006	5.03495233e-008	
3.31592129e+001	5.58806011e-006	-5.58784411e-006	4.91325156e-008	
3.32593918e+001	5.51555029e-006	-5.51534100e-006	4.80480313e-008	
3.33595707e+001	5.44413352e-006	-5.44393029e-006	4.70402229e-008	
3.34597496e+001	5.37271678e-006	-5.37251958e-006	4.60324145e-008	
3.35599284e+001	5.30362790e-006	-5.30343661e-006	4.50444637e-008	
3.36601073e+001	5.22872307e-006	-5.22853748e-006	4.40549328e-008	
3.37602862e+001	5.15350917e-006	-5.15332924e-006	4.30633217e-008	
3.38604651e+001	5.07829529e-006	-5.07812101e-006	4.20717106e-008	
3.39606440e+001	5.00492363e-006	-5.00475441e-006	4.11565645e-008	
3.40608229e+001	4.93441998e-006	-4.93425492e-006	4.03604622e-008	
3.41610018e+001	4.86396280e-006	-4.86380188e-006	3.95647097e-008	
3.42611807e+001	4.79794195e-006	-4.79778504e-006	3.88023589e-008	
3.43613596e+001	4.73192111e-006	-4.73176820e-006	3.80400081e-008	
3.44615385e+001	4.66800493e-006	-4.66785515e-006	3.73936626e-008	
3.45617174e+001	4.60546857e-006	-4.60532135e-006	3.68233701e-008	
3.46618962e+001	4.53691243e-006	-4.53676854e-006	3.61334509e-008	
3.47620751e+001	4.46524669e-006	-4.46510651e-006	3.53817365e-008	
3.48622540e+001	4.39504834e-006	-4.39491151e-006	3.46795569e-008	
3.49624329e+001	4.32854719e-006	-4.32841285e-006	3.41021853e-008	
3.50626118e+001	4.26524062e-006	-4.26510896e-006	3.35119527e-008	
3.51627907e+001	4.20239924e-006	-4.20227009e-006	3.29456394e-008	
3.52629696e+001	4.13953657e-006	-4.13940953e-006	3.24307367e-008	
3.53631485e+001	4.07674850e-006	-4.07662356e-006	3.19158856e-008	
3.54633274e+001	4.01297749e-006	-4.01285463e-006	3.14012300e-008	
3.55635063e+001	3.94785333e-006	-3.94773250e-006	3.08868436e-008	
3.56636852e+001	3.88272917e-006	-3.88261037e-006	3.03724572e-008	
3.57638640e+001	3.81731981e-006	-3.81720310e-006	2.98500360e-008	
3.58640429e+001	3.75389148e-006	-3.75377581e-006	2.94682471e-008	
3.59642218e+001	3.69000516e-006	-3.68989056e-006	2.90817988e-008	
3.60644007e+001	3.62611885e-006	-3.62600531e-006	2.86953505e-008	
3.61645796e+001	3.56223254e-006	-3.56212006e-006	2.83089022e-008	
3.62647585e+001	3.50530262e-006	-3.50519077e-006	2.80019189e-008	
3.63649374e+001	3.44883560e-006	-3.44872434e-006	2.77014967e-008	
3.64651163e+001	3.39236858e-006	-3.39225791e-006	2.74010746e-008	
3.65652952e+001	3.33590157e-006	-3.33579149e-006	2.71006524e-008	
3.66654741e+001	3.27943457e-006	-3.27932506e-006	2.68002303e-008	
3.67656530e+001	3.22296758e-006	-3.22285863e-006	2.64998081e-008	
3.68658318e+001	3.16832289e-006	-3.16821421e-006	2.62429743e-008	
3.69660107e+001	3.11429710e-006	-3.11418856e-006	2.60009436e-008	
3.70661896e+001	3.06027132e-006	-3.06016291e-006	2.57589129e-008	
3.71663685e+001	3.00284356e-006	-3.00273549e-006	2.54761044e-008	
3.72665474e+001	2.94524945e-006	-2.94514172e-006	2.51913018e-008	
3.73667263e+001	2.88817668e-006	-2.88806922e-006	2.49144402e-008	
3.74669052e+001	2.83647089e-006	-2.83636318e-006	2.47193305e-008	
3.75670841e+001	2.77954899e-006	-2.77944056e-006	2.45512939e-008	
3.76672630e+001	2.71906599e-006	-2.71895650e-006	2.44017407e-008	
3.77674419e+001	2.65858305e-006	-2.65847243e-006	2.42521875e-008	
3.78676208e+001	2.59971808e-006	-2.59960651e-006	2.40852499e-008	
3.79677996e+001	2.54360133e-006	-2.54348915e-006	2.38887834e-008	
3.80679785e+001	2.49441741e-006	-2.49430448e-006	2.37359152e-008	
3.81681574e+001	2.43710334e-006	-2.43698820e-006	2.36895845e-008	
3.82683363e+001	2.37978937e-006	-2.37967192e-006	2.36432539e-008	
3.83685152e+001	2.32247552e-006	-2.32235564e-006	2.35969233e-008	
3.84686941e+001	2.26516179e-006	-2.26503936e-006	2.35505926e-008	
3.85688730e+001	2.20221607e-006	-2.20208893e-006	2.36635398e-008	
3.86690519e+001	2.13744758e-006	-2.13731488e-006	2.38165050e-008	
3.87692308e+001	2.07267944e-006	-2.07254084e-006	2.39694702e-008	
3.88694097e+001	2.00791170e-006	-2.00776679e-006	2.41224353e-008	
3.89695886e+001	1.94701811e-006	-1.94686433e-006	2.44708385e-008	
3.90697674e+001	1.88740318e-006	-1.88723914e-006	2.48837185e-008	
3.91699463e+001	1.81121499e-006	-1.81103339e-006	2.56475272e-008	
3.92701252e+001	1.69808455e-006	-1.69786679e-006	2.71936155e-008	
3.93703041e+001	1.58496077e-006	-1.58470019e-006	2.87397038e-008	
3.94704830e+001	1.47184521e-006	-1.47153359e-006	3.02857921e-008	
3.95706619e+001	1.35873991e-006	-1.35836699e-006	3.18318804e-008	
3.96708408e+001	1.26206552e-006	-1.26161074e-006	3.38779543e-008	
3.97710197e+001	1.06967845e-006	-1.06895319e-006	3.93832857e-008	
3.98711986e+001	9.04353058e-007	-9.03327579e-007	4.30550759e-008	
3.99713775e+001	7.48650309e-007	-7.47227630e-007	4.61319299e-008	
4.00715564e+001	5.13802675e-007	-5.11038135e-007	5.32279364e-008	
4.01717352e+001	1.89661804e-007	-1.78324660e-007	6.45903680e-008	
4.02719141e+001	1.44849325e-007	1.27914877e-007	6.79640444e-008	
4.03720930e+001	5.65378550e-007	5.59433737e-007	8.17728477e-008	
4.04722719e+001	1.07624647e-006	1.07282286e-006	8.57762832e-008	
4.05724508e+001	1.24667354e-006	1.24552350e-006	5.35363613e-008	
4.06726297e+001	1.23019301e-006	1.23008483e-006	1.63139329e-008	
4.07728086e+001	1.14026444e-006	1.14025541e-006	-4.53849951e-009	
4.08729875e+001	9.78083869e-007	9.77994428e-007	-1.32270245e-008	
4.09731664e+001	8.54134308e-007	8.53963522e-007	-1.70797711e-008	
4.10733453e+001	7.43136320e-007	7.42920654e-007	-1.79023185e-008	
4.11735242e+001	6.54933043e-007	6.54716616e-007	-1.68357859e-008	
4.12737030e+001	5.74158117e-007	5.73938579e-007	-1.58761066e-008	
4.13738819e+001	5.02227869e-007	5.02025104e-007	-1.42698040e-008	
4.14740608e+001	4.43594552e-007	4.43406309e-007	-1.29217198e-008	
4.15742397e+001	3.95082611e-007	3.94905845e-007	-1.18170608e-008	
4.16744186e+001	3.55702176e-007	3.55535432e-007	-1.08901317e-008	
4.17745975e+001	3.27461896e-007	3.27296200e-007	-1.04159114e-008	
4.18747764e+001	3.01082233e-007	3.00914425e-007	-1.00508822e-008	
4.19749553e+001	2.77305143e-007	2.77138869e-007	-9.60155206e-009	
4.20751342e+001	2.52477894e-007	2.52313388e-007	-9.11270322e-009	
4.21753131e+001	2.29850568e-007	2.29704682e-007	-8.18793390e-009	
4.22754919e+001	2.11793153e-007	2.11681110e-007	-6.88819950e-009	
4.23756708e+001	1.88429808e-007	1.88398425e-007	-3.43892558e-009	
4.24758497e+001	1.55833828e-007	1.55833457e-007	3.39715921e-010	
4.25760286e+001	1.09533510e-007	1.09457154e-007	4.08916331e-009	
4.26762075e+001	6.40865711e-008	6.37844053e-008	6.21596673e-009	
4.27763864e+001	2.32992919e-008	2.20431844e-008	7.54685504e-009	
4.28765653e+001	1.34363199e-008	-1.12153059e-008	7.39943269e-009	
4.29767442e+001	2.89810927e-008	-2.81004886e-008	7.08987134e-009	
4.30769231e+001	3.20883529e-008	-3.14148697e-008	6.53975178e-009	
4.31771020e+001	3.03295555e-008	-2.97582974e-008	5.85881156e-009	
4.32772809e+001	1.34503141e-008	-1.25799443e-008	4.75982666e-009	
4.33774597e+001	7.40430501e-009	6.47057906e-009	3.59935263e-009	
4.34776386e+001	2.75627877e-008	2.74718924e-008	2.23660328e-009	
4.35778175e+001	3.80966339e-008	3.80781943e-008	1.18517152e-009	
4.36779964e+001	4.71980810e-008	4.71980136e-008	-7.97551012e-011	
4.37781753e+001	5.25706226e-008	5.25558173e-008	-1.24756979e-009	
4.38783542e+001	5.28318805e-008	5.27979600e-008	-1.89288479e-009	
4.39785331e+001	4.99938183e-008	4.99462578e-008	-2.18018528e-009	
4.40787120e+001	4.67755176e-008	4.67187250e-008	-2.30429664e-009	
4.41788909e+001	4.30819730e-008	4.30240976e-008	-2.23235872e-009	
4.42790698e+001	3.80542257e-008	3.80013992e-008	-2.00443303e-009	
4.43792487e+001	3.46334223e-008	3.45834065e-008	-1.86062804e-009	
4.44794275e+001	3.05086774e-008	3.04611705e-008	-1.70190728e-009	
4.45796064e+001	2.76747605e-008	2.76312991e-008	-1.55038036e-009	
4.46797853e+001	2.49286873e-008	2.48893811e-008	-1.39934302e-009	
4.47799642e+001	2.20169388e-008	2.19830726e-008	-1.22070240e-009	
4.48801431e+001	2.07455190e-008	2.07155719e-008	-1.11428862e-009	
4.49803220e+001	1.94037493e-008	1.93774817e-008	-1.00930162e-009	
4.50805009e+001	1.88584956e-008	1.88364094e-008	-9.12435461e-010	
4.51806798e+001	1.84111314e-008	1.83901866e-008	-8.77950915e-010	
4.52808587e+001	1.80436310e-008	1.80221572e-008	-8.80039297e-010	
4.53810376e+001	1.75421173e-008	1.75195962e-008	-8.88608819e-010	
4.54812165e+001	1.67969492e-008	1.67729823e-008	-8.96975265e-010	
4.55813953e+001	1.62210654e-008	1.61958482e-008	-9.04136795e-010	
4.56815742e+001	1.55215339e-008	1.54948558e-008	-9.09647668e-010	
4.57817531e+001	1.50287864e-008	1.49983187e-008	-9.56480397e-010	
4.58819320e+001	1.55764326e-008	1.55412381e-008	-1.04650441e-009	
4.59821109e+001	1.88926615e-008	1.88608688e-008	-1.09557655e-009	
4.60822898e+001	3.20652853e-008	3.19588384e-008	-2.61058783e-009	
4.61824687e+001	1.84296696e-008	1.78564011e-008	-4.56088357e-009	
4.62826476e+001	1.62898635e-008	1.56966534e-008	-4.35599893e-009	
4.63828265e+001	1.70348449e-008	1.64427916e-008	-4.45202710e-009	
4.64830054e+001	1.72082068e-008	1.65593894e-008	-4.68070538e-009	
4.65831843e+001	1.78431272e-008	1.72561314e-008	-4.53906541e-009	
4.66833631e+001	2.03858714e-008	1.97404840e-008	-5.08891410e-009	
4.67835420e+001	1.93107418e-008	1.86218821e-008	-5.11177626e-009	
4.68837209e+001	2.20787104e-008	2.13035237e-008	-5.79908008e-009	
4.69838998e+001	2.59931104e-008	2.51051533e-008	-6.73595323e-009	
4.70840787e+001	2.87817581e-008	2.77580094e-008	-7.60805608e-009	
4.71842576e+001	2.91469170e-008	2.78729630e-008	-8.52295171e-009	
4.72844365e+001	3.64550512e-008	3.53503777e-008	-8.90626492e-009	
4.73846154e+001	3.59068711e-008	3.47191598e-008	-9.15878447e-009	
4.74847943e+001	4.41692846e-008	4.26811479e-008	-1.13686111e-008	
4.75849732e+001	5.58877715e-008	5.44531747e-008	-1.25815249e-008	
4.76851521e+001	6.67791397e-008	6.50368979e-008	-1.51543859e-008	
4.77853309e+001	7.59815639e-008	7.35975961e-008	-1.88836410e-008	
4.78855098e+001	9.24840566e-008	8.97564803e-008	-2.22951782e-008	
4.79856887e+001	1.06747997e-007	1.02609135e-007	-2.94363757e-008	
4.80858676e+001	1.95968147e-007	1.90777802e-007	-4.48034023e-008	
4.81860465e+001	4.16314422e-007	4.13316137e-007	4.98745380e-008	
4.82862254e+001	1.31253928e-007	1.31223216e-007	2.83921136e-009	
4.83864043e+001	6.64317626e-008	6.63422726e-008	3.44702024e-009	
4.84865832e+001	1.84017832e-008	1.81655394e-008	2.93918446e-009	
4.85867621e+001	1.78751896e-008	-1.76538723e-008	2.80413929e-009	
4.86869410e+001	4.82528315e-008	-4.81455866e-008	3.21531344e-009	
4.87871199e+001	7.09378348e-008	-7.08510363e-008	3.50814396e-009	
4.88872987e+001	9.35752950e-008	-9.35070075e-008	3.57426514e-009	
4.89874776e+001	1.16220007e-007	-1.16162979e-007	3.64038632e-009	
4.90876565e+001	1.35515658e-007	-1.35464275e-007	3.73145805e-009	
4.91878354e+001	1.53339419e-007	-1.53291492e-007	3.83349331e-009	
4.92880143e+001	1.71163960e-007	-1.71118710e-007	3.93552856e-009	
4.93881932e+001	1.90255525e-007	-1.90211939e-007	4.07223055e-009	
4.94883721e+001	2.06729341e-007	-2.06687629e-007	4.15263636e-009	
4.95885510e+001	2.21261708e-007	-2.21221790e-007	4.20274123e-009	
4.96887299e+001	2.35794306e-007	-2.35755950e-007	4.25284609e-009	
4.97889088e+001	2.50327096e-007	-2.50290111e-007	4.30295096e-009	
4.98890877e+001	2.65195874e-007	-2.65160098e-007	4.35589222e-009	
4.99892665e+001	2.80555704e-007	-2.80520995e-007	4.41297969e-009	
5.00894454e+001	2.92542706e-007	-2.92508920e-007	4.44601289e-009	
5.01896243e+001	3.03415253e-007	-3.03382351e-007	4.46817429e-009	
5.02898032e+001	3.14287862e-007	-3.14255782e-007	4.49033569e-009	
5.03899821e+001	3.25160527e-007	-3.25129214e-007	4.51249708e-009	
5.04901610e+001	3.36033244e-007	-3.36002645e-007	4.53465848e-009	
5.05903399e+001	3.46906006e-007	-3.46876077e-007	4.55681988e-009	
5.06905188e+001	3.57778811e-007	-3.57749508e-007	4.57898127e-009	
5.07906977e+001	3.67887834e-007	-3.67859175e-007	4.59195885e-009	
5.08908766e+001	3.76793337e-007	-3.76765398e-007	4.58843280e-009	
5.09910555e+001	3.85698872e-007	-3.85671620e-007	4.58490675e-009	
5.10912343e+001	3.94604439e-007	-3.94577843e-007	4.58138070e-009	
5.11914132e+001	4.01780723e-007	-4.01754642e-007	4.57790507e-009	
5.12915921e+001	4.08518148e-007	-4.08492538e-007	4.57428139e-009	
5.13917710e+001	4.14153235e-007	-4.14128139e-007	4.55917357e-009	
5.14919499e+001	4.19788335e-007	-4.19763741e-007	4.54406574e-009	
5.15921288e+001	4.25815050e-007	-4.25790856e-007	4.53912493e-009	
5.16923077e+001	4.31882745e-007	-4.31858931e-007	4.53524776e-009	
5.17924866e+001	4.37950450e-007	-4.37927007e-007	4.53137060e-009	
5.18926655e+001	4.43483400e-007	-4.43460359e-007	4.52064347e-009	
5.19928444e+001	4.48254195e-007	-4.48231508e-007	4.50982212e-009	
5.20930233e+001	4.52837247e-007	-4.52814880e-007	4.50074663e-009	
5.21932021e+001	4.57420305e-007	-4.57398251e-007	4.49167114e-009	
5.22933810e+001	4.60335247e-007	-4.60313486e-007	4.47602329e-009	
5.23935599e+001	4.63561912e-007	-4.63540424e-007	4.46343838e-009	
5.24937388e+001	4.67109167e-007	-4.67087936e-007	4.45353648e-009	
5.25939177e+001	4.70656425e-007	-4.70635448e-007	4.44363458e-009	
5.26940966e+001	4.74195376e-007	-4.74174648e-007	4.43367976e-009	
5.27942755e+001	4.76950636e-007	-4.76930115e-007	4.42436800e-009	
5.28944544e+001	4.79681384e-007	-4.79661062e-007	4.41533272e-009	
5.29946333e+001	4.82412133e-007	-4.82392010e-007	4.40629744e-009	
5.30948122e+001	4.85142886e-007	-4.85122957e-007	4.39726215e-009	
5.31949911e+001	4.87685611e-007	-4.87665873e-007	4.38758158e-009	
5.32951699e+001	4.89799943e-007	-4.89780391e-007	4.37643082e-009	
5.33953488e+001	4.91914277e-007	-4.91894908e-007	4.36528006e-009	
5.34955277e+001	4.94028613e-007	-4.94009425e-007	4.35412930e-009	
5.35957066e+001	4.96417775e-007	-4.96398760e-007	4.34493875e-009	
5.36958855e+001	4.98616253e-007	-4.98597378e-007	4.33848421e-009	
5.37960644e+001	4.99973071e-007	-4.99954301e-007	4.33228225e-009	
5.38962433e+001	5.01367071e-007	-5.01348413e-007	4.32532238e-009	
5.39964222e+001	5.02787315e-007	-5.02768774e-007	4.31782757e-009	
5.40966011e+001	5.04207560e-007	-5.04189135e-007	4.31033276e-009	
5.41967800e+001	5.05444114e-007	-5.05425793e-007	4.30347687e-009	
5.42969589e+001	5.06574113e-007	-5.06555889e-007	4.29699161e-009	
5.43971377e+001	5.07676001e-007	-5.07657861e-007	4.29166294e-009	
5.44973166e+001	5.08761239e-007	-5.08743176e-007	4.28701930e-009	
5.45974955e+001	5.09846477e-007	-5.09828492e-007	4.28237566e-009	
5.46976744e+001	5.10640990e-007	-5.10623073e-007	4.27760620e-009	
5.47978533e+001	5.11339671e-007	-5.11321819e-007	4.27279526e-009	
5.48980322e+001	5.12038352e-007	-5.12020564e-007	4.26798433e-009	
5.49982111e+001	5.12521639e-007	-5.12503898e-007	4.26433432e-009	
5.50983900e+001	5.12862647e-007	-5.12844942e-007	4.26145115e-009	
5.51985689e+001	5.13203656e-007	-5.13185987e-007	4.25856798e-009	
5.52987478e+001	5.13544664e-007	-5.13527031e-007	4.25568481e-009	
5.53989267e+001	5.13885673e-007	-5.13868075e-007	4.25280164e-009	
5.54991055e+001	5.14476880e-007	-5.14459320e-007	4.25064754e-009	
5.55992844e+001	5.15080356e-007	-5.15062835e-007	4.24852852e-009	
5.56994633e+001	5.15621576e-007	-5.15604087e-007	4.24673223e-009	
5.57996422e+001	5.15653817e-007	-5.15636335e-007	4.24612379e-009	
5.58998211e+001	5.15803870e-007	-5.15786397e-007	4.24556638e-009	
5.60000000e+001	5.15751462e-007	-5.15733987e-007	4.24557630e-009	
