% Column 0: Length, cm
% Column 1: |B.n|, Tesla
% Column 2: Re[B.n], Tesla
% Column 3: Im[B.n], Tesla
0.00000000e+000	3.43090307e-016	-3.43090225e-016	-2.37323781e-019	
1.00178891e-001	3.39131378e-015	-3.39131303e-015	-2.25856637e-018	
2.00357782e-001	5.44365639e-015	-5.44365518e-015	-3.61815045e-018	
3.00536673e-001	9.52310544e-015	-9.52310339e-015	-6.25702742e-018	
4.00715564e-001	9.52310544e-015	-9.52310339e-015	-6.25702742e-018	
5.00894454e-001	1.53515539e-014	-1.53515508e-014	-9.68259666e-018	
6.01073345e-001	1.53515539e-014	-1.53515508e-014	-9.68259666e-018	
7.01252236e-001	1.53515539e-014	-1.53515508e-014	-9.68259666e-018	
8.01431127e-001	1.53515539e-014	-1.53515508e-014	-9.68259666e-018	
9.01610018e-001	4.48131742e-014	-4.48131732e-014	-9.29088868e-018	
1.00178891e+000	4.48131742e-014	-4.48131732e-014	-9.29088868e-018	
1.10196780e+000	4.48131742e-014	-4.48131732e-014	-9.29088868e-018	
1.20214669e+000	4.48131742e-014	-4.48131732e-014	-9.29088868e-018	
1.30232558e+000	4.48131742e-014	-4.48131732e-014	-9.29088868e-018	
1.40250447e+000	4.48131742e-014	-4.48131732e-014	-9.29088868e-018	
1.50268336e+000	4.48131742e-014	-4.48131732e-014	-9.29088868e-018	
1.60286225e+000	4.48131742e-014	-4.48131732e-014	-9.29088868e-018	
1.70304114e+000	4.48131742e-014	-4.48131732e-014	-9.29088868e-018	
1.80322004e+000	5.17295113e-014	-5.17295112e-014	3.71383831e-018	
1.90339893e+000	5.17295113e-014	-5.17295112e-014	3.71383831e-018	
2.00357782e+000	5.17295113e-014	-5.17295112e-014	3.71383831e-018	
2.10375671e+000	5.17295113e-014	-5.17295112e-014	3.71383831e-018	
2.20393560e+000	7.25769812e-014	-7.25769642e-014	4.96665136e-017	
2.30411449e+000	7.25769812e-014	-7.25769642e-014	4.96665136e-017	
2.40429338e+000	7.25769812e-014	-7.25769642e-014	4.96665136e-017	
2.50447227e+000	7.25769812e-014	-7.25769642e-014	4.96665136e-017	
2.60465116e+000	7.25769812e-014	-7.25769642e-014	4.96665136e-017	
2.70483005e+000	8.59270458e-014	-8.59269561e-014	1.24140313e-016	
2.80500894e+000	8.59270458e-014	-8.59269561e-014	1.24140313e-016	
2.90518784e+000	8.59270458e-014	-8.59269561e-014	1.24140313e-016	
3.00536673e+000	8.59270458e-014	-8.59269561e-014	1.24140313e-016	
3.10554562e+000	8.59270458e-014	-8.59269561e-014	1.24140313e-016	
3.20572451e+000	8.59270458e-014	-8.59269561e-014	1.24140313e-016	
3.30590340e+000	8.59270458e-014	-8.59269561e-014	1.24140313e-016	
3.40608229e+000	8.59270458e-014	-8.59269561e-014	1.24140313e-016	
3.50626118e+000	8.59270458e-014	-8.59269561e-014	1.24140313e-016	
3.60644007e+000	1.26990002e-013	-1.26989667e-013	2.91741077e-016	
3.70661896e+000	1.26990002e-013	-1.26989667e-013	2.91741077e-016	
3.80679785e+000	1.26990002e-013	-1.26989667e-013	2.91741077e-016	
3.90697674e+000	1.26990002e-013	-1.26989667e-013	2.91741077e-016	
4.00715564e+000	1.47312714e-013	-1.47311856e-013	5.02956641e-016	
4.10733453e+000	1.47312714e-013	-1.47311856e-013	5.02956641e-016	
4.20751342e+000	1.47312714e-013	-1.47311856e-013	5.02956641e-016	
4.30769231e+000	1.47312714e-013	-1.47311856e-013	5.02956641e-016	
4.40787120e+000	1.47312714e-013	-1.47311856e-013	5.02956641e-016	
4.50805009e+000	1.47312714e-013	-1.47311856e-013	5.02956641e-016	
4.60822898e+000	1.47312714e-013	-1.47311856e-013	5.02956641e-016	
4.70840787e+000	1.47312714e-013	-1.47311856e-013	5.02956641e-016	
4.80858676e+000	1.47312714e-013	-1.47311856e-013	5.02956641e-016	
4.90876565e+000	1.79373578e-013	-1.79371953e-013	7.63457039e-016	
5.00894454e+000	1.79373578e-013	-1.79371953e-013	7.63457039e-016	
5.10912343e+000	1.79373578e-013	-1.79371953e-013	7.63457039e-016	
5.20930233e+000	1.79373578e-013	-1.79371953e-013	7.63457039e-016	
5.30948122e+000	1.92958032e-013	-1.92955446e-013	9.98912952e-016	
5.40966011e+000	1.92958032e-013	-1.92955446e-013	9.98912952e-016	
5.50983900e+000	1.92958032e-013	-1.92955446e-013	9.98912952e-016	
5.61001789e+000	1.92958032e-013	-1.92955446e-013	9.98912952e-016	
5.71019678e+000	1.58344723e-013	-1.58341736e-013	9.72655035e-016	
5.81037567e+000	1.58344723e-013	-1.58341736e-013	9.72655035e-016	
5.91055456e+000	1.58344723e-013	-1.58341736e-013	9.72655035e-016	
6.01073345e+000	1.58344723e-013	-1.58341736e-013	9.72655035e-016	
6.11091234e+000	1.58344723e-013	-1.58341736e-013	9.72655035e-016	
6.21109123e+000	1.58344723e-013	-1.58341736e-013	9.72655035e-016	
6.31127013e+000	1.58344723e-013	-1.58341736e-013	9.72655035e-016	
6.41144902e+000	1.58344723e-013	-1.58341736e-013	9.72655035e-016	
6.51162791e+000	1.58344723e-013	-1.58341736e-013	9.72655035e-016	
6.61180680e+000	1.74053679e-013	-1.74049776e-013	1.16561209e-015	
6.71198569e+000	1.74053679e-013	-1.74049776e-013	1.16561209e-015	
6.81216458e+000	1.74053679e-013	-1.74049776e-013	1.16561209e-015	
6.91234347e+000	1.74053679e-013	-1.74049776e-013	1.16561209e-015	
7.01252236e+000	1.66144991e-013	-1.66141523e-013	1.07341379e-015	
7.11270125e+000	1.66144991e-013	-1.66141523e-013	1.07341379e-015	
7.21288014e+000	1.66144991e-013	-1.66141523e-013	1.07341379e-015	
7.31305903e+000	1.66144991e-013	-1.66141523e-013	1.07341379e-015	
7.41323792e+000	1.66144991e-013	-1.66141523e-013	1.07341379e-015	
7.51341682e+000	1.17254938e-013	-1.17252942e-013	6.84282444e-016	
7.61359571e+000	1.17254938e-013	-1.17252942e-013	6.84282444e-016	
7.71377460e+000	1.17254938e-013	-1.17252942e-013	6.84282444e-016	
7.81395349e+000	1.17254938e-013	-1.17252942e-013	6.84282444e-016	
7.91413238e+000	8.54989728e-014	-8.54989724e-014	8.62507303e-018	
8.01431127e+000	8.54989728e-014	-8.54989724e-014	8.62507303e-018	
8.11449016e+000	8.54989728e-014	-8.54989724e-014	8.62507303e-018	
8.21466905e+000	8.54989728e-014	-8.54989724e-014	8.62507303e-018	
8.31484794e+000	8.54989728e-014	-8.54989724e-014	8.62507303e-018	
8.41502683e+000	2.36979473e-014	-2.36617049e-014	-1.31012499e-015	
8.51520572e+000	2.36979473e-014	-2.36617049e-014	-1.31012499e-015	
8.61538462e+000	2.36979473e-014	-2.36617049e-014	-1.31012499e-015	
8.71556351e+000	2.36979473e-014	-2.36617049e-014	-1.31012499e-015	
8.81574240e+000	6.41881963e-014	6.41189488e-014	-2.98076316e-015	
8.91592129e+000	6.41881963e-014	6.41189488e-014	-2.98076316e-015	
9.01610018e+000	6.41881963e-014	6.41189488e-014	-2.98076316e-015	
9.11627907e+000	6.41881963e-014	6.41189488e-014	-2.98076316e-015	
9.21645796e+000	6.41881963e-014	6.41189488e-014	-2.98076316e-015	
9.31663685e+000	6.41881963e-014	6.41189488e-014	-2.98076316e-015	
9.41681574e+000	6.41881963e-014	6.41189488e-014	-2.98076316e-015	
9.51699463e+000	6.41881963e-014	6.41189488e-014	-2.98076316e-015	
9.61717352e+000	6.41881963e-014	6.41189488e-014	-2.98076316e-015	
9.71735242e+000	1.56642860e-013	1.56561666e-013	-5.04284165e-015	
9.81753131e+000	1.56642860e-013	1.56561666e-013	-5.04284165e-015	
9.91771020e+000	1.56642860e-013	1.56561666e-013	-5.04284165e-015	
1.00178891e+001	1.56642860e-013	1.56561666e-013	-5.04284165e-015	
1.01180680e+001	3.03898216e-013	3.03773895e-013	-8.69174946e-015	
1.02182469e+001	3.03898216e-013	3.03773895e-013	-8.69174946e-015	
1.03184258e+001	3.03898216e-013	3.03773895e-013	-8.69174946e-015	
1.04186047e+001	3.03898216e-013	3.03773895e-013	-8.69174946e-015	
1.05187835e+001	5.03169091e-013	5.03019450e-013	-1.22705702e-014	
1.06189624e+001	5.03169091e-013	5.03019450e-013	-1.22705702e-014	
1.07191413e+001	5.03169091e-013	5.03019450e-013	-1.22705702e-014	
1.08193202e+001	5.03169091e-013	5.03019450e-013	-1.22705702e-014	
1.09194991e+001	5.03169091e-013	5.03019450e-013	-1.22705702e-014	
1.10196780e+001	6.48450881e-013	6.48302287e-013	-1.38812745e-014	
1.11198569e+001	6.48450881e-013	6.48302287e-013	-1.38812745e-014	
1.12200358e+001	6.48450881e-013	6.48302287e-013	-1.38812745e-014	
1.13202147e+001	6.48450881e-013	6.48302287e-013	-1.38812745e-014	
1.14203936e+001	6.48450881e-013	6.48302287e-013	-1.38812745e-014	
1.15205725e+001	6.48450881e-013	6.48302287e-013	-1.38812745e-014	
1.16207513e+001	6.48450881e-013	6.48302287e-013	-1.38812745e-014	
1.17209302e+001	6.48450881e-013	6.48302287e-013	-1.38812745e-014	
1.18211091e+001	1.30895169e-012	1.30874451e-012	-2.32881138e-014	
1.19212880e+001	1.30895169e-012	1.30874451e-012	-2.32881138e-014	
1.20214669e+001	1.30895169e-012	1.30874451e-012	-2.32881138e-014	
1.21216458e+001	1.30895169e-012	1.30874451e-012	-2.32881138e-014	
1.22218247e+001	1.30895169e-012	1.30874451e-012	-2.32881138e-014	
1.23220036e+001	1.98925195e-012	1.98906226e-012	-2.74710082e-014	
1.24221825e+001	1.98925195e-012	1.98906226e-012	-2.74710082e-014	
1.25223614e+001	1.98925195e-012	1.98906226e-012	-2.74710082e-014	
1.26225403e+001	1.98925195e-012	1.98906226e-012	-2.74710082e-014	
1.27227191e+001	1.98925195e-012	1.98906226e-012	-2.74710082e-014	
1.28228980e+001	1.98925195e-012	1.98906226e-012	-2.74710082e-014	
1.29230769e+001	1.98925195e-012	1.98906226e-012	-2.74710082e-014	
1.30232558e+001	1.98925195e-012	1.98906226e-012	-2.74710082e-014	
1.31234347e+001	1.98925195e-012	1.98906226e-012	-2.74710082e-014	
1.32236136e+001	3.86695311e-012	3.86678931e-012	-3.55919369e-014	
1.33237925e+001	3.86695311e-012	3.86678931e-012	-3.55919369e-014	
1.34239714e+001	3.86695311e-012	3.86678931e-012	-3.55919369e-014	
1.35241503e+001	3.86695311e-012	3.86678931e-012	-3.55919369e-014	
1.36243292e+001	3.86695311e-012	3.86678931e-012	-3.55919369e-014	
1.37245081e+001	3.86695311e-012	3.86678931e-012	-3.55919369e-014	
1.38246869e+001	3.86695311e-012	3.86678931e-012	-3.55919369e-014	
1.39248658e+001	3.86695311e-012	3.86678931e-012	-3.55919369e-014	
1.40250447e+001	4.71868975e-012	4.71856539e-012	-3.42574455e-014	
1.41252236e+001	4.71868975e-012	4.71856539e-012	-3.42574455e-014	
1.42254025e+001	4.71868975e-012	4.71856539e-012	-3.42574455e-014	
1.43255814e+001	4.71868975e-012	4.71856539e-012	-3.42574455e-014	
1.44257603e+001	4.71868975e-012	4.71856539e-012	-3.42574455e-014	
1.45259392e+001	7.68810318e-012	7.68802421e-012	-3.48444414e-014	
1.46261181e+001	7.68810318e-012	7.68802421e-012	-3.48444414e-014	
1.47262970e+001	7.68810318e-012	7.68802421e-012	-3.48444414e-014	
1.48264758e+001	7.68810318e-012	7.68802421e-012	-3.48444414e-014	
1.49266547e+001	8.58539640e-012	8.58536720e-012	-2.23913352e-014	
1.50268336e+001	8.58539640e-012	8.58536720e-012	-2.23913352e-014	
1.51270125e+001	8.58539640e-012	8.58536720e-012	-2.23913352e-014	
1.52271914e+001	8.58539640e-012	8.58536720e-012	-2.23913352e-014	
1.53273703e+001	9.52350893e-012	9.52350188e-012	-1.15847297e-014	
1.54275492e+001	9.52350893e-012	9.52350188e-012	-1.15847297e-014	
1.55277281e+001	9.52350893e-012	9.52350188e-012	-1.15847297e-014	
1.56279070e+001	9.52350893e-012	9.52350188e-012	-1.15847297e-014	
1.57280859e+001	9.52350893e-012	9.52350188e-012	-1.15847297e-014	
1.58282648e+001	1.58538686e-011	1.58538683e-011	3.02725604e-015	
1.59284436e+001	1.58538686e-011	1.58538683e-011	3.02725604e-015	
1.60286225e+001	1.58538686e-011	1.58538683e-011	3.02725604e-015	
1.61288014e+001	1.58538686e-011	1.58538683e-011	3.02725604e-015	
1.62289803e+001	1.63007322e-011	1.63007265e-011	1.35845145e-014	
1.63291592e+001	1.63007322e-011	1.63007265e-011	1.35845145e-014	
1.64293381e+001	1.63007322e-011	1.63007265e-011	1.35845145e-014	
1.65295170e+001	1.63007322e-011	1.63007265e-011	1.35845145e-014	
1.66296959e+001	1.60512305e-011	1.60512234e-011	1.50795184e-014	
1.67298748e+001	1.60512305e-011	1.60512234e-011	1.50795184e-014	
1.68300537e+001	1.60512305e-011	1.60512234e-011	1.50795184e-014	
1.69302326e+001	1.60512305e-011	1.60512234e-011	1.50795184e-014	
1.70304114e+001	1.60512305e-011	1.60512234e-011	1.50795184e-014	
1.71305903e+001	1.55732961e-011	1.55732940e-011	8.03585080e-015	
1.72307692e+001	1.55732961e-011	1.55732940e-011	8.03585080e-015	
1.73309481e+001	1.55732961e-011	1.55732940e-011	8.03585080e-015	
1.74311270e+001	1.55732961e-011	1.55732940e-011	8.03585080e-015	
1.75313059e+001	1.55732961e-011	1.55732940e-011	8.03585080e-015	
1.76314848e+001	1.55732961e-011	1.55732940e-011	8.03585080e-015	
1.77316637e+001	1.55732961e-011	1.55732940e-011	8.03585080e-015	
1.78318426e+001	1.55732961e-011	1.55732940e-011	8.03585080e-015	
1.79320215e+001	1.55732961e-011	1.55732940e-011	8.03585080e-015	
1.80322004e+001	1.98090609e-011	1.98090481e-011	-2.24736071e-014	
1.81323792e+001	1.98090609e-011	1.98090481e-011	-2.24736071e-014	
1.82325581e+001	1.98090609e-011	1.98090481e-011	-2.24736071e-014	
1.83327370e+001	1.98090609e-011	1.98090481e-011	-2.24736071e-014	
1.84329159e+001	1.71302948e-011	1.71302186e-011	-5.10873464e-014	
1.85330948e+001	1.71302948e-011	1.71302186e-011	-5.10873464e-014	
1.86332737e+001	1.71302948e-011	1.71302186e-011	-5.10873464e-014	
1.87334526e+001	1.71302948e-011	1.71302186e-011	-5.10873464e-014	
1.88336315e+001	1.71302948e-011	1.71302186e-011	-5.10873464e-014	
1.89338104e+001	1.71302948e-011	1.71302186e-011	-5.10873464e-014	
1.90339893e+001	1.71302948e-011	1.71302186e-011	-5.10873464e-014	
1.91341682e+001	1.71302948e-011	1.71302186e-011	-5.10873464e-014	
1.92343470e+001	1.71302948e-011	1.71302186e-011	-5.10873464e-014	
1.93345259e+001	1.93431088e-011	1.93428932e-011	-9.13417795e-014	
1.94347048e+001	1.93431088e-011	1.93428932e-011	-9.13417795e-014	
1.95348837e+001	1.93431088e-011	1.93428932e-011	-9.13417795e-014	
1.96350626e+001	1.93431088e-011	1.93428932e-011	-9.13417795e-014	
1.97352415e+001	1.50446347e-011	1.50443467e-011	-9.30918110e-014	
1.98354204e+001	1.50446347e-011	1.50443467e-011	-9.30918110e-014	
1.99355993e+001	1.50446347e-011	1.50443467e-011	-9.30918110e-014	
2.00357782e+001	1.50446347e-011	1.50443467e-011	-9.30918110e-014	
2.01359571e+001	1.03054862e-011	1.03051556e-011	-8.25385793e-014	
2.02361360e+001	1.03054862e-011	1.03051556e-011	-8.25385793e-014	
2.03363148e+001	1.03054862e-011	1.03051556e-011	-8.25385793e-014	
2.04364937e+001	1.03054862e-011	1.03051556e-011	-8.25385793e-014	
2.05366726e+001	1.03054862e-011	1.03051556e-011	-8.25385793e-014	
2.06368515e+001	5.61021071e-012	5.61001508e-012	-4.68510418e-014	
2.07370304e+001	5.61021071e-012	5.61001508e-012	-4.68510418e-014	
2.08372093e+001	5.61021071e-012	5.61001508e-012	-4.68510418e-014	
2.09373882e+001	5.61021071e-012	5.61001508e-012	-4.68510418e-014	
2.10375671e+001	5.61021071e-012	5.61001508e-012	-4.68510418e-014	
2.11377460e+001	5.61021071e-012	5.61001508e-012	-4.68510418e-014	
2.12379249e+001	5.61021071e-012	5.61001508e-012	-4.68510418e-014	
2.13381038e+001	5.61021071e-012	5.61001508e-012	-4.68510418e-014	
2.14382826e+001	1.10698247e-012	-1.10683726e-012	1.79299612e-014	
2.15384615e+001	1.10698247e-012	-1.10683726e-012	1.79299612e-014	
2.16386404e+001	1.10698247e-012	-1.10683726e-012	1.79299612e-014	
2.17388193e+001	1.10698247e-012	-1.10683726e-012	1.79299612e-014	
2.18389982e+001	1.10698247e-012	-1.10683726e-012	1.79299612e-014	
2.19391771e+001	4.70432629e-012	-4.70402170e-012	5.35315525e-014	
2.20393560e+001	4.70432629e-012	-4.70402170e-012	5.35315525e-014	
2.21395349e+001	4.70432629e-012	-4.70402170e-012	5.35315525e-014	
2.22397138e+001	4.70432629e-012	-4.70402170e-012	5.35315525e-014	
2.23398927e+001	8.40783186e-012	-8.40743204e-012	8.19939115e-014	
2.24400716e+001	8.40783186e-012	-8.40743204e-012	8.19939115e-014	
2.25402504e+001	8.40783186e-012	-8.40743204e-012	8.19939115e-014	
2.26404293e+001	8.40783186e-012	-8.40743204e-012	8.19939115e-014	
2.27406082e+001	8.40783186e-012	-8.40743204e-012	8.19939115e-014	
2.28407871e+001	1.43738789e-011	-1.43734188e-011	1.15003554e-013	
2.29409660e+001	1.43738789e-011	-1.43734188e-011	1.15003554e-013	
2.30411449e+001	1.43738789e-011	-1.43734188e-011	1.15003554e-013	
2.31413238e+001	1.43738789e-011	-1.43734188e-011	1.15003554e-013	
2.32415027e+001	1.43738789e-011	-1.43734188e-011	1.15003554e-013	
2.33416816e+001	1.43738789e-011	-1.43734188e-011	1.15003554e-013	
2.34418605e+001	1.43738789e-011	-1.43734188e-011	1.15003554e-013	
2.35420394e+001	1.43738789e-011	-1.43734188e-011	1.15003554e-013	
2.36422182e+001	1.52963184e-011	-1.52960203e-011	9.55004935e-014	
2.37423971e+001	1.52963184e-011	-1.52960203e-011	9.55004935e-014	
2.38425760e+001	1.52963184e-011	-1.52960203e-011	9.55004935e-014	
2.39427549e+001	1.52963184e-011	-1.52960203e-011	9.55004935e-014	
2.40429338e+001	1.52963184e-011	-1.52960203e-011	9.55004935e-014	
2.41431127e+001	1.84184651e-011	-1.84182847e-011	8.15162102e-014	
2.42432916e+001	1.84184651e-011	-1.84182847e-011	8.15162102e-014	
2.43434705e+001	1.84184651e-011	-1.84182847e-011	8.15162102e-014	
2.44436494e+001	1.84184651e-011	-1.84182847e-011	8.15162102e-014	
2.45438283e+001	1.83105811e-011	-1.83105318e-011	4.24911658e-014	
2.46440072e+001	1.83105811e-011	-1.83105318e-011	4.24911658e-014	
2.47441860e+001	1.83105811e-011	-1.83105318e-011	4.24911658e-014	
2.48443649e+001	1.83105811e-011	-1.83105318e-011	4.24911658e-014	
2.49445438e+001	1.87883495e-011	-1.87883322e-011	2.54791694e-014	
2.50447227e+001	1.87883495e-011	-1.87883322e-011	2.54791694e-014	
2.51449016e+001	1.87883495e-011	-1.87883322e-011	2.54791694e-014	
2.52450805e+001	1.87883495e-011	-1.87883322e-011	2.54791694e-014	
2.53452594e+001	1.87883495e-011	-1.87883322e-011	2.54791694e-014	
2.54454383e+001	1.84894288e-011	-1.84894274e-011	7.03012288e-015	
2.55456172e+001	1.84894288e-011	-1.84894274e-011	7.03012288e-015	
2.56457961e+001	1.84894288e-011	-1.84894274e-011	7.03012288e-015	
2.57459750e+001	1.84894288e-011	-1.84894274e-011	7.03012288e-015	
2.58461538e+001	1.12276245e-011	-1.12276202e-011	-9.86900196e-015	
2.59463327e+001	1.12276245e-011	-1.12276202e-011	-9.86900196e-015	
2.60465116e+001	1.12276245e-011	-1.12276202e-011	-9.86900196e-015	
2.61466905e+001	1.12276245e-011	-1.12276202e-011	-9.86900196e-015	
2.62468694e+001	1.12276245e-011	-1.12276202e-011	-9.86900196e-015	
2.63470483e+001	1.12276245e-011	-1.12276202e-011	-9.86900196e-015	
2.64472272e+001	1.12276245e-011	-1.12276202e-011	-9.86900196e-015	
2.65474061e+001	1.12276245e-011	-1.12276202e-011	-9.86900196e-015	
2.66475850e+001	1.12276245e-011	-1.12276202e-011	-9.86900196e-015	
2.67477639e+001	1.29760776e-011	-1.29760660e-011	-1.74022079e-014	
2.68479428e+001	1.29760776e-011	-1.29760660e-011	-1.74022079e-014	
2.69481216e+001	1.29760776e-011	-1.29760660e-011	-1.74022079e-014	
2.70483005e+001	1.29760776e-011	-1.29760660e-011	-1.74022079e-014	
2.71484794e+001	1.25582859e-011	-1.25582721e-011	-1.86264991e-014	
2.72486583e+001	1.25582859e-011	-1.25582721e-011	-1.86264991e-014	
2.73488372e+001	1.25582859e-011	-1.25582721e-011	-1.86264991e-014	
2.74490161e+001	1.25582859e-011	-1.25582721e-011	-1.86264991e-014	
2.75491950e+001	1.25582859e-011	-1.25582721e-011	-1.86264991e-014	
2.76493739e+001	9.43298079e-012	-9.43297161e-012	-1.31583605e-014	
2.77495528e+001	9.43298079e-012	-9.43297161e-012	-1.31583605e-014	
2.78497317e+001	8.39356844e-012	-8.39356143e-012	-1.08504299e-014	
2.79499106e+001	7.72068344e-012	-7.72067832e-012	-8.89121401e-015	
2.80500894e+001	7.11664227e-012	-7.11663822e-012	-7.58904258e-015	
2.81502683e+001	6.91615179e-012	-6.91614895e-012	-6.26951427e-015	
2.82504472e+001	6.84399530e-012	-6.84399320e-012	-5.35907840e-015	
2.83506261e+001	6.88637795e-012	-6.88637696e-012	-3.69449980e-015	
2.84508050e+001	7.25394282e-012	-7.25394257e-012	-1.88359475e-015	
2.85509839e+001	7.25394282e-012	-7.25394257e-012	-1.88359475e-015	
2.86511628e+001	7.25394282e-012	-7.25394257e-012	-1.88359475e-015	
2.87513417e+001	6.63688778e-012	-6.63688778e-012	3.51654839e-016	
2.88515206e+001	6.63688778e-012	-6.63688778e-012	3.51654839e-016	
2.89516995e+001	4.80707794e-012	-4.80707630e-012	3.97001142e-015	
2.90518784e+001	4.80707794e-012	-4.80707630e-012	3.97001142e-015	
2.91520572e+001	4.80707794e-012	-4.80707630e-012	3.97001142e-015	
2.92522361e+001	4.80707794e-012	-4.80707630e-012	3.97001142e-015	
2.93524150e+001	4.35691226e-012	-4.35690115e-012	9.83823233e-015	
2.94525939e+001	4.35691226e-012	-4.35690115e-012	9.83823233e-015	
2.95527728e+001	4.35691226e-012	-4.35690115e-012	9.83823233e-015	
2.96529517e+001	4.35691226e-012	-4.35690115e-012	9.83823233e-015	
2.97531306e+001	4.35691226e-012	-4.35690115e-012	9.83823233e-015	
2.98533095e+001	3.05957696e-012	-3.05955713e-012	1.10165172e-014	
2.99534884e+001	3.05957696e-012	-3.05955713e-012	1.10165172e-014	
3.00536673e+001	3.05957696e-012	-3.05955713e-012	1.10165172e-014	
3.01538462e+001	3.05957696e-012	-3.05955713e-012	1.10165172e-014	
3.02540250e+001	2.41823415e-012	-2.41819602e-012	1.35800302e-014	
3.03542039e+001	2.41823415e-012	-2.41819602e-012	1.35800302e-014	
3.04543828e+001	2.41823415e-012	-2.41819602e-012	1.35800302e-014	
3.05545617e+001	2.41823415e-012	-2.41819602e-012	1.35800302e-014	
3.06547406e+001	1.86623459e-012	-1.86617096e-012	1.54105699e-014	
3.07549195e+001	1.86623459e-012	-1.86617096e-012	1.54105699e-014	
3.08550984e+001	1.86623459e-012	-1.86617096e-012	1.54105699e-014	
3.09552773e+001	1.86623459e-012	-1.86617096e-012	1.54105699e-014	
3.10554562e+001	1.86623459e-012	-1.86617096e-012	1.54105699e-014	
3.11556351e+001	1.86623459e-012	-1.86617096e-012	1.54105699e-014	
3.12558140e+001	1.86623459e-012	-1.86617096e-012	1.54105699e-014	
3.13559928e+001	1.86623459e-012	-1.86617096e-012	1.54105699e-014	
3.14561717e+001	1.86623459e-012	-1.86617096e-012	1.54105699e-014	
3.15563506e+001	1.21730824e-012	-1.21723450e-012	1.33983225e-014	
3.16565295e+001	1.21730824e-012	-1.21723450e-012	1.33983225e-014	
3.17567084e+001	1.21730824e-012	-1.21723450e-012	1.33983225e-014	
3.18568873e+001	1.21730824e-012	-1.21723450e-012	1.33983225e-014	
3.19570662e+001	1.21730824e-012	-1.21723450e-012	1.33983225e-014	
3.20572451e+001	1.21730824e-012	-1.21723450e-012	1.33983225e-014	
3.21574240e+001	1.21730824e-012	-1.21723450e-012	1.33983225e-014	
3.22576029e+001	1.21730824e-012	-1.21723450e-012	1.33983225e-014	
3.23577818e+001	1.21730824e-012	-1.21723450e-012	1.33983225e-014	
3.24579606e+001	8.97053177e-013	-8.96965685e-013	1.25284728e-014	
3.25581395e+001	8.97053177e-013	-8.96965685e-013	1.25284728e-014	
3.26583184e+001	8.97053177e-013	-8.96965685e-013	1.25284728e-014	
3.27584973e+001	8.97053177e-013	-8.96965685e-013	1.25284728e-014	
3.28586762e+001	8.97053177e-013	-8.96965685e-013	1.25284728e-014	
3.29588551e+001	8.97053177e-013	-8.96965685e-013	1.25284728e-014	
3.30590340e+001	8.97053177e-013	-8.96965685e-013	1.25284728e-014	
3.31592129e+001	8.97053177e-013	-8.96965685e-013	1.25284728e-014	
3.32593918e+001	6.14682973e-013	-6.14617885e-013	8.94498719e-015	
3.33595707e+001	6.14682973e-013	-6.14617885e-013	8.94498719e-015	
3.34597496e+001	6.14682973e-013	-6.14617885e-013	8.94498719e-015	
3.35599284e+001	6.14682973e-013	-6.14617885e-013	8.94498719e-015	
3.36601073e+001	6.14682973e-013	-6.14617885e-013	8.94498719e-015	
3.37602862e+001	7.76060975e-013	-7.75982408e-013	1.10426213e-014	
3.38604651e+001	7.76060975e-013	-7.75982408e-013	1.10426213e-014	
3.39606440e+001	7.76060975e-013	-7.75982408e-013	1.10426213e-014	
3.40608229e+001	7.76060975e-013	-7.75982408e-013	1.10426213e-014	
3.41610018e+001	5.72032355e-013	-5.71980513e-013	7.70120752e-015	
3.42611807e+001	5.72032355e-013	-5.71980513e-013	7.70120752e-015	
3.43613596e+001	5.72032355e-013	-5.71980513e-013	7.70120752e-015	
3.44615385e+001	5.72032355e-013	-5.71980513e-013	7.70120752e-015	
3.45617174e+001	5.72032355e-013	-5.71980513e-013	7.70120752e-015	
3.46618962e+001	5.90010782e-013	-5.89963109e-013	7.50017894e-015	
3.47620751e+001	5.90010782e-013	-5.89963109e-013	7.50017894e-015	
3.48622540e+001	5.90010782e-013	-5.89963109e-013	7.50017894e-015	
3.49624329e+001	5.90010782e-013	-5.89963109e-013	7.50017894e-015	
3.50626118e+001	4.48479975e-013	-4.48450653e-013	5.12835266e-015	
3.51627907e+001	4.48479975e-013	-4.48450653e-013	5.12835266e-015	
3.52629696e+001	4.48479975e-013	-4.48450653e-013	5.12835266e-015	
3.53631485e+001	4.48479975e-013	-4.48450653e-013	5.12835266e-015	
3.54633274e+001	4.48479975e-013	-4.48450653e-013	5.12835266e-015	
3.55635063e+001	4.48479975e-013	-4.48450653e-013	5.12835266e-015	
3.56636852e+001	4.48479975e-013	-4.48450653e-013	5.12835266e-015	
3.57638640e+001	4.48479975e-013	-4.48450653e-013	5.12835266e-015	
3.58640429e+001	4.48479975e-013	-4.48450653e-013	5.12835266e-015	
3.59642218e+001	4.70818274e-013	-4.70795381e-013	4.64290253e-015	
3.60644007e+001	4.70818274e-013	-4.70795381e-013	4.64290253e-015	
3.61645796e+001	4.70818274e-013	-4.70795381e-013	4.64290253e-015	
3.62647585e+001	4.70818274e-013	-4.70795381e-013	4.64290253e-015	
3.63649374e+001	5.24050647e-013	-5.24031029e-013	4.53436577e-015	
3.64651163e+001	5.24050647e-013	-5.24031029e-013	4.53436577e-015	
3.65652952e+001	5.24050647e-013	-5.24031029e-013	4.53436577e-015	
3.66654741e+001	5.24050647e-013	-5.24031029e-013	4.53436577e-015	
3.67656530e+001	5.14210194e-013	-5.14194861e-013	3.97090722e-015	
3.68658318e+001	5.14210194e-013	-5.14194861e-013	3.97090722e-015	
3.69660107e+001	5.14210194e-013	-5.14194861e-013	3.97090722e-015	
3.70661896e+001	5.14210194e-013	-5.14194861e-013	3.97090722e-015	
3.71663685e+001	5.14210194e-013	-5.14194861e-013	3.97090722e-015	
3.72665474e+001	4.95095546e-013	-4.95083481e-013	3.45640912e-015	
3.73667263e+001	4.95095546e-013	-4.95083481e-013	3.45640912e-015	
3.74669052e+001	4.95095546e-013	-4.95083481e-013	3.45640912e-015	
3.75670841e+001	4.95095546e-013	-4.95083481e-013	3.45640912e-015	
3.76672630e+001	4.79451502e-013	-4.79441124e-013	3.15461825e-015	
3.77674419e+001	4.79451502e-013	-4.79441124e-013	3.15461825e-015	
3.78676208e+001	4.79451502e-013	-4.79441124e-013	3.15461825e-015	
3.79677996e+001	4.79451502e-013	-4.79441124e-013	3.15461825e-015	
3.80679785e+001	4.46676664e-013	-4.46667587e-013	2.84751360e-015	
3.81681574e+001	4.46676664e-013	-4.46667587e-013	2.84751360e-015	
3.82683363e+001	4.46676664e-013	-4.46667587e-013	2.84751360e-015	
3.83685152e+001	4.46676664e-013	-4.46667587e-013	2.84751360e-015	
3.84686941e+001	4.46676664e-013	-4.46667587e-013	2.84751360e-015	
3.85688730e+001	4.74007523e-013	-4.73996860e-013	3.17935789e-015	
3.86690519e+001	4.74007523e-013	-4.73996860e-013	3.17935789e-015	
3.87692308e+001	4.74007523e-013	-4.73996860e-013	3.17935789e-015	
3.88694097e+001	4.74007523e-013	-4.73996860e-013	3.17935789e-015	
3.89695886e+001	4.74007523e-013	-4.73996860e-013	3.17935789e-015	
3.90697674e+001	4.74007523e-013	-4.73996860e-013	3.17935789e-015	
3.91699463e+001	4.74007523e-013	-4.73996860e-013	3.17935789e-015	
3.92701252e+001	4.74007523e-013	-4.73996860e-013	3.17935789e-015	
3.93703041e+001	4.74007523e-013	-4.73996860e-013	3.17935789e-015	
3.94704830e+001	4.25690628e-013	-4.25675282e-013	3.61455847e-015	
3.95706619e+001	4.25690628e-013	-4.25675282e-013	3.61455847e-015	
3.96708408e+001	4.25690628e-013	-4.25675282e-013	3.61455847e-015	
3.97710197e+001	4.25690628e-013	-4.25675282e-013	3.61455847e-015	
3.98711986e+001	3.93285564e-013	-3.93266002e-013	3.92253280e-015	
3.99713775e+001	3.93285564e-013	-3.93266002e-013	3.92253280e-015	
4.00715564e+001	3.93285564e-013	-3.93266002e-013	3.92253280e-015	
4.01717352e+001	3.93285564e-013	-3.93266002e-013	3.92253280e-015	
4.02719141e+001	3.40368206e-013	-3.40344053e-013	4.05480498e-015	
4.03720930e+001	3.40368206e-013	-3.40344053e-013	4.05480498e-015	
4.04722719e+001	3.40368206e-013	-3.40344053e-013	4.05480498e-015	
4.05724508e+001	3.40368206e-013	-3.40344053e-013	4.05480498e-015	
4.06726297e+001	3.40368206e-013	-3.40344053e-013	4.05480498e-015	
4.07728086e+001	2.15565527e-013	-2.15541347e-013	3.22861315e-015	
4.08729875e+001	2.15565527e-013	-2.15541347e-013	3.22861315e-015	
4.09731664e+001	2.15565527e-013	-2.15541347e-013	3.22861315e-015	
4.10733453e+001	2.15565527e-013	-2.15541347e-013	3.22861315e-015	
4.11735242e+001	2.15565527e-013	-2.15541347e-013	3.22861315e-015	
4.12737030e+001	2.15565527e-013	-2.15541347e-013	3.22861315e-015	
4.13738819e+001	2.15565527e-013	-2.15541347e-013	3.22861315e-015	
4.14740608e+001	2.15565527e-013	-2.15541347e-013	3.22861315e-015	
4.15742397e+001	1.88040264e-013	-1.88009695e-013	3.39050130e-015	
4.16744186e+001	1.88040264e-013	-1.88009695e-013	3.39050130e-015	
4.17745975e+001	1.88040264e-013	-1.88009695e-013	3.39050130e-015	
4.18747764e+001	1.88040264e-013	-1.88009695e-013	3.39050130e-015	
4.19749553e+001	1.88040264e-013	-1.88009695e-013	3.39050130e-015	
4.20751342e+001	1.42353686e-013	-1.42318334e-013	3.17233270e-015	
4.21753131e+001	1.42353686e-013	-1.42318334e-013	3.17233270e-015	
4.22754919e+001	1.42353686e-013	-1.42318334e-013	3.17233270e-015	
4.23756708e+001	1.42353686e-013	-1.42318334e-013	3.17233270e-015	
4.24758497e+001	9.32656003e-014	-9.32366525e-014	2.32353690e-015	
4.25760286e+001	9.32656003e-014	-9.32366525e-014	2.32353690e-015	
4.26762075e+001	9.32656003e-014	-9.32366525e-014	2.32353690e-015	
4.27763864e+001	9.32656003e-014	-9.32366525e-014	2.32353690e-015	
4.28765653e+001	9.32656003e-014	-9.32366525e-014	2.32353690e-015	
4.29767442e+001	9.32656003e-014	-9.32366525e-014	2.32353690e-015	
4.30769231e+001	9.32656003e-014	-9.32366525e-014	2.32353690e-015	
4.31771020e+001	9.32656003e-014	-9.32366525e-014	2.32353690e-015	
4.32772809e+001	9.32656003e-014	-9.32366525e-014	2.32353690e-015	
4.33774597e+001	7.16229550e-014	-7.15943440e-014	2.02424833e-015	
4.34776386e+001	7.16229550e-014	-7.15943440e-014	2.02424833e-015	
4.35778175e+001	7.16229550e-014	-7.15943440e-014	2.02424833e-015	
4.36779964e+001	7.16229550e-014	-7.15943440e-014	2.02424833e-015	
4.37781753e+001	4.63081356e-014	-4.62832841e-014	1.51691772e-015	
4.38783542e+001	4.63081356e-014	-4.62832841e-014	1.51691772e-015	
4.39785331e+001	4.63081356e-014	-4.62832841e-014	1.51691772e-015	
4.40787120e+001	4.63081356e-014	-4.62832841e-014	1.51691772e-015	
4.41788909e+001	4.63081356e-014	-4.62832841e-014	1.51691772e-015	
4.42790698e+001	2.83150244e-014	-2.82945613e-014	1.07629346e-015	
4.43792487e+001	2.83150244e-014	-2.82945613e-014	1.07629346e-015	
4.44794275e+001	2.83150244e-014	-2.82945613e-014	1.07629346e-015	
4.45796064e+001	2.83150244e-014	-2.82945613e-014	1.07629346e-015	
4.46797853e+001	1.69119811e-014	-1.68950801e-014	7.55890439e-016	
4.47799642e+001	1.69119811e-014	-1.68950801e-014	7.55890439e-016	
4.48801431e+001	1.69119811e-014	-1.68950801e-014	7.55890439e-016	
4.49803220e+001	1.69119811e-014	-1.68950801e-014	7.55890439e-016	
4.50805009e+001	9.65703709e-015	-9.64110075e-015	5.54564395e-016	
4.51806798e+001	9.65703709e-015	-9.64110075e-015	5.54564395e-016	
4.52808587e+001	9.65703709e-015	-9.64110075e-015	5.54564395e-016	
4.53810376e+001	9.65703709e-015	-9.64110075e-015	5.54564395e-016	
4.54812165e+001	9.65703709e-015	-9.64110075e-015	5.54564395e-016	
4.55813953e+001	7.92416214e-016	-7.35605648e-016	2.94631613e-016	
4.56815742e+001	7.92416214e-016	-7.35605648e-016	2.94631613e-016	
4.57817531e+001	7.92416214e-016	-7.35605648e-016	2.94631613e-016	
4.58819320e+001	7.92416214e-016	-7.35605648e-016	2.94631613e-016	
4.59821109e+001	7.92416214e-016	-7.35605648e-016	2.94631613e-016	
4.60822898e+001	7.92416214e-016	-7.35605648e-016	2.94631613e-016	
4.61824687e+001	7.92416214e-016	-7.35605648e-016	2.94631613e-016	
4.62826476e+001	7.92416214e-016	-7.35605648e-016	2.94631613e-016	
4.63828265e+001	1.18902195e-014	1.18900448e-014	-6.44473692e-017	
4.64830054e+001	1.18902195e-014	1.18900448e-014	-6.44473692e-017	
4.65831843e+001	1.18902195e-014	1.18900448e-014	-6.44473692e-017	
4.66833631e+001	1.18902195e-014	1.18900448e-014	-6.44473692e-017	
4.67835420e+001	1.18902195e-014	1.18900448e-014	-6.44473692e-017	
4.68837209e+001	2.00458632e-014	2.00444403e-014	-2.38840953e-016	
4.69838998e+001	2.00458632e-014	2.00444403e-014	-2.38840953e-016	
4.70840787e+001	2.00458632e-014	2.00444403e-014	-2.38840953e-016	
4.71842576e+001	2.00458632e-014	2.00444403e-014	-2.38840953e-016	
4.72844365e+001	2.47164078e-014	2.47142152e-014	-3.29214471e-016	
4.73846154e+001	2.47164078e-014	2.47142152e-014	-3.29214471e-016	
4.74847943e+001	2.47164078e-014	2.47142152e-014	-3.29214471e-016	
4.75849732e+001	2.47164078e-014	2.47142152e-014	-3.29214471e-016	
4.76851521e+001	2.47164078e-014	2.47142152e-014	-3.29214471e-016	
4.77853309e+001	2.47164078e-014	2.47142152e-014	-3.29214471e-016	
4.78855098e+001	2.47164078e-014	2.47142152e-014	-3.29214471e-016	
4.79856887e+001	2.47164078e-014	2.47142152e-014	-3.29214471e-016	
4.80858676e+001	2.47164078e-014	2.47142152e-014	-3.29214471e-016	
4.81860465e+001	3.58343312e-014	3.58315408e-014	-4.47183260e-016	
4.82862254e+001	3.58343312e-014	3.58315408e-014	-4.47183260e-016	
4.83864043e+001	3.58343312e-014	3.58315408e-014	-4.47183260e-016	
4.84865832e+001	3.58343312e-014	3.58315408e-014	-4.47183260e-016	
4.85867621e+001	4.17817134e-014	4.17791848e-014	-4.59663121e-016	
4.86869410e+001	4.17817134e-014	4.17791848e-014	-4.59663121e-016	
4.87871199e+001	4.17817134e-014	4.17791848e-014	-4.59663121e-016	
4.88872987e+001	4.17817134e-014	4.17791848e-014	-4.59663121e-016	
4.89874776e+001	4.17817134e-014	4.17791848e-014	-4.59663121e-016	
4.90876565e+001	4.87856971e-014	4.87834388e-014	-4.69395735e-016	
4.91878354e+001	4.87856971e-014	4.87834388e-014	-4.69395735e-016	
4.92880143e+001	4.87856971e-014	4.87834388e-014	-4.69395735e-016	
4.93881932e+001	4.87856971e-014	4.87834388e-014	-4.69395735e-016	
4.94883721e+001	4.16645311e-014	4.16630696e-014	-3.48970394e-016	
4.95885510e+001	4.16645311e-014	4.16630696e-014	-3.48970394e-016	
4.96887299e+001	4.16645311e-014	4.16630696e-014	-3.48970394e-016	
4.97889088e+001	4.16645311e-014	4.16630696e-014	-3.48970394e-016	
4.98890877e+001	4.16645311e-014	4.16630696e-014	-3.48970394e-016	
4.99892665e+001	4.16645311e-014	4.16630696e-014	-3.48970394e-016	
5.00894454e+001	4.16645311e-014	4.16630696e-014	-3.48970394e-016	
5.01896243e+001	4.16645311e-014	4.16630696e-014	-3.48970394e-016	
5.02898032e+001	4.16645311e-014	4.16630696e-014	-3.48970394e-016	
5.03899821e+001	5.80460321e-014	5.80448269e-014	-3.74051468e-016	
5.04901610e+001	5.80460321e-014	5.80448269e-014	-3.74051468e-016	
5.05903399e+001	5.80460321e-014	5.80448269e-014	-3.74051468e-016	
5.06905188e+001	5.80460321e-014	5.80448269e-014	-3.74051468e-016	
5.07906977e+001	4.52990305e-014	4.52982929e-014	-2.58496914e-016	
5.08908766e+001	4.52990305e-014	4.52982929e-014	-2.58496914e-016	
5.09910555e+001	4.52990305e-014	4.52982929e-014	-2.58496914e-016	
5.10912343e+001	4.52990305e-014	4.52982929e-014	-2.58496914e-016	
5.11914132e+001	3.98492547e-014	3.98487868e-014	-1.93119849e-016	
5.12915921e+001	3.98492547e-014	3.98487868e-014	-1.93119849e-016	
5.13917710e+001	3.98492547e-014	3.98487868e-014	-1.93119849e-016	
5.14919499e+001	3.98492547e-014	3.98487868e-014	-1.93119849e-016	
5.15921288e+001	3.98492547e-014	3.98487868e-014	-1.93119849e-016	
5.16923077e+001	4.00579318e-014	4.00575857e-014	-1.66520401e-016	
5.17924866e+001	4.00579318e-014	4.00575857e-014	-1.66520401e-016	
5.18926655e+001	4.00579318e-014	4.00575857e-014	-1.66520401e-016	
5.19928444e+001	4.00579318e-014	4.00575857e-014	-1.66520401e-016	
5.20930233e+001	4.00579318e-014	4.00575857e-014	-1.66520401e-016	
5.21932021e+001	4.00579318e-014	4.00575857e-014	-1.66520401e-016	
5.22933810e+001	4.00579318e-014	4.00575857e-014	-1.66520401e-016	
5.23935599e+001	4.00579318e-014	4.00575857e-014	-1.66520401e-016	
5.24937388e+001	2.31490278e-014	2.31489331e-014	-6.62149231e-017	
5.25939177e+001	2.31490278e-014	2.31489331e-014	-6.62149231e-017	
5.26940966e+001	2.31490278e-014	2.31489331e-014	-6.62149231e-017	
5.27942755e+001	2.31490278e-014	2.31489331e-014	-6.62149231e-017	
5.28944544e+001	2.31490278e-014	2.31489331e-014	-6.62149231e-017	
5.29946333e+001	2.31490278e-014	2.31489331e-014	-6.62149231e-017	
5.30948122e+001	2.31490278e-014	2.31489331e-014	-6.62149231e-017	
5.31949911e+001	2.31490278e-014	2.31489331e-014	-6.62149231e-017	
5.32951699e+001	2.31490278e-014	2.31489331e-014	-6.62149231e-017	
5.33953488e+001	2.16483303e-014	2.16482729e-014	-4.98658518e-017	
5.34955277e+001	2.16483303e-014	2.16482729e-014	-4.98658518e-017	
5.35957066e+001	2.16483303e-014	2.16482729e-014	-4.98658518e-017	
5.36958855e+001	2.16483303e-014	2.16482729e-014	-4.98658518e-017	
5.37960644e+001	2.16483303e-014	2.16482729e-014	-4.98658518e-017	
5.38962433e+001	1.37301415e-014	1.37301196e-014	-2.45099567e-017	
5.39964222e+001	1.37301415e-014	1.37301196e-014	-2.45099567e-017	
5.40966011e+001	1.37301415e-014	1.37301196e-014	-2.45099567e-017	
5.41967800e+001	1.37301415e-014	1.37301196e-014	-2.45099567e-017	
5.42969589e+001	1.37301415e-014	1.37301196e-014	-2.45099567e-017	
5.43971377e+001	1.37301415e-014	1.37301196e-014	-2.45099567e-017	
5.44973166e+001	1.37301415e-014	1.37301196e-014	-2.45099567e-017	
5.45974955e+001	1.37301415e-014	1.37301196e-014	-2.45099567e-017	
5.46976744e+001	9.88515172e-015	9.88514072e-015	-1.47475924e-017	
5.47978533e+001	9.88515172e-015	9.88514072e-015	-1.47475924e-017	
5.48980322e+001	9.88515172e-015	9.88514072e-015	-1.47475924e-017	
5.49982111e+001	9.88515172e-015	9.88514072e-015	-1.47475924e-017	
5.50983900e+001	9.88515172e-015	9.88514072e-015	-1.47475924e-017	
5.51985689e+001	5.57646297e-015	5.57645821e-015	-7.28469089e-018	
5.52987478e+001	5.57646297e-015	5.57645821e-015	-7.28469089e-018	
5.53989267e+001	5.57646297e-015	5.57645821e-015	-7.28469089e-018	
5.54991055e+001	5.57646297e-015	5.57645821e-015	-7.28469089e-018	
5.55992844e+001	2.80058452e-015	2.80058238e-015	-3.46123449e-018	
5.56994633e+001	2.80058452e-015	2.80058238e-015	-3.46123449e-018	
5.57996422e+001	1.67799172e-015	1.67799044e-015	-2.07295999e-018	
5.58998211e+001	1.04987376e-015	1.04987296e-015	-1.29625267e-018	
5.60000000e+001	1.07745343e-016	1.07745260e-016	-1.33659407e-019	
