% Column 0: Length, cm
% Column 1: |B.n|, Tesla
% Column 2: Re[B.n], Tesla
% Column 3: Im[B.n], Tesla
0.00000000e+000	2.65086378e-010	-2.64992853e-010	-7.04099109e-012	
1.00178891e-001	3.95578671e-009	-3.95431810e-009	-1.07781336e-010	
2.00357782e-001	8.06986990e-009	-8.06692638e-009	-2.17942736e-010	
3.00536673e-001	1.19470485e-008	-1.19427025e-008	-3.22218280e-010	
4.00715564e-001	1.58748442e-008	-1.58691448e-008	-4.25348319e-010	
5.00894454e-001	1.98652535e-008	-1.98582040e-008	-5.29176376e-010	
6.01073345e-001	2.40582750e-008	-2.40496033e-008	-6.45891489e-010	
7.01252236e-001	2.84111923e-008	-2.84009144e-008	-7.64141871e-010	
8.01431127e-001	3.36127774e-008	-3.36012279e-008	-8.81072373e-010	
9.01610018e-001	3.88143740e-008	-3.88015415e-008	-9.98002875e-010	
1.00178891e+000	4.40159780e-008	-4.40018550e-008	-1.11493338e-009	
1.10196780e+000	4.91962261e-008	-4.91807911e-008	-1.23225402e-009	
1.20214669e+000	5.41001940e-008	-5.40836281e-008	-1.33871604e-009	
1.30232558e+000	5.87771230e-008	-5.87598741e-008	-1.42385975e-009	
1.40250447e+000	6.34540655e-008	-6.34361202e-008	-1.50900347e-009	
1.50268336e+000	6.81310189e-008	-6.81123662e-008	-1.59414718e-009	
1.60286225e+000	7.28079809e-008	-7.27886122e-008	-1.67929089e-009	
1.70304114e+000	7.75231853e-008	-7.75029845e-008	-1.76964883e-009	
1.80322004e+000	8.31551966e-008	-8.31340193e-008	-1.87658073e-009	
1.90339893e+000	9.00144630e-008	-8.99926143e-008	-1.98315928e-009	
2.00357782e+000	9.70249243e-008	-9.70024174e-008	-2.08972613e-009	
2.10375671e+000	1.04035406e-007	-1.04012221e-007	-2.19629297e-009	
2.20393560e+000	1.11045904e-007	-1.11022024e-007	-2.30285982e-009	
2.30411449e+000	1.18826705e-007	-1.18802201e-007	-2.41304876e-009	
2.40429338e+000	1.26792579e-007	-1.26767453e-007	-2.52410787e-009	
2.50447227e+000	1.34758472e-007	-1.34732704e-007	-2.63516699e-009	
2.60465116e+000	1.43361069e-007	-1.43335443e-007	-2.71054190e-009	
2.70483005e+000	1.52296948e-007	-1.52271806e-007	-2.76724167e-009	
2.80500894e+000	1.61232901e-007	-1.61208169e-007	-2.82394144e-009	
2.90518784e+000	1.70968610e-007	-1.70944054e-007	-2.89762359e-009	
3.00536673e+000	1.82091984e-007	-1.82067688e-007	-2.97444793e-009	
3.10554562e+000	1.94531413e-007	-1.94507719e-007	-3.03611191e-009	
3.20572451e+000	2.06916287e-007	-2.06893096e-007	-3.09779037e-009	
3.30590340e+000	2.18528865e-007	-2.18506021e-007	-3.15967345e-009	
3.40608229e+000	2.30721786e-007	-2.30699806e-007	-3.18466766e-009	
3.50626118e+000	2.43215862e-007	-2.43194641e-007	-3.21282745e-009	
3.60644007e+000	2.55802511e-007	-2.55781900e-007	-3.24717321e-009	
3.70661896e+000	2.68389222e-007	-2.68369160e-007	-3.28151896e-009	
3.80679785e+000	2.80975986e-007	-2.80956419e-007	-3.31586472e-009	
3.90697674e+000	2.95387216e-007	-2.95368353e-007	-3.33817533e-009	
4.00715564e+000	3.11784501e-007	-3.11766532e-007	-3.34738511e-009	
4.10733453e+000	3.28181876e-007	-3.28164711e-007	-3.35659489e-009	
4.20751342e+000	3.44579328e-007	-3.44562890e-007	-3.36580467e-009	
4.30769231e+000	3.61229344e-007	-3.61213773e-007	-3.35394430e-009	
4.40787120e+000	3.79020838e-007	-3.79006380e-007	-3.31051958e-009	
4.50805009e+000	3.97898863e-007	-3.97885418e-007	-3.27098248e-009	
4.60822898e+000	4.16776982e-007	-4.16764455e-007	-3.23144537e-009	
4.70840787e+000	4.36508678e-007	-4.36497126e-007	-3.17560514e-009	
4.80858676e+000	4.59795908e-007	-4.59785779e-007	-3.05185105e-009	
4.90876565e+000	4.83083306e-007	-4.83074432e-007	-2.92809696e-009	
5.00894454e+000	5.06238939e-007	-5.06231146e-007	-2.80882439e-009	
5.10912343e+000	5.27505780e-007	-5.27498993e-007	-2.67591353e-009	
5.20930233e+000	5.47081572e-007	-5.47075827e-007	-2.50727269e-009	
5.30948122e+000	5.65601526e-007	-5.65596628e-007	-2.35389230e-009	
5.40966011e+000	5.84121574e-007	-5.84117429e-007	-2.20051191e-009	
5.50983900e+000	6.06196605e-007	-6.06193215e-007	-2.02724978e-009	
5.61001789e+000	6.43046001e-007	-6.43043701e-007	-1.71990907e-009	
5.71019678e+000	6.82362584e-007	-6.82361170e-007	-1.38955022e-009	
5.81037567e+000	7.21679416e-007	-7.21678639e-007	-1.05919137e-009	
5.91055456e+000	7.54521023e-007	-7.54520716e-007	-6.80576883e-010	
6.01073345e+000	7.77933112e-007	-7.77933077e-007	-2.31690661e-010	
6.11091234e+000	8.09918478e-007	-8.09918436e-007	2.58838838e-010	
6.21109123e+000	8.44332979e-007	-8.44332636e-007	7.61166409e-010	
6.31127013e+000	8.78747743e-007	-8.78746835e-007	1.26349398e-009	
6.41144902e+000	9.13162742e-007	-9.13161034e-007	1.76582155e-009	
6.51162791e+000	9.47577948e-007	-9.47575234e-007	2.26814912e-009	
6.61180680e+000	9.81064724e-007	-9.81060868e-007	2.75069890e-009	
6.71198569e+000	1.01836485e-006	-1.01835883e-006	3.49974711e-009	
6.81216458e+000	1.05281355e-006	-1.05280513e-006	4.21003173e-009	
6.91234347e+000	1.08726257e-006	-1.08725144e-006	4.92031635e-009	
7.01252236e+000	1.12171187e-006	-1.12169774e-006	5.63060096e-009	
7.11270125e+000	1.15616142e-006	-1.15614404e-006	6.34088558e-009	
7.21288014e+000	1.19046861e-006	-1.19044752e-006	7.08518746e-009	
7.31305903e+000	1.22427173e-006	-1.22424591e-006	7.94980239e-009	
7.41323792e+000	1.25807518e-006	-1.25804430e-006	8.81441733e-009	
7.51341682e+000	1.29187895e-006	-1.29184269e-006	9.67903226e-009	
7.61359571e+000	1.32568301e-006	-1.32564108e-006	1.05436472e-008	
7.71377460e+000	1.35839118e-006	-1.35834343e-006	1.13893666e-008	
7.81395349e+000	1.38240825e-006	-1.38236037e-006	1.15063136e-008	
7.91413238e+000	1.40256309e-006	-1.40251802e-006	1.12436384e-008	
8.01431127e+000	1.43855400e-006	-1.43850710e-006	1.16159846e-008	
8.11449016e+000	1.47509506e-006	-1.47504617e-006	1.20103918e-008	
8.21466905e+000	1.51163613e-006	-1.51158523e-006	1.24047990e-008	
8.31484794e+000	1.58374887e-006	-1.58372394e-006	8.88621064e-009	
8.41502683e+000	1.64375187e-006	-1.64374510e-006	4.71842741e-009	
8.51520572e+000	1.72803488e-006	-1.72803112e-006	-3.60440235e-009	
8.61538462e+000	1.83587255e-006	-1.83566555e-006	-2.75680385e-008	
8.71556351e+000	2.04698030e-006	-2.04435820e-006	-1.03575627e-007	
8.81574240e+000	1.92630261e-006	-1.92620054e-006	1.98299437e-008	
8.91592129e+000	4.63668228e-007	-3.04458436e-007	3.49704571e-007	
9.01610018e+000	9.89045136e-008	-5.03915293e-008	8.51046214e-008	
9.11627907e+000	5.43422821e-008	-2.69035601e-008	4.72152738e-008	
9.21645796e+000	3.17517815e-008	-2.06164659e-008	2.41482289e-008	
9.31663685e+000	2.08948934e-008	-1.54841816e-008	1.40298500e-008	
9.41681574e+000	1.04763065e-008	5.34042488e-009	9.01292735e-009	
9.51699463e+000	2.88187603e-009	-8.29377719e-010	2.75995327e-009	
9.61717352e+000	5.34624649e-009	-3.98313620e-009	-3.56608715e-009	
9.71735242e+000	1.16070994e-008	1.02429717e-008	-5.45951331e-009	
9.81753131e+000	1.39548446e-008	1.06050899e-008	-9.07026771e-009	
9.91771020e+000	1.81229437e-008	9.99777051e-009	-1.51157425e-008	
1.00178891e+001	3.28849335e-008	2.89924829e-008	-1.55194969e-008	
1.01180680e+001	3.60383491e-008	3.22386922e-008	-1.61068100e-008	
1.02182469e+001	3.13188673e-008	1.12613131e-008	-2.92242070e-008	
1.03184258e+001	5.39100649e-008	4.52330216e-008	-2.93303402e-008	
1.04186047e+001	5.56407671e-008	2.50955615e-008	-4.96599211e-008	
1.05187835e+001	6.97051802e-008	3.66446886e-008	-5.92956908e-008	
1.06189624e+001	9.51859656e-008	7.15732554e-008	-6.27505949e-008	
1.07191413e+001	1.34545141e-007	6.81631277e-008	-1.16000789e-007	
1.08193202e+001	4.44526973e-007	2.72184798e-007	-3.51453647e-007	
1.09194991e+001	1.77379971e-006	1.75618138e-006	-2.49383994e-007	
1.10196780e+001	2.24265557e-006	2.23410787e-006	1.95617006e-007	
1.11198569e+001	1.74663929e-006	1.74662880e-006	6.05355070e-009	
1.12200358e+001	1.61104810e-006	1.61042623e-006	-4.47588480e-008	
1.13202147e+001	1.59859761e-006	1.59673868e-006	-7.70706935e-008	
1.14203936e+001	1.62285418e-006	1.61968948e-006	-1.01299861e-007	
1.15205725e+001	1.71603196e-006	1.71177407e-006	-1.20810727e-007	
1.16207513e+001	1.84481644e-006	1.83965376e-006	-1.37919209e-007	
1.17209302e+001	2.06833765e-006	2.06337866e-006	-1.43140265e-007	
1.18211091e+001	2.27806676e-006	2.27377553e-006	-1.39760554e-007	
1.19212880e+001	2.43671454e-006	2.43209754e-006	-1.49931102e-007	
1.20214669e+001	2.52516195e-006	2.52000291e-006	-1.61332653e-007	
1.21216458e+001	2.69004586e-006	2.68304051e-006	-1.94011169e-007	
1.22218247e+001	2.80523366e-006	2.79588194e-006	-2.28866903e-007	
1.23220036e+001	2.88872835e-006	2.87655589e-006	-2.64910715e-007	
1.24221825e+001	3.01393337e-006	2.99886364e-006	-3.01017077e-007	
1.25223614e+001	3.39102879e-006	3.37115871e-006	-3.66558613e-007	
1.26225403e+001	4.16592400e-006	4.14406912e-006	-4.26161830e-007	
1.27227191e+001	5.09308786e-006	5.07031681e-006	-4.81073217e-007	
1.28228980e+001	6.15608019e-006	6.13105422e-006	-5.54524517e-007	
1.29230769e+001	7.74828626e-006	7.72193084e-006	-6.38532808e-007	
1.30232558e+001	9.48290265e-006	9.45785435e-006	-6.88791613e-007	
1.31234347e+001	1.14649998e-005	1.14362584e-005	-8.11302912e-007	
1.32236136e+001	1.46871800e-005	1.46645135e-005	-8.15658580e-007	
1.33237925e+001	1.82213623e-005	1.82096259e-005	-6.53889192e-007	
1.34239714e+001	2.21226589e-005	2.21209021e-005	-2.78796947e-007	
1.35241503e+001	2.49974646e-005	2.49974620e-005	-1.15608751e-008	
1.36243292e+001	2.61481790e-005	2.61480934e-005	6.69160747e-008	
1.37245081e+001	2.74227079e-005	2.74222168e-005	1.64113935e-007	
1.38246869e+001	2.86975300e-005	2.86963403e-005	2.61311796e-007	
1.39248658e+001	2.94567773e-005	2.94556727e-005	2.55106800e-007	
1.40250447e+001	3.02752155e-005	3.02741717e-005	2.51396254e-007	
1.41252236e+001	3.11114217e-005	3.11103451e-005	2.58811557e-007	
1.42254025e+001	3.15750562e-005	3.15740870e-005	2.47394969e-007	
1.43255814e+001	3.19164356e-005	3.19156035e-005	2.30473346e-007	
1.44257603e+001	3.21685472e-005	3.21678485e-005	2.12020021e-007	
1.45259392e+001	3.26331036e-005	3.26324486e-005	2.06749573e-007	
1.46261181e+001	3.30976620e-005	3.30970487e-005	2.01479125e-007	
1.47262970e+001	3.35622224e-005	3.35616489e-005	1.96208677e-007	
1.48264758e+001	3.41713773e-005	3.41708323e-005	1.92988304e-007	
1.49266547e+001	3.47855897e-005	3.47850717e-005	1.89839618e-007	
1.50268336e+001	3.54254363e-005	3.54249386e-005	1.87789791e-007	
1.51270125e+001	3.60929830e-005	3.60924989e-005	1.86927405e-007	
1.52271914e+001	3.67418591e-005	3.67413891e-005	1.85851534e-007	
1.53273703e+001	3.73410360e-005	3.73405826e-005	1.84008962e-007	
1.54275492e+001	3.78857127e-005	3.78852803e-005	1.81012055e-007	
1.55277281e+001	3.84303902e-005	3.84299779e-005	1.78015148e-007	
1.56279070e+001	3.89750684e-005	3.89746755e-005	1.75018241e-007	
1.57280859e+001	3.96357313e-005	3.96353539e-005	1.72971221e-007	
1.58282648e+001	4.07183913e-005	4.07180179e-005	1.74380282e-007	
1.59284436e+001	4.18010516e-005	4.18006820e-005	1.75789342e-007	
1.60286225e+001	4.28837121e-005	4.28833460e-005	1.77198402e-007	
1.61288014e+001	4.39342639e-005	4.39339048e-005	1.77632597e-007	
1.62289803e+001	4.50616586e-005	4.50613035e-005	1.78907182e-007	
1.63291592e+001	4.62280498e-005	4.62276982e-005	1.80293150e-007	
1.64293381e+001	4.73944411e-005	4.73940929e-005	1.81679118e-007	
1.65295170e+001	4.85608327e-005	4.85604877e-005	1.83065086e-007	
1.66296959e+001	5.01999888e-005	5.01996391e-005	1.87361459e-007	
1.67298748e+001	5.18202954e-005	5.18199396e-005	1.92022683e-007	
1.68300537e+001	5.32170082e-005	5.32166485e-005	1.95653508e-007	
1.69302326e+001	5.46137210e-005	5.46133574e-005	1.99284333e-007	
1.70304114e+001	5.61490536e-005	5.61486814e-005	2.04451331e-007	
1.71305903e+001	5.77574797e-005	5.77570988e-005	2.09775646e-007	
1.72307692e+001	5.95151076e-005	5.95147222e-005	2.14180768e-007	
1.73309481e+001	6.12727356e-005	6.12723457e-005	2.18585890e-007	
1.74311270e+001	6.30303636e-005	6.30299692e-005	2.22991012e-007	
1.75313059e+001	6.50893993e-005	6.50889892e-005	2.31059599e-007	
1.76314848e+001	6.73580437e-005	6.73576203e-005	2.38830251e-007	
1.77316637e+001	6.95580480e-005	6.95576133e-005	2.45905600e-007	
1.78318426e+001	7.17580523e-005	7.17576063e-005	2.52980949e-007	
1.79320215e+001	7.41086257e-005	7.41081668e-005	2.60784013e-007	
1.80322004e+001	7.67349526e-005	7.67344779e-005	2.69919820e-007	
1.81323792e+001	7.93612795e-005	7.93607889e-005	2.79055626e-007	
1.82325581e+001	8.15481882e-005	8.15477138e-005	2.78171063e-007	
1.83327370e+001	8.43151325e-005	8.43146702e-005	2.79223682e-007	
1.84329159e+001	8.73233480e-005	8.73228950e-005	2.81272905e-007	
1.85330948e+001	9.03315641e-005	9.03311198e-005	2.83322127e-007	
1.86332737e+001	9.33246556e-005	9.33242107e-005	2.88167884e-007	
1.87334526e+001	9.65095494e-005	9.65090902e-005	2.97725968e-007	
1.88336315e+001	1.00275251e-004	1.00274869e-004	2.76804004e-007	
1.89338104e+001	1.03489554e-004	1.03489310e-004	2.24674319e-007	
1.90339893e+001	1.06703890e-004	1.06703751e-004	1.72544634e-007	
1.91341682e+001	1.09918258e-004	1.09918192e-004	1.20414949e-007	
1.92343470e+001	1.13584580e-004	1.13584578e-004	1.92149054e-008	
1.93345259e+001	1.14702362e-004	1.14702297e-004	-1.22280758e-007	
1.94347048e+001	1.15820315e-004	1.15820015e-004	-2.63776421e-007	
1.95348837e+001	1.16938436e-004	1.16937734e-004	-4.05272084e-007	
1.96350626e+001	1.18056718e-004	1.18055452e-004	-5.46767747e-007	
1.97352415e+001	1.19175158e-004	1.19173171e-004	-6.88263410e-007	
1.98354204e+001	1.20780647e-004	1.20777645e-004	-8.51598637e-007	
1.99355993e+001	1.17084291e-004	1.17079205e-004	-1.09132669e-006	
2.00357782e+001	1.13241775e-004	1.13234475e-004	-1.28578486e-006	
2.01359571e+001	1.09399759e-004	1.09389744e-004	-1.48024302e-006	
2.02361360e+001	1.05498545e-004	1.05485427e-004	-1.66365159e-006	
2.03363148e+001	1.01412033e-004	1.01396115e-004	-1.79677651e-006	
2.04364937e+001	9.75349146e-005	9.75167822e-005	-1.88062709e-006	
2.05366726e+001	9.36580545e-005	9.36374497e-005	-1.96447767e-006	
2.06368515e+001	8.97349504e-005	8.97116041e-005	-2.04680369e-006	
2.07370304e+001	7.95208753e-005	7.94976201e-005	-1.92302211e-006	
2.08372093e+001	6.93516175e-005	6.93285700e-005	-1.78780075e-006	
2.09373882e+001	5.96139800e-005	5.95940348e-005	-1.54195592e-006	
2.10375671e+001	4.98763432e-005	4.98594996e-005	-1.29611108e-006	
2.11377460e+001	4.18131336e-005	4.17979440e-005	-1.12695238e-006	
2.12379249e+001	3.28402151e-005	3.28275201e-005	-9.13046083e-007	
2.13381038e+001	2.32890715e-005	2.32794011e-005	-6.71072354e-007	
2.14382826e+001	1.34650530e-005	1.34587638e-005	-4.11497202e-007	
2.15384615e+001	3.49214715e-006	3.48924643e-006	-1.42306171e-007	
2.16386404e+001	4.72603024e-006	-4.72568199e-006	5.73715899e-008	
2.17388193e+001	1.26084170e-005	-1.26060598e-005	2.43795131e-007	
2.18389982e+001	2.11114199e-005	-2.11063339e-005	4.63375406e-007	
2.19391771e+001	3.01821473e-005	-3.01737176e-005	7.13288979e-007	
2.20393560e+001	4.08127969e-005	-4.08008589e-005	9.87069195e-007	
2.21395349e+001	5.18591680e-005	-5.18436831e-005	1.26720999e-006	
2.22397138e+001	6.19132535e-005	-6.18954068e-005	1.48646579e-006	
2.23398927e+001	7.10845907e-005	-7.10651072e-005	1.66420076e-006	
2.24400716e+001	7.98202722e-005	-7.97997901e-005	1.80813891e-006	
2.25402504e+001	8.68842111e-005	-8.68650969e-005	1.82238212e-006	
2.26404293e+001	9.39483579e-005	-9.39304038e-005	1.83662532e-006	
2.27406082e+001	9.99531943e-005	-9.99358857e-005	1.86005898e-006	
2.28407871e+001	1.05468274e-004	-1.05452160e-004	1.84360927e-006	
2.29409660e+001	1.10908778e-004	-1.10895986e-004	1.68440085e-006	
2.30411449e+001	1.16717262e-004	-1.16708050e-004	1.46641182e-006	
2.31413238e+001	1.22526473e-004	-1.22520113e-004	1.24842279e-006	
2.32415027e+001	1.27915155e-004	-1.27911020e-004	1.02850689e-006	
2.33416816e+001	1.25307078e-004	-1.25304700e-004	7.72002176e-007	
2.34418605e+001	1.22699463e-004	-1.22698380e-004	5.15497462e-007	
2.35420394e+001	1.20092340e-004	-1.20092061e-004	2.58992747e-007	
2.36422182e+001	1.19313166e-004	-1.19313155e-004	4.95741262e-008	
2.37423971e+001	1.18813859e-004	-1.18813821e-004	-9.55717056e-008	
2.38425760e+001	1.17314787e-004	-1.17314698e-004	-1.44061706e-007	
2.39427549e+001	1.15742960e-004	-1.15742800e-004	-1.92325372e-007	
2.40429338e+001	1.13269488e-004	-1.13269238e-004	-2.37784843e-007	
2.41431127e+001	1.10796038e-004	-1.10795676e-004	-2.83244314e-007	
2.42432916e+001	1.08322613e-004	-1.08322114e-004	-3.28703786e-007	
2.43434705e+001	1.06017308e-004	-1.06016647e-004	-3.74545417e-007	
2.44436494e+001	1.04617923e-004	-1.04617070e-004	-4.22446580e-007	
2.45438283e+001	1.01614991e-004	-1.01614029e-004	-4.42196196e-007	
2.46440072e+001	9.76876935e-005	-9.76866767e-005	-4.45717940e-007	
2.47441860e+001	9.37604005e-005	-9.37593243e-005	-4.49239684e-007	
2.48443649e+001	8.99880524e-005	-8.99869128e-005	-4.52867559e-007	
2.49445438e+001	8.74627966e-005	-8.74616514e-005	-4.47581735e-007	
2.50447227e+001	8.49228581e-005	-8.49217081e-005	-4.41952523e-007	
2.51449016e+001	8.23829203e-005	-8.23817648e-005	-4.36323310e-007	
2.52450805e+001	7.98672033e-005	-7.98660404e-005	-4.30979604e-007	
2.53452594e+001	7.78003501e-005	-7.77991567e-005	-4.30927089e-007	
2.54454383e+001	7.57462234e-005	-7.57450000e-005	-4.30494502e-007	
2.55456172e+001	7.38235821e-005	-7.38223522e-005	-4.26134642e-007	
2.56457961e+001	7.19009414e-005	-7.18997043e-005	-4.21774781e-007	
2.57459750e+001	6.99783014e-005	-6.99770565e-005	-4.17414920e-007	
2.58461538e+001	6.82364665e-005	-6.82352018e-005	-4.15442556e-007	
2.59463327e+001	6.66892064e-005	-6.66879126e-005	-4.15413673e-007	
2.60465116e+001	6.54062262e-005	-6.54048943e-005	-4.17409834e-007	
2.61466905e+001	6.41843372e-005	-6.41829610e-005	-4.20298746e-007	
2.62468694e+001	6.29624499e-005	-6.29610277e-005	-4.23187658e-007	
2.63470483e+001	6.16472114e-005	-6.16457557e-005	-4.23648980e-007	
2.64472272e+001	6.01827412e-005	-6.01812741e-005	-4.20229607e-007	
2.65474061e+001	5.87182718e-005	-5.87167925e-005	-4.16810234e-007	
2.66475850e+001	5.72213276e-005	-5.72198230e-005	-4.14963346e-007	
2.67477639e+001	5.57779408e-005	-5.57764340e-005	-4.09995256e-007	
2.68479428e+001	5.41997602e-005	-5.41982875e-005	-3.99550968e-007	
2.69481216e+001	5.26215797e-005	-5.26201410e-005	-3.89106680e-007	
2.70483005e+001	5.10433991e-005	-5.10419946e-005	-3.78662393e-007	
2.71484794e+001	4.93594281e-005	-4.93581708e-005	-3.52307153e-007	
2.72486583e+001	4.76688918e-005	-4.76677841e-005	-3.24963788e-007	
2.73488372e+001	4.59783607e-005	-4.59773974e-005	-2.97620424e-007	
2.74490161e+001	4.42827067e-005	-4.42818818e-005	-2.70290006e-007	
2.75491950e+001	4.23421505e-005	-4.23414499e-005	-2.43577840e-007	
2.76493739e+001	3.96026260e-005	-3.96022075e-005	-1.82066803e-007	
2.77495528e+001	3.57897060e-005	-3.57896300e-005	-7.37976735e-008	
2.78497317e+001	3.20848407e-005	-3.20848358e-005	1.76779728e-008	
2.79499106e+001	2.84953908e-005	-2.84952448e-005	9.12040885e-008	
2.80500894e+001	2.41505042e-005	-2.41498592e-005	1.76514560e-007	
2.81502683e+001	2.00925995e-005	-2.00910373e-005	2.50553617e-007	
2.82504472e+001	1.79577010e-005	-1.79555695e-005	2.76674620e-007	
2.83506261e+001	1.58229992e-005	-1.58201017e-005	3.02795622e-007	
2.84508050e+001	1.30932430e-005	-1.30887646e-005	3.42419876e-007	
2.85509839e+001	1.10501662e-005	-1.10448370e-005	3.43143410e-007	
2.86511628e+001	9.39874664e-006	-9.39224666e-006	3.49487104e-007	
2.87513417e+001	7.74783164e-006	-7.73965630e-006	3.55830798e-007	
2.88515206e+001	6.28841606e-006	-6.27839916e-006	3.54796364e-007	
2.89516995e+001	5.60917397e-006	-5.59983290e-006	3.23580066e-007	
2.90518784e+001	4.88853518e-006	-4.87931955e-006	3.00028268e-007	
2.91520572e+001	4.08405136e-006	-4.07359604e-006	2.92045919e-007	
2.92522361e+001	3.28019558e-006	-3.26787254e-006	2.84063570e-007	
2.93524150e+001	3.07046430e-006	-3.05836091e-006	2.72359230e-007	
2.94525939e+001	2.94166515e-006	-2.93008625e-006	2.60745897e-007	
2.95527728e+001	2.79601020e-006	-2.78464980e-006	2.51790681e-007	
2.96529517e+001	2.65036151e-006	-2.63921334e-006	2.42835466e-007	
2.97531306e+001	2.63408591e-006	-2.62406385e-006	2.29559387e-007	
2.98533095e+001	2.65730597e-006	-2.64804015e-006	2.21716979e-007	
2.99534884e+001	2.65277500e-006	-2.64406259e-006	2.14821346e-007	
3.00536673e+001	2.54959828e-006	-2.54104475e-006	2.08669455e-007	
3.01538462e+001	2.44642364e-006	-2.43802692e-006	2.02517563e-007	
3.02540250e+001	2.34325135e-006	-2.33500908e-006	1.96365671e-007	
3.03542039e+001	2.27201938e-006	-2.26402123e-006	1.90472859e-007	
3.04543828e+001	2.23561219e-006	-2.22795595e-006	1.84862524e-007	
3.05545617e+001	2.19920805e-006	-2.19189067e-006	1.79252189e-007	
3.06547406e+001	2.22602205e-006	-2.21926500e-006	1.73311994e-007	
3.07549195e+001	2.27799748e-006	-2.27185014e-006	1.67240714e-007	
3.08550984e+001	2.33064674e-006	-2.32506405e-006	1.61218553e-007	
3.09552773e+001	2.38554582e-006	-2.38048093e-006	1.55368490e-007	
3.10554562e+001	2.37827582e-006	-2.37346055e-006	1.51264389e-007	
3.11556351e+001	2.36569037e-006	-2.36109949e-006	1.47309632e-007	
3.12558140e+001	2.35310918e-006	-2.34873842e-006	1.43354874e-007	
3.13559928e+001	2.34053232e-006	-2.33637736e-006	1.39400117e-007	
3.14561717e+001	2.32795988e-006	-2.32401630e-006	1.35445360e-007	
3.15563506e+001	2.32947500e-006	-2.32577271e-006	1.31282372e-007	
3.16565295e+001	2.32009610e-006	-2.31659693e-006	1.27375811e-007	
3.17567084e+001	2.30591517e-006	-2.30260257e-006	1.23556317e-007	
3.18568873e+001	2.29173832e-006	-2.28860822e-006	1.19736822e-007	
3.19570662e+001	2.27756561e-006	-2.27461387e-006	1.15917328e-007	
3.20572451e+001	2.26527287e-006	-2.26249601e-006	1.12129266e-007	
3.21574240e+001	2.26433866e-006	-2.26173617e-006	1.08531464e-007	
3.22576029e+001	2.24921742e-006	-2.24673652e-006	1.05612515e-007	
3.23577818e+001	2.23388379e-006	-2.23152161e-006	1.02703828e-007	
3.24579606e+001	2.21855233e-006	-2.21630670e-006	9.97951404e-008	
3.25581395e+001	2.20322310e-006	-2.20109179e-006	9.68864531e-008	
3.26583184e+001	2.18841027e-006	-2.18639385e-006	9.39224057e-008	
3.27584973e+001	2.16474478e-006	-2.16283696e-006	9.08637282e-008	
3.28586762e+001	2.14108126e-006	-2.13928007e-006	8.78050508e-008	
3.29588551e+001	2.11741978e-006	-2.11572318e-006	8.47463733e-008	
3.30590340e+001	2.10159602e-006	-2.09998647e-006	8.22352677e-008	
3.31592129e+001	2.09460835e-006	-2.09306513e-006	8.03898092e-008	
3.32593918e+001	2.08574172e-006	-2.08426430e-006	7.84910609e-008	
3.33595707e+001	2.07687626e-006	-2.07546347e-006	7.65923125e-008	
3.34597496e+001	2.06639737e-006	-2.06505261e-006	7.45373785e-008	
3.35599284e+001	2.05069068e-006	-2.04942714e-006	7.19765856e-008	
3.36601073e+001	2.03103605e-006	-2.02984565e-006	6.95274361e-008	
3.37602862e+001	2.00307684e-006	-2.00194549e-006	6.73130485e-008	
3.38604651e+001	1.97607849e-006	-1.97500454e-006	6.51403274e-008	
3.39606440e+001	1.95648452e-006	-1.95546061e-006	6.32889253e-008	
3.40608229e+001	1.94198536e-006	-1.94101114e-006	6.15053032e-008	
3.41610018e+001	1.92812301e-006	-1.92719762e-006	5.97301421e-008	
3.42611807e+001	1.90449548e-006	-1.90361645e-006	5.78569798e-008	
3.43613596e+001	1.88008054e-006	-1.87924637e-006	5.59993379e-008	
3.44615385e+001	1.86388295e-006	-1.86308473e-006	5.45430804e-008	
3.45617174e+001	1.84768588e-006	-1.84692309e-006	5.30868229e-008	
3.46618962e+001	1.83414795e-006	-1.83341893e-006	5.17079638e-008	
3.47620751e+001	1.82153884e-006	-1.82084273e-006	5.03538016e-008	
3.48622540e+001	1.81141338e-006	-1.81075198e-006	4.89459760e-008	
3.49624329e+001	1.80128863e-006	-1.80066123e-006	4.75381504e-008	
3.50626118e+001	1.78149479e-006	-1.78090164e-006	4.59679363e-008	
3.51627907e+001	1.75816120e-006	-1.75760105e-006	4.43774743e-008	
3.52629696e+001	1.73575370e-006	-1.73522323e-006	4.29097497e-008	
3.53631485e+001	1.71454731e-006	-1.71404253e-006	4.16012544e-008	
3.54633274e+001	1.69334129e-006	-1.69286184e-006	4.02927591e-008	
3.55635063e+001	1.67515652e-006	-1.67469919e-006	3.91408379e-008	
3.56636852e+001	1.66181331e-006	-1.66137710e-006	3.80735297e-008	
3.57638640e+001	1.64768828e-006	-1.64727566e-006	3.68725300e-008	
3.58640429e+001	1.63316194e-006	-1.63277269e-006	3.56550025e-008	
3.59642218e+001	1.61863610e-006	-1.61826972e-006	3.44374749e-008	
3.60644007e+001	1.60357857e-006	-1.60323388e-006	3.32469236e-008	
3.61645796e+001	1.58489429e-006	-1.58456634e-006	3.22402242e-008	
3.62647585e+001	1.57319575e-006	-1.57287892e-006	3.15714528e-008	
3.63649374e+001	1.56195806e-006	-1.56165189e-006	3.09249695e-008	
3.64651163e+001	1.55072048e-006	-1.55042485e-006	3.02784863e-008	
3.65652952e+001	1.53948301e-006	-1.53919781e-006	2.96320031e-008	
3.66654741e+001	1.52824567e-006	-1.52797077e-006	2.89855198e-008	
3.67656530e+001	1.51651729e-006	-1.51625346e-006	2.82862650e-008	
3.68658318e+001	1.50812204e-006	-1.50786971e-006	2.75863664e-008	
3.69660107e+001	1.49956670e-006	-1.49932603e-006	2.68653507e-008	
3.70661896e+001	1.49101157e-006	-1.49078234e-006	2.61443350e-008	
3.71663685e+001	1.48023849e-006	-1.48001997e-006	2.54334829e-008	
3.72665474e+001	1.46644247e-006	-1.46623382e-006	2.47364825e-008	
3.73667263e+001	1.45512542e-006	-1.45492601e-006	2.40891729e-008	
3.74669052e+001	1.44850552e-006	-1.44831430e-006	2.35360208e-008	
3.75670841e+001	1.44188576e-006	-1.44170258e-006	2.29828687e-008	
3.76672630e+001	1.43578115e-006	-1.43560633e-006	2.24042263e-008	
3.77674419e+001	1.42994365e-006	-1.42977728e-006	2.18123712e-008	
3.78676208e+001	1.42410633e-006	-1.42394822e-006	2.12205161e-008	
3.79677996e+001	1.41432847e-006	-1.41417639e-006	2.07397312e-008	
3.80679785e+001	1.40695142e-006	-1.40680510e-006	2.02900414e-008	
3.81681574e+001	1.40089994e-006	-1.40075922e-006	1.98561393e-008	
3.82683363e+001	1.39484855e-006	-1.39471333e-006	1.94222371e-008	
3.83685152e+001	1.38879725e-006	-1.38866744e-006	1.89883350e-008	
3.84686941e+001	1.38580897e-006	-1.38568434e-006	1.85855765e-008	
3.85688730e+001	1.38567361e-006	-1.38555393e-006	1.82118252e-008	
3.86690519e+001	1.38532523e-006	-1.38521041e-006	1.78354891e-008	
3.87692308e+001	1.38387268e-006	-1.38376271e-006	1.74457588e-008	
3.88694097e+001	1.38242023e-006	-1.38231500e-006	1.70560285e-008	
3.89695886e+001	1.38096787e-006	-1.38086730e-006	1.66662982e-008	
3.90697674e+001	1.38048732e-006	-1.38039089e-006	1.63165838e-008	
3.91699463e+001	1.38259896e-006	-1.38250552e-006	1.60736167e-008	
3.92701252e+001	1.38505084e-006	-1.38496048e-006	1.58205725e-008	
3.93703041e+001	1.38902412e-006	-1.38893738e-006	1.55224634e-008	
3.94704830e+001	1.39299749e-006	-1.39291429e-006	1.52243543e-008	
3.95706619e+001	1.39391221e-006	-1.39383204e-006	1.49496459e-008	
3.96708408e+001	1.39119241e-006	-1.39111472e-006	1.47027436e-008	
3.97710197e+001	1.38847266e-006	-1.38839740e-006	1.44558413e-008	
3.98711986e+001	1.38575293e-006	-1.38568009e-006	1.42089390e-008	
3.99713775e+001	1.38665987e-006	-1.38658910e-006	1.40088879e-008	
4.00715564e+001	1.39499514e-006	-1.39492592e-006	1.38965100e-008	
4.01717352e+001	1.40333044e-006	-1.40326274e-006	1.37841321e-008	
4.02719141e+001	1.41166577e-006	-1.41159957e-006	1.36717542e-008	
4.03720930e+001	1.42000113e-006	-1.41993639e-006	1.35593764e-008	
4.04722719e+001	1.42833651e-006	-1.42827321e-006	1.34469985e-008	
4.05724508e+001	1.43477614e-006	-1.43471385e-006	1.33692150e-008	
4.06726297e+001	1.44087026e-006	-1.44080829e-006	1.33639089e-008	
4.07728086e+001	1.44819801e-006	-1.44813654e-006	1.33425901e-008	
4.08729875e+001	1.45552576e-006	-1.45546480e-006	1.33212714e-008	
4.09731664e+001	1.46285352e-006	-1.46279306e-006	1.32999526e-008	
4.10733453e+001	1.47018128e-006	-1.47012131e-006	1.32786339e-008	
4.11735242e+001	1.47750905e-006	-1.47744957e-006	1.32573151e-008	
4.12737030e+001	1.48534071e-006	-1.48528276e-006	1.31204994e-008	
4.13738819e+001	1.49331044e-006	-1.49325427e-006	1.29520428e-008	
4.14740608e+001	1.49019909e-006	-1.49014320e-006	1.29063507e-008	
4.15742397e+001	1.47957186e-006	-1.47951524e-006	1.29439250e-008	
4.16744186e+001	1.47035212e-006	-1.47029526e-006	1.29308712e-008	
4.17745975e+001	1.46772451e-006	-1.46766973e-006	1.26806959e-008	
4.18747764e+001	1.46509693e-006	-1.46504419e-006	1.24305207e-008	
4.19749553e+001	1.46137431e-006	-1.46132134e-006	1.24423573e-008	
4.20751342e+001	1.43976226e-006	-1.43970510e-006	1.28291950e-008	
4.21753131e+001	1.42693249e-006	-1.42687707e-006	1.25757860e-008	
4.22754919e+001	1.36942533e-006	-1.36933614e-006	1.56296432e-008	
4.23756708e+001	1.29422764e-006	-1.29407984e-006	1.95590358e-008	
4.24758497e+001	1.19272520e-006	-1.19241826e-006	2.70574825e-008	
4.25760286e+001	1.04777157e-006	-1.04698938e-006	4.04782425e-008	
4.26762075e+001	9.07851919e-007	-9.06673949e-007	4.62326348e-008	
4.27763864e+001	7.27230924e-007	-7.25293450e-007	5.30493130e-008	
4.28765653e+001	5.82298956e-007	-5.80264779e-007	4.86298325e-008	
4.29767442e+001	4.60977383e-007	-4.58845667e-007	4.42809411e-008	
4.30769231e+001	3.63241766e-007	-3.61095473e-007	3.94289286e-008	
4.31771020e+001	2.75676573e-007	-2.73766236e-007	3.23978584e-008	
4.32772809e+001	2.39896665e-007	-2.38193339e-007	2.85366997e-008	
4.33774597e+001	2.03146912e-007	-2.01614558e-007	2.49045759e-008	
4.34776386e+001	1.73436781e-007	-1.72111691e-007	2.13981966e-008	
4.35778175e+001	1.57500901e-007	-1.56441369e-007	1.82381937e-008	
4.36779964e+001	1.35702201e-007	-1.34833454e-007	1.53305957e-008	
4.37781753e+001	1.27197246e-007	-1.26557751e-007	1.27387280e-008	
4.38783542e+001	1.18131078e-007	-1.17619160e-007	1.09856626e-008	
4.39785331e+001	1.13195214e-007	-1.12761903e-007	9.89493807e-009	
4.40787120e+001	1.08582898e-007	-1.08193724e-007	9.18497158e-009	
4.41788909e+001	1.03995582e-007	-1.03615812e-007	8.87945609e-009	
4.42790698e+001	9.48509444e-008	-9.44913973e-008	8.25090825e-009	
4.43792487e+001	8.54791203e-008	-8.51256536e-008	7.76550734e-009	
4.44794275e+001	7.72085798e-008	-7.68689910e-008	7.23346517e-009	
4.45796064e+001	7.40796379e-008	-7.38220160e-008	6.17273891e-009	
4.46797853e+001	7.28894602e-008	-7.27207383e-008	4.95657361e-009	
4.47799642e+001	7.38235235e-008	-7.37372342e-008	3.56832075e-009	
4.48801431e+001	8.20914612e-008	-8.20846715e-008	1.05579032e-009	
4.49803220e+001	1.07993988e-007	-1.07715641e-007	-7.74868533e-009	
4.50805009e+001	8.59674850e-008	-8.49731009e-008	1.30376608e-008	
4.51806798e+001	2.03330412e-008	-1.17155668e-008	1.66186058e-008	
4.52808587e+001	6.03662241e-009	-2.65510453e-009	5.42136792e-009	
4.53810376e+001	3.89144043e-009	-2.85875084e-009	2.64023716e-009	
4.54812165e+001	2.25651420e-009	-7.36426577e-010	2.13296325e-009	
4.55813953e+001	2.15271378e-009	-1.77634194e-009	1.21605341e-009	
4.56815742e+001	1.15887634e-009	-9.87551049e-010	6.06413478e-010	
4.57817531e+001	4.21524842e-010	-1.36387417e-010	3.98850429e-010	
4.58819320e+001	4.73929311e-011	-4.41061886e-011	-1.73416851e-011	
4.59821109e+001	6.53602429e-010	2.73346836e-010	-5.93698276e-010	
4.60822898e+001	8.33229515e-010	6.79678738e-010	-4.81983649e-010	
4.61824687e+001	1.13054724e-009	2.01992191e-011	-1.13036678e-009	
4.62826476e+001	2.20443153e-009	1.77668082e-009	-1.30496116e-009	
4.63828265e+001	2.78814042e-009	2.21601249e-009	-1.69204481e-009	
4.64830054e+001	4.26682838e-009	2.50723583e-009	-3.45247634e-009	
4.65831843e+001	5.74741290e-009	4.03782811e-009	-4.09007325e-009	
4.66833631e+001	7.96267048e-009	6.12014270e-009	-5.09391545e-009	
4.67835420e+001	1.04268921e-008	5.48557093e-009	-8.86727641e-009	
4.68837209e+001	1.64890129e-008	1.02403781e-008	-1.29237070e-008	
4.69838998e+001	2.46096334e-008	1.10897133e-008	-2.19693495e-008	
4.70840787e+001	1.06308057e-007	6.88025607e-008	-8.10407959e-008	
4.71842576e+001	4.44167109e-007	4.44095533e-007	-7.97358328e-009	
4.72844365e+001	4.77329602e-007	4.76888855e-007	2.05077831e-008	
4.73846154e+001	4.42297817e-007	4.42218574e-007	8.37209815e-009	
4.74847943e+001	4.17317745e-007	4.17316080e-007	1.17890274e-009	
4.75849732e+001	4.02490673e-007	4.02485429e-007	-2.05443970e-009	
4.76851521e+001	3.94837403e-007	3.94824919e-007	-3.13976848e-009	
4.77853309e+001	3.89125985e-007	3.89110046e-007	-3.52202786e-009	
4.78855098e+001	3.83415052e-007	3.83395173e-007	-3.90428724e-009	
4.79856887e+001	3.81688148e-007	3.81665922e-007	-4.11899465e-009	
4.80858676e+001	3.69890170e-007	3.69868609e-007	-3.99380479e-009	
4.81860465e+001	3.57967946e-007	3.57947077e-007	-3.86526207e-009	
4.82862254e+001	3.48988062e-007	3.48968219e-007	-3.72149947e-009	
4.83864043e+001	3.43137071e-007	3.43118587e-007	-3.56155213e-009	
4.84865832e+001	3.36013832e-007	3.35996979e-007	-3.36530553e-009	
4.85867621e+001	3.26354547e-007	3.26339855e-007	-3.09670104e-009	
4.86869410e+001	3.17613743e-007	3.17600937e-007	-2.85219543e-009	
4.87871199e+001	3.10191325e-007	3.10180071e-007	-2.64228292e-009	
4.88872987e+001	3.01863499e-007	3.01853611e-007	-2.44333812e-009	
4.89874776e+001	2.92637200e-007	2.92628509e-007	-2.25527685e-009	
4.90876565e+001	2.83410947e-007	2.83403408e-007	-2.06721558e-009	
4.91878354e+001	2.74184745e-007	2.74178306e-007	-1.87915431e-009	
4.92880143e+001	2.64441362e-007	2.64436022e-007	-1.68057455e-009	
4.93881932e+001	2.57079278e-007	2.57074803e-007	-1.51692257e-009	
4.94883721e+001	2.49893175e-007	2.49889503e-007	-1.35467001e-009	
4.95885510e+001	2.42707133e-007	2.42704204e-007	-1.19241744e-009	
4.96887299e+001	2.35521157e-007	2.35518904e-007	-1.03016488e-009	
4.97889088e+001	2.27566433e-007	2.27564604e-007	-9.12370079e-010	
4.98890877e+001	2.19459821e-007	2.19458351e-007	-8.03359984e-010	
4.99892665e+001	2.11353239e-007	2.11352098e-007	-6.94349889e-010	
5.00894454e+001	2.03246688e-007	2.03245846e-007	-5.85339794e-010	
5.01896243e+001	1.95121661e-007	1.95121067e-007	-4.81361291e-010	
5.02898032e+001	1.88939433e-007	1.88938970e-007	-4.18316924e-010	
5.03899821e+001	1.82757219e-007	1.82756874e-007	-3.55272557e-010	
5.04901610e+001	1.76575019e-007	1.76574777e-007	-2.92228191e-010	
5.05903399e+001	1.70392834e-007	1.70392680e-007	-2.29183824e-010	
5.06905188e+001	1.64210668e-007	1.64210584e-007	-1.66139457e-010	
5.07906977e+001	1.58028521e-007	1.58028487e-007	-1.03095091e-010	
5.08908766e+001	1.52401564e-007	1.52401554e-007	-5.60543114e-011	
5.09910555e+001	1.47094597e-007	1.47094596e-007	-1.16626407e-011	
5.10912343e+001	1.41787642e-007	1.41787638e-007	3.27290301e-011	
5.11914132e+001	1.36480702e-007	1.36480681e-007	7.71207008e-011	
5.12915921e+001	1.31173779e-007	1.31173723e-007	1.21512371e-010	
5.13917710e+001	1.25700102e-007	1.25699997e-007	1.62422981e-010	
5.14919499e+001	1.19536075e-007	1.19535930e-007	1.86760953e-010	
5.15921288e+001	1.13510172e-007	1.13509972e-007	2.13137494e-010	
5.16923077e+001	1.07484281e-007	1.07484015e-007	2.39514036e-010	
5.17924866e+001	1.01458406e-007	1.01458057e-007	2.65890577e-010	
5.18926655e+001	9.73836999e-008	9.73832930e-008	2.81507505e-010	
5.19928444e+001	9.40538428e-008	9.40533772e-008	2.95928628e-010	
5.20930233e+001	9.07239923e-008	9.07234615e-008	3.10349751e-010	
5.21932021e+001	8.73850585e-008	8.73844589e-008	3.23701434e-010	
5.22933810e+001	8.39661298e-008	8.39654906e-008	3.27641790e-010	
5.23935599e+001	8.05571241e-008	8.05564347e-008	3.33270209e-010	
5.24937388e+001	7.71609392e-008	7.71601853e-008	3.41079540e-010	
5.25939177e+001	7.37647611e-008	7.37639360e-008	3.48888870e-010	
5.26940966e+001	7.03685907e-008	7.03676867e-008	3.56698201e-010	
5.27942755e+001	6.71104847e-008	6.71095628e-008	3.51778025e-010	
5.28944544e+001	6.38580807e-008	6.38571415e-008	3.46332299e-010	
5.29946333e+001	6.06056789e-008	6.06047202e-008	3.40886572e-010	
5.30948122e+001	5.74205755e-008	5.74195860e-008	3.37098076e-010	
5.31949911e+001	5.42933661e-008	5.42923343e-008	3.34735186e-010	
5.32951699e+001	5.16079814e-008	5.16069182e-008	3.31271486e-010	
5.33953488e+001	4.92503690e-008	4.92492840e-008	3.26911516e-010	
5.34955277e+001	4.69291802e-008	4.69281033e-008	3.17923969e-010	
5.35957066e+001	4.46079924e-008	4.46069226e-008	3.08936422e-010	
5.36958855e+001	4.22868057e-008	4.22857419e-008	2.99948875e-010	
5.37960644e+001	3.99656203e-008	3.99645611e-008	2.90961328e-010	
5.38962433e+001	3.77048948e-008	3.77038328e-008	2.82998443e-010	
5.39964222e+001	3.56124016e-008	3.56113174e-008	2.77886758e-010	
5.40966011e+001	3.33201818e-008	3.33190968e-008	2.68901257e-010	
5.41967800e+001	3.08498431e-008	3.08487770e-008	2.56461049e-010	
5.42969589e+001	2.83795065e-008	2.83784573e-008	2.44020841e-010	
5.43971377e+001	2.60299131e-008	2.60288855e-008	2.31289556e-010	
5.44973166e+001	2.39979125e-008	2.39969242e-008	2.17792636e-010	
5.45974955e+001	2.22762731e-008	2.22753522e-008	2.02553149e-010	
5.46976744e+001	2.05753802e-008	2.05745286e-008	1.87197177e-010	
5.47978533e+001	1.89369540e-008	1.89361556e-008	1.73890914e-010	
5.48980322e+001	1.73303470e-008	1.73295933e-008	1.61628719e-010	
5.49982111e+001	1.57201329e-008	1.57194412e-008	1.47465656e-010	
5.50983900e+001	1.41082023e-008	1.41075810e-008	1.32398083e-010	
5.51985689e+001	1.24962716e-008	1.24957208e-008	1.17330511e-010	
5.52987478e+001	1.08920608e-008	1.08915774e-008	1.02611936e-010	
5.53989267e+001	9.34511710e-009	9.34467905e-009	9.04822819e-011	
5.54991055e+001	7.39960292e-009	7.39924239e-009	7.30441623e-011	
5.55992844e+001	5.67824157e-009	5.67795970e-009	5.65770168e-011	
5.56994633e+001	4.04393832e-009	4.04373650e-009	4.04016879e-011	
5.57996422e+001	2.58366477e-009	2.58353875e-009	2.55180204e-011	
5.58998211e+001	1.41317183e-009	1.41310386e-009	1.38605526e-011	
5.60000000e+001	1.20500571e-010	1.20496961e-010	9.32686280e-013	
