% Column 0: Length, cm
% Column 1: |B.t|, Tesla
% Column 2: Re[B.t], Tesla
% Column 3: Im[B.t], Tesla
0.00000000e+000	2.24511916e-006	-2.24482373e-006	3.64204896e-008	
1.00178891e-001	2.24554832e-006	-2.24525301e-006	3.64164005e-008	
2.00357782e-001	2.24567741e-006	-2.24538204e-006	3.64215011e-008	
3.00536673e-001	2.24468434e-006	-2.24438855e-006	3.64393807e-008	
4.00715564e-001	2.24409663e-006	-2.24380047e-006	3.64572724e-008	
5.00894454e-001	2.24297469e-006	-2.24267796e-006	3.64836716e-008	
6.01073345e-001	2.24153962e-006	-2.24124211e-006	3.65192603e-008	
7.01252236e-001	2.23979936e-006	-2.23950090e-006	3.65631334e-008	
8.01431127e-001	2.23806281e-006	-2.23776341e-006	3.66068560e-008	
9.01610018e-001	2.23632627e-006	-2.23602592e-006	3.66505786e-008	
1.00178891e+000	2.23453862e-006	-2.23423728e-006	3.66964623e-008	
1.10196780e+000	2.23238133e-006	-2.23207873e-006	3.67549682e-008	
1.20214669e+000	2.23022404e-006	-2.22992019e-006	3.68134740e-008	
1.30232558e+000	2.22806676e-006	-2.22776164e-006	3.68719798e-008	
1.40250447e+000	2.22409065e-006	-2.22378372e-006	3.69488687e-008	
1.50268336e+000	2.21941566e-006	-2.21910668e-006	3.70328213e-008	
1.60286225e+000	2.21531229e-006	-2.21500133e-006	3.71168995e-008	
1.70304114e+000	2.21440694e-006	-2.21409442e-006	3.72016808e-008	
1.80322004e+000	2.21350159e-006	-2.21318752e-006	3.72864620e-008	
1.90339893e+000	2.20866472e-006	-2.20834820e-006	3.73911568e-008	
2.00357782e+000	2.20355784e-006	-2.20323878e-006	3.74972193e-008	
2.10375671e+000	2.19845097e-006	-2.19812936e-006	3.76032818e-008	
2.20393560e+000	2.19322612e-006	-2.19290185e-006	3.77131683e-008	
2.30411449e+000	2.18699355e-006	-2.18666589e-006	3.78557115e-008	
2.40429338e+000	2.17915871e-006	-2.17882738e-006	3.79994241e-008	
2.50447227e+000	2.17114938e-006	-2.17081430e-006	3.81432641e-008	
2.60465116e+000	2.16319162e-006	-2.16285281e-006	3.82843836e-008	
2.70483005e+000	2.15502939e-006	-2.15468689e-006	3.84193824e-008	
2.80500894e+000	2.14591856e-006	-2.14557165e-006	3.85843397e-008	
2.90518784e+000	2.13679545e-006	-2.13644406e-006	3.87505400e-008	
3.00536673e+000	2.12767240e-006	-2.12731647e-006	3.89167403e-008	
3.10554562e+000	2.11577184e-006	-2.11541171e-006	3.90357241e-008	
3.20572451e+000	2.10246607e-006	-2.10210090e-006	3.91842257e-008	
3.30590340e+000	2.09258825e-006	-2.09221794e-006	3.93657210e-008	
3.40608229e+000	2.08271049e-006	-2.08233499e-006	3.95472164e-008	
3.50626118e+000	2.07283280e-006	-2.07245204e-006	3.97287118e-008	
3.60644007e+000	2.06295518e-006	-2.06256908e-006	3.99102071e-008	
3.70661896e+000	2.05055182e-006	-2.05015987e-006	4.00909565e-008	
3.80679785e+000	2.03108659e-006	-2.03068734e-006	4.02696203e-008	
3.90697674e+000	2.01162151e-006	-2.01121481e-006	4.04482841e-008	
4.00715564e+000	1.99449972e-006	-1.99408562e-006	4.06406997e-008	
4.10733453e+000	1.98023913e-006	-1.97981774e-006	4.08499069e-008	
4.20751342e+000	1.96428694e-006	-1.96385582e-006	4.11518870e-008	
4.30769231e+000	1.94067182e-006	-1.94023150e-006	4.13380549e-008	
4.40787120e+000	1.91464037e-006	-1.91419122e-006	4.14696045e-008	
4.50805009e+000	1.88860918e-006	-1.88815094e-006	4.16011542e-008	
4.60822898e+000	1.86257825e-006	-1.86211066e-006	4.17327039e-008	
4.70840787e+000	1.83510087e-006	-1.83462222e-006	4.19107011e-008	
4.80858676e+000	1.80657587e-006	-1.80608660e-006	4.20425640e-008	
4.90876565e+000	1.77805123e-006	-1.77755099e-006	4.21744269e-008	
5.00894454e+000	1.74952696e-006	-1.74901537e-006	4.23062898e-008	
5.10912343e+000	1.72100307e-006	-1.72047975e-006	4.24381527e-008	
5.20930233e+000	1.69141005e-006	-1.69087348e-006	4.26007194e-008	
5.30948122e+000	1.65991401e-006	-1.65936167e-006	4.28179323e-008	
5.40966011e+000	1.62563404e-006	-1.62506604e-006	4.29696767e-008	
5.50983900e+000	1.58657196e-006	-1.58598891e-006	4.30089724e-008	
5.61001789e+000	1.54751064e-006	-1.54691178e-006	4.30482680e-008	
5.71019678e+000	1.50845015e-006	-1.50783464e-006	4.30875637e-008	
5.81037567e+000	1.46939054e-006	-1.46875751e-006	4.31268593e-008	
5.91055456e+000	1.41630507e-006	-1.41565478e-006	4.29139913e-008	
6.01073345e+000	1.34606971e-006	-1.34540156e-006	4.24066270e-008	
6.11091234e+000	1.27583652e-006	-1.27514833e-006	4.18992628e-008	
6.21109123e+000	1.20560587e-006	-1.20489511e-006	4.13918986e-008	
6.31127013e+000	1.12819199e-006	-1.12745437e-006	4.07898187e-008	
6.41144902e+000	1.04408741e-006	-1.04331709e-006	4.00994932e-008	
6.51162791e+000	9.61797530e-007	-9.60988731e-007	3.94353652e-008	
6.61180680e+000	8.82230656e-007	-8.81376576e-007	3.88105742e-008	
6.71198569e+000	8.02673247e-007	-8.01764422e-007	3.81857831e-008	
6.81216458e+000	7.13879982e-007	-7.12924255e-007	3.69274345e-008	
6.91234347e+000	6.21706518e-007	-6.20695780e-007	3.54364586e-008	
7.01252236e+000	5.28350533e-007	-5.27249780e-007	3.40874737e-008	
7.11270125e+000	4.32710189e-007	-4.31455365e-007	3.29298618e-008	
7.21288014e+000	3.39750168e-007	-3.38296207e-007	3.13983036e-008	
7.31305903e+000	2.34306649e-007	-2.32383045e-007	2.99620822e-008	
7.41323792e+000	1.13791294e-007	-1.10138368e-007	2.86006732e-008	
7.51341682e+000	6.07001833e-008	5.56848369e-008	2.41601158e-008	
7.61359571e+000	2.66487958e-007	2.64866618e-007	2.93514264e-008	
7.71377460e+000	6.08814973e-007	6.06859956e-007	4.87510569e-008	
7.81395349e+000	1.61644571e-006	1.57725306e-006	3.53793022e-007	
7.91413238e+000	1.14845072e-006	1.13859743e-006	-1.50116382e-007	
8.01431127e+000	7.52399397e-007	7.25294622e-007	-2.00131367e-007	
8.11449016e+000	5.46492112e-007	5.27966781e-007	-1.41084041e-007	
8.21466905e+000	4.22253386e-007	4.06993731e-007	-1.12490110e-007	
8.31484794e+000	3.95910765e-007	3.85802838e-007	-8.88904059e-008	
8.41502683e+000	3.24162293e-007	3.12942997e-007	-8.45450942e-008	
8.51520572e+000	3.07530799e-007	2.99342777e-007	-7.04918007e-008	
8.61538462e+000	2.94345739e-007	2.88263827e-007	-5.95262974e-008	
8.71556351e+000	2.69688647e-007	2.64571954e-007	-5.22842970e-008	
8.81574240e+000	2.39268878e-007	2.33067472e-007	-5.41216143e-008	
8.91592129e+000	2.40377139e-007	2.35741170e-007	-4.69815928e-008	
9.01610018e+000	2.30486083e-007	2.25921013e-007	-4.56457030e-008	
9.11627907e+000	2.21639748e-007	2.16871061e-007	-4.57287753e-008	
9.21645796e+000	2.16104795e-007	2.09981327e-007	-5.10795915e-008	
9.31663685e+000	2.08499129e-007	2.01577482e-007	-5.32766900e-008	
9.41681574e+000	2.19796129e-007	2.12231674e-007	-5.71669041e-008	
9.51699463e+000	2.37309387e-007	2.30087419e-007	-5.80992649e-008	
9.61717352e+000	2.67574499e-007	2.60722823e-007	-6.01641260e-008	
9.71735242e+000	2.79302527e-007	2.68713787e-007	-7.61761263e-008	
9.81753131e+000	3.50870912e-007	3.42652729e-007	-7.54950596e-008	
9.91771020e+000	4.78971706e-007	4.78862419e-007	1.02312983e-008	
1.00178891e+001	3.06135594e-007	3.05504311e-007	-1.96498884e-008	
1.01180680e+001	2.64040381e-007	2.62733686e-007	-2.62361091e-008	
1.02182469e+001	2.65824893e-007	2.64567358e-007	-2.58260872e-008	
1.03184258e+001	2.87189547e-007	2.86062240e-007	-2.54210656e-008	
1.04186047e+001	3.08330033e-007	3.07274752e-007	-2.54879483e-008	
1.05187835e+001	3.32669135e-007	3.31690044e-007	-2.55042727e-008	
1.06189624e+001	3.54855867e-007	3.53948381e-007	-2.53619765e-008	
1.07191413e+001	3.78081844e-007	3.77204111e-007	-2.57476173e-008	
1.08193202e+001	3.96621231e-007	3.95693800e-007	-2.71075181e-008	
1.09194991e+001	4.10800568e-007	4.09740378e-007	-2.94945639e-008	
1.10196780e+001	4.30069045e-007	4.28904151e-007	-3.16324574e-008	
1.11198569e+001	4.71961203e-007	4.70632177e-007	-3.53939434e-008	
1.12200358e+001	5.08945310e-007	5.07407108e-007	-3.95392884e-008	
1.13202147e+001	5.70321500e-007	5.68556603e-007	-4.48330587e-008	
1.14203936e+001	6.26141023e-007	6.24177234e-007	-4.95516047e-008	
1.15205725e+001	7.04432187e-007	7.02429237e-007	-5.30836475e-008	
1.16207513e+001	8.00409983e-007	7.98367011e-007	-5.71511736e-008	
1.17209302e+001	9.23950718e-007	9.21659728e-007	-6.50251858e-008	
1.18211091e+001	1.02986076e-006	1.02747596e-006	-7.00451175e-008	
1.19212880e+001	1.12472854e-006	1.12251614e-006	-7.05109987e-008	
1.20214669e+001	1.20399911e-006	1.20215620e-006	-6.65908452e-008	
1.21216458e+001	1.26136907e-006	1.26026950e-006	-5.26566468e-008	
1.22218247e+001	1.28291747e-006	1.28262367e-006	-2.74548172e-008	
1.23220036e+001	1.21588343e-006	1.21587204e-006	5.26149987e-009	
1.24221825e+001	1.11159282e-006	1.11085930e-006	4.03758825e-008	
1.25223614e+001	8.64209151e-007	8.61552206e-007	6.77144947e-008	
1.26225403e+001	7.42610918e-007	7.37110725e-007	9.02150448e-008	
1.27227191e+001	6.55674370e-007	6.46162030e-007	1.11281224e-007	
1.28228980e+001	4.11384020e-007	3.87610084e-007	1.37823200e-007	
1.29230769e+001	4.52654869e-007	4.22571709e-007	1.62263925e-007	
1.30232558e+001	7.63326499e-007	7.42023130e-007	1.79078249e-007	
1.31234347e+001	9.56912939e-007	9.37704922e-007	1.90766485e-007	
1.32236136e+001	1.19723870e-006	1.18052029e-006	1.99379896e-007	
1.33237925e+001	2.06026699e-006	2.05253534e-006	1.78321996e-007	
1.34239714e+001	3.15599896e-006	3.15287115e-006	1.40473809e-007	
1.35241503e+001	3.95952075e-006	3.95905100e-006	6.09895392e-008	
1.36243292e+001	4.66096207e-006	4.66049991e-006	-6.56347625e-008	
1.37245081e+001	5.26402960e-006	5.26169159e-006	-1.56873587e-007	
1.38246869e+001	5.79446673e-006	5.78969533e-006	-2.35101262e-007	
1.39248658e+001	6.27687385e-006	6.27128844e-006	-2.64738614e-007	
1.40250447e+001	6.86403742e-006	6.85830445e-006	-2.80481350e-007	
1.41252236e+001	7.56083355e-006	7.55518415e-006	-2.92226510e-007	
1.42254025e+001	8.29404980e-006	8.28841193e-006	-3.05761083e-007	
1.43255814e+001	9.04886404e-006	9.04315845e-006	-3.21287379e-007	
1.44257603e+001	9.93702675e-006	9.93130234e-006	-3.37245521e-007	
1.45259392e+001	1.11242454e-005	1.11183716e-005	-3.61456044e-007	
1.46261181e+001	1.23425046e-005	1.23365664e-005	-3.82816791e-007	
1.47262970e+001	1.35242236e-005	1.35185732e-005	-3.90898343e-007	
1.48264758e+001	1.51155499e-005	1.51093274e-005	-4.33673660e-007	
1.49266547e+001	1.69020864e-005	1.68955877e-005	-4.68661289e-007	
1.50268336e+001	1.88828743e-005	1.88762562e-005	-4.99892604e-007	
1.51270125e+001	2.18605246e-005	2.18542915e-005	-5.21997813e-007	
1.52271914e+001	2.46904996e-005	2.46853462e-005	-5.04432711e-007	
1.53273703e+001	2.78208697e-005	2.78171782e-005	-4.53193542e-007	
1.54275492e+001	3.21256113e-005	3.21246662e-005	-2.46417425e-007	
1.55277281e+001	3.53001037e-005	3.52996282e-005	1.83213718e-007	
1.56279070e+001	3.99646830e-005	3.99491628e-005	1.11367843e-006	
1.57280859e+001	4.32902595e-005	4.32169954e-005	2.51751371e-006	
1.58282648e+001	4.13296028e-005	4.10869367e-005	4.47210284e-006	
1.59284436e+001	3.52048954e-005	3.47289428e-005	5.76933234e-006	
1.60286225e+001	2.31910878e-005	2.25409118e-005	5.45287531e-006	
1.61288014e+001	9.83155153e-006	8.89225439e-006	4.19371164e-006	
1.62289803e+001	3.66642425e-006	-1.51132947e-006	3.34044159e-006	
1.63291592e+001	9.72113968e-006	-9.33454086e-006	2.71420405e-006	
1.64293381e+001	1.54701707e-005	-1.53003770e-005	2.28574853e-006	
1.65295170e+001	2.08625668e-005	-2.07762551e-005	1.89576329e-006	
1.66296959e+001	2.58036343e-005	-2.57515004e-005	1.63944119e-006	
1.67298748e+001	3.02211373e-005	-3.01890325e-005	1.39264564e-006	
1.68300537e+001	3.45878767e-005	-3.45689636e-005	1.14366480e-006	
1.69302326e+001	3.85143111e-005	-3.85021405e-005	9.68160895e-007	
1.70304114e+001	4.19190127e-005	-4.19097940e-005	8.79088963e-007	
1.71305903e+001	4.53243331e-005	-4.53174475e-005	7.90017031e-007	
1.72307692e+001	4.87301426e-005	-4.87251010e-005	7.00945098e-007	
1.73309481e+001	5.20801522e-005	-5.20764226e-005	6.23270451e-007	
1.74311270e+001	5.55558203e-005	-5.55529518e-005	5.64556594e-007	
1.75313059e+001	5.90208528e-005	-5.90186852e-005	5.05825580e-007	
1.76314848e+001	6.24860182e-005	-6.24844187e-005	4.47094565e-007	
1.77316637e+001	6.59512956e-005	-6.59501522e-005	3.88363551e-007	
1.78318426e+001	6.94507860e-005	-6.94500102e-005	3.28251355e-007	
1.79320215e+001	7.33400105e-005	-7.33394685e-005	2.81982391e-007	
1.80322004e+001	7.66154455e-005	-7.66150766e-005	2.37734729e-007	
1.81323792e+001	7.98909191e-005	-7.98906848e-005	1.93487066e-007	
1.82325581e+001	8.31664269e-005	-8.31662930e-005	1.49239404e-007	
1.83327370e+001	8.81079057e-005	-8.81078651e-005	8.46229128e-008	
1.84329159e+001	9.33507922e-005	-9.33507907e-005	1.63219359e-008	
1.85330948e+001	9.85937301e-005	-9.85937164e-005	-5.19790411e-008	
1.86332737e+001	1.03659245e-004	-1.03659175e-004	-1.20037285e-007	
1.87334526e+001	1.08269017e-004	-1.08268844e-004	-1.93513218e-007	
1.88336315e+001	1.14783611e-004	-1.14783163e-004	-3.20651544e-007	
1.89338104e+001	1.22068507e-004	-1.22067837e-004	-4.04509825e-007	
1.90339893e+001	1.29465002e-004	-1.29464104e-004	-4.82098524e-007	
1.91341682e+001	1.36861516e-004	-1.36860372e-004	-5.59687224e-007	
1.92343470e+001	1.44258047e-004	-1.44256639e-004	-6.37275923e-007	
1.93345259e+001	1.51654591e-004	-1.51652906e-004	-7.14864623e-007	
1.94347048e+001	1.62105520e-004	-1.62103123e-004	-8.81570288e-007	
1.95348837e+001	1.70272949e-004	-1.70270452e-004	-9.22212909e-007	
1.96350626e+001	1.78440379e-004	-1.78437781e-004	-9.62855529e-007	
1.97352415e+001	1.86607809e-004	-1.86605111e-004	-1.00349815e-006	
1.98354204e+001	1.96482893e-004	-1.96480655e-004	-9.37748529e-007	
1.99355993e+001	2.06466995e-004	-2.06465182e-004	-8.65211249e-007	
2.00357782e+001	2.16451160e-004	-2.16449708e-004	-7.92673970e-007	
2.01359571e+001	2.26435380e-004	-2.26434234e-004	-7.20136691e-007	
2.02361360e+001	2.38946682e-004	-2.38946282e-004	-4.37099847e-007	
2.03363148e+001	2.50140308e-004	-2.50140275e-004	-1.28753005e-007	
2.04364937e+001	2.61334330e-004	-2.61334268e-004	1.79593838e-007	
2.05366726e+001	2.72528698e-004	-2.72528261e-004	4.87940681e-007	
2.06368515e+001	2.83178619e-004	-2.83176972e-004	9.65879577e-007	
2.07370304e+001	2.90900417e-004	-2.90897602e-004	1.27969158e-006	
2.08372093e+001	2.98010244e-004	-2.98006207e-004	1.55102878e-006	
2.09373882e+001	3.05654041e-004	-3.05648583e-004	1.82651324e-006	
2.10375671e+001	3.13298010e-004	-3.13290959e-004	2.10199770e-006	
2.11377460e+001	3.15881254e-004	-3.15873695e-004	2.18527168e-006	
2.12379249e+001	3.19002205e-004	-3.18993799e-004	2.31591802e-006	
2.13381038e+001	3.22566031e-004	-3.22556468e-004	2.48388578e-006	
2.14382826e+001	3.25580479e-004	-3.25569899e-004	2.62477307e-006	
2.15384615e+001	3.25845795e-004	-3.25835180e-004	2.63016134e-006	
2.16386404e+001	3.26111111e-004	-3.26100461e-004	2.63554961e-006	
2.17388193e+001	3.24121497e-004	-3.24111408e-004	2.55739518e-006	
2.18389982e+001	3.20814626e-004	-3.20805420e-004	2.43043684e-006	
2.19391771e+001	3.17507787e-004	-3.17499431e-004	2.30347850e-006	
2.20393560e+001	3.14200982e-004	-3.14193443e-004	2.17652017e-006	
2.21395349e+001	3.10670818e-004	-3.10664110e-004	2.04151531e-006	
2.22397138e+001	3.04419824e-004	-3.04414652e-004	1.77441481e-006	
2.23398927e+001	2.98351153e-004	-2.98347239e-004	1.52831943e-006	
2.24400716e+001	2.92282638e-004	-2.92279825e-004	1.28222406e-006	
2.25402504e+001	2.86214287e-004	-2.86212411e-004	1.03612869e-006	
2.26404293e+001	2.75197191e-004	-2.75196400e-004	6.59650586e-007	
2.27406082e+001	2.63322323e-004	-2.63322185e-004	2.69588209e-007	
2.28407871e+001	2.53942107e-004	-2.53942107e-004	-1.32369820e-008	
2.29409660e+001	2.41969863e-004	-2.41969691e-004	-2.88337762e-007	
2.30411449e+001	2.32344462e-004	-2.32343700e-004	-5.94822657e-007	
2.31413238e+001	2.19924706e-004	-2.19923354e-004	-7.71105771e-007	
2.32415027e+001	2.11110035e-004	-2.11108107e-004	-9.02217553e-007	
2.33416816e+001	2.03113656e-004	-2.03111021e-004	-1.03460679e-006	
2.34418605e+001	1.95023419e-004	-1.95019968e-004	-1.16020615e-006	
2.35420394e+001	1.83844647e-004	-1.83841575e-004	-1.06272070e-006	
2.36422182e+001	1.72665880e-004	-1.72663182e-004	-9.65235254e-007	
2.37423971e+001	1.60941365e-004	-1.60939090e-004	-8.55580095e-007	
2.38425760e+001	1.52247673e-004	-1.52245892e-004	-7.36448043e-007	
2.39427549e+001	1.44425447e-004	-1.44424018e-004	-6.42557364e-007	
2.40429338e+001	1.36532293e-004	-1.36531165e-004	-5.54916039e-007	
2.41431127e+001	1.28639161e-004	-1.28638313e-004	-4.67274713e-007	
2.42432916e+001	1.21650805e-004	-1.21650176e-004	-3.91267543e-007	
2.43434705e+001	1.16359343e-004	-1.16358854e-004	-3.37080519e-007	
2.44436494e+001	1.10720204e-004	-1.10719875e-004	-2.69914654e-007	
2.45438283e+001	1.04947394e-004	-1.04947208e-004	-1.97757953e-007	
2.46440072e+001	9.91746209e-005	-9.91745413e-005	-1.25601252e-007	
2.47441860e+001	9.39534067e-005	-9.39533725e-005	-8.02724861e-008	
2.48443649e+001	8.87705991e-005	-8.87705915e-005	-3.68111227e-008	
2.49445438e+001	8.42357520e-005	-8.42357517e-005	6.20630709e-009	
2.50447227e+001	8.07275695e-005	-8.07275549e-005	4.85203378e-008	
2.51449016e+001	7.67240862e-005	-7.67240370e-005	8.68719508e-008	
2.52450805e+001	7.25818297e-005	-7.25817236e-005	1.24113243e-007	
2.53452594e+001	6.84396004e-005	-6.84394102e-005	1.61354535e-007	
2.54454383e+001	6.48550678e-005	-6.48547759e-005	1.94584709e-007	
2.55456172e+001	6.19820566e-005	-6.19816565e-005	2.22697297e-007	
2.56457961e+001	5.87687503e-005	-5.87682135e-005	2.51182500e-007	
2.57459750e+001	5.54748870e-005	-5.54741816e-005	2.79755938e-007	
2.58461538e+001	5.21810605e-005	-5.21801496e-005	3.08329377e-007	
2.59463327e+001	4.91241029e-005	-4.91229556e-005	3.35732212e-007	
2.60465116e+001	4.66531595e-005	-4.66517687e-005	3.60238628e-007	
2.61466905e+001	4.41822569e-005	-4.41805817e-005	3.84745043e-007	
2.62468694e+001	4.17114025e-005	-4.17093948e-005	4.09251459e-007	
2.63470483e+001	3.92394484e-005	-3.92370511e-005	4.33745263e-007	
2.64472272e+001	3.62990709e-005	-3.62960895e-005	4.65227782e-007	
2.65474061e+001	3.30778733e-005	-3.30740799e-005	5.00936590e-007	
2.66475850e+001	2.98582667e-005	-2.98534459e-005	5.36523674e-007	
2.67477639e+001	2.66389560e-005	-2.66328119e-005	5.72110758e-007	
2.68479428e+001	2.34172331e-005	-2.34092895e-005	6.09891469e-007	
2.69481216e+001	2.01079405e-005	-2.00970725e-005	6.61021784e-007	
2.70483005e+001	1.64139115e-005	-1.63975026e-005	7.33755370e-007	
2.71484794e+001	1.30863712e-005	-1.30622481e-005	7.94220211e-007	
2.72486583e+001	1.02385022e-005	-1.02040995e-005	8.38617951e-007	
2.73488372e+001	7.39883178e-006	-7.34595092e-006	8.83015691e-007	
2.74490161e+001	4.58275522e-006	-4.48910101e-006	9.21746979e-007	
2.75491950e+001	1.90354115e-006	-1.64696205e-006	9.54455312e-007	
2.76493739e+001	1.34048944e-006	9.09314332e-007	9.84915928e-007	
2.77495528e+001	3.61127519e-006	3.46559071e-006	1.01537654e-006	
2.78497317e+001	6.10999665e-006	6.01983552e-006	1.04577216e-006	
2.79499106e+001	6.65289609e-006	6.57544245e-006	1.01221685e-006	
2.80500894e+001	7.19789161e-006	7.13104938e-006	9.78661541e-007	
2.81502683e+001	7.61519999e-006	7.56007127e-006	9.14654771e-007	
2.82504472e+001	7.01727334e-006	6.96784757e-006	8.31399625e-007	
2.83506261e+001	5.56786359e-006	5.51846137e-006	7.40060198e-007	
2.84508050e+001	4.76546293e-006	4.71455861e-006	6.94675528e-007	
2.85509839e+001	3.96419068e-006	3.91065585e-006	6.49290859e-007	
2.86511628e+001	3.16490401e-006	3.10675308e-006	6.03906190e-007	
2.87513417e+001	1.68068904e-006	1.58731076e-006	5.52413090e-007	
2.88515206e+001	8.21237152e-007	6.31812499e-007	5.24636470e-007	
2.89516995e+001	5.70968179e-007	-2.80403808e-007	4.97371457e-007	
2.90518784e+001	1.28192933e-006	-1.19262012e-006	4.70106444e-007	
2.91520572e+001	2.15091722e-006	-2.10483642e-006	4.42841430e-007	
2.92522361e+001	3.05597821e-006	-3.02721158e-006	4.18321500e-007	
2.93524150e+001	4.01077782e-006	-3.99029746e-006	4.04802249e-007	
2.94525939e+001	4.74337583e-006	-4.72735234e-006	3.89556269e-007	
2.95527728e+001	5.24952853e-006	-5.23629098e-006	3.72567631e-007	
2.96529517e+001	5.75622270e-006	-5.74522961e-006	3.55578992e-007	
2.97531306e+001	6.26332690e-006	-6.25416825e-006	3.38590353e-007	
2.98533095e+001	6.53417355e-006	-6.52588742e-006	3.28964163e-007	
2.99534884e+001	6.79553401e-006	-6.78801263e-006	3.19635735e-007	
3.00536673e+001	7.05696353e-006	-7.05013784e-006	3.10307308e-007	
3.01538462e+001	7.30367697e-006	-7.29747506e-006	3.00923598e-007	
3.02540250e+001	7.47211916e-006	-7.46644092e-006	2.91246917e-007	
3.03542039e+001	7.64059674e-006	-7.63540678e-006	2.81570235e-007	
3.04543828e+001	7.74669103e-006	-7.74189808e-006	2.72462914e-007	
3.05545617e+001	7.80892846e-006	-7.80445981e-006	2.64141372e-007	
3.06547406e+001	7.88217941e-006	-7.87797361e-006	2.57456858e-007	
3.07549195e+001	7.95544083e-006	-7.95148741e-006	2.50772345e-007	
3.08550984e+001	8.02871243e-006	-8.02500121e-006	2.44087831e-007	
3.09552773e+001	8.06273509e-006	-8.05924919e-006	2.37064554e-007	
3.10554562e+001	8.05227060e-006	-8.04899493e-006	2.29657338e-007	
3.11556351e+001	8.04246485e-006	-8.03939092e-006	2.22338652e-007	
3.12558140e+001	8.03904659e-006	-8.03614730e-006	2.15885928e-007	
3.13559928e+001	8.03563337e-006	-8.03290367e-006	2.09433204e-007	
3.14561717e+001	7.97180974e-006	-7.96922142e-006	2.03126623e-007	
3.15563506e+001	7.90235908e-006	-7.89990732e-006	1.96833660e-007	
3.16565295e+001	7.84698398e-006	-7.84464548e-006	1.91558953e-007	
3.17567084e+001	7.78613020e-006	-7.78389167e-006	1.86692139e-007	
3.18568873e+001	7.72158417e-006	-7.71944087e-006	1.81919540e-007	
3.19570662e+001	7.65703951e-006	-7.65499007e-006	1.77146942e-007	
3.20572451e+001	7.59249625e-006	-7.59053927e-006	1.72374343e-007	
3.21574240e+001	7.51740357e-006	-7.51551674e-006	1.68417827e-007	
3.22576029e+001	7.44396387e-006	-7.44214353e-006	1.64614003e-007	
3.23577818e+001	7.37052481e-006	-7.36877032e-006	1.60810180e-007	
3.24579606e+001	7.29708640e-006	-7.29539711e-006	1.57006356e-007	
3.25581395e+001	7.21913371e-006	-7.21750244e-006	1.53460189e-007	
3.26583184e+001	7.13663065e-006	-7.13505044e-006	1.50173723e-007	
3.27584973e+001	7.05713508e-006	-7.05560896e-006	1.46757534e-007	
3.28586762e+001	6.98004708e-006	-6.97857723e-006	1.43237508e-007	
3.29588551e+001	6.89893349e-006	-6.89751861e-006	1.39715505e-007	
3.30590340e+001	6.80328101e-006	-6.80191780e-006	1.36186362e-007	
3.31592129e+001	6.70762890e-006	-6.70631699e-006	1.32657218e-007	
3.32593918e+001	6.61197719e-006	-6.61071618e-006	1.29128075e-007	
3.33595707e+001	6.52276368e-006	-6.52154294e-006	1.26189331e-007	
3.34597496e+001	6.44042129e-006	-6.43923026e-006	1.23854865e-007	
3.35599284e+001	6.35807899e-006	-6.35691758e-006	1.21520399e-007	
3.36601073e+001	6.27573677e-006	-6.27460491e-006	1.19185934e-007	
3.37602862e+001	6.19186910e-006	-6.19076785e-006	1.16774788e-007	
3.38604651e+001	6.10331258e-006	-6.10224467e-006	1.14168151e-007	
3.39606440e+001	6.02059311e-006	-6.01955319e-006	1.11896359e-007	
3.40608229e+001	5.93787374e-006	-5.93686171e-006	1.09624567e-007	
3.41610018e+001	5.85515446e-006	-5.85417023e-006	1.07352774e-007	
3.42611807e+001	5.76985460e-006	-5.76889611e-006	1.05165412e-007	
3.43613596e+001	5.68253035e-006	-5.68159600e-006	1.03044282e-007	
3.44615385e+001	5.59549109e-006	-5.59458018e-006	1.00961498e-007	
3.45617174e+001	5.50894468e-006	-5.50805690e-006	9.88972377e-008	
3.46618962e+001	5.43318542e-006	-5.43231502e-006	9.72486063e-008	
3.47620751e+001	5.35881530e-006	-5.35796146e-006	9.56577992e-008	
3.48622540e+001	5.28223198e-006	-5.28139610e-006	9.39678161e-008	
3.49624329e+001	5.20525334e-006	-5.20443565e-006	9.22601180e-008	
3.50626118e+001	5.12577114e-006	-5.12497250e-006	9.04801297e-008	
3.51627907e+001	5.03753688e-006	-5.03675374e-006	8.88232126e-008	
3.52629696e+001	4.94922457e-006	-4.94845688e-006	8.71681013e-008	
3.53631485e+001	4.86091226e-006	-4.86016003e-006	8.55129900e-008	
3.54633274e+001	4.78536945e-006	-4.78462988e-006	8.41290750e-008	
3.55635063e+001	4.71164602e-006	-4.71091830e-006	8.28074097e-008	
3.56636852e+001	4.63598637e-006	-4.63527134e-006	8.14203673e-008	
3.57638640e+001	4.55722709e-006	-4.55652611e-006	7.99286651e-008	
3.58640429e+001	4.48506208e-006	-4.48436987e-006	7.87954920e-008	
3.59642218e+001	4.41706851e-006	-4.41638160e-006	7.78957445e-008	
3.60644007e+001	4.34814169e-006	-4.34746036e-006	7.69715272e-008	
3.61645796e+001	4.27921490e-006	-4.27853911e-006	7.60473098e-008	
3.62647585e+001	4.21050928e-006	-4.20983840e-006	7.51600852e-008	
3.63649374e+001	4.14295409e-006	-4.14228482e-006	7.44652790e-008	
3.64651163e+001	4.07539896e-006	-4.07473123e-006	7.37704729e-008	
3.65652952e+001	4.00784390e-006	-4.00717765e-006	7.30756667e-008	
3.66654741e+001	3.94028891e-006	-3.93962406e-006	7.23808605e-008	
3.67656530e+001	3.86200668e-006	-3.86134546e-006	7.14620849e-008	
3.68658318e+001	3.77971094e-006	-3.77905402e-006	7.04667375e-008	
3.69660107e+001	3.69872619e-006	-3.69807024e-006	6.96559853e-008	
3.70661896e+001	3.62151953e-006	-3.62086195e-006	6.90107735e-008	
3.71663685e+001	3.54611160e-006	-3.54545650e-006	6.81590379e-008	
3.72665474e+001	3.47070376e-006	-3.47005106e-006	6.73073023e-008	
3.73667263e+001	3.39529604e-006	-3.39464561e-006	6.64555667e-008	
3.74669052e+001	3.32135062e-006	-3.32070138e-006	6.56682172e-008	
3.75670841e+001	3.25519264e-006	-3.25453913e-006	6.52237705e-008	
3.76672630e+001	3.18903489e-006	-3.18837688e-006	6.47793238e-008	
3.77674419e+001	3.12287739e-006	-3.12221464e-006	6.43348771e-008	
3.78676208e+001	3.04636509e-006	-3.04569531e-006	6.38776300e-008	
3.79677996e+001	2.96388554e-006	-2.96319851e-006	6.38127223e-008	
3.80679785e+001	2.87912113e-006	-2.87841063e-006	6.39587348e-008	
3.81681574e+001	2.79435815e-006	-2.79362275e-006	6.41047474e-008	
3.82683363e+001	2.71556485e-006	-2.71480236e-006	6.43471766e-008	
3.83685152e+001	2.64882291e-006	-2.64803055e-006	6.47842741e-008	
3.84686941e+001	2.58208259e-006	-2.58125874e-006	6.52213717e-008	
3.85688730e+001	2.49243127e-006	-2.49154666e-006	6.63994294e-008	
3.86690519e+001	2.38242537e-006	-2.38144798e-006	6.82359651e-008	
3.87692308e+001	2.27242993e-006	-2.27134930e-006	7.00725007e-008	
3.88694097e+001	2.17461865e-006	-2.17344016e-006	7.15832878e-008	
3.89695886e+001	2.08811640e-006	-2.08684725e-006	7.27916638e-008	
3.90697674e+001	1.97925860e-006	-1.97779080e-006	7.62112254e-008	
3.91699463e+001	1.84729583e-006	-1.84549164e-006	8.16239211e-008	
3.92701252e+001	1.66079478e-006	-1.65841965e-006	8.87893868e-008	
3.93703041e+001	1.47744063e-006	-1.47427678e-006	9.66374317e-008	
3.94704830e+001	1.29814189e-006	-1.29377222e-006	1.06422842e-007	
3.95706619e+001	1.09643870e-006	-1.09032664e-006	1.15609829e-007	
3.96708408e+001	7.73334769e-007	-7.60959889e-007	1.37792278e-007	
3.97710197e+001	4.02395989e-007	-3.68123406e-007	1.62504431e-007	
3.98711986e+001	1.76589616e-007	1.61004206e-008	1.75854113e-007	
3.99713775e+001	6.29690974e-007	5.93614295e-007	2.10078061e-007	
4.00715564e+001	1.13754630e-006	1.11805711e-006	2.09666128e-007	
4.01717352e+001	1.40742200e-006	1.39976803e-006	1.46581526e-007	
4.02719141e+001	1.50425628e-006	1.50254437e-006	7.17453674e-008	
4.03720930e+001	1.39947411e-006	1.39944146e-006	9.56013731e-009	
4.04722719e+001	1.27495632e-006	1.27463979e-006	-2.84080887e-008	
4.05724508e+001	1.11559256e-006	1.11484056e-006	-4.09548617e-008	
4.06726297e+001	9.89444621e-007	9.88525751e-007	-4.26321187e-008	
4.07728086e+001	8.46535729e-007	8.45542290e-007	-4.09997210e-008	
4.08729875e+001	7.36248900e-007	7.35272536e-007	-3.79043641e-008	
4.09731664e+001	6.54606032e-007	6.53598333e-007	-3.63080764e-008	
4.10733453e+001	5.80628304e-007	5.79701956e-007	-3.27852145e-008	
4.11735242e+001	5.15202901e-007	5.14350161e-007	-2.96300612e-008	
4.12737030e+001	4.56266057e-007	4.55480940e-007	-2.67549644e-008	
4.13738819e+001	4.09417383e-007	4.08677162e-007	-2.46083433e-008	
4.14740608e+001	3.75410327e-007	3.74674195e-007	-2.34981166e-008	
4.15742397e+001	3.43169739e-007	3.42453761e-007	-2.21560606e-008	
4.16744186e+001	3.11378293e-007	3.10668918e-007	-2.10063133e-008	
4.17745975e+001	2.84032709e-007	2.83314717e-007	-2.01829372e-008	
4.18747764e+001	2.61128857e-007	2.60428128e-007	-1.91172714e-008	
4.19749553e+001	2.41712070e-007	2.41010842e-007	-1.83983397e-008	
4.20751342e+001	2.22444095e-007	2.21760798e-007	-1.74219375e-008	
4.21753131e+001	2.07313941e-007	2.06757233e-007	-1.51827779e-008	
4.22754919e+001	1.93445353e-007	1.93075150e-007	-1.19620724e-008	
4.23756708e+001	1.70062548e-007	1.70006283e-007	-4.37423741e-009	
4.24758497e+001	1.33744970e-007	1.33656887e-007	4.85320688e-009	
4.25760286e+001	7.89838890e-008	7.77068040e-008	1.41459301e-008	
4.26762075e+001	3.00468663e-008	2.31504832e-008	1.91538327e-008	
4.27763864e+001	3.13682125e-008	-2.41065642e-008	2.00708326e-008	
4.28765653e+001	5.68127103e-008	-5.32876900e-008	1.97004099e-008	
4.29767442e+001	7.34781948e-008	-7.07907181e-008	1.96905901e-008	
4.30769231e+001	6.25768532e-008	-6.01148051e-008	1.73802406e-008	
4.31771020e+001	5.16951790e-008	-4.94517443e-008	1.50637485e-008	
4.32772809e+001	3.07265459e-008	-2.81221436e-008	1.23800511e-008	
4.33774597e+001	1.23615313e-008	-7.52622986e-009	9.80628979e-009	
4.34776386e+001	1.23014063e-008	9.82416090e-009	7.40340857e-009	
4.35778175e+001	2.91871331e-008	2.88520863e-008	4.40974575e-009	
4.36779964e+001	4.41967252e-008	4.41872326e-008	9.15967455e-010	
4.37781753e+001	5.09821217e-008	5.09365203e-008	-2.15583644e-009	
4.38783542e+001	5.34839486e-008	5.33174435e-008	-4.21698713e-009	
4.39785331e+001	5.34427715e-008	5.31799828e-008	-5.29332190e-009	
4.40787120e+001	4.95437039e-008	4.92544974e-008	-5.34537936e-009	
4.41788909e+001	4.48481216e-008	4.45352998e-008	-5.28782392e-009	
4.42790698e+001	4.02569145e-008	3.99702349e-008	-4.79577752e-009	
4.43792487e+001	3.59198026e-008	3.56563826e-008	-4.34218857e-009	
4.44794275e+001	3.21778802e-008	3.19362136e-008	-3.93627202e-009	
4.45796064e+001	2.83883171e-008	2.81712177e-008	-3.50414575e-009	
4.46797853e+001	2.53785644e-008	2.51772911e-008	-3.18991278e-009	
4.47799642e+001	2.29235067e-008	2.27450699e-008	-2.85463731e-009	
4.48801431e+001	2.13147981e-008	2.11556319e-008	-2.59997238e-009	
4.49803220e+001	2.04575469e-008	2.03188046e-008	-2.37852925e-009	
4.50805009e+001	1.96010322e-008	1.94819774e-008	-2.15708612e-009	
4.51806798e+001	1.91278256e-008	1.90146836e-008	-2.07738314e-009	
4.52808587e+001	1.88441610e-008	1.87319212e-008	-2.05366365e-009	
4.53810376e+001	1.84456413e-008	1.83304056e-008	-2.05861967e-009	
4.54812165e+001	1.79310001e-008	1.78126940e-008	-2.05637988e-009	
4.55813953e+001	1.72177804e-008	1.70942502e-008	-2.05877948e-009	
4.56815742e+001	1.67872667e-008	1.66591747e-008	-2.06983586e-009	
4.57817531e+001	1.66256786e-008	1.64855400e-008	-2.15410311e-009	
4.58819320e+001	1.75533317e-008	1.74019761e-008	-2.30014851e-009	
4.59821109e+001	2.12608972e-008	2.11461464e-008	-2.20595651e-009	
4.60822898e+001	3.44983614e-008	3.44932665e-008	-5.92880184e-010	
4.61824687e+001	2.59496057e-008	2.50911063e-008	-6.61954836e-009	
4.62826476e+001	2.46239299e-008	2.37134460e-008	-6.63403372e-009	
4.63828265e+001	2.35867477e-008	2.26451390e-008	-6.59790472e-009	
4.64830054e+001	2.59534358e-008	2.52003100e-008	-6.20686742e-009	
4.65831843e+001	2.69354479e-008	2.61623137e-008	-6.40715954e-009	
4.66833631e+001	2.66699040e-008	2.56658728e-008	-7.24891380e-009	
4.67835420e+001	3.12607228e-008	3.04443238e-008	-7.09760074e-009	
4.68837209e+001	3.29702897e-008	3.19699607e-008	-8.05987671e-009	
4.69838998e+001	3.65731224e-008	3.56179114e-008	-8.30407554e-009	
4.70840787e+001	4.03062588e-008	3.92267873e-008	-9.26572498e-009	
4.71842576e+001	4.17278096e-008	4.02793882e-008	-1.08986687e-008	
4.72844365e+001	4.98321696e-008	4.84641152e-008	-1.15963213e-008	
4.73846154e+001	5.69539466e-008	5.53598717e-008	-1.33804572e-008	
4.74847943e+001	6.26376771e-008	6.04254622e-008	-1.64997608e-008	
4.75849732e+001	7.96666604e-008	7.74602462e-008	-1.86195337e-008	
4.76851521e+001	9.34945464e-008	9.09240952e-008	-2.17724396e-008	
4.77853309e+001	1.07737718e-007	1.03979139e-007	-2.82091211e-008	
4.78855098e+001	1.35753912e-007	1.31577654e-007	-3.34132528e-008	
4.79856887e+001	1.68136787e-007	1.60315474e-007	-5.06845943e-008	
4.80858676e+001	2.89167927e-007	2.86771152e-007	-3.71536900e-008	
4.81860465e+001	4.12652892e-007	4.01997704e-007	9.31678869e-008	
4.82862254e+001	1.49972809e-007	1.49453071e-007	1.24748912e-008	
4.83864043e+001	7.29918865e-008	7.23876235e-008	9.37269748e-009	
4.84865832e+001	1.84237104e-008	1.67641237e-008	7.64181025e-009	
4.85867621e+001	2.55624134e-008	-2.45045287e-008	7.27770909e-009	
4.86869410e+001	6.13862692e-008	-6.08621181e-008	8.00478722e-009	
4.87871199e+001	8.91548483e-008	-8.87211993e-008	8.78269648e-009	
4.88872987e+001	1.18480956e-007	-1.18138592e-007	9.00055672e-009	
4.89874776e+001	1.47843659e-007	-1.47555984e-007	9.21841696e-009	
4.90876565e+001	1.73559110e-007	-1.73302761e-007	9.42963075e-009	
4.91878354e+001	1.92900039e-007	-1.92659550e-007	9.62927405e-009	
4.92880143e+001	2.12244048e-007	-2.12016339e-007	9.82891736e-009	
4.93881932e+001	2.31590364e-007	-2.31373129e-007	1.00285607e-008	
4.94883721e+001	2.51092540e-007	-2.50885080e-007	1.02049167e-008	
4.95885510e+001	2.70652912e-007	-2.70454073e-007	1.03727115e-008	
4.96887299e+001	2.88564179e-007	-2.88372491e-007	1.05162823e-008	
4.97889088e+001	3.07612020e-007	-3.07427190e-007	1.06619753e-008	
4.98890877e+001	3.27144942e-007	-3.26966257e-007	1.08110832e-008	
4.99892665e+001	3.46678620e-007	-3.46505324e-007	1.09601910e-008	
5.00894454e+001	3.62872196e-007	-3.62703666e-007	1.10580858e-008	
5.01896243e+001	3.74301462e-007	-3.74137345e-007	1.10829387e-008	
5.02898032e+001	3.85730991e-007	-3.85571023e-007	1.11077915e-008	
5.03899821e+001	3.97160760e-007	-3.97004702e-007	1.11326444e-008	
5.04901610e+001	4.08754416e-007	-4.08602010e-007	1.11611058e-008	
5.05903399e+001	4.21630466e-007	-4.21481225e-007	1.12172718e-008	
5.06905188e+001	4.35105623e-007	-4.34959506e-007	1.12752371e-008	
5.07906977e+001	4.48580975e-007	-4.48437788e-007	1.13332023e-008	
5.08908766e+001	4.59176137e-007	-4.59036257e-007	1.13331225e-008	
5.09910555e+001	4.67889507e-007	-4.67753076e-007	1.12982897e-008	
5.10912343e+001	4.76284492e-007	-4.76150875e-007	1.12810338e-008	
5.11914132e+001	4.84679575e-007	-4.84548674e-007	1.12637778e-008	
5.12915921e+001	4.92532094e-007	-4.92403580e-007	1.12507097e-008	
5.13917710e+001	4.99456419e-007	-4.99330031e-007	1.12354209e-008	
5.14919499e+001	5.06380803e-007	-5.06256482e-007	1.12201321e-008	
5.15921288e+001	5.13305243e-007	-5.13182934e-007	1.12048433e-008	
5.16923077e+001	5.20344940e-007	-5.20225184e-007	1.11630919e-008	
5.17924866e+001	5.26730741e-007	-5.26612937e-007	1.11395089e-008	
5.18926655e+001	5.32956649e-007	-5.32840617e-007	1.11205767e-008	
5.19928444e+001	5.39182599e-007	-5.39068296e-007	1.11016446e-008	
5.20930233e+001	5.45076750e-007	-5.44964130e-007	1.10797329e-008	
5.21932021e+001	5.49200544e-007	-5.49089531e-007	1.10419249e-008	
5.22933810e+001	5.53324364e-007	-5.53214932e-007	1.10041170e-008	
5.23935599e+001	5.57186344e-007	-5.57078351e-007	1.09696160e-008	
5.24937388e+001	5.60432431e-007	-5.60325586e-007	1.09428933e-008	
5.25939177e+001	5.63678532e-007	-5.63572821e-007	1.09161705e-008	
5.26940966e+001	5.66924647e-007	-5.66820056e-007	1.08894477e-008	
5.27942755e+001	5.70727160e-007	-5.70623699e-007	1.08667293e-008	
5.28944544e+001	5.74422462e-007	-5.74320024e-007	1.08477720e-008	
5.29946333e+001	5.77571702e-007	-5.77470212e-007	1.08270778e-008	
5.30948122e+001	5.80635082e-007	-5.80534580e-007	1.08027586e-008	
5.31949911e+001	5.83698473e-007	-5.83598948e-007	1.07784393e-008	
5.32951699e+001	5.86520900e-007	-5.86422288e-007	1.07548391e-008	
5.33953488e+001	5.88243079e-007	-5.88145127e-007	1.07345222e-008	
5.34955277e+001	5.89965263e-007	-5.89867966e-007	1.07142053e-008	
5.35957066e+001	5.91835074e-007	-5.91738449e-007	1.06940838e-008	
5.36958855e+001	5.94068661e-007	-5.93972752e-007	1.06744437e-008	
5.37960644e+001	5.96418353e-007	-5.96323132e-007	1.06571097e-008	
5.38962433e+001	5.98965737e-007	-5.98871159e-007	1.06437023e-008	
5.39964222e+001	6.00936133e-007	-6.00842237e-007	1.06227178e-008	
5.40966011e+001	6.02796186e-007	-6.02702975e-007	1.06002842e-008	
5.41967800e+001	6.04663072e-007	-6.04570461e-007	1.05824688e-008	
5.42969589e+001	6.06537656e-007	-6.06445551e-007	1.05698558e-008	
5.43971377e+001	6.08412243e-007	-6.08320640e-007	1.05572429e-008	
5.44973166e+001	6.09922143e-007	-6.09831023e-007	1.05425196e-008	
5.45974955e+001	6.10967938e-007	-6.10877234e-007	1.05273708e-008	
5.46976744e+001	6.11400057e-007	-6.11309579e-007	1.05180004e-008	
5.47978533e+001	6.11851199e-007	-6.11760947e-007	1.05087094e-008	
5.48980322e+001	6.12365661e-007	-6.12275640e-007	1.04996994e-008	
5.49982111e+001	6.13036538e-007	-6.12946744e-007	1.04921550e-008	
5.50983900e+001	6.13707415e-007	-6.13617848e-007	1.04846106e-008	
5.51985689e+001	6.14378292e-007	-6.14288953e-007	1.04770662e-008	
5.52987478e+001	6.15049171e-007	-6.14960057e-007	1.04695218e-008	
5.53989267e+001	6.15741272e-007	-6.15652396e-007	1.04614327e-008	
5.54991055e+001	6.16472990e-007	-6.16384303e-007	1.04564969e-008	
5.55992844e+001	6.17132291e-007	-6.17043776e-007	1.04519123e-008	
5.56994633e+001	6.17710753e-007	-6.17622387e-007	1.04480432e-008	
5.57996422e+001	6.17686752e-007	-6.17598405e-007	1.04467152e-008	
5.58998211e+001	6.17838033e-007	-6.17749728e-007	1.04455212e-008	
5.60000000e+001	6.17771337e-007	-6.17683009e-007	1.04463008e-008	
