% Column 0: Length, cm
% Column 1: |B.t|, Tesla
% Column 2: Re[B.t], Tesla
% Column 3: Im[B.t], Tesla
0.00000000e+000	4.07145722e-006	-4.07122304e-006	4.36677083e-008	
1.00178891e-001	4.07161505e-006	-4.07138085e-006	4.36703389e-008	
2.00357782e-001	4.07191951e-006	-4.07168528e-006	4.36742938e-008	
3.00536673e-001	4.07215135e-006	-4.07191714e-006	4.36738154e-008	
4.00715564e-001	4.07429392e-006	-4.07405943e-006	4.37117028e-008	
5.00894454e-001	4.07827821e-006	-4.07804314e-006	4.37876612e-008	
6.01073345e-001	4.08230373e-006	-4.08206806e-006	4.38646449e-008	
7.01252236e-001	4.08774091e-006	-4.08750444e-006	4.39675241e-008	
8.01431127e-001	4.09324523e-006	-4.09300796e-006	4.40716350e-008	
9.01610018e-001	4.09874955e-006	-4.09851148e-006	4.41757458e-008	
1.00178891e+000	4.10378081e-006	-4.10354201e-006	4.42703637e-008	
1.10196780e+000	4.11183665e-006	-4.11159668e-006	4.44226923e-008	
1.20214669e+000	4.11938716e-006	-4.11914608e-006	4.45658786e-008	
1.30232558e+000	4.12693767e-006	-4.12669549e-006	4.47090648e-008	
1.40250447e+000	4.13476388e-006	-4.13452058e-006	4.48543662e-008	
1.50268336e+000	4.14409378e-006	-4.14384932e-006	4.50112039e-008	
1.60286225e+000	4.15518273e-006	-4.15493672e-006	4.52143019e-008	
1.70304114e+000	4.16643135e-006	-4.16618376e-006	4.54215991e-008	
1.80322004e+000	4.17767998e-006	-4.17743080e-006	4.56288963e-008	
1.90339893e+000	4.18869701e-006	-4.18844626e-006	4.58322907e-008	
2.00357782e+000	4.19821205e-006	-4.19795992e-006	4.60103740e-008	
2.10375671e+000	4.20936230e-006	-4.20910850e-006	4.62232055e-008	
2.20393560e+000	4.22171223e-006	-4.22145662e-006	4.64556634e-008	
2.30411449e+000	4.23302872e-006	-4.23277154e-006	4.66599685e-008	
2.40429338e+000	4.24434520e-006	-4.24408647e-006	4.68642737e-008	
2.50447227e+000	4.25566169e-006	-4.25540139e-006	4.70685789e-008	
2.60465116e+000	4.26806392e-006	-4.26780184e-006	4.72984929e-008	
2.70483005e+000	4.28369108e-006	-4.28342656e-006	4.76044713e-008	
2.80500894e+000	4.29931823e-006	-4.29905128e-006	4.79104497e-008	
2.90518784e+000	4.31494540e-006	-4.31467600e-006	4.82164280e-008	
3.00536673e+000	4.33057256e-006	-4.33030071e-006	4.85224064e-008	
3.10554562e+000	4.35044760e-006	-4.35017286e-006	4.88918260e-008	
3.20572451e+000	4.37059835e-006	-4.37032068e-006	4.92653632e-008	
3.30590340e+000	4.39258091e-006	-4.39229992e-006	4.96838621e-008	
3.40608229e+000	4.41653786e-006	-4.41625312e-006	5.01508224e-008	
3.50626118e+000	4.44049482e-006	-4.44020632e-006	5.06177826e-008	
3.60644007e+000	4.46445179e-006	-4.46415951e-006	5.10847429e-008	
3.70661896e+000	4.48903873e-006	-4.48874233e-006	5.15850984e-008	
3.80679785e+000	4.51414863e-006	-4.51384819e-006	5.20803486e-008	
3.90697674e+000	4.53840086e-006	-4.53809661e-006	5.25503624e-008	
4.00715564e+000	4.56240834e-006	-4.56210033e-006	5.30131740e-008	
4.10733453e+000	4.58641581e-006	-4.58610405e-006	5.34759856e-008	
4.20751342e+000	4.61115200e-006	-4.61083626e-006	5.39608869e-008	
4.30769231e+000	4.63815657e-006	-4.63783619e-006	5.45145512e-008	
4.40787120e+000	4.66516114e-006	-4.66483612e-006	5.50682155e-008	
4.50805009e+000	4.69216574e-006	-4.69183605e-006	5.56218798e-008	
4.60822898e+000	4.71941724e-006	-4.71908291e-006	5.61751234e-008	
4.70840787e+000	4.75085834e-006	-4.75051872e-006	5.68051726e-008	
4.80858676e+000	4.78301510e-006	-4.78266960e-006	5.74886704e-008	
4.90876565e+000	4.81517188e-006	-4.81482048e-006	5.81721681e-008	
5.00894454e+000	4.84732868e-006	-4.84697136e-006	5.88556659e-008	
5.10912343e+000	4.87907927e-006	-4.87871607e-006	5.95317400e-008	
5.20930233e+000	4.91268145e-006	-4.91231194e-006	6.02536505e-008	
5.30948122e+000	4.94754282e-006	-4.94716697e-006	6.09830893e-008	
5.40966011e+000	4.98240420e-006	-4.98202200e-006	6.17125282e-008	
5.50983900e+000	5.01726561e-006	-5.01687703e-006	6.24419670e-008	
5.61001789e+000	5.05284256e-006	-5.05244708e-006	6.32170776e-008	
5.71019678e+000	5.08978778e-006	-5.08938438e-006	6.40795217e-008	
5.81037567e+000	5.12943403e-006	-5.12902229e-006	6.49909436e-008	
5.91055456e+000	5.17294794e-006	-5.17252724e-006	6.59724977e-008	
6.01073345e+000	5.21646189e-006	-5.21603219e-006	6.69540518e-008	
6.11091234e+000	5.25959041e-006	-5.25915214e-006	6.78977861e-008	
6.21109123e+000	5.30167886e-006	-5.30123322e-006	6.87394714e-008	
6.31127013e+000	5.34107270e-006	-5.34061911e-006	6.96068707e-008	
6.41144902e+000	5.37984795e-006	-5.37938626e-006	7.04801733e-008	
6.51162791e+000	5.41859784e-006	-5.41812790e-006	7.13625779e-008	
6.61180680e+000	5.45723852e-006	-5.45675978e-006	7.22841447e-008	
6.71198569e+000	5.49859624e-006	-5.49810788e-006	7.32828410e-008	
6.81216458e+000	5.54160097e-006	-5.54110247e-006	7.43282910e-008	
6.91234347e+000	5.58540505e-006	-5.58489607e-006	7.54022070e-008	
7.01252236e+000	5.62988479e-006	-5.62936501e-006	7.65001835e-008	
7.11270125e+000	5.68125818e-006	-5.68072634e-006	7.77349495e-008	
7.21288014e+000	5.73467201e-006	-5.73412611e-006	7.91252812e-008	
7.31305903e+000	5.78808592e-006	-5.78752589e-006	8.05156129e-008	
7.41323792e+000	5.84149991e-006	-5.84092566e-006	8.19059446e-008	
7.51341682e+000	5.89491396e-006	-5.89432543e-006	8.32962763e-008	
7.61359571e+000	5.95098736e-006	-5.95038499e-006	8.46698947e-008	
7.71377460e+000	6.01051071e-006	-6.00989154e-006	8.62711983e-008	
7.81395349e+000	6.07003416e-006	-6.06939809e-006	8.78725018e-008	
7.91413238e+000	6.12955770e-006	-6.12890464e-006	8.94738054e-008	
8.01431127e+000	6.18908133e-006	-6.18841119e-006	9.10751089e-008	
8.11449016e+000	6.24860505e-006	-6.24791774e-006	9.26764125e-008	
8.21466905e+000	6.30907940e-006	-6.30837419e-006	9.43287457e-008	
8.31484794e+000	6.37246119e-006	-6.37173661e-006	9.60943500e-008	
8.41502683e+000	6.43584308e-006	-6.43509903e-006	9.78599544e-008	
8.51520572e+000	6.49922507e-006	-6.49846145e-006	9.96255588e-008	
8.61538462e+000	6.56260716e-006	-6.56182388e-006	1.01391163e-007	
8.71556351e+000	6.62513539e-006	-6.62433084e-006	1.03246763e-007	
8.81574240e+000	6.68747754e-006	-6.68665141e-006	1.05112681e-007	
8.91592129e+000	6.74077675e-006	-6.73992539e-006	1.07130100e-007	
9.01610018e+000	6.80525785e-006	-6.80437728e-006	1.09472455e-007	
9.11627907e+000	6.87296898e-006	-6.87205782e-006	1.11910177e-007	
9.21645796e+000	6.93980087e-006	-6.93885909e-006	1.14326803e-007	
9.31663685e+000	7.00663301e-006	-7.00566037e-006	1.16743429e-007	
9.41681574e+000	7.09395811e-006	-7.09295714e-006	1.19166417e-007	
9.51699463e+000	7.16801097e-006	-7.16697606e-006	1.21800563e-007	
9.61717352e+000	7.23894059e-006	-7.23787023e-006	1.24480107e-007	
9.71735242e+000	7.30987050e-006	-7.30876440e-006	1.27159650e-007	
9.81753131e+000	7.38725779e-006	-7.38611733e-006	1.29801497e-007	
9.91771020e+000	7.46626446e-006	-7.46507755e-006	1.33124321e-007	
1.00178891e+001	7.54553387e-006	-7.54428910e-006	1.37052129e-007	
1.01180680e+001	7.61491652e-006	-7.61361264e-006	1.40911774e-007	
1.02182469e+001	7.66976237e-006	-7.66839773e-006	1.44675583e-007	
1.03184258e+001	7.71446607e-006	-7.71302833e-006	1.48931962e-007	
1.04186047e+001	7.76473137e-006	-7.76322255e-006	1.53064786e-007	
1.05187835e+001	7.82891569e-006	-7.82734354e-006	1.56888330e-007	
1.06189624e+001	7.89310083e-006	-7.89146453e-006	1.60711873e-007	
1.07191413e+001	7.95728678e-006	-7.95558552e-006	1.64535417e-007	
1.08193202e+001	7.99837111e-006	-7.99658073e-006	1.69224854e-007	
1.09194991e+001	8.03883811e-006	-8.03695613e-006	1.73937499e-007	
1.10196780e+001	8.07930693e-006	-8.07733153e-006	1.78650144e-007	
1.11198569e+001	8.15809446e-006	-8.15601886e-006	1.84015224e-007	
1.12200358e+001	8.24833904e-006	-8.24616020e-006	1.89575361e-007	
1.13202147e+001	8.29376279e-006	-8.29145035e-006	1.95837356e-007	
1.14203936e+001	8.30483634e-006	-8.30236381e-006	2.02637300e-007	
1.15205725e+001	8.33950041e-006	-8.33685602e-006	2.09997254e-007	
1.16207513e+001	8.38306962e-006	-8.38024583e-006	2.17568532e-007	
1.17209302e+001	8.36545379e-006	-8.36238427e-006	2.26597277e-007	
1.18211091e+001	8.26115847e-006	-8.25773832e-006	2.37691043e-007	
1.19212880e+001	8.17492566e-006	-8.17113788e-006	2.48827654e-007	
1.20214669e+001	8.21437824e-006	-8.21025415e-006	2.60262753e-007	
1.21216458e+001	8.25384346e-006	-8.24937041e-006	2.71697852e-007	
1.22218247e+001	8.12846405e-006	-8.12324719e-006	2.91175006e-007	
1.23220036e+001	7.90961305e-006	-7.90332948e-006	3.15217050e-007	
1.24221825e+001	7.69089808e-006	-7.68341177e-006	3.39259095e-007	
1.25223614e+001	7.47233106e-006	-7.46349407e-006	3.63301139e-007	
1.26225403e+001	7.25392537e-006	-7.24357636e-006	3.87343184e-007	
1.27227191e+001	6.58369809e-006	-6.56993433e-006	4.25492050e-007	
1.28228980e+001	5.80433113e-006	-5.78498906e-006	4.73456896e-007	
1.29230769e+001	5.02715810e-006	-5.00004379e-006	5.21421741e-007	
1.30232558e+001	3.89356043e-006	-3.84617963e-006	6.05570043e-007	
1.31234347e+001	2.11823387e-006	-2.00314688e-006	6.88706969e-007	
1.32236136e+001	7.86553119e-007	-1.53082180e-007	7.71512577e-007	
1.33237925e+001	2.17080984e-006	2.02786910e-006	7.74701402e-007	
1.34239714e+001	4.23144984e-006	4.16184464e-006	7.64340877e-007	
1.35241503e+001	6.37507607e-006	6.34682302e-006	5.99526773e-007	
1.36243292e+001	7.76329986e-006	7.75746548e-006	3.00921942e-007	
1.37245081e+001	8.02813949e-006	8.02713864e-006	-1.26763723e-007	
1.38246869e+001	8.08095181e-006	8.07679745e-006	-2.59085047e-007	
1.39248658e+001	7.77538032e-006	7.76851216e-006	-3.26738351e-007	
1.40250447e+001	7.59792898e-006	7.59040255e-006	-3.38103443e-007	
1.41252236e+001	7.59334632e-006	7.58546138e-006	-3.45953664e-007	
1.42254025e+001	7.79330354e-006	7.78532493e-006	-3.52555962e-007	
1.43255814e+001	7.99958452e-006	7.99185249e-006	-3.51633799e-007	
1.44257603e+001	8.39182569e-006	8.38410531e-006	-3.59884049e-007	
1.45259392e+001	8.91310280e-006	8.90539584e-006	-3.70575681e-007	
1.46261181e+001	9.39934810e-006	9.39193664e-006	-3.73190298e-007	
1.47262970e+001	1.00542465e-005	1.00469944e-005	-3.81807099e-007	
1.48264758e+001	1.08606891e-005	1.08534793e-005	-3.95668668e-007	
1.49266547e+001	1.16481267e-005	1.16411934e-005	-4.01836608e-007	
1.50268336e+001	1.27031321e-005	1.26961205e-005	-4.22004458e-007	
1.51270125e+001	1.39912840e-005	1.39839802e-005	-4.52024186e-007	
1.52271914e+001	1.53223163e-005	1.53148142e-005	-4.79419894e-007	
1.53273703e+001	1.70529810e-005	1.70448794e-005	-5.25591657e-007	
1.54275492e+001	1.90989711e-005	1.90903205e-005	-5.74769395e-007	
1.55277281e+001	2.14540415e-005	2.14454072e-005	-6.08612346e-007	
1.56279070e+001	2.37045450e-005	2.36969401e-005	-6.00404398e-007	
1.57280859e+001	2.67850506e-005	2.67777865e-005	-6.23763938e-007	
1.58282648e+001	3.05084962e-005	3.05023009e-005	-6.14800292e-007	
1.59284436e+001	3.45623111e-005	3.45580551e-005	-5.42379632e-007	
1.60286225e+001	3.97737563e-005	3.97722578e-005	-3.45251233e-007	
1.61288014e+001	4.46087398e-005	4.46080861e-005	2.41496142e-007	
1.62289803e+001	4.96450669e-005	4.96283469e-005	1.28835162e-006	
1.63291592e+001	5.26754559e-005	5.25728712e-005	3.28585881e-006	
1.64293381e+001	5.26553739e-005	5.23567574e-005	5.59985302e-006	
1.65295170e+001	4.22667273e-005	4.17248960e-005	6.74605702e-006	
1.66296959e+001	2.98931888e-005	2.90741920e-005	6.94939558e-006	
1.67298748e+001	1.41303512e-005	1.29546322e-005	5.64307797e-006	
1.68300537e+001	4.49664528e-006	4.61610358e-007	4.47288885e-006	
1.69302326e+001	1.00536064e-005	-9.35061323e-006	3.69337709e-006	
1.70304114e+001	1.93831093e-005	-1.91628368e-005	2.91386532e-006	
1.71305903e+001	2.63833223e-005	-2.62711603e-005	2.43019107e-006	
1.72307692e+001	3.32384678e-005	-3.31791830e-005	1.98432720e-006	
1.73309481e+001	3.88194764e-005	-3.87826977e-005	1.68941054e-006	
1.74311270e+001	4.37116320e-005	-4.36858606e-005	1.50078496e-006	
1.75313059e+001	4.86067378e-005	-4.85890234e-005	1.31215939e-006	
1.76314848e+001	5.39200558e-005	-5.39096183e-005	1.06088135e-006	
1.77316637e+001	5.89578009e-005	-5.89520062e-005	8.26593133e-007	
1.78318426e+001	6.14942476e-005	-6.14893579e-005	7.75469560e-007	
1.79320215e+001	6.68718185e-005	-6.68684694e-005	6.69258049e-007	
1.80322004e+001	7.23235614e-005	-7.23213808e-005	5.61610366e-007	
1.81323792e+001	7.77756171e-005	-7.77742923e-005	4.53962683e-007	
1.82325581e+001	8.32279242e-005	-8.32272037e-005	3.46314999e-007	
1.83327370e+001	8.83854493e-005	-8.83851030e-005	2.47414299e-007	
1.84329159e+001	9.38523145e-005	-9.38521785e-005	1.59807923e-007	
1.85330948e+001	9.89867340e-005	-9.89867022e-005	7.93180914e-008	
1.86332737e+001	1.04115896e-004	-1.04115896e-004	-1.05345729e-009	
1.87334526e+001	1.09245119e-004	-1.09245089e-004	-8.14250059e-008	
1.88336315e+001	1.15198521e-004	-1.15198365e-004	-1.89850261e-007	
1.89338104e+001	1.21068974e-004	-1.21068666e-004	-2.73086503e-007	
1.90339893e+001	1.26939467e-004	-1.26938966e-004	-3.56322745e-007	
1.91341682e+001	1.32809995e-004	-1.32809267e-004	-4.39558987e-007	
1.92343470e+001	1.40795139e-004	-1.40793925e-004	-5.84645563e-007	
1.93345259e+001	1.50751566e-004	-1.50749510e-004	-7.87386766e-007	
1.94347048e+001	1.60252258e-004	-1.60249887e-004	-8.71738520e-007	
1.95348837e+001	1.69448171e-004	-1.69445902e-004	-8.76932413e-007	
1.96350626e+001	1.78644095e-004	-1.78641917e-004	-8.82126306e-007	
1.97352415e+001	1.89762464e-004	-1.89760248e-004	-9.17159235e-007	
1.98354204e+001	2.01891158e-004	-2.01888824e-004	-9.70863759e-007	
1.99355993e+001	2.12877139e-004	-2.12874746e-004	-1.00951530e-006	
2.00357782e+001	2.24176730e-004	-2.24174450e-004	-1.01100174e-006	
2.01359571e+001	2.38437945e-004	-2.38437028e-004	-6.61559350e-007	
2.02361360e+001	2.52699797e-004	-2.52699605e-004	-3.12116956e-007	
2.03363148e+001	2.60967422e-004	-2.60967418e-004	-4.74963303e-008	
2.04364937e+001	2.68470592e-004	-2.68470513e-004	2.06304069e-007	
2.05366726e+001	2.75973992e-004	-2.75973608e-004	4.60104468e-007	
2.06368515e+001	2.83477602e-004	-2.83476704e-004	7.13904866e-007	
2.07370304e+001	2.92158270e-004	-2.92156329e-004	1.06495053e-006	
2.08372093e+001	3.02000173e-004	-3.01996110e-004	1.56645045e-006	
2.09373882e+001	3.07441755e-004	-3.07436410e-004	1.81291281e-006	
2.10375671e+001	3.12143278e-004	-3.12136928e-004	1.99107804e-006	
2.11377460e+001	3.16844872e-004	-3.16837446e-004	2.16924326e-006	
2.12379249e+001	3.21629831e-004	-3.21621236e-004	2.35128716e-006	
2.13381038e+001	3.23859976e-004	-3.23850775e-004	2.44128011e-006	
2.14382826e+001	3.25000959e-004	-3.24991388e-004	2.49425215e-006	
2.15384615e+001	3.26141947e-004	-3.26132000e-004	2.54722419e-006	
2.16386404e+001	3.26710180e-004	-3.26700115e-004	2.56441496e-006	
2.17388193e+001	3.26752766e-004	-3.26742786e-004	2.55381886e-006	
2.18389982e+001	3.24524773e-004	-3.24515534e-004	2.44871077e-006	
2.19391771e+001	3.22296803e-004	-3.22288282e-004	2.34360268e-006	
2.20393560e+001	3.19865926e-004	-3.19858135e-004	2.23259116e-006	
2.21395349e+001	3.12559020e-004	-3.12553267e-004	1.89646356e-006	
2.22397138e+001	3.07035713e-004	-3.07031076e-004	1.68731464e-006	
2.23398927e+001	3.01512509e-004	-3.01508886e-004	1.47816571e-006	
2.24400716e+001	2.95989416e-004	-2.95986695e-004	1.26901679e-006	
2.25402504e+001	2.88929401e-004	-2.88927682e-004	9.96638748e-007	
2.26404293e+001	2.80255986e-004	-2.80255213e-004	6.57878701e-007	
2.27406082e+001	2.71582932e-004	-2.71582745e-004	3.19118654e-007	
2.28407871e+001	2.62910277e-004	-2.62910276e-004	-1.96413934e-008	
2.29409660e+001	2.54738918e-004	-2.54738721e-004	-3.16151053e-007	
2.30411449e+001	2.42667854e-004	-2.42667235e-004	-5.48089714e-007	
2.31413238e+001	2.28130290e-004	-2.28128875e-004	-8.03613258e-007	
2.32415027e+001	2.13593141e-004	-2.13590515e-004	-1.05913680e-006	
2.33416816e+001	2.05695241e-004	-2.05691936e-004	-1.16588953e-006	
2.34418605e+001	1.97888963e-004	-1.97885383e-004	-1.19027563e-006	
2.35420394e+001	1.89855793e-004	-1.89852473e-004	-1.12270967e-006	
2.36422182e+001	1.80353452e-004	-1.80350457e-004	-1.03945027e-006	
2.37423971e+001	1.69236591e-004	-1.69233986e-004	-9.38944777e-007	
2.38425760e+001	1.60493122e-004	-1.60491019e-004	-8.21613207e-007	
2.39427549e+001	1.52296285e-004	-1.52294674e-004	-7.00406557e-007	
2.40429338e+001	1.44148144e-004	-1.44146830e-004	-6.15475705e-007	
2.41431127e+001	1.36027553e-004	-1.36026437e-004	-5.51076989e-007	
2.42432916e+001	1.27906970e-004	-1.27906044e-004	-4.86678273e-007	
2.43434705e+001	1.21871691e-004	-1.21870904e-004	-4.37920033e-007	
2.44436494e+001	1.16410028e-004	-1.16409363e-004	-3.93464085e-007	
2.45438283e+001	1.11484922e-004	-1.11484401e-004	-3.40761464e-007	
2.46440072e+001	1.06994400e-004	-1.06994030e-004	-2.81379610e-007	
2.47441860e+001	1.02518238e-004	-1.02517996e-004	-2.22433778e-007	
2.48443649e+001	9.92089356e-005	-9.92087361e-005	-1.98971874e-007	
2.49445438e+001	9.58996364e-005	-9.58994758e-005	-1.75509971e-007	
2.50447227e+001	9.25903403e-005	-9.25902154e-005	-1.52048068e-007	
2.51449016e+001	8.92810477e-005	-8.92809551e-005	-1.28586165e-007	
2.52450805e+001	8.61248829e-005	-8.61248164e-005	-1.07047449e-007	
2.53452594e+001	8.30547540e-005	-8.30547075e-005	-8.78384652e-008	
2.54454383e+001	7.99846281e-005	-7.99845987e-005	-6.86294809e-008	
2.55456172e+001	7.69145057e-005	-7.69144899e-005	-4.94204967e-008	
2.56457961e+001	7.43018681e-005	-7.43018583e-005	-3.80432577e-008	
2.57459750e+001	7.16998751e-005	-7.16998700e-005	-2.68482242e-008	
2.58461538e+001	6.90978835e-005	-6.90978817e-005	-1.56531907e-008	
2.59463327e+001	6.64692030e-005	-6.64692029e-005	-4.36076274e-009	
2.60465116e+001	6.42067038e-005	-6.42067037e-005	3.50362955e-009	
2.61466905e+001	6.19267625e-005	-6.19267614e-005	1.17937636e-008	
2.62468694e+001	5.96468224e-005	-5.96468190e-005	2.00838976e-008	
2.63470483e+001	5.73668837e-005	-5.73668767e-005	2.83740317e-008	
2.64472272e+001	5.59434361e-005	-5.59434273e-005	3.13337970e-008	
2.65474061e+001	5.47856560e-005	-5.47856463e-005	3.26401805e-008	
2.66475850e+001	5.36278760e-005	-5.36278653e-005	3.39465640e-008	
2.67477639e+001	5.19614641e-005	-5.19614504e-005	3.76342943e-008	
2.68479428e+001	5.02109930e-005	-5.02109757e-005	4.17155803e-008	
2.69481216e+001	4.88269171e-005	-4.88268976e-005	4.36147640e-008	
2.70483005e+001	4.74726608e-005	-4.74726391e-005	4.53363547e-008	
2.71484794e+001	4.61221511e-005	-4.61221271e-005	4.70636872e-008	
2.72486583e+001	4.47982424e-005	-4.47982158e-005	4.88317876e-008	
2.73488372e+001	4.34713907e-005	-4.34713614e-005	5.04667325e-008	
2.74490161e+001	4.21404107e-005	-4.21403787e-005	5.19148999e-008	
2.75491950e+001	4.11176237e-005	-4.11175904e-005	5.23417537e-008	
2.76493739e+001	4.01919386e-005	-4.01919044e-005	5.24468239e-008	
2.77495528e+001	3.92662535e-005	-3.92662183e-005	5.25518940e-008	
2.78497317e+001	3.83356958e-005	-3.83356594e-005	5.27834273e-008	
2.79499106e+001	3.73973869e-005	-3.73973491e-005	5.32161294e-008	
2.80500894e+001	3.64231425e-005	-3.64231030e-005	5.35878872e-008	
2.81502683e+001	3.54482195e-005	-3.54481786e-005	5.38701155e-008	
2.82504472e+001	3.44841877e-005	-3.44841453e-005	5.40924519e-008	
2.83506261e+001	3.35201560e-005	-3.35201120e-005	5.43147884e-008	
2.84508050e+001	3.28821596e-005	-3.28821153e-005	5.39812765e-008	
2.85509839e+001	3.22453670e-005	-3.22453224e-005	5.36457123e-008	
2.86511628e+001	3.15664098e-005	-3.15663646e-005	5.34502489e-008	
2.87513417e+001	3.08996506e-005	-3.08996045e-005	5.33847781e-008	
2.88515206e+001	3.02520902e-005	-3.02520434e-005	5.32431250e-008	
2.89516995e+001	2.95631238e-005	-2.95630761e-005	5.30853326e-008	
2.90518784e+001	2.88741574e-005	-2.88741089e-005	5.29275403e-008	
2.91520572e+001	2.82322234e-005	-2.82321742e-005	5.26788138e-008	
2.92522361e+001	2.77056550e-005	-2.77056058e-005	5.22070344e-008	
2.93524150e+001	2.71206213e-005	-2.71205718e-005	5.18046854e-008	
2.94525939e+001	2.62816128e-005	-2.62815619e-005	5.17039441e-008	
2.95527728e+001	2.55053571e-005	-2.55053050e-005	5.15443309e-008	
2.96529517e+001	2.49398283e-005	-2.49397758e-005	5.11870225e-008	
2.97531306e+001	2.43742995e-005	-2.43742465e-005	5.08297142e-008	
2.98533095e+001	2.38087707e-005	-2.38087172e-005	5.04724059e-008	
2.99534884e+001	2.32994048e-005	-2.32993507e-005	5.02242914e-008	
3.00536673e+001	2.27966133e-005	-2.27965585e-005	4.99657149e-008	
3.01538462e+001	2.23433588e-005	-2.23433039e-005	4.95424441e-008	
3.02540250e+001	2.18901044e-005	-2.18900493e-005	4.91191732e-008	
3.03542039e+001	2.14338202e-005	-2.14337647e-005	4.87687498e-008	
3.04543828e+001	2.09740409e-005	-2.09739848e-005	4.85023625e-008	
3.05545617e+001	2.05142617e-005	-2.05142049e-005	4.82359753e-008	
3.06547406e+001	2.00873560e-005	-2.00872987e-005	4.79539108e-008	
3.07549195e+001	1.97861361e-005	-1.97860788e-005	4.76119076e-008	
3.08550984e+001	1.94849162e-005	-1.94848589e-005	4.72699044e-008	
3.09552773e+001	1.90583290e-005	-1.90582711e-005	4.70010703e-008	
3.10554562e+001	1.85854081e-005	-1.85853492e-005	4.67592783e-008	
3.11556351e+001	1.81124871e-005	-1.81124274e-005	4.65174864e-008	
3.12558140e+001	1.76974355e-005	-1.76973750e-005	4.62556368e-008	
3.13559928e+001	1.73335080e-005	-1.73334470e-005	4.59760676e-008	
3.14561717e+001	1.69784519e-005	-1.69783904e-005	4.57114954e-008	
3.15563506e+001	1.66395577e-005	-1.66394956e-005	4.54742449e-008	
3.16565295e+001	1.63006635e-005	-1.63006007e-005	4.52369944e-008	
3.17567084e+001	1.59643037e-005	-1.59642403e-005	4.49937889e-008	
3.18568873e+001	1.56290011e-005	-1.56289370e-005	4.47480993e-008	
3.19570662e+001	1.52946941e-005	-1.52946294e-005	4.45025833e-008	
3.20572451e+001	1.50067654e-005	-1.50067001e-005	4.42651509e-008	
3.21574240e+001	1.47188367e-005	-1.47187708e-005	4.40277186e-008	
3.22576029e+001	1.44583098e-005	-1.44582437e-005	4.37074459e-008	
3.23577818e+001	1.42032599e-005	-1.42031937e-005	4.33706154e-008	
3.24579606e+001	1.39482100e-005	-1.39481436e-005	4.30337849e-008	
3.25581395e+001	1.37025061e-005	-1.37024399e-005	4.25923092e-008	
3.26583184e+001	1.34054722e-005	-1.34054058e-005	4.21795396e-008	
3.27584973e+001	1.30904462e-005	-1.30903795e-005	4.17915778e-008	
3.28586762e+001	1.27966459e-005	-1.27965793e-005	4.12732844e-008	
3.29588551e+001	1.25470635e-005	-1.25469982e-005	4.04834794e-008	
3.30590340e+001	1.23009095e-005	-1.23008453e-005	3.97396771e-008	
3.31592129e+001	1.20810252e-005	-1.20809611e-005	3.93483749e-008	
3.32593918e+001	1.18611409e-005	-1.18610769e-005	3.89570727e-008	
3.33595707e+001	1.16412567e-005	-1.16411928e-005	3.85657706e-008	
3.34597496e+001	1.14213724e-005	-1.14213086e-005	3.81744684e-008	
3.35599284e+001	1.12077265e-005	-1.12076633e-005	3.76324907e-008	
3.36601073e+001	1.10084797e-005	-1.10084171e-005	3.71049918e-008	
3.37602862e+001	1.08030507e-005	-1.08029879e-005	3.68318630e-008	
3.38604651e+001	1.05968520e-005	-1.05967889e-005	3.65660758e-008	
3.39606440e+001	1.03906532e-005	-1.03905898e-005	3.63002886e-008	
3.40608229e+001	1.01809654e-005	-1.01809017e-005	3.60249166e-008	
3.41610018e+001	9.98430933e-006	-9.98424468e-006	3.59314044e-008	
3.42611807e+001	9.78884385e-006	-9.78877823e-006	3.58429383e-008	
3.43613596e+001	9.59337841e-006	-9.59331178e-006	3.57544722e-008	
3.44615385e+001	9.41717484e-006	-9.41710742e-006	3.56331141e-008	
3.45617174e+001	9.23503719e-006	-9.23496876e-006	3.55494923e-008	
3.46618962e+001	9.03601006e-006	-9.03594012e-006	3.55520431e-008	
3.47620751e+001	8.83698301e-006	-8.83691148e-006	3.55545939e-008	
3.48622540e+001	8.65574857e-006	-8.65567561e-006	3.55390625e-008	
3.49624329e+001	8.49667500e-006	-8.49660010e-006	3.56768786e-008	
3.50626118e+001	8.33622035e-006	-8.33614335e-006	3.58294667e-008	
3.51627907e+001	8.17576578e-006	-8.17568660e-006	3.59820547e-008	
3.52629696e+001	8.01531130e-006	-8.01522985e-006	3.61346428e-008	
3.53631485e+001	7.88159324e-006	-7.88150923e-006	3.63899029e-008	
3.54633274e+001	7.75845889e-006	-7.75837216e-006	3.66858059e-008	
3.55635063e+001	7.63532464e-006	-7.63523508e-006	3.69817089e-008	
3.56636852e+001	7.51219049e-006	-7.51209800e-006	3.72776119e-008	
3.57638640e+001	7.36961810e-006	-7.36952156e-006	3.77217272e-008	
3.58640429e+001	7.21552408e-006	-7.21542183e-006	3.84140282e-008	
3.59642218e+001	7.06223892e-006	-7.06213059e-006	3.91161396e-008	
3.60644007e+001	6.91094575e-006	-6.91083119e-006	3.97919686e-008	
3.61645796e+001	6.76824419e-006	-6.76812389e-006	4.03544242e-008	
3.62647585e+001	6.61598231e-006	-6.61585266e-006	4.14183692e-008	
3.63649374e+001	6.45925154e-006	-6.45911029e-006	4.27167617e-008	
3.64651163e+001	6.31944283e-006	-6.31929240e-006	4.36035492e-008	
3.65652952e+001	6.18699236e-006	-6.18683364e-006	4.43172153e-008	
3.66654741e+001	6.06096729e-006	-6.06080016e-006	4.50102174e-008	
3.67656530e+001	5.93494266e-006	-5.93476669e-006	4.57032195e-008	
3.68658318e+001	5.80310157e-006	-5.80291405e-006	4.66518725e-008	
3.69660107e+001	5.67036995e-006	-5.67016982e-006	4.76396953e-008	
3.70661896e+001	5.53763911e-006	-5.53742560e-006	4.86275180e-008	
3.71663685e+001	5.40594421e-006	-5.40571527e-006	4.97512827e-008	
3.72665474e+001	5.27796515e-006	-5.27771522e-006	5.13628929e-008	
3.73667263e+001	5.14998764e-006	-5.14971517e-006	5.29745030e-008	
3.74669052e+001	5.02117718e-006	-5.02088017e-006	5.46127574e-008	
3.75670841e+001	4.86682165e-006	-4.86648680e-006	5.70892370e-008	
3.76672630e+001	4.72560923e-006	-4.72522938e-006	5.99154063e-008	
3.77674419e+001	4.58440132e-006	-4.58397196e-006	6.27415756e-008	
3.78676208e+001	4.44319836e-006	-4.44271454e-006	6.55677449e-008	
3.79677996e+001	4.27842028e-006	-4.27785871e-006	6.93177663e-008	
3.80679785e+001	4.10204896e-006	-4.10136734e-006	7.47770243e-008	
3.81681574e+001	3.92587274e-006	-3.92505025e-006	8.03573042e-008	
3.82683363e+001	3.74971807e-006	-3.74873316e-006	8.59375841e-008	
3.83685152e+001	3.53290856e-006	-3.53166312e-006	9.38001823e-008	
3.84686941e+001	3.29133445e-006	-3.28964222e-006	1.05529696e-007	
3.85688730e+001	3.04987629e-006	-3.04762132e-006	1.17259210e-007	
3.86690519e+001	2.79661590e-006	-2.79359738e-006	1.29900627e-007	
3.87692308e+001	2.46283605e-006	-2.45822202e-006	1.50684777e-007	
3.88694097e+001	2.15755007e-006	-2.15082486e-006	1.70219536e-007	
3.89695886e+001	1.82624464e-006	-1.81606697e-006	1.92536395e-007	
3.90697674e+001	1.16414982e-006	-1.13839911e-006	2.43500042e-007	
3.91699463e+001	4.68682308e-007	-3.62717653e-007	2.96814773e-007	
3.92701252e+001	5.56613829e-007	4.38847088e-007	3.42391863e-007	
3.93703041e+001	1.27060889e-006	1.21666610e-006	3.66292985e-007	
3.94704830e+001	2.09671218e-006	2.05984064e-006	3.91482437e-007	
3.95706619e+001	2.75227792e-006	2.73501502e-006	3.07776800e-007	
3.96708408e+001	2.74374689e-006	2.73898110e-006	1.61646271e-007	
3.97710197e+001	2.62942704e-006	2.62920240e-006	3.43698914e-008	
3.98711986e+001	2.35588221e-006	2.35584907e-006	-1.24965536e-008	
3.99713775e+001	2.00815414e-006	2.00768918e-006	-4.32111594e-008	
4.00715564e+001	1.76584971e-006	1.76507174e-006	-5.24114106e-008	
4.01717352e+001	1.57434461e-006	1.57339184e-006	-5.47638129e-008	
4.02719141e+001	1.40402787e-006	1.40300840e-006	-5.34947947e-008	
4.03720930e+001	1.25750792e-006	1.25646687e-006	-5.11583498e-008	
4.04722719e+001	1.12612907e-006	1.12513588e-006	-4.72856843e-008	
4.05724508e+001	1.02984839e-006	1.02884239e-006	-4.55086084e-008	
4.06726297e+001	9.51336050e-007	9.50334348e-007	-4.36452427e-008	
4.07728086e+001	8.76914980e-007	8.75950827e-007	-4.11099728e-008	
4.08729875e+001	8.04729345e-007	8.03816137e-007	-3.83267040e-008	
4.09731664e+001	7.54867754e-007	7.53960570e-007	-3.69971013e-008	
4.10733453e+001	7.06217082e-007	7.05322412e-007	-3.55367711e-008	
4.11735242e+001	6.83788596e-007	6.82886243e-007	-3.51172862e-008	
4.12737030e+001	6.58299210e-007	6.57397054e-007	-3.44523397e-008	
4.13738819e+001	6.47027106e-007	6.46075895e-007	-3.50715611e-008	
4.14740608e+001	6.44930591e-007	6.43952967e-007	-3.54970945e-008	
4.15742397e+001	6.47448337e-007	6.46477417e-007	-3.54443059e-008	
4.16744186e+001	6.56433864e-007	6.55464019e-007	-3.56698451e-008	
4.17745975e+001	6.84983243e-007	6.83963759e-007	-3.73579921e-008	
4.18747764e+001	7.26888292e-007	7.25859536e-007	-3.86590641e-008	
4.19749553e+001	7.92751550e-007	7.91777949e-007	-3.92772174e-008	
4.20751342e+001	8.52880388e-007	8.52403973e-007	-2.85030328e-008	
4.21753131e+001	9.22075950e-007	9.21920172e-007	-1.69485740e-008	
4.22754919e+001	9.56748891e-007	9.56638750e-007	1.45169915e-008	
4.23756708e+001	9.59133574e-007	9.56532634e-007	7.05870576e-008	
4.24758497e+001	8.04018613e-007	7.96321914e-007	1.10983508e-007	
4.25760286e+001	5.20737422e-007	4.98408702e-007	1.50851676e-007	
4.26762075e+001	2.04528293e-007	1.46367001e-007	1.42858403e-007	
4.27763864e+001	2.83551121e-007	-2.55591281e-007	1.22777586e-007	
4.28765653e+001	5.15710019e-007	-5.03962613e-007	1.09446371e-007	
4.29767442e+001	7.58448737e-007	-7.52333944e-007	9.61151571e-008	
4.30769231e+001	9.61596107e-007	-9.57941615e-007	8.37552163e-008	
4.31771020e+001	1.08577887e-006	-1.08319556e-006	7.48541688e-008	
4.32772809e+001	1.21024791e-006	-1.20844950e-006	6.59531214e-008	
4.33774597e+001	1.29246820e-006	-1.29107411e-006	6.00139442e-008	
4.34776386e+001	1.34332820e-006	-1.34214928e-006	5.62668111e-008	
4.35778175e+001	1.39960970e-006	-1.39864035e-006	5.20817623e-008	
4.36779964e+001	1.46807055e-006	-1.46732085e-006	4.69111060e-008	
4.37781753e+001	1.49261889e-006	-1.49198640e-006	4.34478681e-008	
4.38783542e+001	1.50207207e-006	-1.50150549e-006	4.12525422e-008	
4.39785331e+001	1.52418811e-006	-1.52368416e-006	3.91917681e-008	
4.40787120e+001	1.54788255e-006	-1.54743907e-006	3.70502923e-008	
4.41788909e+001	1.57446708e-006	-1.57408331e-006	3.47608869e-008	
4.42790698e+001	1.60004420e-006	-1.59971024e-006	3.26893709e-008	
4.43792487e+001	1.61509939e-006	-1.61479704e-006	3.12498472e-008	
4.44794275e+001	1.62272032e-006	-1.62244420e-006	2.99343341e-008	
4.45796064e+001	1.62629042e-006	-1.62603453e-006	2.88482734e-008	
4.46797853e+001	1.62455736e-006	-1.62431497e-006	2.80625394e-008	
4.47799642e+001	1.62486813e-006	-1.62463997e-006	2.72291468e-008	
4.48801431e+001	1.62899539e-006	-1.62878296e-006	2.63067569e-008	
4.49803220e+001	1.63312324e-006	-1.63292595e-006	2.53843670e-008	
4.50805009e+001	1.62821480e-006	-1.62802528e-006	2.48418724e-008	
4.51806798e+001	1.62256910e-006	-1.62238659e-006	2.43359653e-008	
4.52808587e+001	1.62430921e-006	-1.62413592e-006	2.37254446e-008	
4.53810376e+001	1.62604955e-006	-1.62588525e-006	2.31149239e-008	
4.54812165e+001	1.62173981e-006	-1.62158298e-006	2.25534295e-008	
4.55813953e+001	1.61521604e-006	-1.61506607e-006	2.20098768e-008	
4.56815742e+001	1.61030395e-006	-1.61016083e-006	2.14686560e-008	
4.57817531e+001	1.60875173e-006	-1.60861554e-006	2.09322969e-008	
4.58819320e+001	1.60351506e-006	-1.60338424e-006	2.04819689e-008	
4.59821109e+001	1.59687455e-006	-1.59674849e-006	2.00644206e-008	
4.60822898e+001	1.59034872e-006	-1.59022732e-006	1.96499223e-008	
4.61824687e+001	1.58427695e-006	-1.58416003e-006	1.92475051e-008	
4.62826476e+001	1.57744880e-006	-1.57733587e-006	1.88753840e-008	
4.63828265e+001	1.57009004e-006	-1.56997996e-006	1.85915970e-008	
4.64830054e+001	1.56470354e-006	-1.56459650e-006	1.83017744e-008	
4.65831843e+001	1.55931707e-006	-1.55921304e-006	1.80119517e-008	
4.66833631e+001	1.55393064e-006	-1.55382958e-006	1.77221291e-008	
4.67835420e+001	1.54854424e-006	-1.54844611e-006	1.74323064e-008	
4.68837209e+001	1.54315787e-006	-1.54306265e-006	1.71424838e-008	
4.69838998e+001	1.53565872e-006	-1.53556548e-006	1.69223843e-008	
4.70840787e+001	1.52811001e-006	-1.52801883e-006	1.66932733e-008	
4.71842576e+001	1.52183089e-006	-1.52174255e-006	1.63967249e-008	
4.72844365e+001	1.51555180e-006	-1.51546628e-006	1.61001764e-008	
4.73846154e+001	1.50927274e-006	-1.50919000e-006	1.58036279e-008	
4.74847943e+001	1.50371728e-006	-1.50363718e-006	1.55207164e-008	
4.75849732e+001	1.49931507e-006	-1.49923741e-006	1.52595397e-008	
4.76851521e+001	1.49461896e-006	-1.49454369e-006	1.49996366e-008	
4.77853309e+001	1.48757745e-006	-1.48750433e-006	1.47498956e-008	
4.78855098e+001	1.48053597e-006	-1.48046496e-006	1.45001545e-008	
4.79856887e+001	1.47354989e-006	-1.47348052e-006	1.42981468e-008	
4.80858676e+001	1.46660099e-006	-1.46653294e-006	1.41281757e-008	
4.81860465e+001	1.45965209e-006	-1.45958535e-006	1.39582046e-008	
4.82862254e+001	1.45270321e-006	-1.45263777e-006	1.37882336e-008	
4.83864043e+001	1.44630410e-006	-1.44624012e-006	1.36038142e-008	
4.84865832e+001	1.44120440e-006	-1.44114194e-006	1.34169620e-008	
4.85867621e+001	1.43501570e-006	-1.43495439e-006	1.32650519e-008	
4.86869410e+001	1.42882702e-006	-1.42876685e-006	1.31131418e-008	
4.87871199e+001	1.42260576e-006	-1.42254668e-006	1.29654732e-008	
4.88872987e+001	1.41637422e-006	-1.41631621e-006	1.28191436e-008	
4.89874776e+001	1.41014269e-006	-1.41008574e-006	1.26728141e-008	
4.90876565e+001	1.40392201e-006	-1.40386612e-006	1.25266630e-008	
4.91878354e+001	1.39773387e-006	-1.39767903e-006	1.23810467e-008	
4.92880143e+001	1.39161923e-006	-1.39156552e-006	1.22266705e-008	
4.93881932e+001	1.38554294e-006	-1.38549038e-006	1.20677249e-008	
4.94883721e+001	1.37949155e-006	-1.37944012e-006	1.19118516e-008	
4.95885510e+001	1.37370864e-006	-1.37365805e-006	1.17891123e-008	
4.96887299e+001	1.36792573e-006	-1.36787598e-006	1.16663730e-008	
4.97889088e+001	1.36214283e-006	-1.36209391e-006	1.15436338e-008	
4.98890877e+001	1.35659411e-006	-1.35654601e-006	1.14232300e-008	
4.99892665e+001	1.35101649e-006	-1.35096913e-006	1.13118551e-008	
5.00894454e+001	1.34543887e-006	-1.34539224e-006	1.12004802e-008	
5.01896243e+001	1.33986125e-006	-1.33981536e-006	1.10891053e-008	
5.02898032e+001	1.33452094e-006	-1.33447574e-006	1.09837667e-008	
5.03899821e+001	1.32922861e-006	-1.32918409e-006	1.08796487e-008	
5.04901610e+001	1.32405698e-006	-1.32401313e-006	1.07757722e-008	
5.05903399e+001	1.31910959e-006	-1.31906642e-006	1.06723443e-008	
5.06905188e+001	1.31415765e-006	-1.31411511e-006	1.05742417e-008	
5.07906977e+001	1.30920200e-006	-1.30916005e-006	1.04804918e-008	
5.08908766e+001	1.30424634e-006	-1.30420498e-006	1.03867418e-008	
5.09910555e+001	1.29931013e-006	-1.29926934e-006	1.02962845e-008	
5.10912343e+001	1.29438935e-006	-1.29434909e-006	1.02084388e-008	
5.11914132e+001	1.28903896e-006	-1.28899928e-006	1.01142335e-008	
5.12915921e+001	1.28470750e-006	-1.28466828e-006	1.00378319e-008	
5.13917710e+001	1.28037604e-006	-1.28033729e-006	9.96143037e-009	
5.14919499e+001	1.27604458e-006	-1.27600629e-006	9.88502882e-009	
5.15921288e+001	1.27171312e-006	-1.27167529e-006	9.80862727e-009	
5.16923077e+001	1.26738166e-006	-1.26734429e-006	9.73222572e-009	
5.17924866e+001	1.26314464e-006	-1.26310767e-006	9.66316680e-009	
5.18926655e+001	1.25959521e-006	-1.25955859e-006	9.60445679e-009	
5.19928444e+001	1.25606343e-006	-1.25602716e-006	9.54473910e-009	
5.20930233e+001	1.25241606e-006	-1.25238017e-006	9.48119763e-009	
5.21932021e+001	1.24876870e-006	-1.24873318e-006	9.41765617e-009	
5.22933810e+001	1.24512133e-006	-1.24508619e-006	9.35411471e-009	
5.23935599e+001	1.24155631e-006	-1.24152153e-006	9.29255806e-009	
5.24937388e+001	1.23848106e-006	-1.23844657e-006	9.24280756e-009	
5.25939177e+001	1.23535192e-006	-1.23531771e-006	9.19399639e-009	
5.26940966e+001	1.23219262e-006	-1.23215868e-006	9.14571109e-009	
5.27942755e+001	1.22898403e-006	-1.22895038e-006	9.09466629e-009	
5.28944544e+001	1.22572360e-006	-1.22569026e-006	9.04071929e-009	
5.29946333e+001	1.22246318e-006	-1.22243015e-006	8.98677228e-009	
5.30948122e+001	1.21912361e-006	-1.21909088e-006	8.93360259e-009	
5.31949911e+001	1.21620501e-006	-1.21617250e-006	8.89244174e-009	
5.32951699e+001	1.21393599e-006	-1.21390366e-006	8.85902895e-009	
5.33953488e+001	1.21166697e-006	-1.21163483e-006	8.82561616e-009	
5.34955277e+001	1.20939795e-006	-1.20936599e-006	8.79220337e-009	
5.35957066e+001	1.20712893e-006	-1.20709716e-006	8.75879058e-009	
5.36958855e+001	1.20501319e-006	-1.20498158e-006	8.72764743e-009	
5.37960644e+001	1.20324693e-006	-1.20321546e-006	8.70167936e-009	
5.38962433e+001	1.20111926e-006	-1.20108797e-006	8.66905588e-009	
5.39964222e+001	1.19884934e-006	-1.19881825e-006	8.63381295e-009	
5.40966011e+001	1.19657943e-006	-1.19654854e-006	8.59857002e-009	
5.41967800e+001	1.19457058e-006	-1.19453987e-006	8.56632891e-009	
5.42969589e+001	1.19261486e-006	-1.19258432e-006	8.53469868e-009	
5.43971377e+001	1.19065914e-006	-1.19062877e-006	8.50306846e-009	
5.44973166e+001	1.18917203e-006	-1.18914178e-006	8.48111288e-009	
5.45974955e+001	1.18800150e-006	-1.18797134e-006	8.46509080e-009	
5.46976744e+001	1.18683098e-006	-1.18680090e-006	8.44906872e-009	
5.47978533e+001	1.18566046e-006	-1.18563046e-006	8.43304664e-009	
5.48980322e+001	1.18467991e-006	-1.18465000e-006	8.41860075e-009	
5.49982111e+001	1.18374687e-006	-1.18371703e-006	8.40454895e-009	
5.50983900e+001	1.18284721e-006	-1.18281745e-006	8.39118727e-009	
5.51985689e+001	1.18182587e-006	-1.18179619e-006	8.37499087e-009	
5.52987478e+001	1.18068623e-006	-1.18065666e-006	8.35675174e-009	
5.53989267e+001	1.17961073e-006	-1.17958125e-006	8.33960421e-009	
5.54991055e+001	1.17907264e-006	-1.17904321e-006	8.33160260e-009	
5.55992844e+001	1.17854128e-006	-1.17851188e-006	8.32375044e-009	
5.56994633e+001	1.17827421e-006	-1.17824483e-006	8.32040940e-009	
5.57996422e+001	1.17827707e-006	-1.17824769e-006	8.32145973e-009	
5.58998211e+001	1.17825073e-006	-1.17822134e-006	8.32144203e-009	
5.60000000e+001	1.17823547e-006	-1.17820608e-006	8.32131766e-009	
