% Column 0: Length, cm
% Column 1: |B.t|, Tesla
% Column 2: Re[B.t], Tesla
% Column 3: Im[B.t], Tesla
0.00000000e+000	8.33594032e-006	-8.33534741e-006	9.94215478e-008	
1.00178891e-001	8.33656050e-006	-8.33596737e-006	9.94433550e-008	
2.00357782e-001	8.33835665e-006	-8.33776290e-006	9.95065167e-008	
3.00536673e-001	8.34094495e-006	-8.34035029e-006	9.95977401e-008	
4.00715564e-001	8.34381714e-006	-8.34322147e-006	9.96990447e-008	
5.00894454e-001	8.34731832e-006	-8.34672143e-006	9.98229265e-008	
6.01073345e-001	8.35146317e-006	-8.35086481e-006	9.99699112e-008	
7.01252236e-001	8.35560801e-006	-8.35500819e-006	1.00116896e-007	
8.01431127e-001	8.35975285e-006	-8.35915156e-006	1.00263881e-007	
9.01610018e-001	8.36476352e-006	-8.36416045e-006	1.00442483e-007	
1.00178891e+000	8.37549122e-006	-8.37488426e-006	1.00829861e-007	
1.10196780e+000	8.38621892e-006	-8.38560808e-006	1.01217239e-007	
1.20214669e+000	8.39694664e-006	-8.39633190e-006	1.01604616e-007	
1.30232558e+000	8.40767436e-006	-8.40705571e-006	1.01991994e-007	
1.40250447e+000	8.42244803e-006	-8.42182382e-006	1.02540083e-007	
1.50268336e+000	8.43843847e-006	-8.43780816e-006	1.03136504e-007	
1.60286225e+000	8.45442892e-006	-8.45379251e-006	1.03732924e-007	
1.70304114e+000	8.47041939e-006	-8.46977685e-006	1.04329344e-007	
1.80322004e+000	8.48827166e-006	-8.48762210e-006	1.05008670e-007	
1.90339893e+000	8.50884692e-006	-8.50818902e-006	1.05809251e-007	
2.00357782e+000	8.52942222e-006	-8.52875594e-006	1.06609831e-007	
2.10375671e+000	8.54999756e-006	-8.54932285e-006	1.07410412e-007	
2.20393560e+000	8.57032365e-006	-8.56964058e-006	1.08202000e-007	
2.30411449e+000	8.58515027e-006	-8.58446089e-006	1.08795173e-007	
2.40429338e+000	8.59997692e-006	-8.59928120e-006	1.09388347e-007	
2.50447227e+000	8.61480358e-006	-8.61410151e-006	1.09981521e-007	
2.60465116e+000	8.62963027e-006	-8.62892182e-006	1.10574694e-007	
2.70483005e+000	8.64607912e-006	-8.64536293e-006	1.11282926e-007	
2.80500894e+000	8.66328908e-006	-8.66256449e-006	1.12045141e-007	
2.90518784e+000	8.68049907e-006	-8.67976604e-006	1.12807356e-007	
3.00536673e+000	8.69770909e-006	-8.69696760e-006	1.13569571e-007	
3.10554562e+000	8.71987626e-006	-8.71912348e-006	1.14576143e-007	
3.20572451e+000	8.75267791e-006	-8.75190778e-006	1.16106932e-007	
3.30590340e+000	8.78547970e-006	-8.78469208e-006	1.17637720e-007	
3.40608229e+000	8.81828162e-006	-8.81747637e-006	1.19168508e-007	
3.50626118e+000	8.85108367e-006	-8.85026067e-006	1.20699297e-007	
3.60644007e+000	8.87819717e-006	-8.87735776e-006	1.22083363e-007	
3.70661896e+000	8.90504416e-006	-8.90418829e-006	1.23460555e-007	
3.80679785e+000	8.93189127e-006	-8.93101882e-006	1.24837747e-007	
3.90697674e+000	8.95873848e-006	-8.95784935e-006	1.26214939e-007	
4.00715564e+000	8.98359633e-006	-8.98269020e-006	1.27592722e-007	
4.10733453e+000	9.00708596e-006	-9.00616256e-006	1.28970908e-007	
4.20751342e+000	9.03057571e-006	-9.02963492e-006	1.30349095e-007	
4.30769231e+000	9.05406558e-006	-9.05310729e-006	1.31727282e-007	
4.40787120e+000	9.07848707e-006	-9.07750967e-006	1.33213339e-007	
4.50805009e+000	9.10603080e-006	-9.10502913e-006	1.35060951e-007	
4.60822898e+000	9.13357475e-006	-9.13254859e-006	1.36908564e-007	
4.70840787e+000	9.16111893e-006	-9.16006805e-006	1.38756177e-007	
4.80858676e+000	9.18866333e-006	-9.18758752e-006	1.40603789e-007	
4.90876565e+000	9.21757950e-006	-9.21647222e-006	1.42869279e-007	
5.00894454e+000	9.24670630e-006	-9.24556621e-006	1.45198833e-007	
5.10912343e+000	9.27583347e-006	-9.27466020e-006	1.47528387e-007	
5.20930233e+000	9.30496102e-006	-9.30375420e-006	1.49857940e-007	
5.30948122e+000	9.33182536e-006	-9.33058310e-006	1.52261324e-007	
5.40966011e+000	9.35646576e-006	-9.35518615e-006	1.54737280e-007	
5.50983900e+000	9.38110663e-006	-9.37978921e-006	1.57213235e-007	
5.61001789e+000	9.40574795e-006	-9.40439226e-006	1.59689190e-007	
5.71019678e+000	9.42944157e-006	-9.42804646e-006	1.62198221e-007	
5.81037567e+000	9.44738934e-006	-9.44594997e-006	1.64907709e-007	
5.91055456e+000	9.46533772e-006	-9.46385348e-006	1.67617197e-007	
6.01073345e+000	9.48328671e-006	-9.48175699e-006	1.70326685e-007	
6.11091234e+000	9.50123629e-006	-9.49966050e-006	1.73036172e-007	
6.21109123e+000	9.51065340e-006	-9.50902811e-006	1.75819279e-007	
6.31127013e+000	9.51764917e-006	-9.51597286e-006	1.78623278e-007	
6.41144902e+000	9.52464569e-006	-9.52291760e-006	1.81427277e-007	
6.51162791e+000	9.53164296e-006	-9.52986235e-006	1.84231276e-007	
6.61180680e+000	9.53864098e-006	-9.53680709e-006	1.87035275e-007	
6.71198569e+000	9.54563974e-006	-9.54375184e-006	1.89839274e-007	
6.81216458e+000	9.55263925e-006	-9.55069658e-006	1.92643273e-007	
6.91234347e+000	9.55963950e-006	-9.55764133e-006	1.95447272e-007	
7.01252236e+000	9.56592141e-006	-9.56386520e-006	1.98330029e-007	
7.11270125e+000	9.55947815e-006	-9.55733085e-006	2.02606591e-007	
7.21288014e+000	9.55303693e-006	-9.55079650e-006	2.06883153e-007	
7.31305903e+000	9.54659775e-006	-9.54426216e-006	2.11159715e-007	
7.41323792e+000	9.54016061e-006	-9.53772781e-006	2.15436276e-007	
7.51341682e+000	9.52226135e-006	-9.51971580e-006	2.20164472e-007	
7.61359571e+000	9.49923279e-006	-9.49656548e-006	2.25094864e-007	
7.71377460e+000	9.47620739e-006	-9.47341517e-006	2.30025257e-007	
7.81395349e+000	9.45318517e-006	-9.45026485e-006	2.34955649e-007	
7.91413238e+000	9.42943156e-006	-9.42639253e-006	2.39381389e-007	
8.01431127e+000	9.40417570e-006	-9.40104152e-006	2.42773397e-007	
8.11449016e+000	9.37892158e-006	-9.37569051e-006	2.46165405e-007	
8.21466905e+000	9.35366921e-006	-9.35033950e-006	2.49557413e-007	
8.31484794e+000	9.32841861e-006	-9.32498849e-006	2.52949421e-007	
8.41502683e+000	9.28523931e-006	-9.28167880e-006	2.57113964e-007	
8.51520572e+000	9.24141910e-006	-9.23772407e-006	2.61306254e-007	
8.61538462e+000	9.19760209e-006	-9.19376934e-006	2.65498544e-007	
8.71556351e+000	9.15378832e-006	-9.14981461e-006	2.69690834e-007	
8.81574240e+000	9.10080557e-006	-9.09666275e-006	2.74570363e-007	
8.91592129e+000	9.04177925e-006	-9.03744578e-006	2.79903095e-007	
9.01610018e+000	8.98275860e-006	-8.97822882e-006	2.85235827e-007	
9.11627907e+000	8.92374375e-006	-8.91901185e-006	2.90568559e-007	
9.21645796e+000	8.86691212e-006	-8.86198205e-006	2.95643046e-007	
9.31663685e+000	8.81698433e-006	-8.81188250e-006	2.99899274e-007	
9.41681574e+000	8.76706057e-006	-8.76178295e-006	3.04155502e-007	
9.51699463e+000	8.71714090e-006	-8.71168340e-006	3.08411730e-007	
9.61717352e+000	8.66722539e-006	-8.66158385e-006	3.12667958e-007	
9.71735242e+000	8.62621571e-006	-8.62037423e-006	3.17404529e-007	
9.81753131e+000	8.58645716e-006	-8.58040957e-006	3.22208354e-007	
9.91771020e+000	8.54670323e-006	-8.54044490e-006	3.27012178e-007	
1.00178891e+001	8.50695398e-006	-8.50048023e-006	3.31816002e-007	
1.01180680e+001	8.48044022e-006	-8.47371765e-006	3.37602712e-007	
1.02182469e+001	8.46641945e-006	-8.45941512e-006	3.44317083e-007	
1.03184258e+001	8.45240496e-006	-8.44511258e-006	3.51031454e-007	
1.04186047e+001	8.43839678e-006	-8.43081005e-006	3.57745825e-007	
1.05187835e+001	8.43275984e-006	-8.42488278e-006	3.64401972e-007	
1.06189624e+001	8.47389022e-006	-8.46577656e-006	3.70732677e-007	
1.07191413e+001	8.51502303e-006	-8.50667035e-006	3.77063383e-007	
1.08193202e+001	8.55615823e-006	-8.54756413e-006	3.83394088e-007	
1.09194991e+001	8.59729579e-006	-8.58845792e-006	3.89724793e-007	
1.10196780e+001	8.70564516e-006	-8.69662995e-006	3.96087373e-007	
1.11198569e+001	8.83196605e-006	-8.82279159e-006	4.02458469e-007	
1.12200358e+001	8.95828697e-006	-8.94895323e-006	4.08829564e-007	
1.13202147e+001	9.08460794e-006	-9.07511487e-006	4.15200659e-007	
1.14203936e+001	9.33244698e-006	-9.32280503e-006	4.24114461e-007	
1.15205725e+001	9.74382210e-006	-9.73404234e-006	4.36450119e-007	
1.16207513e+001	1.01552010e-005	-1.01452797e-005	4.48785777e-007	
1.17209302e+001	1.05665833e-005	-1.05565170e-005	4.61121435e-007	
1.18211091e+001	1.09750469e-005	-1.09648362e-005	4.73309269e-007	
1.19212880e+001	1.13404845e-005	-1.13301805e-005	4.83320202e-007	
1.20214669e+001	1.17059250e-005	-1.16955249e-005	4.93331135e-007	
1.21216458e+001	1.20713679e-005	-1.20608693e-005	5.03342068e-007	
1.22218247e+001	1.24368131e-005	-1.24262137e-005	5.13353001e-007	
1.23220036e+001	1.29716725e-005	-1.29610539e-005	5.24757455e-007	
1.24221825e+001	1.35788475e-005	-1.35682346e-005	5.36756663e-007	
1.25223614e+001	1.41860331e-005	-1.41754154e-005	5.48755870e-007	
1.26225403e+001	1.47932280e-005	-1.47825962e-005	5.60755078e-007	
1.27227191e+001	1.56810269e-005	-1.56704136e-005	5.76836230e-007	
1.28228980e+001	1.71180556e-005	-1.71075054e-005	6.00906682e-007	
1.29230769e+001	1.85551254e-005	-1.85445971e-005	6.24977135e-007	
1.30232558e+001	1.99922272e-005	-1.99816888e-005	6.49047588e-007	
1.31234347e+001	2.14293548e-005	-2.14187805e-005	6.73118040e-007	
1.32236136e+001	2.25298323e-005	-2.25192605e-005	6.90110517e-007	
1.33237925e+001	2.36218448e-005	-2.36112644e-005	7.06924760e-007	
1.34239714e+001	2.47138679e-005	-2.47032684e-005	7.23739004e-007	
1.35241503e+001	2.58059003e-005	-2.57952723e-005	7.40553247e-007	
1.36243292e+001	2.75405844e-005	-2.75300986e-005	7.59907923e-007	
1.37245081e+001	2.96815093e-005	-2.96712359e-005	7.80868338e-007	
1.38246869e+001	3.18224766e-005	-3.18123732e-005	8.01828754e-007	
1.39248658e+001	3.39634783e-005	-3.39535105e-005	8.22789169e-007	
1.40250447e+001	3.61994488e-005	-3.61896158e-005	8.43686880e-007	
1.41252236e+001	3.87202753e-005	-3.87106256e-005	8.64396481e-007	
1.42254025e+001	4.12411345e-005	-4.12316355e-005	8.85106081e-007	
1.43255814e+001	4.37620210e-005	-4.37526454e-005	9.05815681e-007	
1.44257603e+001	4.62829301e-005	-4.62736552e-005	9.26525282e-007	
1.45259392e+001	4.84605446e-005	-4.84514962e-005	9.36428774e-007	
1.46261181e+001	5.05945663e-005	-5.05857410e-005	9.44959460e-007	
1.47262970e+001	5.27286075e-005	-5.27199858e-005	9.53490146e-007	
1.48264758e+001	5.48626658e-005	-5.48542306e-005	9.62020832e-007	
1.49266547e+001	5.84055141e-005	-5.83974362e-005	9.71349350e-007	
1.50268336e+001	6.32252634e-005	-6.32176462e-005	9.81400938e-007	
1.51270125e+001	6.80450795e-005	-6.80378561e-005	9.91452526e-007	
1.52271914e+001	7.28649491e-005	-7.28580661e-005	1.00150411e-006	
1.53273703e+001	7.76702597e-005	-7.76636959e-005	1.00973856e-006	
1.54275492e+001	8.24000613e-005	-8.23938888e-005	1.00856265e-006	
1.55277281e+001	8.71299055e-005	-8.71240816e-005	1.00738675e-006	
1.56279070e+001	9.18597856e-005	-9.18542745e-005	1.00621084e-006	
1.57280859e+001	9.65896963e-005	-9.65844673e-005	1.00503494e-006	
1.58282648e+001	1.00769858e-004	-1.00764925e-004	9.97134464e-007	
1.59284436e+001	1.04811844e-004	-1.04807192e-004	9.87543682e-007	
1.60286225e+001	1.08853852e-004	-1.08849459e-004	9.77952900e-007	
1.61288014e+001	1.12895879e-004	-1.12891726e-004	9.68362119e-007	
1.62289803e+001	1.16937923e-004	-1.16933992e-004	9.58771337e-007	
1.63291592e+001	1.20979983e-004	-1.20976259e-004	9.49180555e-007	
1.64293381e+001	1.25022057e-004	-1.25018526e-004	9.39589774e-007	
1.65295170e+001	1.29064144e-004	-1.29060793e-004	9.29998992e-007	
1.66296959e+001	1.33281126e-004	-1.33277952e-004	9.19795407e-007	
1.67298748e+001	1.39696260e-004	-1.39693349e-004	9.01889632e-007	
1.68300537e+001	1.46111420e-004	-1.46108746e-004	8.83983856e-007	
1.69302326e+001	1.52526601e-004	-1.52524142e-004	8.66078080e-007	
1.70304114e+001	1.58941802e-004	-1.58939539e-004	8.48172305e-007	
1.71305903e+001	1.65513300e-004	-1.65511217e-004	8.30393890e-007	
1.72307692e+001	1.72148361e-004	-1.72146443e-004	8.12667221e-007	
1.73309481e+001	1.78783435e-004	-1.78781668e-004	7.94940552e-007	
1.74311270e+001	1.85418522e-004	-1.85416893e-004	7.77213883e-007	
1.75313059e+001	1.91696105e-004	-1.91694590e-004	7.62210944e-007	
1.76314848e+001	1.97304604e-004	-1.97303170e-004	7.52305407e-007	
1.77316637e+001	2.02913108e-004	-2.02911750e-004	7.42399871e-007	
1.78318426e+001	2.08521617e-004	-2.08520330e-004	7.32494334e-007	
1.79320215e+001	2.14130129e-004	-2.14128910e-004	7.22588798e-007	
1.80322004e+001	2.19738646e-004	-2.19737490e-004	7.12683261e-007	
1.81323792e+001	2.25347166e-004	-2.25346070e-004	7.02777725e-007	
1.82325581e+001	2.30955689e-004	-2.30954650e-004	6.92872189e-007	
1.83327370e+001	2.36564216e-004	-2.36563230e-004	6.82966652e-007	
1.84329159e+001	2.43012811e-004	-2.43011862e-004	6.79172047e-007	
1.85330948e+001	2.49970141e-004	-2.49969219e-004	6.79078232e-007	
1.86332737e+001	2.56927473e-004	-2.56926576e-004	6.78984417e-007	
1.87334526e+001	2.63884806e-004	-2.63883932e-004	6.78890602e-007	
1.88336315e+001	2.70842140e-004	-2.70841289e-004	6.78796787e-007	
1.89338104e+001	2.77799475e-004	-2.77798646e-004	6.78702972e-007	
1.90339893e+001	2.84756811e-004	-2.84756003e-004	6.78609157e-007	
1.91341682e+001	2.91714148e-004	-2.91713359e-004	6.78515342e-007	
1.92343470e+001	2.98671487e-004	-2.98670716e-004	6.78421527e-007	
1.93345259e+001	3.04184743e-004	-3.04183972e-004	6.84991770e-007	
1.94347048e+001	3.09532879e-004	-3.09532105e-004	6.92323929e-007	
1.95348837e+001	3.14881015e-004	-3.14880237e-004	6.99656089e-007	
1.96350626e+001	3.20229151e-004	-3.20228370e-004	7.06988249e-007	
1.97352415e+001	3.24985525e-004	-3.24984737e-004	7.16034707e-007	
1.98354204e+001	3.29226888e-004	-3.29226087e-004	7.26573123e-007	
1.99355993e+001	3.33468252e-004	-3.33467437e-004	7.37111539e-007	
2.00357782e+001	3.37709615e-004	-3.37708787e-004	7.47649955e-007	
2.01359571e+001	3.42136671e-004	-3.42135828e-004	7.59443465e-007	
2.02361360e+001	3.47457862e-004	-3.47456992e-004	7.77280639e-007	
2.03363148e+001	3.52779052e-004	-3.52778156e-004	7.95117813e-007	
2.04364937e+001	3.58100243e-004	-3.58099320e-004	8.12954987e-007	
2.05366726e+001	3.63421434e-004	-3.63420484e-004	8.30792161e-007	
2.06368515e+001	3.66850058e-004	-3.66849088e-004	8.43643238e-007	
2.07370304e+001	3.69832563e-004	-3.69831574e-004	8.55318988e-007	
2.08372093e+001	3.72815069e-004	-3.72814061e-004	8.66994738e-007	
2.09373882e+001	3.75797574e-004	-3.75796547e-004	8.78670489e-007	
2.10375671e+001	3.77437748e-004	-3.77436711e-004	8.84989788e-007	
2.11377460e+001	3.77414011e-004	-3.77412974e-004	8.84669388e-007	
2.12379249e+001	3.77390274e-004	-3.77389238e-004	8.84348987e-007	
2.13381038e+001	3.77366537e-004	-3.77365501e-004	8.84028586e-007	
2.14382826e+001	3.77342800e-004	-3.77341765e-004	8.83708186e-007	
2.15384615e+001	3.77319063e-004	-3.77318029e-004	8.83387785e-007	
2.16386404e+001	3.77295326e-004	-3.77294292e-004	8.83067385e-007	
2.17388193e+001	3.77271588e-004	-3.77270556e-004	8.82746984e-007	
2.18389982e+001	3.77247851e-004	-3.77246819e-004	8.82426584e-007	
2.19391771e+001	3.75712709e-004	-3.75711689e-004	8.75486885e-007	
2.20393560e+001	3.73592960e-004	-3.73591957e-004	8.65986869e-007	
2.21395349e+001	3.71473212e-004	-3.71472225e-004	8.56486853e-007	
2.22397138e+001	3.69353463e-004	-3.69352492e-004	8.46986837e-007	
2.23398927e+001	3.66700352e-004	-3.66699400e-004	8.35582848e-007	
2.24400716e+001	3.63092278e-004	-3.63091351e-004	8.20769904e-007	
2.25402504e+001	3.59484205e-004	-3.59483301e-004	8.05956960e-007	
2.26404293e+001	3.55876131e-004	-3.55875252e-004	7.91144015e-007	
2.27406082e+001	3.52268058e-004	-3.52267203e-004	7.76331071e-007	
2.28407871e+001	3.47963210e-004	-3.47962375e-004	7.62259837e-007	
2.29409660e+001	3.43655321e-004	-3.43654507e-004	7.48191875e-007	
2.30411449e+001	3.39347433e-004	-3.39346639e-004	7.34123913e-007	
2.31413238e+001	3.35039545e-004	-3.35038771e-004	7.20055951e-007	
2.32415027e+001	3.30271201e-004	-3.30270446e-004	7.06325825e-007	
2.33416816e+001	3.25235829e-004	-3.25235091e-004	6.92791655e-007	
2.34418605e+001	3.20200456e-004	-3.20199735e-004	6.79257485e-007	
2.35420394e+001	3.15165083e-004	-3.15164380e-004	6.65723316e-007	
2.36422182e+001	3.10020280e-004	-3.10019592e-004	6.53390376e-007	
2.37423971e+001	3.04579953e-004	-3.04579271e-004	6.44301743e-007	
2.38425760e+001	2.99139626e-004	-2.99138951e-004	6.35213109e-007	
2.39427549e+001	2.93699298e-004	-2.93698631e-004	6.26124475e-007	
2.40429338e+001	2.88258971e-004	-2.88258310e-004	6.17035842e-007	
2.41431127e+001	2.80744131e-004	-2.80743465e-004	6.11585461e-007	
2.42432916e+001	2.73017831e-004	-2.73017158e-004	6.06505926e-007	
2.43434705e+001	2.65291532e-004	-2.65290851e-004	6.01426391e-007	
2.44436494e+001	2.57565234e-004	-2.57564544e-004	5.96346856e-007	
2.45438283e+001	2.51543100e-004	-2.51542400e-004	5.93431838e-007	
2.46440072e+001	2.46944985e-004	-2.46944274e-004	5.92325474e-007	
2.47441860e+001	2.42346870e-004	-2.42346149e-004	5.91219109e-007	
2.48443649e+001	2.37748756e-004	-2.37748023e-004	5.90112744e-007	
2.49445438e+001	2.32979274e-004	-2.32978526e-004	5.90049478e-007	
2.50447227e+001	2.27439912e-004	-2.27439135e-004	5.94672374e-007	
2.51449016e+001	2.21900553e-004	-2.21899744e-004	5.99295270e-007	
2.52450805e+001	2.16361195e-004	-2.16360352e-004	6.03918166e-007	
2.53452594e+001	2.10821839e-004	-2.10820961e-004	6.08541062e-007	
2.54454383e+001	2.04711750e-004	-2.04710824e-004	6.15647125e-007	
2.55456172e+001	1.98475834e-004	-1.98474856e-004	6.23300687e-007	
2.56457961e+001	1.92239923e-004	-1.92238888e-004	6.30954249e-007	
2.57459750e+001	1.86004016e-004	-1.86002919e-004	6.38607811e-007	
2.58461538e+001	1.79903913e-004	-1.79902746e-004	6.48019637e-007	
2.59463327e+001	1.73965418e-004	-1.73964168e-004	6.59523691e-007	
2.60465116e+001	1.68026930e-004	-1.68025590e-004	6.71027744e-007	
2.61466905e+001	1.62088449e-004	-1.62087012e-004	6.82531798e-007	
2.62468694e+001	1.56139211e-004	-1.56137668e-004	6.94162746e-007	
2.63470483e+001	1.50086046e-004	-1.50084381e-004	7.07018034e-007	
2.64472272e+001	1.44032893e-004	-1.44031094e-004	7.19873321e-007	
2.65474061e+001	1.37979753e-004	-1.37977808e-004	7.32728609e-007	
2.66475850e+001	1.31926628e-004	-1.31924521e-004	7.45583896e-007	
2.67477639e+001	1.26549936e-004	-1.26547672e-004	7.56954204e-007	
2.68479428e+001	1.21421920e-004	-1.21419492e-004	7.67778601e-007	
2.69481216e+001	1.16293919e-004	-1.16291313e-004	7.78602998e-007	
2.70483005e+001	1.11165936e-004	-1.11163133e-004	7.89427395e-007	
2.71484794e+001	1.06147964e-004	-1.06144952e-004	7.99557333e-007	
2.72486583e+001	1.01318501e-004	-1.01315275e-004	8.08497094e-007	
2.73488372e+001	9.65954661e-005	-9.65920110e-005	8.17005103e-007	
2.74490161e+001	9.23347085e-005	-9.23310349e-005	8.23637467e-007	
2.75491950e+001	8.80792221e-005	-8.80753090e-005	8.30254933e-007	
2.76493739e+001	8.47300980e-005	-8.47259904e-005	8.34300326e-007	
2.77495528e+001	8.13809901e-005	-8.13766719e-005	8.38345720e-007	
2.78497317e+001	7.82069067e-005	-7.82023821e-005	8.41240995e-007	
2.79499106e+001	7.47988810e-005	-7.47941246e-005	8.43515079e-007	
2.80500894e+001	7.15640142e-005	-7.15590292e-005	8.44671111e-007	
2.81502683e+001	6.82264493e-005	-6.82212198e-005	8.44717401e-007	
2.82504472e+001	6.50446728e-005	-6.50391997e-005	8.43782714e-007	
2.83506261e+001	6.27052833e-005	-6.26996292e-005	8.42053090e-007	
2.84508050e+001	6.03659079e-005	-6.03600587e-005	8.40323465e-007	
2.85509839e+001	5.77881506e-005	-5.77821030e-005	8.36014904e-007	
2.86511628e+001	5.52090351e-005	-5.52027703e-005	8.31691413e-007	
2.87513417e+001	5.23972076e-005	-5.23907265e-005	8.24099810e-007	
2.88515206e+001	4.95318280e-005	-4.95251101e-005	8.15755910e-007	
2.89516995e+001	4.74519216e-005	-4.74450416e-005	8.08015366e-007	
2.90518784e+001	4.58303088e-005	-4.58233150e-005	8.00626858e-007	
2.91520572e+001	4.42087055e-005	-4.42015884e-005	7.93238349e-007	
2.92522361e+001	4.25871129e-005	-4.25798617e-005	7.85849841e-007	
2.93524150e+001	4.10593845e-005	-4.10520127e-005	7.78017580e-007	
2.94525939e+001	3.97869632e-005	-3.97795313e-005	7.68978277e-007	
2.95527728e+001	3.85145480e-005	-3.85070500e-005	7.59938974e-007	
2.96529517e+001	3.72421394e-005	-3.72345686e-005	7.50899671e-007	
2.97531306e+001	3.59697383e-005	-3.59620872e-005	7.41860368e-007	
2.98533095e+001	3.48034437e-005	-3.47957671e-005	7.30949657e-007	
2.99534884e+001	3.36481515e-005	-3.36404507e-005	7.19845003e-007	
3.00536673e+001	3.24928648e-005	-3.24851343e-005	7.08740349e-007	
3.01538462e+001	3.13375842e-005	-3.13298179e-005	6.97635695e-007	
3.02540250e+001	3.03525218e-005	-3.03447560e-005	6.86557572e-007	
3.03542039e+001	2.95105000e-005	-2.95027678e-005	6.75501734e-007	
3.04543828e+001	2.86684805e-005	-2.86607795e-005	6.64445896e-007	
3.05545617e+001	2.78264635e-005	-2.78187913e-005	6.53390058e-007	
3.06547406e+001	2.70143004e-005	-2.70066678e-005	6.42120100e-007	
3.07549195e+001	2.63375253e-005	-2.63299922e-005	6.29879037e-007	
3.08550984e+001	2.56607508e-005	-2.56533167e-005	6.17637973e-007	
3.09552773e+001	2.49839770e-005	-2.49766411e-005	6.05396910e-007	
3.10554562e+001	2.43072039e-005	-2.42999656e-005	5.93155847e-007	
3.11556351e+001	2.37039125e-005	-2.36968050e-005	5.80432345e-007	
3.12558140e+001	2.31169768e-005	-2.31100074e-005	5.67601457e-007	
3.13559928e+001	2.25300412e-005	-2.25232099e-005	5.54770569e-007	
3.14561717e+001	2.19431057e-005	-2.19364124e-005	5.41939681e-007	
3.15563506e+001	2.14420988e-005	-2.14355433e-005	5.30175474e-007	
3.16565295e+001	2.10439269e-005	-2.10375089e-005	5.19687822e-007	
3.17567084e+001	2.06457549e-005	-2.06394746e-005	5.09200170e-007	
3.18568873e+001	2.02475830e-005	-2.02414402e-005	4.98712519e-007	
3.19570662e+001	1.98494110e-005	-1.98434058e-005	4.88224867e-007	
3.20572451e+001	1.94512392e-005	-1.94453715e-005	4.77737215e-007	
3.21574240e+001	1.90530673e-005	-1.90473371e-005	4.67249564e-007	
3.22576029e+001	1.86548955e-005	-1.86493028e-005	4.56761912e-007	
3.23577818e+001	1.82567237e-005	-1.82512684e-005	4.46274260e-007	
3.24579606e+001	1.79161370e-005	-1.79108247e-005	4.36262359e-007	
3.25581395e+001	1.75968716e-005	-1.75917041e-005	4.26426601e-007	
3.26583184e+001	1.72776065e-005	-1.72725835e-005	4.16590844e-007	
3.27584973e+001	1.69583417e-005	-1.69534629e-005	4.06755086e-007	
3.28586762e+001	1.66390771e-005	-1.66343422e-005	3.96919329e-007	
3.29588551e+001	1.63198128e-005	-1.63152216e-005	3.87083571e-007	
3.30590340e+001	1.60005489e-005	-1.59961010e-005	3.77247814e-007	
3.31592129e+001	1.56812852e-005	-1.56769804e-005	3.67412056e-007	
3.32593918e+001	1.53624170e-005	-1.53582547e-005	3.57587458e-007	
3.33595707e+001	1.51339803e-005	-1.51299252e-005	3.50318500e-007	
3.34597496e+001	1.49055438e-005	-1.49015956e-005	3.43049543e-007	
3.35599284e+001	1.46771075e-005	-1.46732660e-005	3.35780585e-007	
3.36601073e+001	1.44486716e-005	-1.44449365e-005	3.28511628e-007	
3.37602862e+001	1.42683072e-005	-1.42646544e-005	3.22836641e-007	
3.38604651e+001	1.41147920e-005	-1.41112082e-005	3.18051927e-007	
3.39606440e+001	1.39612769e-005	-1.39577619e-005	3.13267214e-007	
3.40608229e+001	1.38077620e-005	-1.38043156e-005	3.08482500e-007	
3.41610018e+001	1.36276051e-005	-1.36242372e-005	3.02951221e-007	
3.42611807e+001	1.33785714e-005	-1.33753078e-005	2.95489880e-007	
3.43613596e+001	1.31295380e-005	-1.31263783e-005	2.88028539e-007	
3.44615385e+001	1.28805049e-005	-1.28774488e-005	2.80567198e-007	
3.45617174e+001	1.26314721e-005	-1.26285193e-005	2.73105857e-007	
3.46618962e+001	1.23939345e-005	-1.23910705e-005	2.66425726e-007	
3.47620751e+001	1.21574476e-005	-1.21546710e-005	2.59817028e-007	
3.48622540e+001	1.19209609e-005	-1.19182714e-005	2.53208329e-007	
3.49624329e+001	1.16844744e-005	-1.16818719e-005	2.46599630e-007	
3.50626118e+001	1.14913096e-005	-1.14887709e-005	2.41534196e-007	
3.51627907e+001	1.13330948e-005	-1.13306014e-005	2.37713803e-007	
3.52629696e+001	1.11748800e-005	-1.11724320e-005	2.33893409e-007	
3.53631485e+001	1.10166652e-005	-1.10142625e-005	2.30073016e-007	
3.54633274e+001	1.08584505e-005	-1.08560930e-005	2.26252623e-007	
3.55635063e+001	1.07002357e-005	-1.06979236e-005	2.22432230e-007	
3.56636852e+001	1.05420211e-005	-1.05397541e-005	2.18611837e-007	
3.57638640e+001	1.03838064e-005	-1.03815847e-005	2.14791444e-007	
3.58640429e+001	1.02255918e-005	-1.02234152e-005	2.10971051e-007	
3.59642218e+001	1.00754716e-005	-1.00733278e-005	2.07834954e-007	
3.60644007e+001	9.92703261e-006	-9.92491897e-006	2.04840966e-007	
3.61645796e+001	9.77859360e-006	-9.77651015e-006	2.01846977e-007	
3.62647585e+001	9.63015460e-006	-9.62810133e-006	1.98852988e-007	
3.63649374e+001	9.48171560e-006	-9.47969251e-006	1.95858999e-007	
3.64651163e+001	9.33327660e-006	-9.33128369e-006	1.92865010e-007	
3.65652952e+001	9.18483760e-006	-9.18287487e-006	1.89871022e-007	
3.66654741e+001	9.03639861e-006	-9.03446605e-006	1.86877033e-007	
3.67656530e+001	8.88495192e-006	-8.88304909e-006	1.83873164e-007	
3.68658318e+001	8.70720035e-006	-8.70532340e-006	1.80782854e-007	
3.69660107e+001	8.52944882e-006	-8.52759770e-006	1.77692544e-007	
3.70661896e+001	8.35169733e-006	-8.34987200e-006	1.74602234e-007	
3.71663685e+001	8.17394590e-006	-8.17214630e-006	1.71511924e-007	
3.72665474e+001	8.00982226e-006	-8.00804001e-006	1.68960848e-007	
3.73667263e+001	7.85048941e-006	-7.84872147e-006	1.66599335e-007	
3.74669052e+001	7.69115670e-006	-7.68940292e-006	1.64237823e-007	
3.75670841e+001	7.53182412e-006	-7.53008437e-006	1.61876310e-007	
3.76672630e+001	7.36564450e-006	-7.36391621e-006	1.59552378e-007	
3.77674419e+001	7.18815847e-006	-7.18643736e-006	1.57290500e-007	
3.78676208e+001	7.01067281e-006	-7.00895851e-006	1.55028623e-007	
3.79677996e+001	6.83318754e-006	-6.83147966e-006	1.52766746e-007	
3.80679785e+001	6.65576186e-006	-6.65405992e-006	1.50507810e-007	
3.81681574e+001	6.48235278e-006	-6.48065277e-006	1.48449124e-007	
3.82683363e+001	6.30894425e-006	-6.30724563e-006	1.46390438e-007	
3.83685152e+001	6.13553634e-006	-6.13383848e-006	1.44331752e-007	
3.84686941e+001	5.96212909e-006	-5.96043134e-006	1.42273065e-007	
3.85688730e+001	5.81327410e-006	-5.81157457e-006	1.40559096e-007	
3.86690519e+001	5.67753885e-006	-5.67583635e-006	1.39029325e-007	
3.87692308e+001	5.54180416e-006	-5.54009813e-006	1.37499555e-007	
3.88694097e+001	5.40607009e-006	-5.40435991e-006	1.35969785e-007	
3.89695886e+001	5.27033667e-006	-5.26862169e-006	1.34440014e-007	
3.90697674e+001	5.13460396e-006	-5.13288347e-006	1.32910244e-007	
3.91699463e+001	4.99887202e-006	-4.99714525e-006	1.31380474e-007	
3.92701252e+001	4.86314091e-006	-4.86140703e-006	1.29850703e-007	
3.93703041e+001	4.72741071e-006	-4.72566881e-006	1.28320933e-007	
3.94704830e+001	4.56945267e-006	-4.56770372e-006	1.26413659e-007	
3.95706619e+001	4.40972776e-006	-4.40797058e-006	1.24476354e-007	
3.96708408e+001	4.25000436e-006	-4.24823743e-006	1.22539050e-007	
3.97710197e+001	4.09028264e-006	-4.08850428e-006	1.20601745e-007	
3.98711986e+001	3.92474610e-006	-3.92295944e-006	1.18411150e-007	
3.99713775e+001	3.75470722e-006	-3.75291416e-006	1.16024416e-007	
4.00715564e+001	3.58467054e-006	-3.58286887e-006	1.13637682e-007	
4.01717352e+001	3.41463638e-006	-3.41282359e-006	1.11250948e-007	
4.02719141e+001	3.24877283e-006	-3.24694879e-006	1.08850479e-007	
4.03720930e+001	3.09949017e-006	-3.09766353e-006	1.06395329e-007	
4.04722719e+001	2.95020982e-006	-2.94837827e-006	1.03940179e-007	
4.05724508e+001	2.80093214e-006	-2.79909300e-006	1.01485030e-007	
4.06726297e+001	2.65165759e-006	-2.64980774e-006	9.90298800e-008	
4.07728086e+001	2.56905348e-006	-2.56720161e-006	9.75278890e-008	
4.08729875e+001	2.49932421e-006	-2.49747176e-006	9.62099638e-008	
4.09731664e+001	2.42959569e-006	-2.42774190e-006	9.48920386e-008	
4.10733453e+001	2.35986799e-006	-2.35801205e-006	9.35741133e-008	
4.11735242e+001	2.28059600e-006	-2.27874438e-006	9.18814718e-008	
4.12737030e+001	2.19079352e-006	-2.18895332e-006	8.97753935e-008	
4.13738819e+001	2.10099217e-006	-2.09916226e-006	8.76693152e-008	
4.14740608e+001	2.01119210e-006	-2.00937120e-006	8.55632369e-008	
4.15742397e+001	1.91930440e-006	-1.91749186e-006	8.33926316e-008	
4.16744186e+001	1.81097445e-006	-1.80917486e-006	8.07140989e-008	
4.17745975e+001	1.70264707e-006	-1.70085787e-006	7.80355662e-008	
4.18747764e+001	1.59432277e-006	-1.59254087e-006	7.53570335e-008	
4.19749553e+001	1.48600224e-006	-1.48422387e-006	7.26785009e-008	
4.20751342e+001	1.41891258e-006	-1.41714392e-006	7.08237481e-008	
4.21753131e+001	1.36556615e-006	-1.36380945e-006	6.92435836e-008	
4.22754919e+001	1.31222065e-006	-1.31047499e-006	6.76634190e-008	
4.23756708e+001	1.25887620e-006	-1.25714052e-006	6.60832545e-008	
4.24758497e+001	1.21084768e-006	-1.20912383e-006	6.45883039e-008	
4.25760286e+001	1.17122855e-006	-1.16952064e-006	6.32281782e-008	
4.26762075e+001	1.13160995e-006	-1.12991744e-006	6.18680525e-008	
4.27763864e+001	1.09199192e-006	-1.09031424e-006	6.05079268e-008	
4.28765653e+001	1.05265081e-006	-1.05098753e-006	5.91517479e-008	
4.29767442e+001	1.02427974e-006	-1.02263899e-006	5.79522872e-008	
4.30769231e+001	9.95908827e-007	-9.94290455e-007	5.67528265e-008	
4.31771020e+001	9.67538093e-007	-9.65941916e-007	5.55533658e-008	
4.32772809e+001	9.39167551e-007	-9.37593378e-007	5.43539051e-008	
4.33774597e+001	9.21045686e-007	-9.19489009e-007	5.35267943e-008	
4.34776386e+001	9.08159944e-007	-9.06618519e-007	5.28899231e-008	
4.35778175e+001	8.95274216e-007	-8.93748030e-007	5.22530519e-008	
4.36779964e+001	8.82388503e-007	-8.80877540e-007	5.16161807e-008	
4.37781753e+001	8.74567489e-007	-8.73074135e-007	5.10866744e-008	
4.38783542e+001	8.78613255e-007	-8.77142933e-007	5.08087249e-008	
4.39785331e+001	8.82659320e-007	-8.81211731e-007	5.05307753e-008	
4.40787120e+001	8.86705680e-007	-8.85280529e-007	5.02528258e-008	
4.41788909e+001	8.90752331e-007	-8.89349328e-007	4.99748762e-008	
4.42790698e+001	9.06530612e-007	-9.05165509e-007	4.97307859e-008	
4.43792487e+001	9.23106960e-007	-9.21779420e-007	4.94889951e-008	
4.44794275e+001	9.39684696e-007	-9.38393330e-007	4.92472043e-008	
4.45796064e+001	9.56263750e-007	-9.55007240e-007	4.90054136e-008	
4.46797853e+001	9.76455064e-007	-9.75231364e-007	4.88700157e-008	
4.47799642e+001	9.99331096e-007	-9.98138199e-007	4.88136745e-008	
4.48801431e+001	1.02220851e-006	-1.02104503e-006	4.87573334e-008	
4.49803220e+001	1.04508722e-006	-1.04395187e-006	4.87009923e-008	
4.50805009e+001	1.06796713e-006	-1.06685871e-006	4.86446511e-008	
4.51806798e+001	1.09084818e-006	-1.08976554e-006	4.85883100e-008	
4.52808587e+001	1.11373029e-006	-1.11267238e-006	4.85319689e-008	
4.53810376e+001	1.13661340e-006	-1.13557921e-006	4.84756277e-008	
4.54812165e+001	1.15949745e-006	-1.15848605e-006	4.84192866e-008	
4.55813953e+001	1.18522613e-006	-1.18424151e-006	4.83014229e-008	
4.56815742e+001	1.21146463e-006	-1.21050649e-006	4.81725533e-008	
4.57817531e+001	1.23770427e-006	-1.23677147e-006	4.80436836e-008	
4.58819320e+001	1.26394497e-006	-1.26303645e-006	4.79148140e-008	
4.59821109e+001	1.29018668e-006	-1.28930143e-006	4.77859444e-008	
4.60822898e+001	1.31642933e-006	-1.31556641e-006	4.76570747e-008	
4.61824687e+001	1.34267286e-006	-1.34183139e-006	4.75282051e-008	
4.62826476e+001	1.36891722e-006	-1.36809637e-006	4.73993354e-008	
4.63828265e+001	1.39501167e-006	-1.39421119e-006	4.72516365e-008	
4.64830054e+001	1.42003020e-006	-1.41925320e-006	4.69694698e-008	
4.65831843e+001	1.44504959e-006	-1.44429520e-006	4.66873031e-008	
4.66833631e+001	1.47006981e-006	-1.46933720e-006	4.64051364e-008	
4.67835420e+001	1.49509081e-006	-1.49437920e-006	4.61229696e-008	
4.68837209e+001	1.52011255e-006	-1.51942120e-006	4.58408029e-008	
4.69838998e+001	1.54513500e-006	-1.54446320e-006	4.55586362e-008	
4.70840787e+001	1.57015813e-006	-1.56950520e-006	4.52764695e-008	
4.71842576e+001	1.59518190e-006	-1.59454721e-006	4.49943028e-008	
4.72844365e+001	1.61847062e-006	-1.61785376e-006	4.46804021e-008	
4.73846154e+001	1.63912797e-006	-1.63852872e-006	4.43183809e-008	
4.74847943e+001	1.65978583e-006	-1.65920368e-006	4.39563598e-008	
4.75849732e+001	1.68044419e-006	-1.67987863e-006	4.35943386e-008	
4.76851521e+001	1.70099444e-006	-1.70044502e-006	4.32298161e-008	
4.77853309e+001	1.71852298e-006	-1.71799004e-006	4.27956353e-008	
4.78855098e+001	1.73605197e-006	-1.73553506e-006	4.23614544e-008	
4.79856887e+001	1.75358138e-006	-1.75308008e-006	4.19272735e-008	
4.80858676e+001	1.77111121e-006	-1.77062509e-006	4.14930926e-008	
4.81860465e+001	1.78697642e-006	-1.78650513e-006	4.10383891e-008	
4.82862254e+001	1.80202916e-006	-1.80157233e-006	4.05736665e-008	
4.83864043e+001	1.81708226e-006	-1.81663954e-006	4.01089439e-008	
4.84865832e+001	1.83213571e-006	-1.83170674e-006	3.96442212e-008	
4.85867621e+001	1.84569543e-006	-1.84527933e-006	3.91894887e-008	
4.86869410e+001	1.85591804e-006	-1.85551331e-006	3.87570720e-008	
4.87871199e+001	1.86614087e-006	-1.86574729e-006	3.83246553e-008	
4.88872987e+001	1.87636392e-006	-1.87598127e-006	3.78922387e-008	
4.89874776e+001	1.88658719e-006	-1.88621525e-006	3.74598220e-008	
4.90876565e+001	1.89271384e-006	-1.89234909e-006	3.71567119e-008	
4.91878354e+001	1.89860912e-006	-1.89825126e-006	3.68609081e-008	
4.92880143e+001	1.90450448e-006	-1.90415344e-006	3.65651043e-008	
4.93881932e+001	1.91039993e-006	-1.91005561e-006	3.62693005e-008	
4.94883721e+001	1.91510977e-006	-1.91477189e-006	3.59730676e-008	
4.95885510e+001	1.91897440e-006	-1.91864273e-006	3.56765287e-008	
4.96887299e+001	1.92283909e-006	-1.92251357e-006	3.53799898e-008	
4.97889088e+001	1.92670385e-006	-1.92638441e-006	3.50834509e-008	
4.98890877e+001	1.93067709e-006	-1.93036409e-006	3.47632392e-008	
4.99892665e+001	1.93503232e-006	-1.93472724e-006	3.43596250e-008	
5.00894454e+001	1.93938766e-006	-1.93909038e-006	3.39560108e-008	
5.01896243e+001	1.94374313e-006	-1.94345352e-006	3.35523966e-008	
5.02898032e+001	1.94809871e-006	-1.94781666e-006	3.31487824e-008	
5.03899821e+001	1.95021889e-006	-1.94994252e-006	3.28314752e-008	
5.04901610e+001	1.95197027e-006	-1.95169922e-006	3.25284084e-008	
5.05903399e+001	1.95372171e-006	-1.95345593e-006	3.22253415e-008	
5.06905188e+001	1.95547321e-006	-1.95521263e-006	3.19222747e-008	
5.07906977e+001	1.95644090e-006	-1.95618458e-006	3.16683199e-008	
5.08908766e+001	1.95661101e-006	-1.95635800e-006	3.14643398e-008	
5.09910555e+001	1.95678114e-006	-1.95653143e-006	3.12603597e-008	
5.10912343e+001	1.95695129e-006	-1.95670485e-006	3.10563797e-008	
5.11914132e+001	1.95712147e-006	-1.95687827e-006	3.08523996e-008	
5.12915921e+001	1.95729166e-006	-1.95705169e-006	3.06484195e-008	
5.13917710e+001	1.95746188e-006	-1.95722512e-006	3.04444394e-008	
5.14919499e+001	1.95763212e-006	-1.95739854e-006	3.02404594e-008	
5.15921288e+001	1.95780238e-006	-1.95757196e-006	3.00364793e-008	
5.16923077e+001	1.95725695e-006	-1.95703016e-006	2.97949087e-008	
5.17924866e+001	1.95649802e-006	-1.95627497e-006	2.95421230e-008	
5.18926655e+001	1.95573912e-006	-1.95551979e-006	2.92893372e-008	
5.19928444e+001	1.95498025e-006	-1.95476460e-006	2.90365515e-008	
5.20930233e+001	1.95400197e-006	-1.95378974e-006	2.87978368e-008	
5.21932021e+001	1.95270462e-006	-1.95249547e-006	2.85795800e-008	
5.22933810e+001	1.95140730e-006	-1.95120119e-006	2.83613232e-008	
5.23935599e+001	1.95010999e-006	-1.94990691e-006	2.81430664e-008	
5.24937388e+001	1.94882836e-006	-1.94862822e-006	2.79295080e-008	
5.25939177e+001	1.94788075e-006	-1.94768213e-006	2.78161836e-008	
5.26940966e+001	1.94693315e-006	-1.94673605e-006	2.77028592e-008	
5.27942755e+001	1.94598555e-006	-1.94578996e-006	2.75895347e-008	
5.28944544e+001	1.94503796e-006	-1.94484388e-006	2.74762103e-008	
5.29946333e+001	1.94404629e-006	-1.94385356e-006	2.73736535e-008	
5.30948122e+001	1.94303408e-006	-1.94284262e-006	2.72761159e-008	
5.31949911e+001	1.94202187e-006	-1.94183168e-006	2.71785783e-008	
5.32951699e+001	1.94100967e-006	-1.94082074e-006	2.70810407e-008	
5.33953488e+001	1.93982325e-006	-1.93963573e-006	2.69714379e-008	
5.34955277e+001	1.93826548e-006	-1.93807970e-006	2.68361201e-008	
5.35957066e+001	1.93670773e-006	-1.93652366e-006	2.67008022e-008	
5.36958855e+001	1.93514998e-006	-1.93496763e-006	2.65654844e-008	
5.37960644e+001	1.93359224e-006	-1.93341159e-006	2.64301665e-008	
5.38962433e+001	1.93223263e-006	-1.93205327e-006	2.63264933e-008	
5.39964222e+001	1.93088200e-006	-1.93070391e-006	2.62242545e-008	
5.40966011e+001	1.92953138e-006	-1.92935455e-006	2.61220156e-008	
5.41967800e+001	1.92818075e-006	-1.92800519e-006	2.60197768e-008	
5.42969589e+001	1.92717594e-006	-1.92700127e-006	2.59462710e-008	
5.43971377e+001	1.92640756e-006	-1.92623355e-006	2.58924117e-008	
5.44973166e+001	1.92563919e-006	-1.92546583e-006	2.58385525e-008	
5.45974955e+001	1.92487082e-006	-1.92469811e-006	2.57846932e-008	
5.46976744e+001	1.92414966e-006	-1.92397756e-006	2.57346071e-008	
5.47978533e+001	1.92358550e-006	-1.92341385e-006	2.56970679e-008	
5.48980322e+001	1.92302135e-006	-1.92285015e-006	2.56595288e-008	
5.49982111e+001	1.92245719e-006	-1.92228644e-006	2.56219897e-008	
5.50983900e+001	1.92189303e-006	-1.92172273e-006	2.55844505e-008	
5.51985689e+001	1.92128467e-006	-1.92111485e-006	2.55445377e-008	
5.52987478e+001	1.92066962e-006	-1.92050028e-006	2.55042654e-008	
5.53989267e+001	1.92018780e-006	-1.92001883e-006	2.54730558e-008	
5.54991055e+001	1.91976665e-006	-1.91959801e-006	2.54459729e-008	
5.55992844e+001	1.91943655e-006	-1.91926815e-006	2.54248281e-008	
5.56994633e+001	1.91919542e-006	-1.91902720e-006	2.54094862e-008	
5.57996422e+001	1.91898769e-006	-1.91881963e-006	2.53962812e-008	
5.58998211e+001	1.91886275e-006	-1.91869478e-006	2.53883647e-008	
5.60000000e+001	1.91881802e-006	-1.91865009e-006	2.53855302e-008	
