% Column 0: Length, cm
% Column 1: |B.n|, Tesla
% Column 2: Re[B.n], Tesla
% Column 3: Im[B.n], Tesla
0.00000000e+000	5.73914910e-016	5.73549673e-016	-2.04718536e-017	
1.00178891e-001	1.92932280e-015	1.92809482e-015	-6.88244800e-017	
2.00357782e-001	5.79371005e-015	5.79002025e-015	-2.06740537e-016	
3.00536673e-001	7.46591106e-015	7.46114596e-015	-2.66699940e-016	
4.00715564e-001	7.46591106e-015	7.46114596e-015	-2.66699940e-016	
5.00894454e-001	1.38181291e-014	1.38092422e-014	-4.95501234e-016	
6.01073345e-001	1.38181291e-014	1.38092422e-014	-4.95501234e-016	
7.01252236e-001	1.38181291e-014	1.38092422e-014	-4.95501234e-016	
8.01431127e-001	1.38181291e-014	1.38092422e-014	-4.95501234e-016	
9.01610018e-001	2.37722224e-014	2.37559029e-014	-8.80702230e-016	
1.00178891e+000	2.37722224e-014	2.37559029e-014	-8.80702230e-016	
1.10196780e+000	2.37722224e-014	2.37559029e-014	-8.80702230e-016	
1.20214669e+000	2.37722224e-014	2.37559029e-014	-8.80702230e-016	
1.30232558e+000	2.37722224e-014	2.37559029e-014	-8.80702230e-016	
1.40250447e+000	2.37722224e-014	2.37559029e-014	-8.80702230e-016	
1.50268336e+000	2.37722224e-014	2.37559029e-014	-8.80702230e-016	
1.60286225e+000	2.37722224e-014	2.37559029e-014	-8.80702230e-016	
1.70304114e+000	2.37722224e-014	2.37559029e-014	-8.80702230e-016	
1.80322004e+000	4.06746291e-014	4.06439031e-014	-1.58069283e-015	
1.90339893e+000	4.06746291e-014	4.06439031e-014	-1.58069283e-015	
2.00357782e+000	4.06746291e-014	4.06439031e-014	-1.58069283e-015	
2.10375671e+000	4.06746291e-014	4.06439031e-014	-1.58069283e-015	
2.20393560e+000	5.51232865e-014	5.50759437e-014	-2.28410478e-015	
2.30411449e+000	5.51232865e-014	5.50759437e-014	-2.28410478e-015	
2.40429338e+000	5.51232865e-014	5.50759437e-014	-2.28410478e-015	
2.50447227e+000	5.51232865e-014	5.50759437e-014	-2.28410478e-015	
2.60465116e+000	5.51232865e-014	5.50759437e-014	-2.28410478e-015	
2.70483005e+000	5.00428322e-014	4.99913289e-014	-2.26982105e-015	
2.80500894e+000	5.00428322e-014	4.99913289e-014	-2.26982105e-015	
2.90518784e+000	5.00428322e-014	4.99913289e-014	-2.26982105e-015	
3.00536673e+000	5.00428322e-014	4.99913289e-014	-2.26982105e-015	
3.10554562e+000	5.00428322e-014	4.99913289e-014	-2.26982105e-015	
3.20572451e+000	5.00428322e-014	4.99913289e-014	-2.26982105e-015	
3.30590340e+000	5.00428322e-014	4.99913289e-014	-2.26982105e-015	
3.40608229e+000	5.00428322e-014	4.99913289e-014	-2.26982105e-015	
3.50626118e+000	5.00428322e-014	4.99913289e-014	-2.26982105e-015	
3.60644007e+000	7.48762314e-014	7.47754926e-014	-3.88274810e-015	
3.70661896e+000	7.48762314e-014	7.47754926e-014	-3.88274810e-015	
3.80679785e+000	7.48762314e-014	7.47754926e-014	-3.88274810e-015	
3.90697674e+000	7.48762314e-014	7.47754926e-014	-3.88274810e-015	
4.00715564e+000	6.84249207e-014	6.83173851e-014	-3.83466579e-015	
4.10733453e+000	6.84249207e-014	6.83173851e-014	-3.83466579e-015	
4.20751342e+000	6.84249207e-014	6.83173851e-014	-3.83466579e-015	
4.30769231e+000	6.84249207e-014	6.83173851e-014	-3.83466579e-015	
4.40787120e+000	6.37249486e-014	6.35707508e-014	-4.43042991e-015	
4.50805009e+000	6.37249486e-014	6.35707508e-014	-4.43042991e-015	
4.60822898e+000	6.37249486e-014	6.35707508e-014	-4.43042991e-015	
4.70840787e+000	6.37249486e-014	6.35707508e-014	-4.43042991e-015	
4.80858676e+000	6.37249486e-014	6.35707508e-014	-4.43042991e-015	
4.90876565e+000	7.04520978e-014	7.02060653e-014	-5.88272681e-015	
5.00894454e+000	7.04520978e-014	7.02060653e-014	-5.88272681e-015	
5.10912343e+000	7.04520978e-014	7.02060653e-014	-5.88272681e-015	
5.20930233e+000	7.04520978e-014	7.02060653e-014	-5.88272681e-015	
5.30948122e+000	5.92643705e-014	5.89802156e-014	-5.79653140e-015	
5.40966011e+000	5.92643705e-014	5.89802156e-014	-5.79653140e-015	
5.50983900e+000	5.92643705e-014	5.89802156e-014	-5.79653140e-015	
5.61001789e+000	5.92643705e-014	5.89802156e-014	-5.79653140e-015	
5.71019678e+000	4.23036316e-014	4.18028604e-014	-6.48984621e-015	
5.81037567e+000	4.23036316e-014	4.18028604e-014	-6.48984621e-015	
5.91055456e+000	4.23036316e-014	4.18028604e-014	-6.48984621e-015	
6.01073345e+000	4.23036316e-014	4.18028604e-014	-6.48984621e-015	
6.11091234e+000	4.23036316e-014	4.18028604e-014	-6.48984621e-015	
6.21109123e+000	2.89253616e-014	2.77407901e-014	-8.19299118e-015	
6.31127013e+000	2.89253616e-014	2.77407901e-014	-8.19299118e-015	
6.41144902e+000	2.89253616e-014	2.77407901e-014	-8.19299118e-015	
6.51162791e+000	2.89253616e-014	2.77407901e-014	-8.19299118e-015	
6.61180680e+000	2.89253616e-014	2.77407901e-014	-8.19299118e-015	
6.71198569e+000	2.89253616e-014	2.77407901e-014	-8.19299118e-015	
6.81216458e+000	2.89253616e-014	2.77407901e-014	-8.19299118e-015	
6.91234347e+000	2.89253616e-014	2.77407901e-014	-8.19299118e-015	
7.01252236e+000	2.34070855e-014	-2.24552542e-014	-6.60705747e-015	
7.11270125e+000	2.34070855e-014	-2.24552542e-014	-6.60705747e-015	
7.21288014e+000	2.34070855e-014	-2.24552542e-014	-6.60705747e-015	
7.31305903e+000	2.34070855e-014	-2.24552542e-014	-6.60705747e-015	
7.41323792e+000	2.34070855e-014	-2.24552542e-014	-6.60705747e-015	
7.51341682e+000	2.34070855e-014	-2.24552542e-014	-6.60705747e-015	
7.61359571e+000	2.34070855e-014	-2.24552542e-014	-6.60705747e-015	
7.71377460e+000	2.34070855e-014	-2.24552542e-014	-6.60705747e-015	
7.81395349e+000	2.34070855e-014	-2.24552542e-014	-6.60705747e-015	
7.91413238e+000	8.36227734e-014	-8.28761605e-014	-1.11494512e-014	
8.01431127e+000	8.36227734e-014	-8.28761605e-014	-1.11494512e-014	
8.11449016e+000	8.36227734e-014	-8.28761605e-014	-1.11494512e-014	
8.21466905e+000	8.36227734e-014	-8.28761605e-014	-1.11494512e-014	
8.31484794e+000	8.36227734e-014	-8.28761605e-014	-1.11494512e-014	
8.41502683e+000	1.19634923e-013	-1.19127989e-013	-1.10016863e-014	
8.51520572e+000	1.19634923e-013	-1.19127989e-013	-1.10016863e-014	
8.61538462e+000	1.19634923e-013	-1.19127989e-013	-1.10016863e-014	
8.71556351e+000	1.19634923e-013	-1.19127989e-013	-1.10016863e-014	
8.81574240e+000	1.38540357e-013	-1.38024360e-013	-1.19459894e-014	
8.91592129e+000	1.38540357e-013	-1.38024360e-013	-1.19459894e-014	
9.01610018e+000	1.38540357e-013	-1.38024360e-013	-1.19459894e-014	
9.11627907e+000	1.38540357e-013	-1.38024360e-013	-1.19459894e-014	
9.21645796e+000	1.61441578e-013	-1.60883453e-013	-1.34125966e-014	
9.31663685e+000	1.61441578e-013	-1.60883453e-013	-1.34125966e-014	
9.41681574e+000	1.61441578e-013	-1.60883453e-013	-1.34125966e-014	
9.51699463e+000	1.61441578e-013	-1.60883453e-013	-1.34125966e-014	
9.61717352e+000	1.61441578e-013	-1.60883453e-013	-1.34125966e-014	
9.71735242e+000	1.41715405e-013	-1.41180086e-013	-1.23060645e-014	
9.81753131e+000	1.41715405e-013	-1.41180086e-013	-1.23060645e-014	
9.91771020e+000	1.41715405e-013	-1.41180086e-013	-1.23060645e-014	
1.00178891e+001	1.41715405e-013	-1.41180086e-013	-1.23060645e-014	
1.01180680e+001	6.43014996e-014	-6.31857038e-014	-1.19268472e-014	
1.02182469e+001	6.43014996e-014	-6.31857038e-014	-1.19268472e-014	
1.03184258e+001	6.43014996e-014	-6.31857038e-014	-1.19268472e-014	
1.04186047e+001	6.43014996e-014	-6.31857038e-014	-1.19268472e-014	
1.05187835e+001	1.45620251e-013	1.44634936e-013	-1.69113270e-014	
1.06189624e+001	1.45620251e-013	1.44634936e-013	-1.69113270e-014	
1.07191413e+001	1.45620251e-013	1.44634936e-013	-1.69113270e-014	
1.08193202e+001	1.45620251e-013	1.44634936e-013	-1.69113270e-014	
1.09194991e+001	1.45620251e-013	1.44634936e-013	-1.69113270e-014	
1.10196780e+001	3.80900051e-013	3.80507861e-013	-1.72805321e-014	
1.11198569e+001	3.80900051e-013	3.80507861e-013	-1.72805321e-014	
1.12200358e+001	3.80900051e-013	3.80507861e-013	-1.72805321e-014	
1.13202147e+001	3.80900051e-013	3.80507861e-013	-1.72805321e-014	
1.14203936e+001	3.80900051e-013	3.80507861e-013	-1.72805321e-014	
1.15205725e+001	3.80900051e-013	3.80507861e-013	-1.72805321e-014	
1.16207513e+001	3.80900051e-013	3.80507861e-013	-1.72805321e-014	
1.17209302e+001	3.80900051e-013	3.80507861e-013	-1.72805321e-014	
1.18211091e+001	9.24292793e-013	9.23948267e-013	-2.52342112e-014	
1.19212880e+001	9.24292793e-013	9.23948267e-013	-2.52342112e-014	
1.20214669e+001	9.24292793e-013	9.23948267e-013	-2.52342112e-014	
1.21216458e+001	9.24292793e-013	9.23948267e-013	-2.52342112e-014	
1.22218247e+001	9.24292793e-013	9.23948267e-013	-2.52342112e-014	
1.23220036e+001	1.63339433e-012	1.63299718e-012	-3.60170281e-014	
1.24221825e+001	1.63339433e-012	1.63299718e-012	-3.60170281e-014	
1.25223614e+001	1.63339433e-012	1.63299718e-012	-3.60170281e-014	
1.26225403e+001	1.63339433e-012	1.63299718e-012	-3.60170281e-014	
1.27227191e+001	3.21237060e-012	3.21189248e-012	-5.54218998e-014	
1.28228980e+001	3.21237060e-012	3.21189248e-012	-5.54218998e-014	
1.29230769e+001	3.21237060e-012	3.21189248e-012	-5.54218998e-014	
1.30232558e+001	3.21237060e-012	3.21189248e-012	-5.54218998e-014	
1.31234347e+001	3.21237060e-012	3.21189248e-012	-5.54218998e-014	
1.32236136e+001	3.30357331e-012	3.30329154e-012	-4.31463796e-014	
1.33237925e+001	3.30357331e-012	3.30329154e-012	-4.31463796e-014	
1.34239714e+001	3.30357331e-012	3.30329154e-012	-4.31463796e-014	
1.35241503e+001	3.30357331e-012	3.30329154e-012	-4.31463796e-014	
1.36243292e+001	3.30357331e-012	3.30329154e-012	-4.31463796e-014	
1.37245081e+001	3.30357331e-012	3.30329154e-012	-4.31463796e-014	
1.38246869e+001	3.30357331e-012	3.30329154e-012	-4.31463796e-014	
1.39248658e+001	3.30357331e-012	3.30329154e-012	-4.31463796e-014	
1.40250447e+001	5.80307813e-012	5.80288794e-012	-4.69828136e-014	
1.41252236e+001	5.80307813e-012	5.80288794e-012	-4.69828136e-014	
1.42254025e+001	5.80307813e-012	5.80288794e-012	-4.69828136e-014	
1.43255814e+001	5.80307813e-012	5.80288794e-012	-4.69828136e-014	
1.44257603e+001	5.80307813e-012	5.80288794e-012	-4.69828136e-014	
1.45259392e+001	7.61082428e-012	7.61073675e-012	-3.65010940e-014	
1.46261181e+001	7.61082428e-012	7.61073675e-012	-3.65010940e-014	
1.47262970e+001	7.61082428e-012	7.61073675e-012	-3.65010940e-014	
1.48264758e+001	7.61082428e-012	7.61073675e-012	-3.65010940e-014	
1.49266547e+001	8.14003456e-012	8.14000408e-012	-2.22770115e-014	
1.50268336e+001	8.14003456e-012	8.14000408e-012	-2.22770115e-014	
1.51270125e+001	8.14003456e-012	8.14000408e-012	-2.22770115e-014	
1.52271914e+001	8.14003456e-012	8.14000408e-012	-2.22770115e-014	
1.53273703e+001	1.02901178e-011	1.02901177e-011	-1.56565511e-015	
1.54275492e+001	1.02901178e-011	1.02901177e-011	-1.56565511e-015	
1.55277281e+001	1.02901178e-011	1.02901177e-011	-1.56565511e-015	
1.56279070e+001	1.02901178e-011	1.02901177e-011	-1.56565511e-015	
1.57280859e+001	1.02901178e-011	1.02901177e-011	-1.56565511e-015	
1.58282648e+001	1.29172559e-011	1.29172325e-011	2.45849692e-014	
1.59284436e+001	1.29172559e-011	1.29172325e-011	2.45849692e-014	
1.60286225e+001	1.29172559e-011	1.29172325e-011	2.45849692e-014	
1.61288014e+001	1.29172559e-011	1.29172325e-011	2.45849692e-014	
1.62289803e+001	1.29172559e-011	1.29172325e-011	2.45849692e-014	
1.63291592e+001	1.29172559e-011	1.29172325e-011	2.45849692e-014	
1.64293381e+001	1.29172559e-011	1.29172325e-011	2.45849692e-014	
1.65295170e+001	1.29172559e-011	1.29172325e-011	2.45849692e-014	
1.66296959e+001	1.17280836e-011	1.17280427e-011	3.09552266e-014	
1.67298748e+001	1.17280836e-011	1.17280427e-011	3.09552266e-014	
1.68300537e+001	1.17280836e-011	1.17280427e-011	3.09552266e-014	
1.69302326e+001	1.17280836e-011	1.17280427e-011	3.09552266e-014	
1.70304114e+001	1.17280836e-011	1.17280427e-011	3.09552266e-014	
1.71305903e+001	1.17280836e-011	1.17280427e-011	3.09552266e-014	
1.72307692e+001	1.17280836e-011	1.17280427e-011	3.09552266e-014	
1.73309481e+001	1.17280836e-011	1.17280427e-011	3.09552266e-014	
1.74311270e+001	1.17280836e-011	1.17280427e-011	3.09552266e-014	
1.75313059e+001	1.82786708e-011	1.82786472e-011	2.93681408e-014	
1.76314848e+001	1.82786708e-011	1.82786472e-011	2.93681408e-014	
1.77316637e+001	1.82786708e-011	1.82786472e-011	2.93681408e-014	
1.78318426e+001	1.82786708e-011	1.82786472e-011	2.93681408e-014	
1.79320215e+001	1.82786708e-011	1.82786472e-011	2.93681408e-014	
1.80322004e+001	1.82786708e-011	1.82786472e-011	2.93681408e-014	
1.81323792e+001	1.82786708e-011	1.82786472e-011	2.93681408e-014	
1.82325581e+001	1.82786708e-011	1.82786472e-011	2.93681408e-014	
1.83327370e+001	1.82786708e-011	1.82786472e-011	2.93681408e-014	
1.84329159e+001	1.82293005e-011	1.82293000e-011	4.02361355e-015	
1.85330948e+001	1.82293005e-011	1.82293000e-011	4.02361355e-015	
1.86332737e+001	1.82293005e-011	1.82293000e-011	4.02361355e-015	
1.87334526e+001	1.82293005e-011	1.82293000e-011	4.02361355e-015	
1.88336315e+001	1.41433478e-011	1.41433462e-011	-6.83262540e-015	
1.89338104e+001	1.41433478e-011	1.41433462e-011	-6.83262540e-015	
1.90339893e+001	1.41433478e-011	1.41433462e-011	-6.83262540e-015	
1.91341682e+001	1.41433478e-011	1.41433462e-011	-6.83262540e-015	
1.92343470e+001	1.41433478e-011	1.41433462e-011	-6.83262540e-015	
1.93345259e+001	1.44631932e-011	1.44631716e-011	-2.49927745e-014	
1.94347048e+001	1.44631932e-011	1.44631716e-011	-2.49927745e-014	
1.95348837e+001	1.44631932e-011	1.44631716e-011	-2.49927745e-014	
1.96350626e+001	1.44631932e-011	1.44631716e-011	-2.49927745e-014	
1.97352415e+001	1.37891291e-011	1.37890689e-011	-4.07665692e-014	
1.98354204e+001	1.37891291e-011	1.37890689e-011	-4.07665692e-014	
1.99355993e+001	1.37891291e-011	1.37890689e-011	-4.07665692e-014	
2.00357782e+001	1.37891291e-011	1.37890689e-011	-4.07665692e-014	
2.01359571e+001	1.04553593e-011	1.04552623e-011	-4.50395130e-014	
2.02361360e+001	1.04553593e-011	1.04552623e-011	-4.50395130e-014	
2.03363148e+001	1.04553593e-011	1.04552623e-011	-4.50395130e-014	
2.04364937e+001	1.04553593e-011	1.04552623e-011	-4.50395130e-014	
2.05366726e+001	1.04553593e-011	1.04552623e-011	-4.50395130e-014	
2.06368515e+001	6.40782008e-012	6.40769595e-012	-3.98850166e-014	
2.07370304e+001	6.40782008e-012	6.40769595e-012	-3.98850166e-014	
2.08372093e+001	6.40782008e-012	6.40769595e-012	-3.98850166e-014	
2.09373882e+001	6.40782008e-012	6.40769595e-012	-3.98850166e-014	
2.10375671e+001	2.77963111e-012	2.77949613e-012	-2.73931173e-014	
2.11377460e+001	2.77963111e-012	2.77949613e-012	-2.73931173e-014	
2.12379249e+001	2.77963111e-012	2.77949613e-012	-2.73931173e-014	
2.13381038e+001	2.77963111e-012	2.77949613e-012	-2.73931173e-014	
2.14382826e+001	1.99127206e-012	-1.99125161e-012	-9.02535945e-015	
2.15384615e+001	1.99127206e-012	-1.99125161e-012	-9.02535945e-015	
2.16386404e+001	1.99127206e-012	-1.99125161e-012	-9.02535945e-015	
2.17388193e+001	1.99127206e-012	-1.99125161e-012	-9.02535945e-015	
2.18389982e+001	1.99127206e-012	-1.99125161e-012	-9.02535945e-015	
2.19391771e+001	5.35742327e-012	-5.35742042e-012	5.52178587e-015	
2.20393560e+001	5.35742327e-012	-5.35742042e-012	5.52178587e-015	
2.21395349e+001	5.35742327e-012	-5.35742042e-012	5.52178587e-015	
2.22397138e+001	5.35742327e-012	-5.35742042e-012	5.52178587e-015	
2.23398927e+001	5.35742327e-012	-5.35742042e-012	5.52178587e-015	
2.24400716e+001	5.35742327e-012	-5.35742042e-012	5.52178587e-015	
2.25402504e+001	5.35742327e-012	-5.35742042e-012	5.52178587e-015	
2.26404293e+001	5.35742327e-012	-5.35742042e-012	5.52178587e-015	
2.27406082e+001	5.35742327e-012	-5.35742042e-012	5.52178587e-015	
2.28407871e+001	1.22404233e-011	-1.22404192e-011	1.00099392e-014	
2.29409660e+001	1.22404233e-011	-1.22404192e-011	1.00099392e-014	
2.30411449e+001	1.22404233e-011	-1.22404192e-011	1.00099392e-014	
2.31413238e+001	1.22404233e-011	-1.22404192e-011	1.00099392e-014	
2.32415027e+001	1.48964976e-011	-1.48964974e-011	2.00223045e-015	
2.33416816e+001	1.48964976e-011	-1.48964974e-011	2.00223045e-015	
2.34418605e+001	1.48964976e-011	-1.48964974e-011	2.00223045e-015	
2.35420394e+001	1.48964976e-011	-1.48964974e-011	2.00223045e-015	
2.36422182e+001	1.50667352e-011	-1.50667285e-011	-1.42139538e-014	
2.37423971e+001	1.50667352e-011	-1.50667285e-011	-1.42139538e-014	
2.38425760e+001	1.50667352e-011	-1.50667285e-011	-1.42139538e-014	
2.39427549e+001	1.50667352e-011	-1.50667285e-011	-1.42139538e-014	
2.40429338e+001	1.50667352e-011	-1.50667285e-011	-1.42139538e-014	
2.41431127e+001	1.77807312e-011	-1.77807037e-011	-3.12586424e-014	
2.42432916e+001	1.77807312e-011	-1.77807037e-011	-3.12586424e-014	
2.43434705e+001	1.77807312e-011	-1.77807037e-011	-3.12586424e-014	
2.44436494e+001	1.77807312e-011	-1.77807037e-011	-3.12586424e-014	
2.45438283e+001	1.71459531e-011	-1.71458990e-011	-4.30840714e-014	
2.46440072e+001	1.71459531e-011	-1.71458990e-011	-4.30840714e-014	
2.47441860e+001	1.71459531e-011	-1.71458990e-011	-4.30840714e-014	
2.48443649e+001	1.71459531e-011	-1.71458990e-011	-4.30840714e-014	
2.49445438e+001	1.65493733e-011	-1.65492828e-011	-5.47256808e-014	
2.50447227e+001	1.65493733e-011	-1.65492828e-011	-5.47256808e-014	
2.51449016e+001	1.65493733e-011	-1.65492828e-011	-5.47256808e-014	
2.52450805e+001	1.65493733e-011	-1.65492828e-011	-5.47256808e-014	
2.53452594e+001	1.65493733e-011	-1.65492828e-011	-5.47256808e-014	
2.54454383e+001	1.52667530e-011	-1.52666426e-011	-5.80532835e-014	
2.55456172e+001	1.52667530e-011	-1.52666426e-011	-5.80532835e-014	
2.56457961e+001	1.52667530e-011	-1.52666426e-011	-5.80532835e-014	
2.57459750e+001	1.52667530e-011	-1.52666426e-011	-5.80532835e-014	
2.58461538e+001	1.42459264e-011	-1.42458081e-011	-5.80420663e-014	
2.59463327e+001	1.42459264e-011	-1.42458081e-011	-5.80420663e-014	
2.60465116e+001	1.42459264e-011	-1.42458081e-011	-5.80420663e-014	
2.61466905e+001	1.42459264e-011	-1.42458081e-011	-5.80420663e-014	
2.62468694e+001	1.28009329e-011	-1.28008561e-011	-4.43523196e-014	
2.63470483e+001	1.28009329e-011	-1.28008561e-011	-4.43523196e-014	
2.64472272e+001	1.28009329e-011	-1.28008561e-011	-4.43523196e-014	
2.65474061e+001	1.28009329e-011	-1.28008561e-011	-4.43523196e-014	
2.66475850e+001	1.28009329e-011	-1.28008561e-011	-4.43523196e-014	
2.67477639e+001	1.20304138e-011	-1.20303717e-011	-3.18475447e-014	
2.68479428e+001	1.20304138e-011	-1.20303717e-011	-3.18475447e-014	
2.69481216e+001	1.20304138e-011	-1.20303717e-011	-3.18475447e-014	
2.70483005e+001	1.20304138e-011	-1.20303717e-011	-3.18475447e-014	
2.71484794e+001	1.05798554e-011	-1.05798462e-011	-1.39662116e-014	
2.72486583e+001	1.05798554e-011	-1.05798462e-011	-1.39662116e-014	
2.73488372e+001	9.21551266e-012	-9.21551240e-012	2.16116364e-015	
2.74490161e+001	9.21551266e-012	-9.21551240e-012	2.16116364e-015	
2.75491950e+001	8.58328108e-012	-8.58327459e-012	1.05583557e-014	
2.76493739e+001	8.58328108e-012	-8.58327459e-012	1.05583557e-014	
2.77495528e+001	8.58328108e-012	-8.58327459e-012	1.05583557e-014	
2.78497317e+001	8.39393575e-012	-8.39391506e-012	1.86369135e-014	
2.79499106e+001	6.84369980e-012	-6.84366620e-012	2.14473164e-014	
2.80500894e+001	6.27456467e-012	-6.27451511e-012	2.49383119e-014	
2.81502683e+001	6.97929628e-012	-6.97920333e-012	3.60197109e-014	
2.82504472e+001	5.64463801e-012	-5.64451414e-012	3.73956001e-014	
2.83506261e+001	5.64463801e-012	-5.64451414e-012	3.73956001e-014	
2.84508050e+001	5.64463801e-012	-5.64451414e-012	3.73956001e-014	
2.85509839e+001	4.97917439e-012	-4.97894317e-012	4.79839463e-014	
2.86511628e+001	4.97917439e-012	-4.97894317e-012	4.79839463e-014	
2.87513417e+001	4.45099711e-012	-4.45061894e-012	5.80193371e-014	
2.88515206e+001	4.45099711e-012	-4.45061894e-012	5.80193371e-014	
2.89516995e+001	3.35092192e-012	-3.35044763e-012	5.63770285e-014	
2.90518784e+001	3.35092192e-012	-3.35044763e-012	5.63770285e-014	
2.91520572e+001	3.35092192e-012	-3.35044763e-012	5.63770285e-014	
2.92522361e+001	3.35092192e-012	-3.35044763e-012	5.63770285e-014	
2.93524150e+001	2.47965189e-012	-2.47881991e-012	6.42287897e-014	
2.94525939e+001	2.47965189e-012	-2.47881991e-012	6.42287897e-014	
2.95527728e+001	2.47965189e-012	-2.47881991e-012	6.42287897e-014	
2.96529517e+001	2.47965189e-012	-2.47881991e-012	6.42287897e-014	
2.97531306e+001	2.47965189e-012	-2.47881991e-012	6.42287897e-014	
2.98533095e+001	2.02313036e-012	-2.02194281e-012	6.93087660e-014	
2.99534884e+001	2.02313036e-012	-2.02194281e-012	6.93087660e-014	
3.00536673e+001	2.02313036e-012	-2.02194281e-012	6.93087660e-014	
3.01538462e+001	2.02313036e-012	-2.02194281e-012	6.93087660e-014	
3.02540250e+001	1.25753115e-012	-1.25618635e-012	5.81415696e-014	
3.03542039e+001	1.25753115e-012	-1.25618635e-012	5.81415696e-014	
3.04543828e+001	1.25753115e-012	-1.25618635e-012	5.81415696e-014	
3.05545617e+001	1.25753115e-012	-1.25618635e-012	5.81415696e-014	
3.06547406e+001	9.23008881e-013	-9.21261317e-013	5.67712940e-014	
3.07549195e+001	9.23008881e-013	-9.21261317e-013	5.67712940e-014	
3.08550984e+001	9.23008881e-013	-9.21261317e-013	5.67712940e-014	
3.09552773e+001	9.23008881e-013	-9.21261317e-013	5.67712940e-014	
3.10554562e+001	9.23008881e-013	-9.21261317e-013	5.67712940e-014	
3.11556351e+001	9.22214023e-013	-9.19987597e-013	6.40431439e-014	
3.12558140e+001	9.22214023e-013	-9.19987597e-013	6.40431439e-014	
3.13559928e+001	9.22214023e-013	-9.19987597e-013	6.40431439e-014	
3.14561717e+001	9.22214023e-013	-9.19987597e-013	6.40431439e-014	
3.15563506e+001	7.65056906e-013	-7.62895504e-013	5.74675490e-014	
3.16565295e+001	7.65056906e-013	-7.62895504e-013	5.74675490e-014	
3.17567084e+001	7.65056906e-013	-7.62895504e-013	5.74675490e-014	
3.18568873e+001	7.65056906e-013	-7.62895504e-013	5.74675490e-014	
3.19570662e+001	4.91703452e-013	-4.90358777e-013	3.63394422e-014	
3.20572451e+001	4.91703452e-013	-4.90358777e-013	3.63394422e-014	
3.21574240e+001	4.91703452e-013	-4.90358777e-013	3.63394422e-014	
3.22576029e+001	4.91703452e-013	-4.90358777e-013	3.63394422e-014	
3.23577818e+001	4.91703452e-013	-4.90358777e-013	3.63394422e-014	
3.24579606e+001	4.91703452e-013	-4.90358777e-013	3.63394422e-014	
3.25581395e+001	4.91703452e-013	-4.90358777e-013	3.63394422e-014	
3.26583184e+001	4.91703452e-013	-4.90358777e-013	3.63394422e-014	
3.27584973e+001	4.91703452e-013	-4.90358777e-013	3.63394422e-014	
3.28586762e+001	5.59101640e-013	-5.57768213e-013	3.85909875e-014	
3.29588551e+001	5.59101640e-013	-5.57768213e-013	3.85909875e-014	
3.30590340e+001	5.59101640e-013	-5.57768213e-013	3.85909875e-014	
3.31592129e+001	5.59101640e-013	-5.57768213e-013	3.85909875e-014	
3.32593918e+001	4.78992203e-013	-4.78002418e-013	3.07769178e-014	
3.33595707e+001	4.78992203e-013	-4.78002418e-013	3.07769178e-014	
3.34597496e+001	4.78992203e-013	-4.78002418e-013	3.07769178e-014	
3.35599284e+001	4.78992203e-013	-4.78002418e-013	3.07769178e-014	
3.36601073e+001	4.78992203e-013	-4.78002418e-013	3.07769178e-014	
3.37602862e+001	5.08310669e-013	-5.07536812e-013	2.80378411e-014	
3.38604651e+001	5.08310669e-013	-5.07536812e-013	2.80378411e-014	
3.39606440e+001	5.08310669e-013	-5.07536812e-013	2.80378411e-014	
3.40608229e+001	5.08310669e-013	-5.07536812e-013	2.80378411e-014	
3.41610018e+001	5.44222438e-013	-5.43584920e-013	2.63343306e-014	
3.42611807e+001	5.44222438e-013	-5.43584920e-013	2.63343306e-014	
3.43613596e+001	5.44222438e-013	-5.43584920e-013	2.63343306e-014	
3.44615385e+001	5.44222438e-013	-5.43584920e-013	2.63343306e-014	
3.45617174e+001	5.44222438e-013	-5.43584920e-013	2.63343306e-014	
3.46618962e+001	4.53850715e-013	-4.53452370e-013	1.90110264e-014	
3.47620751e+001	4.53850715e-013	-4.53452370e-013	1.90110264e-014	
3.48622540e+001	4.53850715e-013	-4.53452370e-013	1.90110264e-014	
3.49624329e+001	4.53850715e-013	-4.53452370e-013	1.90110264e-014	
3.50626118e+001	4.58978250e-013	-4.58697237e-013	1.60586043e-014	
3.51627907e+001	4.58978250e-013	-4.58697237e-013	1.60586043e-014	
3.52629696e+001	4.58978250e-013	-4.58697237e-013	1.60586043e-014	
3.53631485e+001	4.58978250e-013	-4.58697237e-013	1.60586043e-014	
3.54633274e+001	4.14999043e-013	-4.14828471e-013	1.18972639e-014	
3.55635063e+001	4.14999043e-013	-4.14828471e-013	1.18972639e-014	
3.56636852e+001	4.14999043e-013	-4.14828471e-013	1.18972639e-014	
3.57638640e+001	4.14999043e-013	-4.14828471e-013	1.18972639e-014	
3.58640429e+001	4.14999043e-013	-4.14828471e-013	1.18972639e-014	
3.59642218e+001	4.14999043e-013	-4.14828471e-013	1.18972639e-014	
3.60644007e+001	4.14999043e-013	-4.14828471e-013	1.18972639e-014	
3.61645796e+001	4.14999043e-013	-4.14828471e-013	1.18972639e-014	
3.62647585e+001	4.14999043e-013	-4.14828471e-013	1.18972639e-014	
3.63649374e+001	4.69529922e-013	-4.69393993e-013	1.12972069e-014	
3.64651163e+001	4.69529922e-013	-4.69393993e-013	1.12972069e-014	
3.65652952e+001	4.69529922e-013	-4.69393993e-013	1.12972069e-014	
3.66654741e+001	4.69529922e-013	-4.69393993e-013	1.12972069e-014	
3.67656530e+001	3.71902437e-013	-3.71839262e-013	6.85462023e-015	
3.68658318e+001	3.71902437e-013	-3.71839262e-013	6.85462023e-015	
3.69660107e+001	3.71902437e-013	-3.71839262e-013	6.85462023e-015	
3.70661896e+001	3.71902437e-013	-3.71839262e-013	6.85462023e-015	
3.71663685e+001	3.71902437e-013	-3.71839262e-013	6.85462023e-015	
3.72665474e+001	3.71902437e-013	-3.71839262e-013	6.85462023e-015	
3.73667263e+001	3.71902437e-013	-3.71839262e-013	6.85462023e-015	
3.74669052e+001	3.71902437e-013	-3.71839262e-013	6.85462023e-015	
3.75670841e+001	3.71902437e-013	-3.71839262e-013	6.85462023e-015	
3.76672630e+001	4.62603875e-013	-4.62547716e-013	7.20800127e-015	
3.77674419e+001	4.62603875e-013	-4.62547716e-013	7.20800127e-015	
3.78676208e+001	4.62603875e-013	-4.62547716e-013	7.20800127e-015	
3.79677996e+001	4.62603875e-013	-4.62547716e-013	7.20800127e-015	
3.80679785e+001	5.04871953e-013	-5.04820781e-013	7.18804593e-015	
3.81681574e+001	5.04871953e-013	-5.04820781e-013	7.18804593e-015	
3.82683363e+001	5.04871953e-013	-5.04820781e-013	7.18804593e-015	
3.83685152e+001	5.04871953e-013	-5.04820781e-013	7.18804593e-015	
3.84686941e+001	5.04871953e-013	-5.04820781e-013	7.18804593e-015	
3.85688730e+001	4.51433856e-013	-4.51392824e-013	6.08639334e-015	
3.86690519e+001	4.51433856e-013	-4.51392824e-013	6.08639334e-015	
3.87692308e+001	4.51433856e-013	-4.51392824e-013	6.08639334e-015	
3.88694097e+001	4.51433856e-013	-4.51392824e-013	6.08639334e-015	
3.89695886e+001	3.61565160e-013	-3.61533436e-013	4.78954817e-015	
3.90697674e+001	3.61565160e-013	-3.61533436e-013	4.78954817e-015	
3.91699463e+001	3.61565160e-013	-3.61533436e-013	4.78954817e-015	
3.92701252e+001	3.61565160e-013	-3.61533436e-013	4.78954817e-015	
3.93703041e+001	3.61565160e-013	-3.61533436e-013	4.78954817e-015	
3.94704830e+001	3.61565160e-013	-3.61533436e-013	4.78954817e-015	
3.95706619e+001	3.61565160e-013	-3.61533436e-013	4.78954817e-015	
3.96708408e+001	3.61565160e-013	-3.61533436e-013	4.78954817e-015	
3.97710197e+001	3.61565160e-013	-3.61533436e-013	4.78954817e-015	
3.98711986e+001	3.88560473e-013	-3.88520726e-013	5.55752607e-015	
3.99713775e+001	3.88560473e-013	-3.88520726e-013	5.55752607e-015	
4.00715564e+001	3.88560473e-013	-3.88520726e-013	5.55752607e-015	
4.01717352e+001	3.88560473e-013	-3.88520726e-013	5.55752607e-015	
4.02719141e+001	3.41517491e-013	-3.41454117e-013	6.57899416e-015	
4.03720930e+001	3.41517491e-013	-3.41454117e-013	6.57899416e-015	
4.04722719e+001	3.41517491e-013	-3.41454117e-013	6.57899416e-015	
4.05724508e+001	3.41517491e-013	-3.41454117e-013	6.57899416e-015	
4.06726297e+001	3.41517491e-013	-3.41454117e-013	6.57899416e-015	
4.07728086e+001	3.41517491e-013	-3.41454117e-013	6.57899416e-015	
4.08729875e+001	3.41517491e-013	-3.41454117e-013	6.57899416e-015	
4.09731664e+001	3.41517491e-013	-3.41454117e-013	6.57899416e-015	
4.10733453e+001	3.41517491e-013	-3.41454117e-013	6.57899416e-015	
4.11735242e+001	2.67793721e-013	-2.67715858e-013	6.45727342e-015	
4.12737030e+001	2.67793721e-013	-2.67715858e-013	6.45727342e-015	
4.13738819e+001	2.67793721e-013	-2.67715858e-013	6.45727342e-015	
4.14740608e+001	2.67793721e-013	-2.67715858e-013	6.45727342e-015	
4.15742397e+001	2.46437303e-013	-2.46345686e-013	6.71915403e-015	
4.16744186e+001	2.46437303e-013	-2.46345686e-013	6.71915403e-015	
4.17745975e+001	2.46437303e-013	-2.46345686e-013	6.71915403e-015	
4.18747764e+001	2.46437303e-013	-2.46345686e-013	6.71915403e-015	
4.19749553e+001	2.46437303e-013	-2.46345686e-013	6.71915403e-015	
4.20751342e+001	1.87661675e-013	-1.87571371e-013	5.82109684e-015	
4.21753131e+001	1.87661675e-013	-1.87571371e-013	5.82109684e-015	
4.22754919e+001	1.87661675e-013	-1.87571371e-013	5.82109684e-015	
4.23756708e+001	1.87661675e-013	-1.87571371e-013	5.82109684e-015	
4.24758497e+001	9.78506849e-014	-9.77794724e-014	3.73246665e-015	
4.25760286e+001	9.78506849e-014	-9.77794724e-014	3.73246665e-015	
4.26762075e+001	9.78506849e-014	-9.77794724e-014	3.73246665e-015	
4.27763864e+001	9.78506849e-014	-9.77794724e-014	3.73246665e-015	
4.28765653e+001	4.58764054e-014	-4.58260189e-014	2.14955113e-015	
4.29767442e+001	4.58764054e-014	-4.58260189e-014	2.14955113e-015	
4.30769231e+001	4.58764054e-014	-4.58260189e-014	2.14955113e-015	
4.31771020e+001	4.58764054e-014	-4.58260189e-014	2.14955113e-015	
4.32772809e+001	4.58764054e-014	-4.58260189e-014	2.14955113e-015	
4.33774597e+001	4.58764054e-014	-4.58260189e-014	2.14955113e-015	
4.34776386e+001	4.58764054e-014	-4.58260189e-014	2.14955113e-015	
4.35778175e+001	4.58764054e-014	-4.58260189e-014	2.14955113e-015	
4.36779964e+001	4.58764054e-014	-4.58260189e-014	2.14955113e-015	
4.37781753e+001	1.11591228e-014	1.11160877e-014	9.79089576e-016	
4.38783542e+001	1.11591228e-014	1.11160877e-014	9.79089576e-016	
4.39785331e+001	1.11591228e-014	1.11160877e-014	9.79089576e-016	
4.40787120e+001	1.11591228e-014	1.11160877e-014	9.79089576e-016	
4.41788909e+001	1.11591228e-014	1.11160877e-014	9.79089576e-016	
4.42790698e+001	4.55839433e-014	4.55833786e-014	2.26905351e-016	
4.43792487e+001	4.55839433e-014	4.55833786e-014	2.26905351e-016	
4.44794275e+001	4.55839433e-014	4.55833786e-014	2.26905351e-016	
4.45796064e+001	4.55839433e-014	4.55833786e-014	2.26905351e-016	
4.46797853e+001	6.08353684e-014	6.08353666e-014	1.50480748e-017	
4.47799642e+001	6.08353684e-014	6.08353666e-014	1.50480748e-017	
4.48801431e+001	6.08353684e-014	6.08353666e-014	1.50480748e-017	
4.49803220e+001	6.08353684e-014	6.08353666e-014	1.50480748e-017	
4.50805009e+001	6.50577809e-014	6.50576701e-014	1.20083209e-016	
4.51806798e+001	6.50577809e-014	6.50576701e-014	1.20083209e-016	
4.52808587e+001	6.50577809e-014	6.50576701e-014	1.20083209e-016	
4.53810376e+001	6.50577809e-014	6.50576701e-014	1.20083209e-016	
4.54812165e+001	6.50577809e-014	6.50576701e-014	1.20083209e-016	
4.55813953e+001	6.50577809e-014	6.50576701e-014	1.20083209e-016	
4.56815742e+001	6.50577809e-014	6.50576701e-014	1.20083209e-016	
4.57817531e+001	6.50577809e-014	6.50576701e-014	1.20083209e-016	
4.58819320e+001	6.50577809e-014	6.50576701e-014	1.20083209e-016	
4.59821109e+001	7.52268289e-014	7.52252039e-014	4.94460987e-016	
4.60822898e+001	7.52268289e-014	7.52252039e-014	4.94460987e-016	
4.61824687e+001	7.52268289e-014	7.52252039e-014	4.94460987e-016	
4.62826476e+001	7.52268289e-014	7.52252039e-014	4.94460987e-016	
4.63828265e+001	6.55652582e-014	6.55620480e-014	6.48806102e-016	
4.64830054e+001	6.55652582e-014	6.55620480e-014	6.48806102e-016	
4.65831843e+001	6.55652582e-014	6.55620480e-014	6.48806102e-016	
4.66833631e+001	6.55652582e-014	6.55620480e-014	6.48806102e-016	
4.67835420e+001	6.55652582e-014	6.55620480e-014	6.48806102e-016	
4.68837209e+001	6.86051128e-014	6.85976198e-014	1.01392788e-015	
4.69838998e+001	6.86051128e-014	6.85976198e-014	1.01392788e-015	
4.70840787e+001	6.86051128e-014	6.85976198e-014	1.01392788e-015	
4.71842576e+001	6.86051128e-014	6.85976198e-014	1.01392788e-015	
4.72844365e+001	3.56800198e-014	3.56710631e-014	7.99416554e-016	
4.73846154e+001	3.56800198e-014	3.56710631e-014	7.99416554e-016	
4.74847943e+001	3.56800198e-014	3.56710631e-014	7.99416554e-016	
4.75849732e+001	3.56800198e-014	3.56710631e-014	7.99416554e-016	
4.76851521e+001	3.56800198e-014	3.56710631e-014	7.99416554e-016	
4.77853309e+001	3.56800198e-014	3.56710631e-014	7.99416554e-016	
4.78855098e+001	3.56800198e-014	3.56710631e-014	7.99416554e-016	
4.79856887e+001	3.56800198e-014	3.56710631e-014	7.99416554e-016	
4.80858676e+001	3.56800198e-014	3.56710631e-014	7.99416554e-016	
4.81860465e+001	3.88612227e-014	3.88453606e-014	1.11022089e-015	
4.82862254e+001	3.88612227e-014	3.88453606e-014	1.11022089e-015	
4.83864043e+001	3.88612227e-014	3.88453606e-014	1.11022089e-015	
4.84865832e+001	3.88612227e-014	3.88453606e-014	1.11022089e-015	
4.85867621e+001	2.68935766e-014	2.68734429e-014	1.04044695e-015	
4.86869410e+001	2.68935766e-014	2.68734429e-014	1.04044695e-015	
4.87871199e+001	2.68935766e-014	2.68734429e-014	1.04044695e-015	
4.88872987e+001	2.68935766e-014	2.68734429e-014	1.04044695e-015	
4.89874776e+001	2.68935766e-014	2.68734429e-014	1.04044695e-015	
4.90876565e+001	2.12002879e-014	2.11684510e-014	1.16141635e-015	
4.91878354e+001	2.12002879e-014	2.11684510e-014	1.16141635e-015	
4.92880143e+001	2.12002879e-014	2.11684510e-014	1.16141635e-015	
4.93881932e+001	2.12002879e-014	2.11684510e-014	1.16141635e-015	
4.94883721e+001	2.12002879e-014	2.11684510e-014	1.16141635e-015	
4.95885510e+001	2.12002879e-014	2.11684510e-014	1.16141635e-015	
4.96887299e+001	2.12002879e-014	2.11684510e-014	1.16141635e-015	
4.97889088e+001	2.12002879e-014	2.11684510e-014	1.16141635e-015	
4.98890877e+001	9.14901864e-015	9.09729251e-015	9.71499344e-016	
4.99892665e+001	9.14901864e-015	9.09729251e-015	9.71499344e-016	
5.00894454e+001	9.14901864e-015	9.09729251e-015	9.71499344e-016	
5.01896243e+001	9.14901864e-015	9.09729251e-015	9.71499344e-016	
5.02898032e+001	9.14901864e-015	9.09729251e-015	9.71499344e-016	
5.03899821e+001	3.00883062e-015	2.92941557e-015	6.86721269e-016	
5.04901610e+001	3.00883062e-015	2.92941557e-015	6.86721269e-016	
5.05903399e+001	3.00883062e-015	2.92941557e-015	6.86721269e-016	
5.06905188e+001	3.00883062e-015	2.92941557e-015	6.86721269e-016	
5.07906977e+001	6.69119253e-016	-3.79595838e-017	6.68041649e-016	
5.08908766e+001	6.69119253e-016	-3.79595838e-017	6.68041649e-016	
5.09910555e+001	6.69119253e-016	-3.79595838e-017	6.68041649e-016	
5.10912343e+001	6.69119253e-016	-3.79595838e-017	6.68041649e-016	
5.11914132e+001	6.69119253e-016	-3.79595838e-017	6.68041649e-016	
5.12915921e+001	6.69119253e-016	-3.79595838e-017	6.68041649e-016	
5.13917710e+001	6.69119253e-016	-3.79595838e-017	6.68041649e-016	
5.14919499e+001	6.69119253e-016	-3.79595838e-017	6.68041649e-016	
5.15921288e+001	6.69119253e-016	-3.79595838e-017	6.68041649e-016	
5.16923077e+001	2.24163002e-015	-2.16355433e-015	5.86462102e-016	
5.17924866e+001	2.24163002e-015	-2.16355433e-015	5.86462102e-016	
5.18926655e+001	2.24163002e-015	-2.16355433e-015	5.86462102e-016	
5.19928444e+001	2.24163002e-015	-2.16355433e-015	5.86462102e-016	
5.20930233e+001	2.85964608e-015	-2.82454441e-015	4.46681707e-016	
5.21932021e+001	2.85964608e-015	-2.82454441e-015	4.46681707e-016	
5.22933810e+001	2.85964608e-015	-2.82454441e-015	4.46681707e-016	
5.23935599e+001	2.85964608e-015	-2.82454441e-015	4.46681707e-016	
5.24937388e+001	3.91883197e-015	-3.89163925e-015	4.60855682e-016	
5.25939177e+001	3.91883197e-015	-3.89163925e-015	4.60855682e-016	
5.26940966e+001	3.91883197e-015	-3.89163925e-015	4.60855682e-016	
5.27942755e+001	3.91883197e-015	-3.89163925e-015	4.60855682e-016	
5.28944544e+001	3.91883197e-015	-3.89163925e-015	4.60855682e-016	
5.29946333e+001	4.05636639e-015	-4.03798662e-015	3.85710151e-016	
5.30948122e+001	4.05636639e-015	-4.03798662e-015	3.85710151e-016	
5.31949911e+001	4.05636639e-015	-4.03798662e-015	3.85710151e-016	
5.32951699e+001	4.05636639e-015	-4.03798662e-015	3.85710151e-016	
5.33953488e+001	3.39878029e-015	-3.38691198e-015	2.83786361e-016	
5.34955277e+001	3.39878029e-015	-3.38691198e-015	2.83786361e-016	
5.35957066e+001	3.39878029e-015	-3.38691198e-015	2.83786361e-016	
5.36958855e+001	3.39878029e-015	-3.38691198e-015	2.83786361e-016	
5.37960644e+001	3.39878029e-015	-3.38691198e-015	2.83786361e-016	
5.38962433e+001	2.89422955e-015	-2.88673760e-015	2.08112248e-016	
5.39964222e+001	2.89422955e-015	-2.88673760e-015	2.08112248e-016	
5.40966011e+001	2.89422955e-015	-2.88673760e-015	2.08112248e-016	
5.41967800e+001	2.89422955e-015	-2.88673760e-015	2.08112248e-016	
5.42969589e+001	2.10785739e-015	-2.10316250e-015	1.40606762e-016	
5.43971377e+001	2.10785739e-015	-2.10316250e-015	1.40606762e-016	
5.44973166e+001	2.10785739e-015	-2.10316250e-015	1.40606762e-016	
5.45974955e+001	2.10785739e-015	-2.10316250e-015	1.40606762e-016	
5.46976744e+001	2.38901683e-015	-2.38392122e-015	1.55951977e-016	
5.47978533e+001	2.38901683e-015	-2.38392122e-015	1.55951977e-016	
5.48980322e+001	2.38901683e-015	-2.38392122e-015	1.55951977e-016	
5.49982111e+001	2.38901683e-015	-2.38392122e-015	1.55951977e-016	
5.50983900e+001	2.38901683e-015	-2.38392122e-015	1.55951977e-016	
5.51985689e+001	1.50432787e-015	-1.50122139e-015	9.66265157e-017	
5.52987478e+001	1.50432787e-015	-1.50122139e-015	9.66265157e-017	
5.53989267e+001	9.63800092e-016	-9.61891655e-016	6.06222817e-017	
5.54991055e+001	9.63800092e-016	-9.61891655e-016	6.06222817e-017	
5.55992844e+001	5.89571273e-016	-5.88421863e-016	3.67966979e-017	
5.56994633e+001	5.89571273e-016	-5.88421863e-016	3.67966979e-017	
5.57996422e+001	4.47317218e-016	-4.46447825e-016	2.78753203e-017	
5.58998211e+001	1.54699483e-016	-1.54399041e-016	9.63672124e-018	
5.60000000e+001	4.63342698e-017	-4.62443141e-017	2.88582096e-018	
