% Column 0: Length, cm
% Column 1: |B.t|, Tesla
% Column 2: Re[B.t], Tesla
% Column 3: Im[B.t], Tesla
0.00000000e+000	7.57047870e-007	-7.57015165e-007	7.03678615e-009	
1.00178891e-001	7.57198248e-007	-7.57165555e-007	7.03628770e-009	
2.00357782e-001	7.57250043e-007	-7.57217344e-007	7.03712011e-009	
3.00536673e-001	7.56880679e-007	-7.56847931e-007	7.04065839e-009	
4.00715564e-001	7.56727749e-007	-7.56694965e-007	7.04382333e-009	
5.00894454e-001	7.56619851e-007	-7.56587029e-007	7.04749432e-009	
6.01073345e-001	7.56252857e-007	-7.56219960e-007	7.05378330e-009	
7.01252236e-001	7.55695603e-007	-7.55662607e-007	7.06180930e-009	
8.01431127e-001	7.55098728e-007	-7.55065626e-007	7.07027511e-009	
9.01610018e-001	7.54036422e-007	-7.54003146e-007	7.08390723e-009	
1.00178891e+000	7.52974117e-007	-7.52940666e-007	7.09753935e-009	
1.10196780e+000	7.51975063e-007	-7.51941450e-007	7.10993673e-009	
1.20214669e+000	7.50978161e-007	-7.50944393e-007	7.12155659e-009	
1.30232558e+000	7.49956711e-007	-7.49922765e-007	7.13550865e-009	
1.40250447e+000	7.49192615e-007	-7.49158501e-007	7.14946408e-009	
1.50268336e+000	7.48428520e-007	-7.48394238e-007	7.16341951e-009	
1.60286225e+000	7.47460207e-007	-7.47425735e-007	7.17847167e-009	
1.70304114e+000	7.46026005e-007	-7.45991298e-007	7.19602582e-009	
1.80322004e+000	7.44591805e-007	-7.44556861e-007	7.21357996e-009	
1.90339893e+000	7.43438535e-007	-7.43403372e-007	7.23068126e-009	
2.00357782e+000	7.42010796e-007	-7.41975355e-007	7.25208629e-009	
2.10375671e+000	7.40328485e-007	-7.40292716e-007	7.27734991e-009	
2.20393560e+000	7.38643288e-007	-7.38607191e-007	7.30231847e-009	
2.30411449e+000	7.36929029e-007	-7.36892630e-007	7.32431859e-009	
2.40429338e+000	7.34993711e-007	-7.34956995e-007	7.34643868e-009	
2.50447227e+000	7.31820223e-007	-7.31783108e-007	7.37030265e-009	
2.60465116e+000	7.29260731e-007	-7.29223210e-007	7.39758579e-009	
2.70483005e+000	7.26701244e-007	-7.26663312e-007	7.42486893e-009	
2.80500894e+000	7.24141760e-007	-7.24103414e-007	7.45215207e-009	
2.90518784e+000	7.21716082e-007	-7.21677300e-007	7.48186582e-009	
3.00536673e+000	7.19381411e-007	-7.19342176e-007	7.51323269e-009	
3.10554562e+000	7.17046743e-007	-7.17007051e-007	7.54459955e-009	
3.20572451e+000	7.14712081e-007	-7.14671927e-007	7.57596642e-009	
3.30590340e+000	7.12406993e-007	-7.12366360e-007	7.60869373e-009	
3.40608229e+000	7.08626210e-007	-7.08584943e-007	7.64753410e-009	
3.50626118e+000	7.02754382e-007	-7.02712436e-007	7.67816486e-009	
3.60644007e+000	6.96882567e-007	-6.96839929e-007	7.70879562e-009	
3.70661896e+000	6.91010765e-007	-6.90967422e-007	7.73942638e-009	
3.80679785e+000	6.86163081e-007	-6.86118975e-007	7.77987869e-009	
3.90697674e+000	6.81639206e-007	-6.81594295e-007	7.82459383e-009	
4.00715564e+000	6.75543581e-007	-6.75497859e-007	7.85949890e-009	
4.10733453e+000	6.69447972e-007	-6.69401423e-007	7.89440397e-009	
4.20751342e+000	6.63352380e-007	-6.63304987e-007	7.92930904e-009	
4.30769231e+000	6.56997590e-007	-6.56949292e-007	7.96623128e-009	
4.40787120e+000	6.49618892e-007	-6.49569493e-007	8.01112158e-009	
4.50805009e+000	6.41229570e-007	-6.41178994e-007	8.05350231e-009	
4.60822898e+000	6.31079551e-007	-6.31027676e-007	8.09151095e-009	
4.70840787e+000	6.20934224e-007	-6.20881025e-007	8.12793642e-009	
4.80858676e+000	6.11423088e-007	-6.11368791e-007	8.14826005e-009	
4.90876565e+000	6.02531268e-007	-6.02475821e-007	8.17401337e-009	
5.00894454e+000	5.93999844e-007	-5.93943240e-007	8.20017324e-009	
5.10912343e+000	5.85468455e-007	-5.85410659e-007	8.22633311e-009	
5.20930233e+000	5.75749713e-007	-5.75690307e-007	8.27052298e-009	
5.30948122e+000	5.61630349e-007	-5.61569327e-007	8.27889542e-009	
5.40966011e+000	5.46871745e-007	-5.46809069e-007	8.27932454e-009	
5.50983900e+000	5.32113232e-007	-5.32048812e-007	8.27975365e-009	
5.61001789e+000	5.17354820e-007	-5.17288554e-007	8.28018277e-009	
5.71019678e+000	5.02685847e-007	-5.02617489e-007	8.28981060e-009	
5.81037567e+000	4.80185794e-007	-4.80114755e-007	8.25944152e-009	
5.91055456e+000	4.60202840e-007	-4.60129444e-007	8.21880575e-009	
6.01073345e+000	4.40584825e-007	-4.40508944e-007	8.17668218e-009	
6.11091234e+000	4.18296454e-007	-4.18218314e-007	8.08489641e-009	
6.21109123e+000	3.94666196e-007	-3.94585751e-007	7.96815178e-009	
6.31127013e+000	3.71036268e-007	-3.70953188e-007	7.85140716e-009	
6.41144902e+000	3.47463197e-007	-3.47377075e-007	7.73567635e-009	
6.51162791e+000	3.24587149e-007	-3.24497400e-007	7.63245316e-009	
6.61180680e+000	3.01711686e-007	-3.01617725e-007	7.52922998e-009	
6.71198569e+000	2.75708574e-007	-2.75611280e-007	7.32393843e-009	
6.81216458e+000	2.47480542e-007	-2.47378448e-007	7.10788497e-009	
6.91234347e+000	2.18167294e-007	-2.18057758e-007	6.91247967e-009	
7.01252236e+000	1.88856558e-007	-1.88737067e-007	6.71707437e-009	
7.11270125e+000	1.52198795e-007	-1.52066690e-007	6.33993166e-009	
7.21288014e+000	1.16241925e-007	-1.16083817e-007	6.06073892e-009	
7.31305903e+000	7.21059320e-008	-7.18773618e-008	5.73674927e-009	
7.41323792e+000	2.74466017e-008	-2.68974304e-008	5.46298268e-009	
7.51341682e+000	2.50774902e-008	2.47204144e-008	4.21682704e-009	
7.61359571e+000	9.56392217e-008	9.55132404e-008	4.90730460e-009	
7.71377460e+000	2.13659804e-007	2.13545211e-007	6.99678111e-009	
7.81395349e+000	6.39201159e-007	6.32579640e-007	9.17666630e-008	
7.91413238e+000	3.34363932e-007	3.26142996e-007	-7.36884305e-008	
8.01431127e+000	2.10073862e-007	2.02237909e-007	-5.68406190e-008	
8.11449016e+000	1.59865630e-007	1.54202693e-007	-4.21728494e-008	
8.21466905e+000	1.27292938e-007	1.22929847e-007	-3.30415611e-008	
8.31484794e+000	1.19477579e-007	1.15808313e-007	-2.93824168e-008	
8.41502683e+000	9.22546805e-008	8.88387137e-008	-2.48718522e-008	
8.51520572e+000	8.42668484e-008	8.13773164e-008	-2.18777083e-008	
8.61538462e+000	8.27932875e-008	8.01936588e-008	-2.05841091e-008	
8.71556351e+000	7.67822232e-008	7.42103228e-008	-1.97062882e-008	
8.81574240e+000	7.69824507e-008	7.50647331e-008	-1.70758182e-008	
8.91592129e+000	6.67651918e-008	6.45853492e-008	-1.69210963e-008	
9.01610018e+000	6.29597399e-008	6.09563873e-008	-1.57558784e-008	
9.11627907e+000	6.79900797e-008	6.61350745e-008	-1.57734861e-008	
9.21645796e+000	6.41849075e-008	6.22937176e-008	-1.54659333e-008	
9.31663685e+000	7.11877139e-008	6.94268268e-008	-1.57355118e-008	
9.41681574e+000	7.70762476e-008	7.55781163e-008	-1.51227072e-008	
9.51699463e+000	7.40777496e-008	7.16190588e-008	-1.89267903e-008	
9.61717352e+000	8.18411067e-008	7.90996325e-008	-2.10051158e-008	
9.71735242e+000	8.58949611e-008	8.19989474e-008	-2.55757107e-008	
9.81753131e+000	1.16693722e-007	1.13213195e-007	-2.82877546e-008	
9.91771020e+000	1.96076076e-007	1.95940451e-007	-7.29157657e-009	
1.00178891e+001	1.19791503e-007	1.19702044e-007	-4.62868802e-009	
1.01180680e+001	1.02414303e-007	1.02247825e-007	-5.83709962e-009	
1.02182469e+001	1.03540073e-007	1.03390612e-007	-5.56129283e-009	
1.03184258e+001	1.10642449e-007	1.10508242e-007	-5.44793812e-009	
1.04186047e+001	1.21181946e-007	1.21061873e-007	-5.39323760e-009	
1.05187835e+001	1.30134181e-007	1.30024332e-007	-5.34584629e-009	
1.06189624e+001	1.38188300e-007	1.38088221e-007	-5.25829686e-009	
1.07191413e+001	1.46693814e-007	1.46602624e-007	-5.17163623e-009	
1.08193202e+001	1.54319764e-007	1.54228926e-007	-5.29413301e-009	
1.09194991e+001	1.60767364e-007	1.60663952e-007	-5.76540843e-009	
1.10196780e+001	1.71966664e-007	1.71844266e-007	-6.48702804e-009	
1.11198569e+001	1.83889342e-007	1.83745098e-007	-7.28211957e-009	
1.12200358e+001	1.98153251e-007	1.97980857e-007	-8.26384392e-009	
1.13202147e+001	2.23644718e-007	2.23450235e-007	-9.32482506e-009	
1.14203936e+001	2.45174770e-007	2.44970018e-007	-1.00178910e-008	
1.15205725e+001	2.82191293e-007	2.81984585e-007	-1.07990618e-008	
1.16207513e+001	3.24476117e-007	3.24253345e-007	-1.20216027e-008	
1.17209302e+001	3.66219940e-007	3.65982710e-007	-1.31795526e-008	
1.18211091e+001	4.11544119e-007	4.11295966e-007	-1.42895161e-008	
1.19212880e+001	4.54700416e-007	4.54451950e-007	-1.50297494e-008	
1.20214669e+001	4.97198093e-007	4.96951822e-007	-1.56470600e-008	
1.21216458e+001	5.18402543e-007	5.18226569e-007	-1.35063133e-008	
1.22218247e+001	5.32259249e-007	5.32221669e-007	-6.32479128e-009	
1.23220036e+001	5.22313394e-007	5.22313307e-007	3.01602928e-010	
1.24221825e+001	4.91366663e-007	4.91333966e-007	5.66840236e-009	
1.25223614e+001	3.96814035e-007	3.96621352e-007	1.23645215e-008	
1.26225403e+001	3.43274337e-007	3.42822787e-007	1.76013332e-008	
1.27227191e+001	2.97849123e-007	2.97037838e-007	2.19686831e-008	
1.28228980e+001	2.41076815e-007	2.39545469e-007	2.71293032e-008	
1.29230769e+001	2.51879382e-007	2.49904750e-007	3.14775919e-008	
1.30232558e+001	2.64315242e-007	2.61952591e-007	3.52616945e-008	
1.31234347e+001	4.26409978e-007	4.24691786e-007	3.82407627e-008	
1.32236136e+001	6.55881740e-007	6.54869442e-007	3.64262436e-008	
1.33237925e+001	9.46063663e-007	9.45509327e-007	3.23815716e-008	
1.34239714e+001	1.37915488e-006	1.37881191e-006	3.07557396e-008	
1.35241503e+001	1.78801106e-006	1.78800975e-006	2.16211780e-009	
1.36243292e+001	2.07205803e-006	2.07196100e-006	-2.00525851e-008	
1.37245081e+001	2.28190478e-006	2.28149102e-006	-4.34528905e-008	
1.38246869e+001	2.48226215e-006	2.48170410e-006	-5.26323179e-008	
1.39248658e+001	2.69873837e-006	2.69808131e-006	-5.95481935e-008	
1.40250447e+001	2.95214391e-006	2.95149601e-006	-6.18462844e-008	
1.41252236e+001	3.25192841e-006	3.25128557e-006	-6.46573687e-008	
1.42254025e+001	3.57637058e-006	3.57573006e-006	-6.76838183e-008	
1.43255814e+001	3.95790162e-006	3.95726539e-006	-7.09636192e-008	
1.44257603e+001	4.44501348e-006	4.44433123e-006	-7.78763795e-008	
1.45259392e+001	4.92977076e-006	4.92909995e-006	-8.13230661e-008	
1.46261181e+001	5.55957353e-006	5.55889198e-006	-8.70505258e-008	
1.47262970e+001	6.23081297e-006	6.23020869e-006	-8.67751609e-008	
1.48264758e+001	6.94389028e-006	6.94330652e-006	-9.00375505e-008	
1.49266547e+001	8.17567428e-006	8.17516082e-006	-9.16273112e-008	
1.50268336e+001	9.23619101e-006	9.23596848e-006	-6.41143969e-008	
1.51270125e+001	1.08554745e-005	1.08554658e-005	-1.37001821e-008	
1.52271914e+001	1.20261963e-005	1.20256987e-005	1.09398462e-007	
1.53273703e+001	1.33000636e-005	1.32940983e-005	3.98297476e-007	
1.54275492e+001	1.31632074e-005	1.31406220e-005	7.70767807e-007	
1.55277281e+001	1.14072152e-005	1.13643585e-005	9.87883282e-007	
1.56279070e+001	7.83983741e-006	7.78035475e-006	9.63914246e-007	
1.57280859e+001	4.49690800e-006	4.41909994e-006	8.32908952e-007	
1.58282648e+001	1.09771955e-006	8.95649910e-007	6.34664838e-007	
1.59284436e+001	1.97148469e-006	-1.90391039e-006	5.11739316e-007	
1.60286225e+001	4.53324626e-006	-4.51738339e-006	3.78904912e-007	
1.61288014e+001	5.91708864e-006	-5.90800678e-006	3.27709980e-007	
1.62289803e+001	7.62842030e-006	-7.62379909e-006	2.65487628e-007	
1.63291592e+001	9.34180305e-006	-9.33959140e-006	2.03265277e-007	
1.64293381e+001	1.04877426e-005	-1.04863615e-005	1.70195006e-007	
1.65295170e+001	1.13856610e-005	-1.13846748e-005	1.49853646e-007	
1.66296959e+001	1.22836708e-005	-1.22829881e-005	1.29512286e-007	
1.67298748e+001	1.32021505e-005	-1.32016991e-005	1.09169067e-007	
1.68300537e+001	1.42037836e-005	-1.42034891e-005	9.14592900e-008	
1.69302326e+001	1.52113330e-005	-1.52111363e-005	7.73736570e-008	
1.70304114e+001	1.62189069e-005	-1.62187834e-005	6.32880239e-008	
1.71305903e+001	1.72265008e-005	-1.72264305e-005	4.92023909e-008	
1.72307692e+001	1.81956863e-005	-1.81956522e-005	3.52504401e-008	
1.73309481e+001	1.90586883e-005	-1.90586744e-005	2.30079110e-008	
1.74311270e+001	1.99480101e-005	-1.99480074e-005	1.04707602e-008	
1.75313059e+001	2.08373405e-005	-2.08373404e-005	-2.06639049e-009	
1.76314848e+001	2.17266783e-005	-2.17266734e-005	-1.46035412e-008	
1.77316637e+001	2.26160227e-005	-2.26160064e-005	-2.71406919e-008	
1.78318426e+001	2.35053729e-005	-2.35053395e-005	-3.96778427e-008	
1.79320215e+001	2.43947283e-005	-2.43946725e-005	-5.22149934e-008	
1.80322004e+001	2.55869733e-005	-2.55868810e-005	-6.87302471e-008	
1.81323792e+001	2.69898883e-005	-2.69897499e-005	-8.64408843e-008	
1.82325581e+001	2.84070684e-005	-2.84068797e-005	-1.03562290e-007	
1.83327370e+001	2.98242536e-005	-2.98240094e-005	-1.20683695e-007	
1.84329159e+001	3.14407696e-005	-3.14404474e-005	-1.42349088e-007	
1.85330948e+001	3.33830048e-005	-3.33825646e-005	-1.71439576e-007	
1.86332737e+001	3.53252510e-005	-3.53246819e-005	-2.00530063e-007	
1.87334526e+001	3.72407335e-005	-3.72400259e-005	-2.29573713e-007	
1.88336315e+001	3.92148287e-005	-3.92138987e-005	-2.70075321e-007	
1.89338104e+001	4.16717502e-005	-4.16706189e-005	-3.07058057e-007	
1.90339893e+001	4.41318053e-005	-4.41304661e-005	-3.43809011e-007	
1.91341682e+001	4.65918675e-005	-4.65903132e-005	-3.80559964e-007	
1.92343470e+001	4.90952408e-005	-4.90933291e-005	-4.33246296e-007	
1.93345259e+001	5.24521617e-005	-5.24496976e-005	-5.08413487e-007	
1.94347048e+001	5.59350172e-005	-5.59324583e-005	-5.35038576e-007	
1.95348837e+001	5.88547598e-005	-5.88523084e-005	-5.37166097e-007	
1.96350626e+001	6.17745126e-005	-6.17721586e-005	-5.39293618e-007	
1.97352415e+001	6.46942743e-005	-6.46920087e-005	-5.41421139e-007	
1.98354204e+001	6.76140437e-005	-6.76118589e-005	-5.43548660e-007	
1.99355993e+001	7.14287456e-005	-7.14268394e-005	-5.21832857e-007	
2.00357782e+001	7.53657853e-005	-7.53648590e-005	-3.73665386e-007	
2.01359571e+001	7.92774538e-005	-7.92771789e-005	-2.08781551e-007	
2.02361360e+001	8.26743899e-005	-8.26743344e-005	-9.58146598e-008	
2.03363148e+001	8.57775453e-005	-8.57775444e-005	-1.24708310e-008	
2.04364937e+001	8.88807827e-005	-8.88807545e-005	7.08729979e-008	
2.05366726e+001	9.17027954e-005	-9.17024918e-005	2.35979806e-007	
2.06368515e+001	9.43529751e-005	-9.43518965e-005	4.51146252e-007	
2.07370304e+001	9.68705216e-005	-9.68683578e-005	6.47464576e-007	
2.08372093e+001	9.86625867e-005	-9.86596363e-005	7.63013549e-007	
2.09373882e+001	1.00479824e-004	-1.00475692e-004	9.11184639e-007	
2.10375671e+001	1.02297233e-004	-1.02291748e-004	1.05935573e-006	
2.11377460e+001	1.03609094e-004	-1.03602739e-004	1.14749537e-006	
2.12379249e+001	1.04898057e-004	-1.04890686e-004	1.24350789e-006	
2.13381038e+001	1.06187083e-004	-1.06178634e-004	1.33952040e-006	
2.14382826e+001	1.06513527e-004	-1.06504786e-004	1.36454974e-006	
2.15384615e+001	1.06495183e-004	-1.06486446e-004	1.36415459e-006	
2.16386404e+001	1.06460302e-004	-1.06451553e-004	1.36483102e-006	
2.17388193e+001	1.06402198e-004	-1.06393469e-004	1.36291435e-006	
2.18389982e+001	1.05658325e-004	-1.05650338e-004	1.29907349e-006	
2.19391771e+001	1.04585899e-004	-1.04578810e-004	1.21770385e-006	
2.20393560e+001	1.03721651e-004	-1.03715252e-004	1.15218865e-006	
2.21395349e+001	1.02991339e-004	-1.02985498e-004	1.09687391e-006	
2.22397138e+001	1.02297027e-004	-1.02291694e-004	1.04454312e-006	
2.23398927e+001	1.00321562e-004	-1.00317563e-004	8.95806247e-007	
2.24400716e+001	9.79129107e-005	-9.79103052e-005	7.14288860e-007	
2.25402504e+001	9.55045336e-005	-9.55030476e-005	5.32771474e-007	
2.26404293e+001	9.27742012e-005	-9.27733521e-005	3.96922555e-007	
2.27406082e+001	8.94828158e-005	-8.94825209e-005	2.29731965e-007	
2.28407871e+001	8.60685804e-005	-8.60685690e-005	4.43302899e-008	
2.29409660e+001	8.26547375e-005	-8.26546171e-005	-1.41071386e-007	
2.30411449e+001	7.92519359e-005	-7.92512665e-005	-3.25732354e-007	
2.31413238e+001	7.67333674e-005	-7.67321295e-005	-4.35863453e-007	
2.32415027e+001	7.27802532e-005	-7.27786532e-005	-4.82589076e-007	
2.33416816e+001	6.88272123e-005	-6.88251769e-005	-5.29314698e-007	
2.34418605e+001	6.48742581e-005	-6.48717006e-005	-5.76040320e-007	
2.35420394e+001	6.13648746e-005	-6.13618574e-005	-6.08510714e-007	
2.36422182e+001	5.83132871e-005	-5.83104640e-005	-5.73793850e-007	
2.37423971e+001	5.51352191e-005	-5.51327016e-005	-5.26882065e-007	
2.38425760e+001	5.19571562e-005	-5.19549392e-005	-4.79970280e-007	
2.39427549e+001	4.87790992e-005	-4.87771768e-005	-4.33058495e-007	
2.40429338e+001	4.61233012e-005	-4.61215752e-005	-3.99020906e-007	
2.41431127e+001	4.38484181e-005	-4.38468199e-005	-3.74373315e-007	
2.42432916e+001	4.11610187e-005	-4.11597197e-005	-3.27009093e-007	
2.43434705e+001	3.83701110e-005	-3.83691331e-005	-2.73943660e-007	
2.44436494e+001	3.62189940e-005	-3.62182578e-005	-2.30928892e-007	
2.45438283e+001	3.43448304e-005	-3.43442622e-005	-1.97561357e-007	
2.46440072e+001	3.22285356e-005	-3.22280969e-005	-1.68157248e-007	
2.47441860e+001	3.01122512e-005	-3.01119315e-005	-1.38753139e-007	
2.48443649e+001	2.81946075e-005	-2.81943848e-005	-1.12066435e-007	
2.49445438e+001	2.70543983e-005	-2.70542263e-005	-9.64670582e-008	
2.50447227e+001	2.59141940e-005	-2.59140679e-005	-8.08676818e-008	
2.51449016e+001	2.47739954e-005	-2.47739094e-005	-6.52683054e-008	
2.52450805e+001	2.36338031e-005	-2.36337509e-005	-4.96689290e-008	
2.53452594e+001	2.26377477e-005	-2.26377137e-005	-3.92461457e-008	
2.54454383e+001	2.16823222e-005	-2.16823010e-005	-3.02825245e-008	
2.55456172e+001	2.07268993e-005	-2.07268883e-005	-2.13189033e-008	
2.56457961e+001	1.97714794e-005	-1.97714756e-005	-1.23552821e-008	
2.57459750e+001	1.88190761e-005	-1.88190758e-005	-3.45985329e-009	
2.58461538e+001	1.78694020e-005	-1.78694012e-005	5.37389702e-009	
2.59463327e+001	1.69197325e-005	-1.69197265e-005	1.42076473e-008	
2.60465116e+001	1.58307596e-005	-1.58307422e-005	2.34953435e-008	
2.61466905e+001	1.48004252e-005	-1.48003892e-005	3.26224529e-008	
2.62468694e+001	1.37754827e-005	-1.37754186e-005	4.20191835e-008	
2.63470483e+001	1.27505517e-005	-1.27504480e-005	5.14159141e-008	
2.64472272e+001	1.17256351e-005	-1.17254774e-005	6.08126446e-008	
2.65474061e+001	1.07007371e-005	-1.07005068e-005	7.02093752e-008	
2.66475850e+001	9.67586368e-006	-9.67553621e-006	7.96061058e-008	
2.67477639e+001	8.65102345e-006	-8.65056560e-006	8.90028364e-008	
2.68479428e+001	7.66710729e-006	-7.66648474e-006	9.77029750e-008	
2.69481216e+001	6.64598468e-006	-6.64510139e-006	1.08350529e-007	
2.70483005e+001	5.58365336e-006	-5.58234824e-006	1.20718524e-007	
2.71484794e+001	4.52155412e-006	-4.51959508e-006	1.33086518e-007	
2.72486583e+001	3.45990073e-006	-3.45684192e-006	1.45454513e-007	
2.73488372e+001	2.46773568e-006	-2.46277890e-006	1.56331226e-007	
2.74490161e+001	1.56792132e-006	-1.55918946e-006	1.65243734e-007	
2.75491950e+001	5.88930717e-007	-5.61842565e-007	1.76556849e-007	
2.76493739e+001	4.82665448e-007	4.44796510e-007	1.87408643e-007	
2.77495528e+001	1.08406529e-006	1.06726786e-006	1.90096998e-007	
2.78497317e+001	1.69245001e-006	1.68144968e-006	1.92649904e-007	
2.79499106e+001	2.18568176e-006	2.17733484e-006	1.90834347e-007	
2.80500894e+001	2.39081496e-006	2.38397712e-006	1.80691050e-007	
2.81502683e+001	2.47517151e-006	2.46909577e-006	1.73320611e-007	
2.82504472e+001	2.55959973e-006	2.55421443e-006	1.65950172e-007	
2.83506261e+001	2.49031157e-006	2.48548917e-006	1.54904137e-007	
2.84508050e+001	1.95530913e-006	1.95079926e-006	1.32725401e-007	
2.85509839e+001	1.44436733e-006	1.43920100e-006	1.22055126e-007	
2.86511628e+001	9.34347073e-007	9.27679546e-007	1.11423128e-007	
2.87513417e+001	5.05659525e-007	4.95399434e-007	1.01345726e-007	
2.88515206e+001	2.35557456e-007	2.16172367e-007	9.35778970e-008	
2.89516995e+001	1.14904129e-007	-7.19616343e-008	8.95794728e-008	
2.90518784e+001	4.08712028e-007	-3.99718211e-007	8.52694168e-008	
2.91520572e+001	7.31965836e-007	-7.27474787e-007	8.09593608e-008	
2.92522361e+001	1.05801151e-006	-1.05523136e-006	7.66493049e-008	
2.93524150e+001	1.38487855e-006	-1.38298794e-006	7.23392489e-008	
2.94525939e+001	1.49865773e-006	-1.49703658e-006	6.96883694e-008	
2.95527728e+001	1.60419387e-006	-1.60278985e-006	6.71018931e-008	
2.96529517e+001	1.70976076e-006	-1.70854312e-006	6.45154168e-008	
2.97531306e+001	1.82054973e-006	-1.81949491e-006	6.19646001e-008	
2.98533095e+001	1.99123564e-006	-1.99033676e-006	5.98246041e-008	
2.99534884e+001	2.16194830e-006	-2.16117860e-006	5.76846081e-008	
3.00536673e+001	2.33268184e-006	-2.33202045e-006	5.55446121e-008	
3.01538462e+001	2.42051627e-006	-2.41992461e-006	5.35153670e-008	
3.02540250e+001	2.47016657e-006	-2.46962888e-006	5.15371322e-008	
3.03542039e+001	2.51982055e-006	-2.51933315e-006	4.95588973e-008	
3.04543828e+001	2.56683232e-006	-2.56638958e-006	4.76724778e-008	
3.05545617e+001	2.59027050e-006	-2.58985121e-006	4.66042206e-008	
3.06547406e+001	2.61370953e-006	-2.61331284e-006	4.55359633e-008	
3.07549195e+001	2.63714940e-006	-2.63677447e-006	4.44677060e-008	
3.08550984e+001	2.65673271e-006	-2.65637972e-006	4.33063817e-008	
3.09552773e+001	2.66500479e-006	-2.66467582e-006	4.18721298e-008	
3.10554562e+001	2.67100422e-006	-2.67069608e-006	4.05707042e-008	
3.11556351e+001	2.67639401e-006	-2.67610539e-006	3.93049356e-008	
3.12558140e+001	2.66891637e-006	-2.66864325e-006	3.81805268e-008	
3.13559928e+001	2.65575467e-006	-2.65549526e-006	3.71185626e-008	
3.14561717e+001	2.64259326e-006	-2.64234726e-006	3.60565985e-008	
3.15563506e+001	2.63103401e-006	-2.63080111e-006	3.50065105e-008	
3.16565295e+001	2.61975292e-006	-2.61953219e-006	3.40073574e-008	
3.17567084e+001	2.59902296e-006	-2.59881026e-006	3.32505071e-008	
3.18568873e+001	2.57748598e-006	-2.57728042e-006	3.25519088e-008	
3.19570662e+001	2.55594906e-006	-2.55575057e-006	3.18533105e-008	
3.20572451e+001	2.53493406e-006	-2.53474302e-006	3.11210667e-008	
3.21574240e+001	2.51408901e-006	-2.51390547e-006	3.03778718e-008	
3.22576029e+001	2.49187505e-006	-2.49169813e-006	2.96936257e-008	
3.23577818e+001	2.46538203e-006	-2.46521126e-006	2.90176819e-008	
3.24579606e+001	2.43735387e-006	-2.43719032e-006	2.82361343e-008	
3.25581395e+001	2.40932580e-006	-2.40916937e-006	2.74545868e-008	
3.26583184e+001	2.38129781e-006	-2.38114843e-006	2.66730392e-008	
3.27584973e+001	2.35293833e-006	-2.35279426e-006	2.60372438e-008	
3.28586762e+001	2.32455460e-006	-2.32441553e-006	2.54265873e-008	
3.29588551e+001	2.29631308e-006	-2.29617928e-006	2.47891525e-008	
3.30590340e+001	2.26807162e-006	-2.26794302e-006	2.41517178e-008	
3.31592129e+001	2.23886031e-006	-2.23873631e-006	2.35633468e-008	
3.32593918e+001	2.20977613e-006	-2.20965602e-006	2.30391422e-008	
3.33595707e+001	2.18113544e-006	-2.18101885e-006	2.25521231e-008	
3.34597496e+001	2.15249477e-006	-2.15238168e-006	2.20651039e-008	
3.35599284e+001	2.12478705e-006	-2.12467738e-006	2.15876999e-008	
3.36601073e+001	2.09475277e-006	-2.09464640e-006	2.11097167e-008	
3.37602862e+001	2.06459468e-006	-2.06449160e-006	2.06307551e-008	
3.38604651e+001	2.03443660e-006	-2.03433679e-006	2.01517934e-008	
3.39606440e+001	2.00502127e-006	-2.00492439e-006	1.97097280e-008	
3.40608229e+001	1.97676226e-006	-1.97666779e-006	1.93251038e-008	
3.41610018e+001	1.94852186e-006	-1.94842980e-006	1.89406519e-008	
3.42611807e+001	1.92205805e-006	-1.92196831e-006	1.85726376e-008	
3.43613596e+001	1.89559424e-006	-1.89550683e-006	1.82046234e-008	
3.44615385e+001	1.86998077e-006	-1.86989516e-006	1.78928529e-008	
3.45617174e+001	1.84492477e-006	-1.84484065e-006	1.76179558e-008	
3.46618962e+001	1.81745250e-006	-1.81737030e-006	1.72848744e-008	
3.47620751e+001	1.78873205e-006	-1.78865201e-006	1.69217369e-008	
3.48622540e+001	1.76060206e-006	-1.76052396e-006	1.65826850e-008	
3.49624329e+001	1.73395978e-006	-1.73388312e-006	1.63043196e-008	
3.50626118e+001	1.70859493e-006	-1.70851983e-006	1.60193411e-008	
3.51627907e+001	1.68341793e-006	-1.68334429e-006	1.57460404e-008	
3.52629696e+001	1.65823609e-006	-1.65816366e-006	1.54979260e-008	
3.53631485e+001	1.63308423e-006	-1.63301303e-006	1.52496474e-008	
3.54633274e+001	1.60753938e-006	-1.60746938e-006	1.50016222e-008	
3.55635063e+001	1.58145351e-006	-1.58138469e-006	1.47539457e-008	
3.56636852e+001	1.55536764e-006	-1.55530000e-006	1.45062692e-008	
3.57638640e+001	1.52916701e-006	-1.52910057e-006	1.42546776e-008	
3.58640429e+001	1.50376977e-006	-1.50370393e-006	1.40714038e-008	
3.59642218e+001	1.47818899e-006	-1.47812377e-006	1.38857643e-008	
3.60644007e+001	1.45260821e-006	-1.45254360e-006	1.37001248e-008	
3.61645796e+001	1.42702743e-006	-1.42696344e-006	1.35144853e-008	
3.62647585e+001	1.40423476e-006	-1.40417114e-006	1.33667860e-008	
3.63649374e+001	1.38162769e-006	-1.38156442e-006	1.32221411e-008	
3.64651163e+001	1.35902061e-006	-1.35895769e-006	1.30774963e-008	
3.65652952e+001	1.33641354e-006	-1.33635096e-006	1.29328514e-008	
3.66654741e+001	1.31380647e-006	-1.31374423e-006	1.27882065e-008	
3.67656530e+001	1.29119941e-006	-1.29113750e-006	1.26435617e-008	
3.68658318e+001	1.26932406e-006	-1.26926232e-006	1.25193861e-008	
3.69660107e+001	1.24769721e-006	-1.24763557e-006	1.24021622e-008	
3.70661896e+001	1.22607038e-006	-1.22600883e-006	1.22849383e-008	
3.71663685e+001	1.20308006e-006	-1.20301872e-006	1.21480343e-008	
3.72665474e+001	1.18002306e-006	-1.17996194e-006	1.20101680e-008	
3.73667263e+001	1.15717521e-006	-1.15711426e-006	1.18760777e-008	
3.74669052e+001	1.13648028e-006	-1.13641922e-006	1.17808613e-008	
3.75670841e+001	1.11370113e-006	-1.11363969e-006	1.16984055e-008	
3.76672630e+001	1.08949905e-006	-1.08943703e-006	1.16246617e-008	
3.77674419e+001	1.06529700e-006	-1.06523437e-006	1.15509179e-008	
3.78676208e+001	1.04174067e-006	-1.04167753e-006	1.14690090e-008	
3.79677996e+001	1.01928112e-006	-1.01921767e-006	1.13732308e-008	
3.80679785e+001	9.99597986e-007	-9.99534131e-007	1.12984068e-008	
3.81681574e+001	9.76671995e-007	-9.76606929e-007	1.12735537e-008	
3.82683363e+001	9.53746064e-007	-9.53679727e-007	1.12487006e-008	
3.83685152e+001	9.30820195e-007	-9.30752524e-007	1.12238475e-008	
3.84686941e+001	9.07894395e-007	-9.07825322e-007	1.11989944e-008	
3.85688730e+001	8.82728685e-007	-8.82656999e-007	1.12495915e-008	
3.86690519e+001	8.56837167e-007	-8.56762399e-007	1.13191052e-008	
3.87692308e+001	8.30945847e-007	-8.30867799e-007	1.13886189e-008	
3.88694097e+001	8.05054744e-007	-8.04973200e-007	1.14581325e-008	
3.89695886e+001	7.80730465e-007	-7.80643987e-007	1.16199908e-008	
3.90697674e+001	7.56923386e-007	-7.56831211e-007	1.18123144e-008	
3.91699463e+001	7.26516122e-007	-7.26414177e-007	1.21703777e-008	
3.92701252e+001	6.81397217e-007	-6.81275136e-007	1.28979028e-008	
3.93703041e+001	6.36282000e-007	-6.36136095e-007	1.36254280e-008	
3.94704830e+001	5.91171315e-007	-5.90997053e-007	1.43529532e-008	
3.95706619e+001	5.46066287e-007	-5.45858012e-007	1.50804783e-008	
3.96708408e+001	5.07581624e-007	-5.07328002e-007	1.60437980e-008	
3.97710197e+001	4.31113623e-007	-4.30709931e-007	1.86523818e-008	
3.98711986e+001	3.65326047e-007	-3.64756672e-007	2.03885080e-008	
3.99713775e+001	3.03353107e-007	-3.02565785e-007	2.18415492e-008	
4.00715564e+001	2.10182603e-007	-2.08667756e-007	2.51891697e-008	
4.01717352e+001	8.23803340e-008	-7.65077741e-008	3.05463573e-008	
4.02719141e+001	5.58832883e-008	4.57304432e-008	3.21195964e-008	
4.03720930e+001	2.20543644e-007	2.17156110e-007	3.85061395e-008	
4.04722719e+001	4.24209855e-007	4.22276434e-007	4.04550917e-008	
4.05724508e+001	4.95053086e-007	4.94385588e-007	2.56991926e-008	
4.06726297e+001	4.91360991e-007	4.91296198e-007	7.97936195e-009	
4.07728086e+001	4.56908073e-007	4.56903252e-007	-2.09896624e-009	
4.08729875e+001	3.92565802e-007	3.92514030e-007	-6.37536209e-009	
4.09731664e+001	3.43191135e-007	3.43092244e-007	-8.23818904e-009	
4.10733453e+001	2.98771012e-007	2.98646867e-007	-8.61199112e-009	
4.11735242e+001	2.63334188e-007	2.63211080e-007	-8.05119724e-009	
4.12737030e+001	2.30910050e-007	2.30785910e-007	-7.57065367e-009	
4.13738819e+001	2.02011720e-007	2.01896949e-007	-6.80858858e-009	
4.14740608e+001	1.78446841e-007	1.78340004e-007	-6.17398218e-009	
4.15742397e+001	1.58946082e-007	1.58845367e-007	-5.65743779e-009	
4.16744186e+001	1.43119550e-007	1.43024253e-007	-5.22193317e-009	
4.17745975e+001	1.31797880e-007	1.31702161e-007	-5.02214346e-009	
4.18747764e+001	1.21232813e-007	1.21134491e-007	-4.88161943e-009	
4.19749553e+001	1.11697344e-007	1.11599216e-007	-4.68099790e-009	
4.20751342e+001	1.01738367e-007	1.01640886e-007	-4.45260017e-009	
4.21753131e+001	9.26245429e-008	9.25383467e-008	-3.99503933e-009	
4.22754919e+001	8.53172200e-008	8.52523235e-008	-3.32706368e-009	
4.23756708e+001	7.57232649e-008	7.57064380e-008	-1.59627253e-009	
4.24758497e+001	6.23834439e-008	6.23829641e-008	2.44686421e-010	
4.25760286e+001	4.35708645e-008	4.35228828e-008	2.04423675e-009	
4.26762075e+001	2.52579685e-008	2.50731266e-008	3.05013098e-009	
4.27763864e+001	9.04182863e-009	8.26217525e-009	3.67302670e-009	
4.28765653e+001	6.18041486e-009	-5.03953978e-009	3.57778795e-009	
4.29767442e+001	1.22625836e-008	-1.17771509e-008	3.41609031e-009	
4.30769231e+001	1.34380619e-008	-1.30643339e-008	3.14717136e-009	
4.31771020e+001	1.26692100e-008	-1.23518410e-008	2.81796116e-009	
4.32772809e+001	5.86292629e-009	-5.39541246e-009	2.29421645e-009	
4.33774597e+001	2.89667167e-009	2.31482753e-009	1.74134439e-009	
4.34776386e+001	1.08783922e-008	1.08230326e-008	1.09607631e-009	
4.35778175e+001	1.51592255e-008	1.51474786e-008	5.96665028e-010	
4.36779964e+001	1.88943022e-008	1.88943017e-008	-3.97573611e-012	
4.37781753e+001	2.11334305e-008	2.11259544e-008	-5.62081769e-010	
4.38783542e+001	2.12875537e-008	2.12695934e-008	-8.74264551e-010	
4.39785331e+001	2.01734330e-008	2.01477304e-008	-1.01801682e-009	
4.40787120e+001	1.88952663e-008	1.88642014e-008	-1.08304812e-009	
4.41788909e+001	1.74116357e-008	1.73797584e-008	-1.05311684e-009	
4.42790698e+001	1.53816539e-008	1.53523893e-008	-9.48377837e-010	
4.43792487e+001	1.40015828e-008	1.39737844e-008	-8.81855351e-010	
4.44794275e+001	1.23387449e-008	1.23122334e-008	-8.08415148e-010	
4.45796064e+001	1.11929861e-008	1.11687011e-008	-7.36921536e-010	
4.46797853e+001	1.00824146e-008	1.00604231e-008	-6.65560402e-010	
4.47799642e+001	8.90335885e-009	8.88439290e-009	-5.80828241e-010	
4.48801431e+001	8.38603169e-009	8.36924284e-009	-5.30378933e-010	
4.49803220e+001	7.84072615e-009	7.82598260e-009	-4.80606878e-010	
4.50805009e+001	7.61435383e-009	7.60193402e-009	-4.34722279e-010	
4.51806798e+001	7.43246294e-009	7.42066619e-009	-4.18591164e-010	
4.52808587e+001	7.28616596e-009	7.27411893e-009	-4.18817638e-010	
4.53810376e+001	7.08683405e-009	7.07424069e-009	-4.22297952e-010	
4.54812165e+001	6.78992237e-009	6.77653432e-009	-4.26178853e-010	
4.55813953e+001	6.56060864e-009	6.54653141e-009	-4.29548920e-010	
4.56815742e+001	6.28179491e-009	6.26690662e-009	-4.32236856e-010	
4.57817531e+001	6.08967915e-009	6.07278707e-009	-4.53265335e-010	
4.58819320e+001	6.31788537e-009	6.29867740e-009	-4.92278912e-010	
4.59821109e+001	7.65026540e-009	7.63383321e-009	-5.01149838e-010	
4.60822898e+001	1.30209475e-008	1.29973684e-008	-7.83254053e-010	
4.61824687e+001	7.85428755e-009	7.59136270e-009	-2.01520351e-009	
4.62826476e+001	6.95565494e-009	6.69265381e-009	-1.89460305e-009	
4.63828265e+001	7.25867592e-009	7.00425504e-009	-1.90493765e-009	
4.64830054e+001	7.35633495e-009	7.07983997e-009	-1.99788136e-009	
4.65831843e+001	7.60350158e-009	7.34641032e-009	-1.96048250e-009	
4.66833631e+001	8.64864770e-009	8.38295194e-009	-2.12725734e-009	
4.67835420e+001	8.25751988e-009	7.95307650e-009	-2.22153297e-009	
4.68837209e+001	9.41667017e-009	9.09179311e-009	-2.45213685e-009	
4.69838998e+001	1.10416043e-008	1.06902297e-008	-2.76333398e-009	
4.70840787e+001	1.22316739e-008	1.18332922e-008	-3.09629482e-009	
4.71842576e+001	1.24982326e-008	1.19837990e-008	-3.54885626e-009	
4.72844365e+001	1.54276336e-008	1.49873214e-008	-3.65951823e-009	
4.73846154e+001	1.53125770e-008	1.47937137e-008	-3.95234753e-009	
4.74847943e+001	1.88208796e-008	1.82019730e-008	-4.78682418e-009	
4.75849732e+001	2.35763251e-008	2.29957455e-008	-5.19988433e-009	
4.76851521e+001	2.81808794e-008	2.74830321e-008	-6.23256829e-009	
4.77853309e+001	3.22541977e-008	3.12789099e-008	-7.87166226e-009	
4.78855098e+001	3.92534406e-008	3.80892908e-008	-9.48886335e-009	
4.79856887e+001	4.56410552e-008	4.38355367e-008	-1.27102968e-008	
4.80858676e+001	8.34365188e-008	8.14654507e-008	-1.80286722e-008	
4.81860465e+001	1.61452831e-007	1.59718933e-007	2.35982845e-008	
4.82862254e+001	5.23927887e-008	5.23684372e-008	1.59721343e-009	
4.83864043e+001	2.63412379e-008	2.62889635e-008	1.65867816e-009	
4.84865832e+001	7.18572708e-009	7.04806739e-009	1.39979276e-009	
4.85867621e+001	7.39243787e-009	-7.27070797e-009	1.33601772e-009	
4.86869410e+001	1.95684276e-008	-1.95089806e-008	1.52415018e-009	
4.87871199e+001	2.86642720e-008	-2.86160130e-008	1.66261539e-009	
4.88872987e+001	3.77222673e-008	-3.76842091e-008	1.69405845e-009	
4.89874776e+001	4.67842362e-008	-4.67524053e-008	1.72550150e-009	
4.90876565e+001	5.45091292e-008	-5.44804311e-008	1.76855526e-009	
4.91878354e+001	6.16463472e-008	-6.16195723e-008	1.81671088e-009	
4.92880143e+001	6.87839981e-008	-6.87587134e-008	1.86486650e-009	
4.93881932e+001	7.64315204e-008	-7.64071643e-008	1.92939119e-009	
4.94883721e+001	8.30272274e-008	-8.30039240e-008	1.96700163e-009	
4.95885510e+001	8.88438988e-008	-8.88216001e-008	1.99040610e-009	
4.96887299e+001	9.46606995e-008	-9.46392762e-008	2.01381057e-009	
4.97889088e+001	1.00477607e-007	-1.00456952e-007	2.03721505e-009	
4.98890877e+001	1.06429166e-007	-1.06409190e-007	2.06195841e-009	
4.99892665e+001	1.12577505e-007	-1.12558128e-007	2.08865894e-009	
5.00894454e+001	1.17374765e-007	-1.17355905e-007	2.10404692e-009	
5.01896243e+001	1.21725375e-007	-1.21707012e-007	2.11427751e-009	
5.02898032e+001	1.26076020e-007	-1.26058119e-007	2.12450811e-009	
5.03899821e+001	1.30426697e-007	-1.30409225e-007	2.13473870e-009	
5.04901610e+001	1.34777402e-007	-1.34760332e-007	2.14496929e-009	
5.05903399e+001	1.39128133e-007	-1.39111439e-007	2.15519989e-009	
5.06905188e+001	1.43478888e-007	-1.43462546e-007	2.16543048e-009	
5.07906977e+001	1.47523391e-007	-1.47507411e-007	2.17132643e-009	
5.08908766e+001	1.51085150e-007	-1.51069574e-007	2.16942660e-009	
5.09910555e+001	1.54646928e-007	-1.54631737e-007	2.16752676e-009	
5.10912343e+001	1.58208723e-007	-1.58193900e-007	2.16562693e-009	
5.11914132e+001	1.61078836e-007	-1.61064302e-007	2.16380725e-009	
5.12915921e+001	1.63773403e-007	-1.63759133e-007	2.16193142e-009	
5.13917710e+001	1.66026112e-007	-1.66012130e-007	2.15463032e-009	
5.14919499e+001	1.68278829e-007	-1.68265128e-007	2.14732922e-009	
5.15921288e+001	1.70689020e-007	-1.70675543e-007	2.14485054e-009	
5.16923077e+001	1.73115690e-007	-1.73102427e-007	2.14287638e-009	
5.17924866e+001	1.75542366e-007	-1.75529311e-007	2.14090221e-009	
5.18926655e+001	1.77754588e-007	-1.77741757e-007	2.13569741e-009	
5.19928444e+001	1.79661952e-007	-1.79649320e-007	2.13046638e-009	
5.20930233e+001	1.81494365e-007	-1.81481912e-007	2.12606656e-009	
5.21932021e+001	1.83326782e-007	-1.83314505e-007	2.12166675e-009	
5.22933810e+001	1.84491439e-007	-1.84479325e-007	2.11418892e-009	
5.23935599e+001	1.85781032e-007	-1.85769071e-007	2.10815638e-009	
5.24937388e+001	1.87199077e-007	-1.87187259e-007	2.10338876e-009	
5.25939177e+001	1.88617124e-007	-1.88605448e-007	2.09862114e-009	
5.26940966e+001	1.90031844e-007	-1.90020308e-007	2.09382865e-009	
5.27942755e+001	1.91133151e-007	-1.91121731e-007	2.08935886e-009	
5.28944544e+001	1.92224676e-007	-1.92213368e-007	2.08502055e-009	
5.29946333e+001	1.93316203e-007	-1.93305005e-007	2.08068223e-009	
5.30948122e+001	1.94407731e-007	-1.94396643e-007	2.07634391e-009	
5.31949911e+001	1.95423999e-007	-1.95413017e-007	2.07170413e-009	
5.32951699e+001	1.96268795e-007	-1.96257917e-007	2.06637752e-009	
5.33953488e+001	1.97113592e-007	-1.97102816e-007	2.06105090e-009	
5.34955277e+001	1.97958390e-007	-1.97947716e-007	2.05572428e-009	
5.35957066e+001	1.98913276e-007	-1.98902698e-007	2.05132063e-009	
5.36958855e+001	1.99792114e-007	-1.99781615e-007	2.04821724e-009	
5.37960644e+001	2.00334319e-007	-2.00323878e-007	2.04525113e-009	
5.38962433e+001	2.00891335e-007	-2.00880957e-007	2.04192517e-009	
5.39964222e+001	2.01458804e-007	-2.01448492e-007	2.03834522e-009	
5.40966011e+001	2.02026274e-007	-2.02016027e-007	2.03476528e-009	
5.41967800e+001	2.02520322e-007	-2.02510133e-007	2.03149183e-009	
5.42969589e+001	2.02971780e-007	-2.02961644e-007	2.02839619e-009	
5.43971377e+001	2.03412088e-007	-2.03401999e-007	2.02584918e-009	
5.44973166e+001	2.03845791e-007	-2.03835747e-007	2.02362712e-009	
5.45974955e+001	2.04279495e-007	-2.04269494e-007	2.02140505e-009	
5.46976744e+001	2.04596903e-007	-2.04586940e-007	2.01912908e-009	
5.47978533e+001	2.04875976e-007	-2.04866048e-007	2.01683534e-009	
5.48980322e+001	2.05155048e-007	-2.05145157e-007	2.01454160e-009	
5.49982111e+001	2.05348060e-007	-2.05338195e-007	2.01280253e-009	
5.50983900e+001	2.05484225e-007	-2.05474380e-007	2.01142984e-009	
5.51985689e+001	2.05620389e-007	-2.05610564e-007	2.01005715e-009	
5.52987478e+001	2.05756554e-007	-2.05746749e-007	2.00868446e-009	
5.53989267e+001	2.05892719e-007	-2.05882933e-007	2.00731177e-009	
5.54991055e+001	2.06129019e-007	-2.06119255e-007	2.00627884e-009	
5.55992844e+001	2.06370230e-007	-2.06360488e-007	2.00526223e-009	
5.56994633e+001	2.06586565e-007	-2.06576841e-007	2.00440333e-009	
5.57996422e+001	2.06599412e-007	-2.06589691e-007	2.00411400e-009	
5.58998211e+001	2.06659386e-007	-2.06649671e-007	2.00384711e-009	
5.60000000e+001	2.06638431e-007	-2.06628715e-007	2.00381575e-009	
