% Column 0: Length, cm
% Column 1: |B.t|, Tesla
% Column 2: Re[B.t], Tesla
% Column 3: Im[B.t], Tesla
0.00000000e+000	4.22013749e-006	-4.22013376e-006	5.61287024e-009	
1.00178891e-001	4.22077646e-006	-4.22077273e-006	5.61319012e-009	
2.00357782e-001	4.22307755e-006	-4.22307382e-006	5.61436192e-009	
3.00536673e-001	4.22613510e-006	-4.22613137e-006	5.61591883e-009	
4.00715564e-001	4.22946635e-006	-4.22946262e-006	5.61761451e-009	
5.00894454e-001	4.23380548e-006	-4.23380175e-006	5.61981850e-009	
6.01073345e-001	4.23962301e-006	-4.23961928e-006	5.62276810e-009	
7.01252236e-001	4.24608813e-006	-4.24608440e-006	5.62603611e-009	
8.01431127e-001	4.25477823e-006	-4.25477450e-006	5.63039810e-009	
9.01610018e-001	4.26366515e-006	-4.26366142e-006	5.63485454e-009	
1.00178891e+000	4.27667994e-006	-4.27667622e-006	5.64129199e-009	
1.10196780e+000	4.28969474e-006	-4.28969102e-006	5.64772944e-009	
1.20214669e+000	4.30270954e-006	-4.30270582e-006	5.65416689e-009	
1.30232558e+000	4.31572433e-006	-4.31572062e-006	5.66060434e-009	
1.40250447e+000	4.33146577e-006	-4.33146206e-006	5.66825798e-009	
1.50268336e+000	4.34845719e-006	-4.34845348e-006	5.67646915e-009	
1.60286225e+000	4.36544861e-006	-4.36544491e-006	5.68468033e-009	
1.70304114e+000	4.38244003e-006	-4.38243634e-006	5.69289150e-009	
1.80322004e+000	4.40004225e-006	-4.40003856e-006	5.70130746e-009	
1.90339893e+000	4.41890839e-006	-4.41890470e-006	5.71014717e-009	
2.00357782e+000	4.43777452e-006	-4.43777084e-006	5.71898688e-009	
2.10375671e+000	4.45664065e-006	-4.45663697e-006	5.72782659e-009	
2.20393560e+000	4.47550679e-006	-4.47550311e-006	5.73666630e-009	
2.30411449e+000	4.49920204e-006	-4.49919837e-006	5.74723267e-009	
2.40429338e+000	4.52306743e-006	-4.52306376e-006	5.75785986e-009	
2.50447227e+000	4.54693281e-006	-4.54692915e-006	5.76848706e-009	
2.60465116e+000	4.57079819e-006	-4.57079453e-006	5.77911425e-009	
2.70483005e+000	4.59069510e-006	-4.59069145e-006	5.78784977e-009	
2.80500894e+000	4.60801297e-006	-4.60800932e-006	5.79535593e-009	
2.90518784e+000	4.62533084e-006	-4.62532720e-006	5.80286210e-009	
3.00536673e+000	4.64264871e-006	-4.64264507e-006	5.81036826e-009	
3.10554562e+000	4.66270666e-006	-4.66270303e-006	5.81884143e-009	
3.20572451e+000	4.69115101e-006	-4.69114738e-006	5.83027426e-009	
3.30590340e+000	4.71959535e-006	-4.71959173e-006	5.84170708e-009	
3.40608229e+000	4.74803969e-006	-4.74803608e-006	5.85313990e-009	
3.50626118e+000	4.77648403e-006	-4.77648043e-006	5.86457272e-009	
3.60644007e+000	4.81955424e-006	-4.81955065e-006	5.88077206e-009	
3.70661896e+000	4.86449858e-006	-4.86449501e-006	5.89758217e-009	
3.80679785e+000	4.90944293e-006	-4.90943936e-006	5.91439228e-009	
3.90697674e+000	4.95438727e-006	-4.95438372e-006	5.93120238e-009	
4.00715564e+000	5.00842818e-006	-5.00842465e-006	5.94984061e-009	
4.10733453e+000	5.07064806e-006	-5.07064455e-006	5.97012257e-009	
4.20751342e+000	5.13286795e-006	-5.13286445e-006	5.99040454e-009	
4.30769231e+000	5.19508783e-006	-5.19508435e-006	6.01068650e-009	
4.40787120e+000	5.25700624e-006	-5.25700278e-006	6.03051034e-009	
4.50805009e+000	5.31741876e-006	-5.31741532e-006	6.04804458e-009	
4.60822898e+000	5.37783129e-006	-5.37782787e-006	6.06557882e-009	
4.70840787e+000	5.43824381e-006	-5.43824041e-006	6.08311306e-009	
4.80858676e+000	5.49865634e-006	-5.49865295e-006	6.10064731e-009	
4.90876565e+000	5.55503151e-006	-5.55502815e-006	6.11436797e-009	
5.00894454e+000	5.61044022e-006	-5.61043688e-006	6.12717576e-009	
5.10912343e+000	5.66584894e-006	-5.66584561e-006	6.13998355e-009	
5.20930233e+000	5.72125765e-006	-5.72125434e-006	6.15279133e-009	
5.30948122e+000	5.77949756e-006	-5.77949428e-006	6.16447514e-009	
5.40966011e+000	5.84123985e-006	-5.84123658e-006	6.17476843e-009	
5.50983900e+000	5.90298213e-006	-5.90297889e-006	6.18506173e-009	
5.61001789e+000	5.96472442e-006	-5.96472120e-006	6.19535502e-009	
5.71019678e+000	6.02646670e-006	-6.02646351e-006	6.20564831e-009	
5.81037567e+000	6.08820899e-006	-6.08820581e-006	6.21594161e-009	
5.91055456e+000	6.14995127e-006	-6.14994812e-006	6.22623490e-009	
6.01073345e+000	6.21169356e-006	-6.21169043e-006	6.23652820e-009	
6.11091234e+000	6.27343585e-006	-6.27343274e-006	6.24682149e-009	
6.21109123e+000	6.34725427e-006	-6.34725118e-006	6.25580599e-009	
6.31127013e+000	6.42560016e-006	-6.42559711e-006	6.26429977e-009	
6.41144902e+000	6.50394606e-006	-6.50394304e-006	6.27279356e-009	
6.51162791e+000	6.58229196e-006	-6.58228896e-006	6.28128734e-009	
6.61180680e+000	6.67442252e-006	-6.67441956e-006	6.28702987e-009	
6.71198569e+000	6.79028166e-006	-6.79027875e-006	6.28803646e-009	
6.81216458e+000	6.90614080e-006	-6.90613793e-006	6.28904305e-009	
6.91234347e+000	7.02199994e-006	-7.02199712e-006	6.29004964e-009	
7.01252236e+000	7.13791018e-006	-7.13790741e-006	6.29095893e-009	
7.11270125e+000	7.26052588e-006	-7.26052316e-006	6.27916811e-009	
7.21288014e+000	7.38314157e-006	-7.38313891e-006	6.26737730e-009	
7.31305903e+000	7.50575727e-006	-7.50575466e-006	6.25558649e-009	
7.41323792e+000	7.62837297e-006	-7.62837041e-006	6.24379567e-009	
7.51341682e+000	7.75098867e-006	-7.75098616e-006	6.23200486e-009	
7.61359571e+000	7.87360437e-006	-7.87360192e-006	6.22021405e-009	
7.71377460e+000	7.99622008e-006	-7.99621767e-006	6.20842323e-009	
7.81395349e+000	8.11883578e-006	-8.11883342e-006	6.19663242e-009	
7.91413238e+000	8.23378201e-006	-8.23377969e-006	6.18384849e-009	
8.01431127e+000	8.32975778e-006	-8.32975550e-006	6.16860874e-009	
8.11449016e+000	8.42573355e-006	-8.42573130e-006	6.15336898e-009	
8.21466905e+000	8.52170932e-006	-8.52170711e-006	6.13812923e-009	
8.31484794e+000	8.61768509e-006	-8.61768291e-006	6.12288947e-009	
8.41502683e+000	8.76083804e-006	-8.76083593e-006	6.08176181e-009	
8.51520572e+000	8.90764806e-006	-8.90764601e-006	6.03862738e-009	
8.61538462e+000	9.05445808e-006	-9.05445609e-006	5.99549294e-009	
8.71556351e+000	9.20126810e-006	-9.20126617e-006	5.95235851e-009	
8.81574240e+000	9.39229987e-006	-9.39229802e-006	5.88842511e-009	
8.91592129e+000	9.61693725e-006	-9.61693550e-006	5.80868580e-009	
9.01610018e+000	9.84157464e-006	-9.84157297e-006	5.72894649e-009	
9.11627907e+000	1.00662120e-005	-1.00662104e-005	5.64920718e-009	
9.21645796e+000	1.02722138e-005	-1.02722123e-005	5.57411282e-009	
9.31663685e+000	1.04074090e-005	-1.04074075e-005	5.51666749e-009	
9.41681574e+000	1.05426042e-005	-1.05426028e-005	5.45922216e-009	
9.51699463e+000	1.06777994e-005	-1.06777981e-005	5.40177683e-009	
9.61717352e+000	1.08129947e-005	-1.08129934e-005	5.34433150e-009	
9.71735242e+000	1.10317650e-005	-1.10317638e-005	5.22255773e-009	
9.81753131e+000	1.12654568e-005	-1.12654557e-005	5.08929880e-009	
9.91771020e+000	1.14991487e-005	-1.14991476e-005	4.95603987e-009	
1.00178891e+001	1.17328405e-005	-1.17328395e-005	4.82278094e-009	
1.01180680e+001	1.19672003e-005	-1.19671994e-005	4.68386531e-009	
1.02182469e+001	1.22022587e-005	-1.22022579e-005	4.53903055e-009	
1.03184258e+001	1.24373172e-005	-1.24373164e-005	4.39419580e-009	
1.04186047e+001	1.26723756e-005	-1.26723749e-005	4.24936104e-009	
1.05187835e+001	1.29033101e-005	-1.29033095e-005	4.10377840e-009	
1.06189624e+001	1.31063520e-005	-1.31063514e-005	3.95313733e-009	
1.07191413e+001	1.33093938e-005	-1.33093933e-005	3.80249626e-009	
1.08193202e+001	1.35124357e-005	-1.35124352e-005	3.65185519e-009	
1.09194991e+001	1.37154775e-005	-1.37154771e-005	3.50121412e-009	
1.10196780e+001	1.41229743e-005	-1.41229739e-005	3.15525650e-009	
1.11198569e+001	1.45919022e-005	-1.45919019e-005	2.75061328e-009	
1.12200358e+001	1.50608301e-005	-1.50608299e-005	2.34597006e-009	
1.13202147e+001	1.55297580e-005	-1.55297579e-005	1.94132684e-009	
1.14203936e+001	1.59608689e-005	-1.59608688e-005	1.55404917e-009	
1.15205725e+001	1.63373612e-005	-1.63373612e-005	1.19185129e-009	
1.16207513e+001	1.67138536e-005	-1.67138536e-005	8.29653409e-010	
1.17209302e+001	1.70903460e-005	-1.70903460e-005	4.67455529e-010	
1.18211091e+001	1.74608158e-005	-1.74608158e-005	1.09783042e-010	
1.19212880e+001	1.77150232e-005	-1.77150232e-005	-1.60529421e-010	
1.20214669e+001	1.79692306e-005	-1.79692306e-005	-4.30841884e-010	
1.21216458e+001	1.82234380e-005	-1.82234380e-005	-7.01154346e-010	
1.22218247e+001	1.84776454e-005	-1.84776454e-005	-9.71466809e-010	
1.23220036e+001	1.88830362e-005	-1.88830361e-005	-1.42721310e-009	
1.24221825e+001	1.93565388e-005	-1.93565387e-005	-1.96650227e-009	
1.25223614e+001	1.98300415e-005	-1.98300414e-005	-2.50579145e-009	
1.26225403e+001	2.03035442e-005	-2.03035440e-005	-3.04508062e-009	
1.27227191e+001	2.08125897e-005	-2.08125893e-005	-3.64718116e-009	
1.28228980e+001	2.13939459e-005	-2.13939454e-005	-4.37706852e-009	
1.29230769e+001	2.19753021e-005	-2.19753015e-005	-5.10695587e-009	
1.30232558e+001	2.25566583e-005	-2.25566576e-005	-5.83684323e-009	
1.31234347e+001	2.31380146e-005	-2.31380136e-005	-6.56673059e-009	
1.32236136e+001	2.37810933e-005	-2.37810921e-005	-7.43210063e-009	
1.33237925e+001	2.44261008e-005	-2.44260993e-005	-8.30170414e-009	
1.34239714e+001	2.50711083e-005	-2.50711066e-005	-9.17130764e-009	
1.35241503e+001	2.57161158e-005	-2.57161138e-005	-1.00409111e-008	
1.36243292e+001	2.63479986e-005	-2.63479964e-005	-1.09144665e-008	
1.37245081e+001	2.69714837e-005	-2.69714811e-005	-1.17905479e-008	
1.38246869e+001	2.75949688e-005	-2.75949659e-005	-1.26666294e-008	
1.39248658e+001	2.82184539e-005	-2.82184506e-005	-1.35427108e-008	
1.40250447e+001	2.88935143e-005	-2.88935106e-005	-1.45023697e-008	
1.41252236e+001	2.97233021e-005	-2.97232980e-005	-1.57127635e-008	
1.42254025e+001	3.05530900e-005	-3.05530853e-005	-1.69231572e-008	
1.43255814e+001	3.13828779e-005	-3.13828727e-005	-1.81335510e-008	
1.44257603e+001	3.22126658e-005	-3.22126600e-005	-1.93439447e-008	
1.45259392e+001	3.28484958e-005	-3.28484895e-005	-2.02807923e-008	
1.46261181e+001	3.34603889e-005	-3.34603822e-005	-2.11838807e-008	
1.47262970e+001	3.40722821e-005	-3.40722749e-005	-2.20869692e-008	
1.48264758e+001	3.46841752e-005	-3.46841676e-005	-2.29900576e-008	
1.49266547e+001	3.54889222e-005	-3.54889140e-005	-2.41597860e-008	
1.50268336e+001	3.64644835e-005	-3.64644745e-005	-2.55656823e-008	
1.51270125e+001	3.74400448e-005	-3.74400351e-005	-2.69715785e-008	
1.52271914e+001	3.84156061e-005	-3.84155956e-005	-2.83774748e-008	
1.53273703e+001	3.94885683e-005	-3.94885570e-005	-2.98903222e-008	
1.54275492e+001	4.10355794e-005	-4.10355670e-005	-3.19236969e-008	
1.55277281e+001	4.25825905e-005	-4.25825769e-005	-3.39570716e-008	
1.56279070e+001	4.41296016e-005	-4.41295869e-005	-3.59904463e-008	
1.57280859e+001	4.56766127e-005	-4.56765969e-005	-3.80238209e-008	
1.58282648e+001	4.69182874e-005	-4.69182708e-005	-3.94644303e-008	
1.59284436e+001	4.80886181e-005	-4.80886008e-005	-4.07665343e-008	
1.60286225e+001	4.92589488e-005	-4.92589309e-005	-4.20686382e-008	
1.61288014e+001	5.04292796e-005	-5.04292609e-005	-4.33707422e-008	
1.62289803e+001	5.15996103e-005	-5.15995910e-005	-4.46728462e-008	
1.63291592e+001	5.27699410e-005	-5.27699210e-005	-4.59749501e-008	
1.64293381e+001	5.39402717e-005	-5.39402510e-005	-4.72770541e-008	
1.65295170e+001	5.51106025e-005	-5.51105811e-005	-4.85791581e-008	
1.66296959e+001	5.63417028e-005	-5.63416807e-005	-4.98762158e-008	
1.67298748e+001	5.81805538e-005	-5.81805314e-005	-5.11227903e-008	
1.68300537e+001	6.00194049e-005	-6.00193820e-005	-5.23693648e-008	
1.69302326e+001	6.18582559e-005	-6.18582327e-005	-5.36159393e-008	
1.70304114e+001	6.36971070e-005	-6.36970833e-005	-5.48625137e-008	
1.71305903e+001	6.58415450e-005	-6.58415216e-005	-5.55212493e-008	
1.72307692e+001	6.80984185e-005	-6.80983955e-005	-5.59637158e-008	
1.73309481e+001	7.03552919e-005	-7.03552693e-005	-5.64061824e-008	
1.74311270e+001	7.26121654e-005	-7.26121432e-005	-5.68486490e-008	
1.75313059e+001	7.46527689e-005	-7.46527474e-005	-5.66508330e-008	
1.76314848e+001	7.63270042e-005	-7.63269841e-005	-5.53683680e-008	
1.77316637e+001	7.80012396e-005	-7.80012209e-005	-5.40859030e-008	
1.78318426e+001	7.96754751e-005	-7.96754576e-005	-5.28034380e-008	
1.79320215e+001	8.13497106e-005	-8.13496943e-005	-5.15209730e-008	
1.80322004e+001	8.30239462e-005	-8.30239310e-005	-5.02385080e-008	
1.81323792e+001	8.46981819e-005	-8.46981678e-005	-4.89560430e-008	
1.82325581e+001	8.63724177e-005	-8.63724045e-005	-4.76735780e-008	
1.83327370e+001	8.80466534e-005	-8.80466412e-005	-4.63911130e-008	
1.84329159e+001	9.00551286e-005	-9.00551182e-005	-4.34582229e-008	
1.85330948e+001	9.22423972e-005	-9.22423887e-005	-3.96424711e-008	
1.86332737e+001	9.44296659e-005	-9.44296591e-005	-3.58267193e-008	
1.87334526e+001	9.66169349e-005	-9.66169296e-005	-3.20109675e-008	
1.88336315e+001	9.88473207e-005	-9.88473169e-005	-2.74458735e-008	
1.89338104e+001	1.01182442e-004	-1.01182440e-004	-2.10607136e-008	
1.90339893e+001	1.03517565e-004	-1.03517564e-004	-1.46755538e-008	
1.91341682e+001	1.05852687e-004	-1.05852687e-004	-8.29039389e-009	
1.92343470e+001	1.08187810e-004	-1.08187810e-004	-1.90523402e-009	
1.93345259e+001	1.09707593e-004	-1.09707593e-004	2.96020832e-009	
1.94347048e+001	1.11167691e-004	-1.11167691e-004	7.71439397e-009	
1.95348837e+001	1.12627789e-004	-1.12627788e-004	1.24685796e-008	
1.96350626e+001	1.14087887e-004	-1.14087886e-004	1.72227653e-008	
1.97352415e+001	1.15457797e-004	-1.15457795e-004	2.25194329e-008	
1.98354204e+001	1.16760208e-004	-1.16760204e-004	2.82221101e-008	
1.99355993e+001	1.18062619e-004	-1.18062614e-004	3.39247873e-008	
2.00357782e+001	1.19365030e-004	-1.19365023e-004	3.96274644e-008	
2.01359571e+001	1.20743941e-004	-1.20743932e-004	4.58217854e-008	
2.02361360e+001	1.22407037e-004	-1.22407026e-004	5.38425097e-008	
2.03363148e+001	1.24070134e-004	-1.24070119e-004	6.18632341e-008	
2.04364937e+001	1.25733231e-004	-1.25733212e-004	6.98839585e-008	
2.05366726e+001	1.27396329e-004	-1.27396305e-004	7.79046829e-008	
2.06368515e+001	1.28491607e-004	-1.28491579e-004	8.38537349e-008	
2.07370304e+001	1.29488439e-004	-1.29488408e-004	8.94436120e-008	
2.08372093e+001	1.30485272e-004	-1.30485237e-004	9.50334891e-008	
2.09373882e+001	1.31482105e-004	-1.31482067e-004	1.00623366e-007	
2.10375671e+001	1.32161254e-004	-1.32161212e-004	1.04491786e-007	
2.11377460e+001	1.32512898e-004	-1.32512855e-004	1.06585533e-007	
2.12379249e+001	1.32864542e-004	-1.32864497e-004	1.08679281e-007	
2.13381038e+001	1.33216186e-004	-1.33216140e-004	1.10773028e-007	
2.14382826e+001	1.33511088e-004	-1.33511041e-004	1.12526247e-007	
2.15384615e+001	1.33434617e-004	-1.33434570e-004	1.12050732e-007	
2.16386404e+001	1.33358147e-004	-1.33358100e-004	1.11575216e-007	
2.17388193e+001	1.33281676e-004	-1.33281630e-004	1.11099700e-007	
2.18389982e+001	1.33205205e-004	-1.33205160e-004	1.10624185e-007	
2.19391771e+001	1.32788543e-004	-1.32788499e-004	1.08195186e-007	
2.20393560e+001	1.32271801e-004	-1.32271759e-004	1.05191496e-007	
2.21395349e+001	1.31755059e-004	-1.31755019e-004	1.02187806e-007	
2.22397138e+001	1.31238317e-004	-1.31238279e-004	9.91841160e-008	
2.23398927e+001	1.30378372e-004	-1.30378338e-004	9.44454784e-008	
2.24400716e+001	1.29030304e-004	-1.29030275e-004	8.72392926e-008	
2.25402504e+001	1.27682236e-004	-1.27682211e-004	8.00331068e-008	
2.26404293e+001	1.26334169e-004	-1.26334148e-004	7.28269211e-008	
2.27406082e+001	1.24991757e-004	-1.24991740e-004	6.56927838e-008	
2.28407871e+001	1.23750500e-004	-1.23750486e-004	5.98466786e-008	
2.29409660e+001	1.22509244e-004	-1.22509232e-004	5.40005734e-008	
2.30411449e+001	1.21267987e-004	-1.21267977e-004	4.81544682e-008	
2.31413238e+001	1.20026731e-004	-1.20026723e-004	4.23083630e-008	
2.32415027e+001	1.18875497e-004	-1.18875492e-004	3.73055938e-008	
2.33416816e+001	1.17764119e-004	-1.17764115e-004	3.26761865e-008	
2.34418605e+001	1.16652741e-004	-1.16652738e-004	2.80467792e-008	
2.35420394e+001	1.15541363e-004	-1.15541361e-004	2.34173719e-008	
2.36422182e+001	1.14117383e-004	-1.14117381e-004	1.80393646e-008	
2.37423971e+001	1.12068076e-004	-1.12068075e-004	1.11638905e-008	
2.38425760e+001	1.10018769e-004	-1.10018769e-004	4.28841639e-009	
2.39427549e+001	1.07969463e-004	-1.07969463e-004	-2.58705772e-009	
2.40429338e+001	1.05920157e-004	-1.05920157e-004	-9.46253182e-009	
2.41431127e+001	1.03686723e-004	-1.03686722e-004	-1.50795853e-008	
2.42432916e+001	1.01448261e-004	-1.01448259e-004	-2.06623114e-008	
2.43434705e+001	9.92097991e-005	-9.92097956e-005	-2.62450375e-008	
2.44436494e+001	9.69713376e-005	-9.69713324e-005	-3.18277636e-008	
2.45438283e+001	9.48424470e-005	-9.48424402e-005	-3.59754233e-008	
2.46440072e+001	9.27825599e-005	-9.27825516e-005	-3.92193313e-008	
2.47441860e+001	9.07226729e-005	-9.07226630e-005	-4.24632393e-008	
2.48443649e+001	8.86627861e-005	-8.86627743e-005	-4.57071473e-008	
2.49445438e+001	8.65257566e-005	-8.65257430e-005	-4.85538420e-008	
2.50447227e+001	8.41618371e-005	-8.41618222e-005	-5.02322926e-008	
2.51449016e+001	8.17979178e-005	-8.17979013e-005	-5.19107431e-008	
2.52450805e+001	7.94339986e-005	-7.94339805e-005	-5.35891937e-008	
2.53452594e+001	7.70700795e-005	-7.70700597e-005	-5.52676442e-008	
2.54454383e+001	7.49737129e-005	-7.49736922e-005	-5.57876477e-008	
2.55456172e+001	7.29091029e-005	-7.29090812e-005	-5.61701274e-008	
2.56457961e+001	7.08444929e-005	-7.08444703e-005	-5.65526071e-008	
2.57459750e+001	6.87798829e-005	-6.87798594e-005	-5.69350868e-008	
2.58461538e+001	6.72198684e-005	-6.72198444e-005	-5.69133603e-008	
2.59463327e+001	6.61001443e-005	-6.61001201e-005	-5.65389510e-008	
2.60465116e+001	6.49804202e-005	-6.49803959e-005	-5.61645418e-008	
2.61466905e+001	6.38606960e-005	-6.38606717e-005	-5.57901325e-008	
2.62468694e+001	6.27430672e-005	-6.27430428e-005	-5.53301663e-008	
2.63470483e+001	6.16353727e-005	-6.16353487e-005	-5.44645643e-008	
2.64472272e+001	6.05276783e-005	-6.05276545e-005	-5.35989622e-008	
2.65474061e+001	5.94199838e-005	-5.94199604e-005	-5.27333602e-008	
2.66475850e+001	5.83122893e-005	-5.83122662e-005	-5.18677581e-008	
2.67477639e+001	5.66961917e-005	-5.66961694e-005	-5.03697023e-008	
2.68479428e+001	5.49641810e-005	-5.49641594e-005	-4.87274493e-008	
2.69481216e+001	5.32321703e-005	-5.32321495e-005	-4.70851962e-008	
2.70483005e+001	5.15001596e-005	-5.15001396e-005	-4.54429431e-008	
2.71484794e+001	5.00191887e-005	-5.00191695e-005	-4.38979500e-008	
2.72486583e+001	4.88395418e-005	-4.88395234e-005	-4.24697022e-008	
2.73488372e+001	4.76598950e-005	-4.76598773e-005	-4.10414543e-008	
2.74490161e+001	4.64802481e-005	-4.64802312e-005	-3.96132064e-008	
2.75491950e+001	4.52834442e-005	-4.52834282e-005	-3.81515371e-008	
2.76493739e+001	4.39225031e-005	-4.39224880e-005	-3.63701300e-008	
2.77495528e+001	4.25615619e-005	-4.25615478e-005	-3.45887230e-008	
2.78497317e+001	4.13662026e-005	-4.13661894e-005	-3.30047999e-008	
2.79499106e+001	4.01879121e-005	-4.01878998e-005	-3.13988565e-008	
2.80500894e+001	3.89826339e-005	-3.89826225e-005	-2.97195533e-008	
2.81502683e+001	3.79174973e-005	-3.79174868e-005	-2.82170510e-008	
2.82504472e+001	3.66293056e-005	-3.66292961e-005	-2.63760983e-008	
2.83506261e+001	3.54753615e-005	-3.54753529e-005	-2.47118468e-008	
2.84508050e+001	3.43214174e-005	-3.43214097e-005	-2.30475953e-008	
2.85509839e+001	3.34217746e-005	-3.34217676e-005	-2.17506374e-008	
2.86511628e+001	3.25487124e-005	-3.25487059e-005	-2.04920705e-008	
2.87513417e+001	3.16756501e-005	-3.16756443e-005	-1.92335035e-008	
2.88515206e+001	3.08025879e-005	-3.08025827e-005	-1.79749366e-008	
2.89516995e+001	3.00396128e-005	-3.00396080e-005	-1.68837155e-008	
2.90518784e+001	2.93683552e-005	-2.93683509e-005	-1.59319163e-008	
2.91520572e+001	2.86970976e-005	-2.86970937e-005	-1.49801171e-008	
2.92522361e+001	2.80258400e-005	-2.80258365e-005	-1.40283180e-008	
2.93524150e+001	2.73542906e-005	-2.73542875e-005	-1.30846653e-008	
2.94525939e+001	2.66814615e-005	-2.66814588e-005	-1.21767434e-008	
2.95527728e+001	2.60086325e-005	-2.60086300e-005	-1.12688215e-008	
2.96529517e+001	2.53358034e-005	-2.53358013e-005	-1.03608996e-008	
2.97531306e+001	2.46629744e-005	-2.46629726e-005	-9.45297774e-009	
2.98533095e+001	2.41424474e-005	-2.41424458e-005	-8.78802897e-009	
2.99534884e+001	2.36540440e-005	-2.36540426e-005	-8.17432851e-009	
3.00536673e+001	2.31656407e-005	-2.31656395e-005	-7.56062805e-009	
3.01538462e+001	2.26772373e-005	-2.26772363e-005	-6.94692759e-009	
3.02540250e+001	2.21888340e-005	-2.21888331e-005	-6.33322713e-009	
3.03542039e+001	2.17004307e-005	-2.17004300e-005	-5.71952667e-009	
3.04543828e+001	2.12120274e-005	-2.12120268e-005	-5.10582621e-009	
3.05545617e+001	2.07236241e-005	-2.07236236e-005	-4.49212575e-009	
3.06547406e+001	2.02315498e-005	-2.02315494e-005	-3.88349106e-009	
3.07549195e+001	1.97085567e-005	-1.97085564e-005	-3.31753248e-009	
3.08550984e+001	1.91855636e-005	-1.91855634e-005	-2.75157390e-009	
3.09552773e+001	1.86625706e-005	-1.86625705e-005	-2.18561533e-009	
3.10554562e+001	1.81395776e-005	-1.81395775e-005	-1.61965675e-009	
3.11556351e+001	1.76827798e-005	-1.76827798e-005	-1.17296939e-009	
3.12558140e+001	1.72484884e-005	-1.72484884e-005	-7.66834525e-010	
3.13559928e+001	1.68141971e-005	-1.68141971e-005	-3.60699665e-010	
3.14561717e+001	1.63799057e-005	-1.63799057e-005	4.54351958e-011	
3.15563506e+001	1.60084807e-005	-1.60084806e-005	3.78381429e-010	
3.16565295e+001	1.57368819e-005	-1.57368819e-005	5.95110954e-010	
3.17567084e+001	1.54652832e-005	-1.54652832e-005	8.11840480e-010	
3.18568873e+001	1.51936845e-005	-1.51936845e-005	1.02857001e-009	
3.19570662e+001	1.49220858e-005	-1.49220858e-005	1.24529953e-009	
3.20572451e+001	1.46504871e-005	-1.46504870e-005	1.46202906e-009	
3.21574240e+001	1.43788884e-005	-1.43788883e-005	1.67875858e-009	
3.22576029e+001	1.41072897e-005	-1.41072896e-005	1.89548811e-009	
3.23577818e+001	1.38356910e-005	-1.38356909e-005	2.11221763e-009	
3.24579606e+001	1.35330326e-005	-1.35330324e-005	2.30929464e-009	
3.25581395e+001	1.32148485e-005	-1.32148483e-005	2.49654729e-009	
3.26583184e+001	1.28966644e-005	-1.28966641e-005	2.68379994e-009	
3.27584973e+001	1.25784803e-005	-1.25784800e-005	2.87105258e-009	
3.28586762e+001	1.22673308e-005	-1.22673304e-005	3.04451245e-009	
3.29588551e+001	1.19720671e-005	-1.19720666e-005	3.18682001e-009	
3.30590340e+001	1.16768034e-005	-1.16768029e-005	3.32912758e-009	
3.31592129e+001	1.13815397e-005	-1.13815392e-005	3.47143515e-009	
3.32593918e+001	1.10862760e-005	-1.10862754e-005	3.61374272e-009	
3.33595707e+001	1.08889163e-005	-1.08889157e-005	3.68358230e-009	
3.34597496e+001	1.06970345e-005	-1.06970338e-005	3.74936721e-009	
3.35599284e+001	1.05051526e-005	-1.05051519e-005	3.81515212e-009	
3.36601073e+001	1.03132708e-005	-1.03132701e-005	3.88093703e-009	
3.37602862e+001	1.01070721e-005	-1.01070713e-005	3.93824452e-009	
3.38604651e+001	9.89080695e-006	-9.89080615e-006	3.98959149e-009	
3.39606440e+001	9.67454185e-006	-9.67454100e-006	4.04093845e-009	
3.40608229e+001	9.45827674e-006	-9.45827586e-006	4.09228542e-009	
3.41610018e+001	9.24623061e-006	-9.24622968e-006	4.13931453e-009	
3.42611807e+001	9.04852454e-006	-9.04852358e-006	4.17166655e-009	
3.43613596e+001	8.85081847e-006	-8.85081747e-006	4.20401856e-009	
3.44615385e+001	8.65311241e-006	-8.65311137e-006	4.23637058e-009	
3.45617174e+001	8.45540634e-006	-8.45540527e-006	4.26872259e-009	
3.46618962e+001	8.29640475e-006	-8.29640364e-006	4.28722612e-009	
3.47620751e+001	8.14331675e-006	-8.14331561e-006	4.30361376e-009	
3.48622540e+001	7.99022876e-006	-7.99022759e-006	4.32000140e-009	
3.49624329e+001	7.83714076e-006	-7.83713956e-006	4.33638904e-009	
3.50626118e+001	7.69649686e-006	-7.69649563e-006	4.34840145e-009	
3.51627907e+001	7.56792429e-006	-7.56792304e-006	4.35616981e-009	
3.52629696e+001	7.43935173e-006	-7.43935045e-006	4.36393816e-009	
3.53631485e+001	7.31077917e-006	-7.31077786e-006	4.37170652e-009	
3.54633274e+001	7.17992711e-006	-7.17992578e-006	4.37894715e-009	
3.55635063e+001	7.03592749e-006	-7.03592612e-006	4.38314408e-009	
3.56636852e+001	6.89192787e-006	-6.89192647e-006	4.38734100e-009	
3.57638640e+001	6.74792825e-006	-6.74792682e-006	4.39153792e-009	
3.58640429e+001	6.60392863e-006	-6.60392716e-006	4.39573484e-009	
3.59642218e+001	6.48373343e-006	-6.48373194e-006	4.39701427e-009	
3.60644007e+001	6.36994568e-006	-6.36994416e-006	4.39750836e-009	
3.61645796e+001	6.25615793e-006	-6.25615639e-006	4.39800245e-009	
3.62647585e+001	6.14237019e-006	-6.14236861e-006	4.39849654e-009	
3.63649374e+001	6.03329624e-006	-6.03329464e-006	4.39736131e-009	
3.64651163e+001	5.93052055e-006	-5.93051893e-006	4.39404906e-009	
3.65652952e+001	5.82774487e-006	-5.82774322e-006	4.39073681e-009	
3.66654741e+001	5.72496919e-006	-5.72496751e-006	4.38742456e-009	
3.67656530e+001	5.62423254e-006	-5.62423083e-006	4.38408918e-009	
3.68658318e+001	5.55135410e-006	-5.55135237e-006	4.38043803e-009	
3.69660107e+001	5.47847565e-006	-5.47847390e-006	4.37678688e-009	
3.70661896e+001	5.40559721e-006	-5.40559544e-006	4.37313573e-009	
3.71663685e+001	5.33271876e-006	-5.33271697e-006	4.36948458e-009	
3.72665474e+001	5.26323762e-006	-5.26323581e-006	4.36349259e-009	
3.73667263e+001	5.19515521e-006	-5.19515338e-006	4.35653685e-009	
3.74669052e+001	5.12707280e-006	-5.12707096e-006	4.34958111e-009	
3.75670841e+001	5.05899039e-006	-5.05898853e-006	4.34262536e-009	
3.76672630e+001	4.98183654e-006	-4.98183465e-006	4.33380366e-009	
3.77674419e+001	4.88772493e-006	-4.88772302e-006	4.32149374e-009	
3.78676208e+001	4.79361332e-006	-4.79361138e-006	4.30918382e-009	
3.79677996e+001	4.69950171e-006	-4.69949974e-006	4.29687390e-009	
3.80679785e+001	4.60539010e-006	-4.60538811e-006	4.28456399e-009	
3.81681574e+001	4.53448599e-006	-4.53448398e-006	4.26957795e-009	
3.82683363e+001	4.46384807e-006	-4.46384605e-006	4.25456120e-009	
3.83685152e+001	4.39321016e-006	-4.39320811e-006	4.23954444e-009	
3.84686941e+001	4.32257224e-006	-4.32257018e-006	4.22452769e-009	
3.85688730e+001	4.26045855e-006	-4.26045647e-006	4.20778233e-009	
3.86690519e+001	4.20337704e-006	-4.20337495e-006	4.19001658e-009	
3.87692308e+001	4.14629553e-006	-4.14629343e-006	4.17225082e-009	
3.88694097e+001	4.08921402e-006	-4.08921191e-006	4.15448507e-009	
3.89695886e+001	4.03213251e-006	-4.03213039e-006	4.13671931e-009	
3.90697674e+001	3.97505100e-006	-3.97504887e-006	4.11895356e-009	
3.91699463e+001	3.91796949e-006	-3.91796735e-006	4.10118780e-009	
3.92701252e+001	3.86088799e-006	-3.86088583e-006	4.08342204e-009	
3.93703041e+001	3.80380648e-006	-3.80380431e-006	4.06565629e-009	
3.94704830e+001	3.75522826e-006	-3.75522608e-006	4.04527853e-009	
3.95706619e+001	3.70750027e-006	-3.70749809e-006	4.02463964e-009	
3.96708408e+001	3.65977229e-006	-3.65977010e-006	4.00400075e-009	
3.97710197e+001	3.61204430e-006	-3.61204210e-006	3.98336187e-009	
3.98711986e+001	3.56431631e-006	-3.56431411e-006	3.96272298e-009	
3.99713775e+001	3.51658832e-006	-3.51658611e-006	3.94208409e-009	
4.00715564e+001	3.46886033e-006	-3.46885812e-006	3.92144520e-009	
4.01717352e+001	3.42113235e-006	-3.42113012e-006	3.90080631e-009	
4.02719141e+001	3.37312816e-006	-3.37312593e-006	3.87898272e-009	
4.03720930e+001	3.32394195e-006	-3.32393972e-006	3.85208907e-009	
4.04722719e+001	3.27475574e-006	-3.27475351e-006	3.82519542e-009	
4.05724508e+001	3.22556953e-006	-3.22556730e-006	3.79830177e-009	
4.06726297e+001	3.17638332e-006	-3.17638108e-006	3.77140812e-009	
4.07728086e+001	3.12531014e-006	-3.12530790e-006	3.74068457e-009	
4.08729875e+001	3.07384906e-006	-3.07384682e-006	3.70917399e-009	
4.09731664e+001	3.02238798e-006	-3.02238575e-006	3.67766342e-009	
4.10733453e+001	2.97092691e-006	-2.97092467e-006	3.64615284e-009	
4.11735242e+001	2.92394223e-006	-2.92393999e-006	3.61576063e-009	
4.12737030e+001	2.88201137e-006	-2.88200914e-006	3.58663100e-009	
4.13738819e+001	2.84008051e-006	-2.84007828e-006	3.55750137e-009	
4.14740608e+001	2.79814965e-006	-2.79814743e-006	3.52837175e-009	
4.15742397e+001	2.75656298e-006	-2.75656076e-006	3.49918673e-009	
4.16744186e+001	2.71776490e-006	-2.71776268e-006	3.46955247e-009	
4.17745975e+001	2.67896681e-006	-2.67896460e-006	3.43991822e-009	
4.18747764e+001	2.64016872e-006	-2.64016652e-006	3.41028396e-009	
4.19749553e+001	2.60137064e-006	-2.60136844e-006	3.38064971e-009	
4.20751342e+001	2.57478444e-006	-2.57478225e-006	3.35966929e-009	
4.21753131e+001	2.55226897e-006	-2.55226678e-006	3.34157356e-009	
4.22754919e+001	2.52975350e-006	-2.52975131e-006	3.32347783e-009	
4.23756708e+001	2.50723802e-006	-2.50723584e-006	3.30538210e-009	
4.24758497e+001	2.48497662e-006	-2.48497445e-006	3.28696212e-009	
4.25760286e+001	2.46311237e-006	-2.46311020e-006	3.26803530e-009	
4.26762075e+001	2.44124811e-006	-2.44124595e-006	3.24910849e-009	
4.27763864e+001	2.41938386e-006	-2.41938170e-006	3.23018167e-009	
4.28765653e+001	2.39723587e-006	-2.39723372e-006	3.21098460e-009	
4.29767442e+001	2.36600930e-006	-2.36600716e-006	3.18313990e-009	
4.30769231e+001	2.33478273e-006	-2.33478060e-006	3.15529520e-009	
4.31771020e+001	2.30355616e-006	-2.30355404e-006	3.12745051e-009	
4.32772809e+001	2.27232960e-006	-2.27232748e-006	3.09960581e-009	
4.33774597e+001	2.24193625e-006	-2.24193415e-006	3.07144543e-009	
4.34776386e+001	2.21195242e-006	-2.21195033e-006	3.04312983e-009	
4.35778175e+001	2.18196859e-006	-2.18196651e-006	3.01481423e-009	
4.36779964e+001	2.15198476e-006	-2.15198269e-006	2.98649863e-009	
4.37781753e+001	2.12349702e-006	-2.12349495e-006	2.95929015e-009	
4.38783542e+001	2.09832989e-006	-2.09832784e-006	2.93453892e-009	
4.39785331e+001	2.07316276e-006	-2.07316072e-006	2.90978769e-009	
4.40787120e+001	2.04799563e-006	-2.04799360e-006	2.88503646e-009	
4.41788909e+001	2.02282851e-006	-2.02282649e-006	2.86028523e-009	
4.42790698e+001	2.00205267e-006	-2.00205065e-006	2.83896712e-009	
4.43792487e+001	1.98150431e-006	-1.98150231e-006	2.81782687e-009	
4.44794275e+001	1.96095596e-006	-1.96095397e-006	2.79668661e-009	
4.45796064e+001	1.94040761e-006	-1.94040563e-006	2.77554636e-009	
4.46797853e+001	1.92228224e-006	-1.92228026e-006	2.75650570e-009	
4.47799642e+001	1.90583444e-006	-1.90583247e-006	2.73891874e-009	
4.48801431e+001	1.88938664e-006	-1.88938468e-006	2.72133177e-009	
4.49803220e+001	1.87293885e-006	-1.87293690e-006	2.70374481e-009	
4.50805009e+001	1.85649105e-006	-1.85648911e-006	2.68615784e-009	
4.51806798e+001	1.84004326e-006	-1.84004132e-006	2.66857087e-009	
4.52808587e+001	1.82359546e-006	-1.82359353e-006	2.65098391e-009	
4.53810376e+001	1.80714766e-006	-1.80714574e-006	2.63339694e-009	
4.54812165e+001	1.79069987e-006	-1.79069796e-006	2.61580998e-009	
4.55813953e+001	1.77279281e-006	-1.77279091e-006	2.59598367e-009	
4.56815742e+001	1.75467003e-006	-1.75466814e-006	2.57582630e-009	
4.57817531e+001	1.73654726e-006	-1.73654537e-006	2.55566894e-009	
4.58819320e+001	1.71842448e-006	-1.71842261e-006	2.53551157e-009	
4.59821109e+001	1.69982575e-006	-1.69982389e-006	2.51455636e-009	
4.60822898e+001	1.68077215e-006	-1.68077030e-006	2.49283866e-009	
4.61824687e+001	1.66171855e-006	-1.66171671e-006	2.47112096e-009	
4.62826476e+001	1.64266494e-006	-1.64266312e-006	2.44940326e-009	
4.63828265e+001	1.62406298e-006	-1.62406116e-006	2.42812839e-009	
4.64830054e+001	1.60799053e-006	-1.60798873e-006	2.40933374e-009	
4.65831843e+001	1.59191809e-006	-1.59191630e-006	2.39053909e-009	
4.66833631e+001	1.57584565e-006	-1.57584386e-006	2.37174443e-009	
4.67835420e+001	1.55977320e-006	-1.55977143e-006	2.35294978e-009	
4.68837209e+001	1.54839852e-006	-1.54839675e-006	2.33949567e-009	
4.69838998e+001	1.53826029e-006	-1.53825853e-006	2.32744719e-009	
4.70840787e+001	1.52812206e-006	-1.52812030e-006	2.31539871e-009	
4.71842576e+001	1.51798382e-006	-1.51798208e-006	2.30335023e-009	
4.72844365e+001	1.50808420e-006	-1.50808246e-006	2.29149829e-009	
4.73846154e+001	1.49849857e-006	-1.49849684e-006	2.27990497e-009	
4.74847943e+001	1.48891294e-006	-1.48891122e-006	2.26831165e-009	
4.75849732e+001	1.47932731e-006	-1.47932559e-006	2.25671833e-009	
4.76851521e+001	1.46939025e-006	-1.46938853e-006	2.24468254e-009	
4.77853309e+001	1.45492007e-006	-1.45491836e-006	2.22693924e-009	
4.78855098e+001	1.44044988e-006	-1.44044819e-006	2.20919594e-009	
4.79856887e+001	1.42597970e-006	-1.42597802e-006	2.19145265e-009	
4.80858676e+001	1.41150952e-006	-1.41150785e-006	2.17370935e-009	
4.81860465e+001	1.39746853e-006	-1.39746686e-006	2.15627416e-009	
4.82862254e+001	1.38360099e-006	-1.38359934e-006	2.13896345e-009	
4.83864043e+001	1.36973346e-006	-1.36973182e-006	2.12165275e-009	
4.84865832e+001	1.35586593e-006	-1.35586429e-006	2.10434205e-009	
4.85867621e+001	1.34380758e-006	-1.34380596e-006	2.08924703e-009	
4.86869410e+001	1.33507628e-006	-1.33507466e-006	2.07822660e-009	
4.87871199e+001	1.32634498e-006	-1.32634337e-006	2.06720617e-009	
4.88872987e+001	1.31761368e-006	-1.31761207e-006	2.05618574e-009	
4.89874776e+001	1.30888238e-006	-1.30888078e-006	2.04516531e-009	
4.90876565e+001	1.30342998e-006	-1.30342839e-006	2.03819144e-009	
4.91878354e+001	1.29800274e-006	-1.29800115e-006	2.03124860e-009	
4.92880143e+001	1.29257549e-006	-1.29257390e-006	2.02430575e-009	
4.93881932e+001	1.28714824e-006	-1.28714666e-006	2.01736291e-009	
4.94883721e+001	1.27874404e-006	-1.27874246e-006	2.00652722e-009	
4.95885510e+001	1.26861050e-006	-1.26860893e-006	1.99343012e-009	
4.96887299e+001	1.25847695e-006	-1.25847539e-006	1.98033302e-009	
4.97889088e+001	1.24834341e-006	-1.24834186e-006	1.96723592e-009	
4.98890877e+001	1.23811739e-006	-1.23811585e-006	1.95398079e-009	
4.99892665e+001	1.22764460e-006	-1.22764307e-006	1.94030402e-009	
5.00894454e+001	1.21717182e-006	-1.21717029e-006	1.92662726e-009	
5.01896243e+001	1.20669903e-006	-1.20669752e-006	1.91295049e-009	
5.02898032e+001	1.19622625e-006	-1.19622474e-006	1.89927372e-009	
5.03899821e+001	1.19009382e-006	-1.19009232e-006	1.89121788e-009	
5.04901610e+001	1.18437583e-006	-1.18437434e-006	1.88369875e-009	
5.05903399e+001	1.17865785e-006	-1.17865635e-006	1.87617963e-009	
5.06905188e+001	1.17293986e-006	-1.17293837e-006	1.86866050e-009	
5.07906977e+001	1.16706088e-006	-1.16705939e-006	1.86087163e-009	
5.08908766e+001	1.16105175e-006	-1.16105027e-006	1.85286471e-009	
5.09910555e+001	1.15504262e-006	-1.15504115e-006	1.84485779e-009	
5.10912343e+001	1.14903350e-006	-1.14903203e-006	1.83685087e-009	
5.11914132e+001	1.14275667e-006	-1.14275520e-006	1.82847872e-009	
5.12915921e+001	1.13536140e-006	-1.13535994e-006	1.81858070e-009	
5.13917710e+001	1.12796613e-006	-1.12796468e-006	1.80868268e-009	
5.14919499e+001	1.12057086e-006	-1.12056941e-006	1.79878466e-009	
5.15921288e+001	1.11317559e-006	-1.11317415e-006	1.78888664e-009	
5.16923077e+001	1.10822638e-006	-1.10822495e-006	1.78222353e-009	
5.17924866e+001	1.10376657e-006	-1.10376514e-006	1.77620763e-009	
5.18926655e+001	1.09930675e-006	-1.09930532e-006	1.77019174e-009	
5.19928444e+001	1.09484693e-006	-1.09484551e-006	1.76417584e-009	
5.20930233e+001	1.09052158e-006	-1.09052016e-006	1.75832548e-009	
5.21932021e+001	1.08634578e-006	-1.08634437e-006	1.75265924e-009	
5.22933810e+001	1.08216999e-006	-1.08216858e-006	1.74699300e-009	
5.23935599e+001	1.07799419e-006	-1.07799279e-006	1.74132676e-009	
5.24937388e+001	1.07393051e-006	-1.07392910e-006	1.73580979e-009	
5.25939177e+001	1.07074172e-006	-1.07074032e-006	1.73145769e-009	
5.26940966e+001	1.06755293e-006	-1.06755153e-006	1.72710559e-009	
5.27942755e+001	1.06436414e-006	-1.06436274e-006	1.72275350e-009	
5.28944544e+001	1.06117535e-006	-1.06117396e-006	1.71840140e-009	
5.29946333e+001	1.05798656e-006	-1.05798517e-006	1.71404930e-009	
5.30948122e+001	1.05479777e-006	-1.05479639e-006	1.70969721e-009	
5.31949911e+001	1.05160898e-006	-1.05160760e-006	1.70534511e-009	
5.32951699e+001	1.04842019e-006	-1.04841881e-006	1.70099301e-009	
5.33953488e+001	1.04539083e-006	-1.04538945e-006	1.69684839e-009	
5.34955277e+001	1.04260679e-006	-1.04260541e-006	1.69302306e-009	
5.35957066e+001	1.03982275e-006	-1.03982138e-006	1.68919772e-009	
5.36958855e+001	1.03703871e-006	-1.03703734e-006	1.68537239e-009	
5.37960644e+001	1.03425467e-006	-1.03425331e-006	1.68154705e-009	
5.38962433e+001	1.03147064e-006	-1.03146927e-006	1.67772171e-009	
5.39964222e+001	1.02868660e-006	-1.02868523e-006	1.67389638e-009	
5.40966011e+001	1.02590256e-006	-1.02590120e-006	1.67007104e-009	
5.41967800e+001	1.02311852e-006	-1.02311716e-006	1.66624571e-009	
5.42969589e+001	1.02106474e-006	-1.02106339e-006	1.66341668e-009	
5.43971377e+001	1.01936388e-006	-1.01936253e-006	1.66106915e-009	
5.44973166e+001	1.01766302e-006	-1.01766167e-006	1.65872162e-009	
5.45974955e+001	1.01596216e-006	-1.01596081e-006	1.65637409e-009	
5.46976744e+001	1.01441517e-006	-1.01441382e-006	1.65423786e-009	
5.47978533e+001	1.01320383e-006	-1.01320248e-006	1.65256255e-009	
5.48980322e+001	1.01199249e-006	-1.01199114e-006	1.65088724e-009	
5.49982111e+001	1.01078115e-006	-1.01077980e-006	1.64921193e-009	
5.50983900e+001	1.00956980e-006	-1.00956846e-006	1.64753662e-009	
5.51985689e+001	1.00848904e-006	-1.00848769e-006	1.64603963e-009	
5.52987478e+001	1.00741450e-006	-1.00741315e-006	1.64455114e-009	
5.53989267e+001	1.00663723e-006	-1.00663588e-006	1.64347308e-009	
5.54991055e+001	1.00594648e-006	-1.00594514e-006	1.64251448e-009	
5.55992844e+001	1.00542575e-006	-1.00542441e-006	1.64179220e-009	
5.56994633e+001	1.00502093e-006	-1.00501959e-006	1.64123104e-009	
5.57996422e+001	1.00464857e-006	-1.00464723e-006	1.64071564e-009	
5.58998211e+001	1.00436713e-006	-1.00436579e-006	1.64032782e-009	
5.60000000e+001	1.00428880e-006	-1.00428746e-006	1.64022453e-009	
