% Column 0: Length, cm
% Column 1: |B.n|, Tesla
% Column 2: Re[B.n], Tesla
% Column 3: Im[B.n], Tesla
0.00000000e+000	5.39074522e-016	-5.39074339e-016	-4.44975746e-019	
1.00178891e-001	5.32877295e-015	-5.32877122e-015	-4.29719655e-018	
2.00357782e-001	8.55362479e-015	-8.55362202e-015	-6.88551187e-018	
3.00536673e-001	1.49636992e-014	-1.49636944e-014	-1.19185334e-017	
4.00715564e-001	1.49636992e-014	-1.49636944e-014	-1.19185334e-017	
5.00894454e-001	2.41220677e-014	-2.41220606e-014	-1.84849969e-017	
6.01073345e-001	2.41220677e-014	-2.41220606e-014	-1.84849969e-017	
7.01252236e-001	2.41220677e-014	-2.41220606e-014	-1.84849969e-017	
8.01431127e-001	2.41220677e-014	-2.41220606e-014	-1.84849969e-017	
9.01610018e-001	7.04201252e-014	-7.04201225e-014	-1.97460557e-017	
1.00178891e+000	7.04201252e-014	-7.04201225e-014	-1.97460557e-017	
1.10196780e+000	7.04201252e-014	-7.04201225e-014	-1.97460557e-017	
1.20214669e+000	7.04201252e-014	-7.04201225e-014	-1.97460557e-017	
1.30232558e+000	7.04201252e-014	-7.04201225e-014	-1.97460557e-017	
1.40250447e+000	7.04201252e-014	-7.04201225e-014	-1.97460557e-017	
1.50268336e+000	7.04201252e-014	-7.04201225e-014	-1.97460557e-017	
1.60286225e+000	7.04201252e-014	-7.04201225e-014	-1.97460557e-017	
1.70304114e+000	7.04201252e-014	-7.04201225e-014	-1.97460557e-017	
1.80322004e+000	8.12921402e-014	-8.12921402e-014	3.23697485e-018	
1.90339893e+000	8.12921402e-014	-8.12921402e-014	3.23697485e-018	
2.00357782e+000	8.12921402e-014	-8.12921402e-014	3.23697485e-018	
2.10375671e+000	8.12921402e-014	-8.12921402e-014	3.23697485e-018	
2.20393560e+000	1.14064646e-013	-1.14064615e-013	8.46656755e-017	
2.30411449e+000	1.14064646e-013	-1.14064615e-013	8.46656755e-017	
2.40429338e+000	1.14064646e-013	-1.14064615e-013	8.46656755e-017	
2.50447227e+000	1.14064646e-013	-1.14064615e-013	8.46656755e-017	
2.60465116e+000	1.14064646e-013	-1.14064615e-013	8.46656755e-017	
2.70483005e+000	1.35062352e-013	-1.35062177e-013	2.17941467e-016	
2.80500894e+000	1.35062352e-013	-1.35062177e-013	2.17941467e-016	
2.90518784e+000	1.35062352e-013	-1.35062177e-013	2.17941467e-016	
3.00536673e+000	1.35062352e-013	-1.35062177e-013	2.17941467e-016	
3.10554562e+000	1.35062352e-013	-1.35062177e-013	2.17941467e-016	
3.20572451e+000	1.35062352e-013	-1.35062177e-013	2.17941467e-016	
3.30590340e+000	1.35062352e-013	-1.35062177e-013	2.17941467e-016	
3.40608229e+000	1.35062352e-013	-1.35062177e-013	2.17941467e-016	
3.50626118e+000	1.35062352e-013	-1.35062177e-013	2.17941467e-016	
3.60644007e+000	1.99633240e-013	-1.99632570e-013	5.16994390e-016	
3.70661896e+000	1.99633240e-013	-1.99632570e-013	5.16994390e-016	
3.80679785e+000	1.99633240e-013	-1.99632570e-013	5.16994390e-016	
3.90697674e+000	1.99633240e-013	-1.99632570e-013	5.16994390e-016	
4.00715564e+000	2.31622842e-013	-2.31621111e-013	8.95472231e-016	
4.10733453e+000	2.31622842e-013	-2.31621111e-013	8.95472231e-016	
4.20751342e+000	2.31622842e-013	-2.31621111e-013	8.95472231e-016	
4.30769231e+000	2.31622842e-013	-2.31621111e-013	8.95472231e-016	
4.40787120e+000	2.31622842e-013	-2.31621111e-013	8.95472231e-016	
4.50805009e+000	2.31622842e-013	-2.31621111e-013	8.95472231e-016	
4.60822898e+000	2.31622842e-013	-2.31621111e-013	8.95472231e-016	
4.70840787e+000	2.31622842e-013	-2.31621111e-013	8.95472231e-016	
4.80858676e+000	2.31622842e-013	-2.31621111e-013	8.95472231e-016	
4.90876565e+000	2.82071466e-013	-2.82068181e-013	1.36122865e-015	
5.00894454e+000	2.82071466e-013	-2.82068181e-013	1.36122865e-015	
5.10912343e+000	2.82071466e-013	-2.82068181e-013	1.36122865e-015	
5.20930233e+000	2.82071466e-013	-2.82068181e-013	1.36122865e-015	
5.30948122e+000	3.03479851e-013	-3.03474619e-013	1.78193922e-015	
5.40966011e+000	3.03479851e-013	-3.03474619e-013	1.78193922e-015	
5.50983900e+000	3.03479851e-013	-3.03474619e-013	1.78193922e-015	
5.61001789e+000	3.03479851e-013	-3.03474619e-013	1.78193922e-015	
5.71019678e+000	2.49083340e-013	-2.49077312e-013	1.73291229e-015	
5.81037567e+000	2.49083340e-013	-2.49077312e-013	1.73291229e-015	
5.91055456e+000	2.49083340e-013	-2.49077312e-013	1.73291229e-015	
6.01073345e+000	2.49083340e-013	-2.49077312e-013	1.73291229e-015	
6.11091234e+000	2.49083340e-013	-2.49077312e-013	1.73291229e-015	
6.21109123e+000	2.49083340e-013	-2.49077312e-013	1.73291229e-015	
6.31127013e+000	2.49083340e-013	-2.49077312e-013	1.73291229e-015	
6.41144902e+000	2.49083340e-013	-2.49077312e-013	1.73291229e-015	
6.51162791e+000	2.49083340e-013	-2.49077312e-013	1.73291229e-015	
6.61180680e+000	2.73826136e-013	-2.73818312e-013	2.06997327e-015	
6.71198569e+000	2.73826136e-013	-2.73818312e-013	2.06997327e-015	
6.81216458e+000	2.73826136e-013	-2.73818312e-013	2.06997327e-015	
6.91234347e+000	2.73826136e-013	-2.73818312e-013	2.06997327e-015	
7.01252236e+000	2.61385818e-013	-2.61378967e-013	1.89252703e-015	
7.11270125e+000	2.61385818e-013	-2.61378967e-013	1.89252703e-015	
7.21288014e+000	2.61385818e-013	-2.61378967e-013	1.89252703e-015	
7.31305903e+000	2.61385818e-013	-2.61378967e-013	1.89252703e-015	
7.41323792e+000	2.61385818e-013	-2.61378967e-013	1.89252703e-015	
7.51341682e+000	1.84461899e-013	-1.84458043e-013	1.19264881e-015	
7.61359571e+000	1.84461899e-013	-1.84458043e-013	1.19264881e-015	
7.71377460e+000	1.84461899e-013	-1.84458043e-013	1.19264881e-015	
7.81395349e+000	1.84461899e-013	-1.84458043e-013	1.19264881e-015	
7.91413238e+000	1.34413050e-013	-1.34413042e-013	-4.63262955e-017	
8.01431127e+000	1.34413050e-013	-1.34413042e-013	-4.63262955e-017	
8.11449016e+000	1.34413050e-013	-1.34413042e-013	-4.63262955e-017	
8.21466905e+000	1.34413050e-013	-1.34413042e-013	-4.63262955e-017	
8.31484794e+000	1.34413050e-013	-1.34413042e-013	-4.63262955e-017	
8.41502683e+000	3.70234483e-014	-3.69422460e-014	-2.45075120e-015	
8.51520572e+000	3.70234483e-014	-3.69422460e-014	-2.45075120e-015	
8.61538462e+000	3.70234483e-014	-3.69422460e-014	-2.45075120e-015	
8.71556351e+000	3.70234483e-014	-3.69422460e-014	-2.45075120e-015	
8.81574240e+000	1.01537542e-013	1.01389379e-013	-5.48327720e-015	
8.91592129e+000	1.01537542e-013	1.01389379e-013	-5.48327720e-015	
9.01610018e+000	1.01537542e-013	1.01389379e-013	-5.48327720e-015	
9.11627907e+000	1.01537542e-013	1.01389379e-013	-5.48327720e-015	
9.21645796e+000	1.01537542e-013	1.01389379e-013	-5.48327720e-015	
9.31663685e+000	1.01537542e-013	1.01389379e-013	-5.48327720e-015	
9.41681574e+000	1.01537542e-013	1.01389379e-013	-5.48327720e-015	
9.51699463e+000	1.01537542e-013	1.01389379e-013	-5.48327720e-015	
9.61717352e+000	1.01537542e-013	1.01389379e-013	-5.48327720e-015	
9.71735242e+000	2.47300139e-013	2.47127412e-013	-9.24126337e-015	
9.81753131e+000	2.47300139e-013	2.47127412e-013	-9.24126337e-015	
9.91771020e+000	2.47300139e-013	2.47127412e-013	-9.24126337e-015	
1.00178891e+001	2.47300139e-013	2.47127412e-013	-9.24126337e-015	
1.01180680e+001	4.79542272e-013	4.79278274e-013	-1.59099530e-014	
1.02182469e+001	4.79542272e-013	4.79278274e-013	-1.59099530e-014	
1.03184258e+001	4.79542272e-013	4.79278274e-013	-1.59099530e-014	
1.04186047e+001	4.79542272e-013	4.79278274e-013	-1.59099530e-014	
1.05187835e+001	7.93508597e-013	7.93190867e-013	-2.24530998e-014	
1.06189624e+001	7.93508597e-013	7.93190867e-013	-2.24530998e-014	
1.07191413e+001	7.93508597e-013	7.93190867e-013	-2.24530998e-014	
1.08193202e+001	7.93508597e-013	7.93190867e-013	-2.24530998e-014	
1.09194991e+001	7.93508597e-013	7.93190867e-013	-2.24530998e-014	
1.10196780e+001	1.02217634e-012	1.02186037e-012	-2.54137988e-014	
1.11198569e+001	1.02217634e-012	1.02186037e-012	-2.54137988e-014	
1.12200358e+001	1.02217634e-012	1.02186037e-012	-2.54137988e-014	
1.13202147e+001	1.02217634e-012	1.02186037e-012	-2.54137988e-014	
1.14203936e+001	1.02217634e-012	1.02186037e-012	-2.54137988e-014	
1.15205725e+001	1.02217634e-012	1.02186037e-012	-2.54137988e-014	
1.16207513e+001	1.02217634e-012	1.02186037e-012	-2.54137988e-014	
1.17209302e+001	1.02217634e-012	1.02186037e-012	-2.54137988e-014	
1.18211091e+001	2.06224840e-012	2.06180615e-012	-4.27066314e-014	
1.19212880e+001	2.06224840e-012	2.06180615e-012	-4.27066314e-014	
1.20214669e+001	2.06224840e-012	2.06180615e-012	-4.27066314e-014	
1.21216458e+001	2.06224840e-012	2.06180615e-012	-4.27066314e-014	
1.22218247e+001	2.06224840e-012	2.06180615e-012	-4.27066314e-014	
1.23220036e+001	3.13221717e-012	3.13180919e-012	-5.05529536e-014	
1.24221825e+001	3.13221717e-012	3.13180919e-012	-5.05529536e-014	
1.25223614e+001	3.13221717e-012	3.13180919e-012	-5.05529536e-014	
1.26225403e+001	3.13221717e-012	3.13180919e-012	-5.05529536e-014	
1.27227191e+001	3.13221717e-012	3.13180919e-012	-5.05529536e-014	
1.28228980e+001	3.13221717e-012	3.13180919e-012	-5.05529536e-014	
1.29230769e+001	3.13221717e-012	3.13180919e-012	-5.05529536e-014	
1.30232558e+001	3.13221717e-012	3.13180919e-012	-5.05529536e-014	
1.31234347e+001	3.13221717e-012	3.13180919e-012	-5.05529536e-014	
1.32236136e+001	6.08463350e-012	6.08427502e-012	-6.60483191e-014	
1.33237925e+001	6.08463350e-012	6.08427502e-012	-6.60483191e-014	
1.34239714e+001	6.08463350e-012	6.08427502e-012	-6.60483191e-014	
1.35241503e+001	6.08463350e-012	6.08427502e-012	-6.60483191e-014	
1.36243292e+001	6.08463350e-012	6.08427502e-012	-6.60483191e-014	
1.37245081e+001	6.08463350e-012	6.08427502e-012	-6.60483191e-014	
1.38246869e+001	6.08463350e-012	6.08427502e-012	-6.60483191e-014	
1.39248658e+001	6.08463350e-012	6.08427502e-012	-6.60483191e-014	
1.40250447e+001	7.42268594e-012	7.42241006e-012	-6.39950347e-014	
1.41252236e+001	7.42268594e-012	7.42241006e-012	-6.39950347e-014	
1.42254025e+001	7.42268594e-012	7.42241006e-012	-6.39950347e-014	
1.43255814e+001	7.42268594e-012	7.42241006e-012	-6.39950347e-014	
1.44257603e+001	7.42268594e-012	7.42241006e-012	-6.39950347e-014	
1.45259392e+001	1.20887476e-011	1.20885660e-011	-6.62608248e-014	
1.46261181e+001	1.20887476e-011	1.20885660e-011	-6.62608248e-014	
1.47262970e+001	1.20887476e-011	1.20885660e-011	-6.62608248e-014	
1.48264758e+001	1.20887476e-011	1.20885660e-011	-6.62608248e-014	
1.49266547e+001	1.34957675e-011	1.34956962e-011	-4.38725249e-014	
1.50268336e+001	1.34957675e-011	1.34956962e-011	-4.38725249e-014	
1.51270125e+001	1.34957675e-011	1.34956962e-011	-4.38725249e-014	
1.52271914e+001	1.34957675e-011	1.34956962e-011	-4.38725249e-014	
1.53273703e+001	1.49673470e-011	1.49673272e-011	-2.43737330e-014	
1.54275492e+001	1.49673470e-011	1.49673272e-011	-2.43737330e-014	
1.55277281e+001	1.49673470e-011	1.49673272e-011	-2.43737330e-014	
1.56279070e+001	1.49673470e-011	1.49673272e-011	-2.43737330e-014	
1.57280859e+001	1.49673470e-011	1.49673272e-011	-2.43737330e-014	
1.58282648e+001	2.49113965e-011	2.49113965e-011	1.44224727e-015	
1.59284436e+001	2.49113965e-011	2.49113965e-011	1.44224727e-015	
1.60286225e+001	2.49113965e-011	2.49113965e-011	1.44224727e-015	
1.61288014e+001	2.49113965e-011	2.49113965e-011	1.44224727e-015	
1.62289803e+001	2.56116741e-011	2.56116643e-011	2.24539671e-014	
1.63291592e+001	2.56116741e-011	2.56116643e-011	2.24539671e-014	
1.64293381e+001	2.56116741e-011	2.56116643e-011	2.24539671e-014	
1.65295170e+001	2.56116741e-011	2.56116643e-011	2.24539671e-014	
1.66296959e+001	2.52205322e-011	2.52205153e-011	2.91326270e-014	
1.67298748e+001	2.52205322e-011	2.52205153e-011	2.91326270e-014	
1.68300537e+001	2.52205322e-011	2.52205153e-011	2.91326270e-014	
1.69302326e+001	2.52205322e-011	2.52205153e-011	2.91326270e-014	
1.70304114e+001	2.52205322e-011	2.52205153e-011	2.91326270e-014	
1.71305903e+001	2.44722229e-011	2.44722152e-011	1.94616230e-014	
1.72307692e+001	2.44722229e-011	2.44722152e-011	1.94616230e-014	
1.73309481e+001	2.44722229e-011	2.44722152e-011	1.94616230e-014	
1.74311270e+001	2.44722229e-011	2.44722152e-011	1.94616230e-014	
1.75313059e+001	2.44722229e-011	2.44722152e-011	1.94616230e-014	
1.76314848e+001	2.44722229e-011	2.44722152e-011	1.94616230e-014	
1.77316637e+001	2.44722229e-011	2.44722152e-011	1.94616230e-014	
1.78318426e+001	2.44722229e-011	2.44722152e-011	1.94616230e-014	
1.79320215e+001	2.44722229e-011	2.44722152e-011	1.94616230e-014	
1.80322004e+001	3.11399558e-011	3.11399468e-011	-2.37033856e-014	
1.81323792e+001	3.11399558e-011	3.11399468e-011	-2.37033856e-014	
1.82325581e+001	3.11399558e-011	3.11399468e-011	-2.37033856e-014	
1.83327370e+001	3.11399558e-011	3.11399468e-011	-2.37033856e-014	
1.84329159e+001	2.69396299e-011	2.69395418e-011	-6.88941968e-014	
1.85330948e+001	2.69396299e-011	2.69395418e-011	-6.88941968e-014	
1.86332737e+001	2.69396299e-011	2.69395418e-011	-6.88941968e-014	
1.87334526e+001	2.69396299e-011	2.69395418e-011	-6.88941968e-014	
1.88336315e+001	2.69396299e-011	2.69395418e-011	-6.88941968e-014	
1.89338104e+001	2.69396299e-011	2.69395418e-011	-6.88941968e-014	
1.90339893e+001	2.69396299e-011	2.69395418e-011	-6.88941968e-014	
1.91341682e+001	2.69396299e-011	2.69395418e-011	-6.88941968e-014	
1.92343470e+001	2.69396299e-011	2.69395418e-011	-6.88941968e-014	
1.93345259e+001	3.04308827e-011	3.04306073e-011	-1.29452970e-013	
1.94347048e+001	3.04308827e-011	3.04306073e-011	-1.29452970e-013	
1.95348837e+001	3.04308827e-011	3.04306073e-011	-1.29452970e-013	
1.96350626e+001	3.04308827e-011	3.04306073e-011	-1.29452970e-013	
1.97352415e+001	2.36758668e-011	2.36754848e-011	-1.34499239e-013	
1.98354204e+001	2.36758668e-011	2.36754848e-011	-1.34499239e-013	
1.99355993e+001	2.36758668e-011	2.36754848e-011	-1.34499239e-013	
2.00357782e+001	2.36758668e-011	2.36754848e-011	-1.34499239e-013	
2.01359571e+001	1.62241856e-011	1.62237364e-011	-1.20728579e-013	
2.02361360e+001	1.62241856e-011	1.62237364e-011	-1.20728579e-013	
2.03363148e+001	1.62241856e-011	1.62237364e-011	-1.20728579e-013	
2.04364937e+001	1.62241856e-011	1.62237364e-011	-1.20728579e-013	
2.05366726e+001	1.62241856e-011	1.62237364e-011	-1.20728579e-013	
2.06368515e+001	8.83305455e-012	8.83279070e-012	-6.82723587e-014	
2.07370304e+001	8.83305455e-012	8.83279070e-012	-6.82723587e-014	
2.08372093e+001	8.83305455e-012	8.83279070e-012	-6.82723587e-014	
2.09373882e+001	8.83305455e-012	8.83279070e-012	-6.82723587e-014	
2.10375671e+001	8.83305455e-012	8.83279070e-012	-6.82723587e-014	
2.11377460e+001	8.83305455e-012	8.83279070e-012	-6.82723587e-014	
2.12379249e+001	8.83305455e-012	8.83279070e-012	-6.82723587e-014	
2.13381038e+001	8.83305455e-012	8.83279070e-012	-6.82723587e-014	
2.14382826e+001	1.74532304e-012	-1.74509093e-012	2.84635621e-014	
2.15384615e+001	1.74532304e-012	-1.74509093e-012	2.84635621e-014	
2.16386404e+001	1.74532304e-012	-1.74509093e-012	2.84635621e-014	
2.17388193e+001	1.74532304e-012	-1.74509093e-012	2.84635621e-014	
2.18389982e+001	1.74532304e-012	-1.74509093e-012	2.84635621e-014	
2.19391771e+001	7.41087325e-012	-7.41042646e-012	8.13756896e-014	
2.20393560e+001	7.41087325e-012	-7.41042646e-012	8.13756896e-014	
2.21395349e+001	7.41087325e-012	-7.41042646e-012	8.13756896e-014	
2.22397138e+001	7.41087325e-012	-7.41042646e-012	8.13756896e-014	
2.23398927e+001	1.32408646e-011	-1.32402901e-011	1.23344451e-013	
2.24400716e+001	1.32408646e-011	-1.32402901e-011	1.23344451e-013	
2.25402504e+001	1.32408646e-011	-1.32402901e-011	1.23344451e-013	
2.26404293e+001	1.32408646e-011	-1.32402901e-011	1.23344451e-013	
2.27406082e+001	1.32408646e-011	-1.32402901e-011	1.23344451e-013	
2.28407871e+001	2.26280718e-011	-2.26274205e-011	1.71679681e-013	
2.29409660e+001	2.26280718e-011	-2.26274205e-011	1.71679681e-013	
2.30411449e+001	2.26280718e-011	-2.26274205e-011	1.71679681e-013	
2.31413238e+001	2.26280718e-011	-2.26274205e-011	1.71679681e-013	
2.32415027e+001	2.26280718e-011	-2.26274205e-011	1.71679681e-013	
2.33416816e+001	2.26280718e-011	-2.26274205e-011	1.71679681e-013	
2.34418605e+001	2.26280718e-011	-2.26274205e-011	1.71679681e-013	
2.35420394e+001	2.26280718e-011	-2.26274205e-011	1.71679681e-013	
2.36422182e+001	2.40712693e-011	-2.40708552e-011	1.41188012e-013	
2.37423971e+001	2.40712693e-011	-2.40708552e-011	1.41188012e-013	
2.38425760e+001	2.40712693e-011	-2.40708552e-011	1.41188012e-013	
2.39427549e+001	2.40712693e-011	-2.40708552e-011	1.41188012e-013	
2.40429338e+001	2.40712693e-011	-2.40708552e-011	1.41188012e-013	
2.41431127e+001	2.89732806e-011	-2.89730385e-011	1.18433987e-013	
2.42432916e+001	2.89732806e-011	-2.89730385e-011	1.18433987e-013	
2.43434705e+001	2.89732806e-011	-2.89730385e-011	1.18433987e-013	
2.44436494e+001	2.89732806e-011	-2.89730385e-011	1.18433987e-013	
2.45438283e+001	2.87906252e-011	-2.87905658e-011	5.84702433e-014	
2.46440072e+001	2.87906252e-011	-2.87905658e-011	5.84702433e-014	
2.47441860e+001	2.87906252e-011	-2.87905658e-011	5.84702433e-014	
2.48443649e+001	2.87906252e-011	-2.87905658e-011	5.84702433e-014	
2.49445438e+001	2.95357324e-011	-2.95357148e-011	3.22062202e-014	
2.50447227e+001	2.95357324e-011	-2.95357148e-011	3.22062202e-014	
2.51449016e+001	2.95357324e-011	-2.95357148e-011	3.22062202e-014	
2.52450805e+001	2.95357324e-011	-2.95357148e-011	3.22062202e-014	
2.53452594e+001	2.95357324e-011	-2.95357148e-011	3.22062202e-014	
2.54454383e+001	2.90596999e-011	-2.90596996e-011	4.14136851e-015	
2.55456172e+001	2.90596999e-011	-2.90596996e-011	4.14136851e-015	
2.56457961e+001	2.90596999e-011	-2.90596996e-011	4.14136851e-015	
2.57459750e+001	2.90596999e-011	-2.90596996e-011	4.14136851e-015	
2.58461538e+001	1.76414443e-011	-1.76414345e-011	-1.86401204e-014	
2.59463327e+001	1.76414443e-011	-1.76414345e-011	-1.86401204e-014	
2.60465116e+001	1.76414443e-011	-1.76414345e-011	-1.86401204e-014	
2.61466905e+001	1.76414443e-011	-1.76414345e-011	-1.86401204e-014	
2.62468694e+001	1.76414443e-011	-1.76414345e-011	-1.86401204e-014	
2.63470483e+001	1.76414443e-011	-1.76414345e-011	-1.86401204e-014	
2.64472272e+001	1.76414443e-011	-1.76414345e-011	-1.86401204e-014	
2.65474061e+001	1.76414443e-011	-1.76414345e-011	-1.86401204e-014	
2.66475850e+001	1.76414443e-011	-1.76414345e-011	-1.86401204e-014	
2.67477639e+001	2.03864669e-011	-2.03864447e-011	-3.00437435e-014	
2.68479428e+001	2.03864669e-011	-2.03864447e-011	-3.00437435e-014	
2.69481216e+001	2.03864669e-011	-2.03864447e-011	-3.00437435e-014	
2.70483005e+001	2.03864669e-011	-2.03864447e-011	-3.00437435e-014	
2.71484794e+001	1.97289728e-011	-1.97289496e-011	-3.02599637e-014	
2.72486583e+001	1.97289728e-011	-1.97289496e-011	-3.02599637e-014	
2.73488372e+001	1.97289728e-011	-1.97289496e-011	-3.02599637e-014	
2.74490161e+001	1.97289728e-011	-1.97289496e-011	-3.02599637e-014	
2.75491950e+001	1.97289728e-011	-1.97289496e-011	-3.02599637e-014	
2.76493739e+001	1.48190666e-011	-1.48190525e-011	-2.03936797e-014	
2.77495528e+001	1.48190666e-011	-1.48190525e-011	-2.03936797e-014	
2.78497317e+001	1.31862763e-011	-1.31862662e-011	-1.63088374e-014	
2.79499106e+001	1.21293496e-011	-1.21293428e-011	-1.27718818e-014	
2.80500894e+001	1.11804956e-011	-1.11804907e-011	-1.05627413e-014	
2.81502683e+001	1.08657269e-011	-1.08657239e-011	-8.10464491e-015	
2.82504472e+001	1.07525286e-011	-1.07525267e-011	-6.38368204e-015	
2.83506261e+001	1.08194609e-011	-1.08194604e-011	-3.18619477e-015	
2.84508050e+001	1.13973725e-011	-1.13973724e-011	4.47354145e-016	
2.85509839e+001	1.13973725e-011	-1.13973724e-011	4.47354145e-016	
2.86511628e+001	1.13973725e-011	-1.13973724e-011	4.47354145e-016	
2.87513417e+001	1.04282960e-011	-1.04282951e-011	4.30543570e-015	
2.88515206e+001	1.04282960e-011	-1.04282951e-011	4.30543570e-015	
2.89516995e+001	7.55398414e-012	-7.55397748e-012	1.00337821e-014	
2.90518784e+001	7.55398414e-012	-7.55397748e-012	1.00337821e-014	
2.91520572e+001	7.55398414e-012	-7.55397748e-012	1.00337821e-014	
2.92522361e+001	7.55398414e-012	-7.55397748e-012	1.00337821e-014	
2.93524150e+001	6.84794082e-012	-6.84790969e-012	2.06489433e-014	
2.94525939e+001	6.84794082e-012	-6.84790969e-012	2.06489433e-014	
2.95527728e+001	6.84794082e-012	-6.84790969e-012	2.06489433e-014	
2.96529517e+001	6.84794082e-012	-6.84790969e-012	2.06489433e-014	
2.97531306e+001	6.84794082e-012	-6.84790969e-012	2.06489433e-014	
2.98533095e+001	4.80976762e-012	-4.80971700e-012	2.20663155e-014	
2.99534884e+001	4.80976762e-012	-4.80971700e-012	2.20663155e-014	
3.00536673e+001	4.80976762e-012	-4.80971700e-012	2.20663155e-014	
3.01538462e+001	4.80976762e-012	-4.80971700e-012	2.20663155e-014	
3.02540250e+001	3.80262880e-012	-3.80253734e-012	2.63736833e-014	
3.03542039e+001	3.80262880e-012	-3.80253734e-012	2.63736833e-014	
3.04543828e+001	3.80262880e-012	-3.80253734e-012	2.63736833e-014	
3.05545617e+001	3.80262880e-012	-3.80253734e-012	2.63736833e-014	
3.06547406e+001	2.93571672e-012	-2.93556984e-012	2.93670768e-014	
3.07549195e+001	2.93571672e-012	-2.93556984e-012	2.93670768e-014	
3.08550984e+001	2.93571672e-012	-2.93556984e-012	2.93670768e-014	
3.09552773e+001	2.93571672e-012	-2.93556984e-012	2.93670768e-014	
3.10554562e+001	2.93571672e-012	-2.93556984e-012	2.93670768e-014	
3.11556351e+001	2.93571672e-012	-2.93556984e-012	2.93670768e-014	
3.12558140e+001	2.93571672e-012	-2.93556984e-012	2.93670768e-014	
3.13559928e+001	2.93571672e-012	-2.93556984e-012	2.93670768e-014	
3.14561717e+001	2.93571672e-012	-2.93556984e-012	2.93670768e-014	
3.15563506e+001	1.91566473e-012	-1.91549831e-012	2.52504927e-014	
3.16565295e+001	1.91566473e-012	-1.91549831e-012	2.52504927e-014	
3.17567084e+001	1.91566473e-012	-1.91549831e-012	2.52504927e-014	
3.18568873e+001	1.91566473e-012	-1.91549831e-012	2.52504927e-014	
3.19570662e+001	1.91566473e-012	-1.91549831e-012	2.52504927e-014	
3.20572451e+001	1.91566473e-012	-1.91549831e-012	2.52504927e-014	
3.21574240e+001	1.91566473e-012	-1.91549831e-012	2.52504927e-014	
3.22576029e+001	1.91566473e-012	-1.91549831e-012	2.52504927e-014	
3.23577818e+001	1.91566473e-012	-1.91549831e-012	2.52504927e-014	
3.24579606e+001	1.41229996e-012	-1.41210619e-012	2.33936259e-014	
3.25581395e+001	1.41229996e-012	-1.41210619e-012	2.33936259e-014	
3.26583184e+001	1.41229996e-012	-1.41210619e-012	2.33936259e-014	
3.27584973e+001	1.41229996e-012	-1.41210619e-012	2.33936259e-014	
3.28586762e+001	1.41229996e-012	-1.41210619e-012	2.33936259e-014	
3.29588551e+001	1.41229996e-012	-1.41210619e-012	2.33936259e-014	
3.30590340e+001	1.41229996e-012	-1.41210619e-012	2.33936259e-014	
3.31592129e+001	1.41229996e-012	-1.41210619e-012	2.33936259e-014	
3.32593918e+001	9.67843561e-013	-9.67700774e-013	1.66243730e-014	
3.33595707e+001	9.67843561e-013	-9.67700774e-013	1.66243730e-014	
3.34597496e+001	9.67843561e-013	-9.67700774e-013	1.66243730e-014	
3.35599284e+001	9.67843561e-013	-9.67700774e-013	1.66243730e-014	
3.36601073e+001	9.67843561e-013	-9.67700774e-013	1.66243730e-014	
3.37602862e+001	1.22189036e-012	-1.22171830e-012	2.05051835e-014	
3.38604651e+001	1.22189036e-012	-1.22171830e-012	2.05051835e-014	
3.39606440e+001	1.22189036e-012	-1.22171830e-012	2.05051835e-014	
3.40608229e+001	1.22189036e-012	-1.22171830e-012	2.05051835e-014	
3.41610018e+001	9.00561474e-013	-9.00448216e-013	1.42821182e-014	
3.42611807e+001	9.00561474e-013	-9.00448216e-013	1.42821182e-014	
3.43613596e+001	9.00561474e-013	-9.00448216e-013	1.42821182e-014	
3.44615385e+001	9.00561474e-013	-9.00448216e-013	1.42821182e-014	
3.45617174e+001	9.00561474e-013	-9.00448216e-013	1.42821182e-014	
3.46618962e+001	9.28770098e-013	-9.28666051e-013	1.39017977e-014	
3.47620751e+001	9.28770098e-013	-9.28666051e-013	1.39017977e-014	
3.48622540e+001	9.28770098e-013	-9.28666051e-013	1.39017977e-014	
3.49624329e+001	9.28770098e-013	-9.28666051e-013	1.39017977e-014	
3.50626118e+001	7.05854567e-013	-7.05790652e-013	9.49869183e-015	
3.51627907e+001	7.05854567e-013	-7.05790652e-013	9.49869183e-015	
3.52629696e+001	7.05854567e-013	-7.05790652e-013	9.49869183e-015	
3.53631485e+001	7.05854567e-013	-7.05790652e-013	9.49869183e-015	
3.54633274e+001	7.05854567e-013	-7.05790652e-013	9.49869183e-015	
3.55635063e+001	7.05854567e-013	-7.05790652e-013	9.49869183e-015	
3.56636852e+001	7.05854567e-013	-7.05790652e-013	9.49869183e-015	
3.57638640e+001	7.05854567e-013	-7.05790652e-013	9.49869183e-015	
3.58640429e+001	7.05854567e-013	-7.05790652e-013	9.49869183e-015	
3.59642218e+001	7.40851543e-013	-7.40801678e-013	8.59550053e-015	
3.60644007e+001	7.40851543e-013	-7.40801678e-013	8.59550053e-015	
3.61645796e+001	7.40851543e-013	-7.40801678e-013	8.59550053e-015	
3.62647585e+001	7.40851543e-013	-7.40801678e-013	8.59550053e-015	
3.63649374e+001	8.24478631e-013	-8.24435909e-013	8.39321964e-015	
3.64651163e+001	8.24478631e-013	-8.24435909e-013	8.39321964e-015	
3.65652952e+001	8.24478631e-013	-8.24435909e-013	8.39321964e-015	
3.66654741e+001	8.24478631e-013	-8.24435909e-013	8.39321964e-015	
3.67656530e+001	8.08896247e-013	-8.08862869e-013	7.34830926e-015	
3.68658318e+001	8.08896247e-013	-8.08862869e-013	7.34830926e-015	
3.69660107e+001	8.08896247e-013	-8.08862869e-013	7.34830926e-015	
3.70661896e+001	8.08896247e-013	-8.08862869e-013	7.34830926e-015	
3.71663685e+001	8.08896247e-013	-8.08862869e-013	7.34830926e-015	
3.72665474e+001	7.78754123e-013	-7.78727895e-013	6.39136087e-015	
3.73667263e+001	7.78754123e-013	-7.78727895e-013	6.39136087e-015	
3.74669052e+001	7.78754123e-013	-7.78727895e-013	6.39136087e-015	
3.75670841e+001	7.78754123e-013	-7.78727895e-013	6.39136087e-015	
3.76672630e+001	7.54114092e-013	-7.54091594e-013	5.82508437e-015	
3.77674419e+001	7.54114092e-013	-7.54091594e-013	5.82508437e-015	
3.78676208e+001	7.54114092e-013	-7.54091594e-013	5.82508437e-015	
3.79677996e+001	7.54114092e-013	-7.54091594e-013	5.82508437e-015	
3.80679785e+001	7.02552193e-013	-7.02532581e-013	5.24950049e-015	
3.81681574e+001	7.02552193e-013	-7.02532581e-013	5.24950049e-015	
3.82683363e+001	7.02552193e-013	-7.02532581e-013	5.24950049e-015	
3.83685152e+001	7.02552193e-013	-7.02532581e-013	5.24950049e-015	
3.84686941e+001	7.02552193e-013	-7.02532581e-013	5.24950049e-015	
3.85688730e+001	7.45589939e-013	-7.45567045e-013	5.84281068e-015	
3.86690519e+001	7.45589939e-013	-7.45567045e-013	5.84281068e-015	
3.87692308e+001	7.45589939e-013	-7.45567045e-013	5.84281068e-015	
3.88694097e+001	7.45589939e-013	-7.45567045e-013	5.84281068e-015	
3.89695886e+001	7.45589939e-013	-7.45567045e-013	5.84281068e-015	
3.90697674e+001	7.45589939e-013	-7.45567045e-013	5.84281068e-015	
3.91699463e+001	7.45589939e-013	-7.45567045e-013	5.84281068e-015	
3.92701252e+001	7.45589939e-013	-7.45567045e-013	5.84281068e-015	
3.93703041e+001	7.45589939e-013	-7.45567045e-013	5.84281068e-015	
3.94704830e+001	6.69794156e-013	-6.69761657e-013	6.59811781e-015	
3.95706619e+001	6.69794156e-013	-6.69761657e-013	6.59811781e-015	
3.96708408e+001	6.69794156e-013	-6.69761657e-013	6.59811781e-015	
3.97710197e+001	6.69794156e-013	-6.69761657e-013	6.59811781e-015	
3.98711986e+001	6.18954727e-013	-6.18913526e-013	7.14156285e-015	
3.99713775e+001	6.18954727e-013	-6.18913526e-013	7.14156285e-015	
4.00715564e+001	6.18954727e-013	-6.18913526e-013	7.14156285e-015	
4.01717352e+001	6.18954727e-013	-6.18913526e-013	7.14156285e-015	
4.02719141e+001	5.35838735e-013	-5.35788110e-013	7.36552971e-015	
4.03720930e+001	5.35838735e-013	-5.35788110e-013	7.36552971e-015	
4.04722719e+001	5.35838735e-013	-5.35788110e-013	7.36552971e-015	
4.05724508e+001	5.35838735e-013	-5.35788110e-013	7.36552971e-015	
4.06726297e+001	5.35838735e-013	-5.35788110e-013	7.36552971e-015	
4.07728086e+001	3.39524696e-013	-3.39474250e-013	5.85259997e-015	
4.08729875e+001	3.39524696e-013	-3.39474250e-013	5.85259997e-015	
4.09731664e+001	3.39524696e-013	-3.39474250e-013	5.85259997e-015	
4.10733453e+001	3.39524696e-013	-3.39474250e-013	5.85259997e-015	
4.11735242e+001	3.39524696e-013	-3.39474250e-013	5.85259997e-015	
4.12737030e+001	3.39524696e-013	-3.39474250e-013	5.85259997e-015	
4.13738819e+001	3.39524696e-013	-3.39474250e-013	5.85259997e-015	
4.14740608e+001	3.39524696e-013	-3.39474250e-013	5.85259997e-015	
4.15742397e+001	2.96308414e-013	-2.96244824e-013	6.13845337e-015	
4.16744186e+001	2.96308414e-013	-2.96244824e-013	6.13845337e-015	
4.17745975e+001	2.96308414e-013	-2.96244824e-013	6.13845337e-015	
4.18747764e+001	2.96308414e-013	-2.96244824e-013	6.13845337e-015	
4.19749553e+001	2.96308414e-013	-2.96244824e-013	6.13845337e-015	
4.20751342e+001	2.24457350e-013	-2.24383995e-013	5.73804558e-015	
4.21753131e+001	2.24457350e-013	-2.24383995e-013	5.73804558e-015	
4.22754919e+001	2.24457350e-013	-2.24383995e-013	5.73804558e-015	
4.23756708e+001	2.24457350e-013	-2.24383995e-013	5.73804558e-015	
4.24758497e+001	1.47112937e-013	-1.47052917e-013	4.20187792e-015	
4.25760286e+001	1.47112937e-013	-1.47052917e-013	4.20187792e-015	
4.26762075e+001	1.47112937e-013	-1.47052917e-013	4.20187792e-015	
4.27763864e+001	1.47112937e-013	-1.47052917e-013	4.20187792e-015	
4.28765653e+001	1.47112937e-013	-1.47052917e-013	4.20187792e-015	
4.29767442e+001	1.47112937e-013	-1.47052917e-013	4.20187792e-015	
4.30769231e+001	1.47112937e-013	-1.47052917e-013	4.20187792e-015	
4.31771020e+001	1.47112937e-013	-1.47052917e-013	4.20187792e-015	
4.32772809e+001	1.47112937e-013	-1.47052917e-013	4.20187792e-015	
4.33774597e+001	1.13028810e-013	-1.12969512e-013	3.66077972e-015	
4.34776386e+001	1.13028810e-013	-1.12969512e-013	3.66077972e-015	
4.35778175e+001	1.13028810e-013	-1.12969512e-013	3.66077972e-015	
4.36779964e+001	1.13028810e-013	-1.12969512e-013	3.66077972e-015	
4.37781753e+001	7.31259648e-014	-7.30744454e-014	2.74447877e-015	
4.38783542e+001	7.31259648e-014	-7.30744454e-014	2.74447877e-015	
4.39785331e+001	7.31259648e-014	-7.30744454e-014	2.74447877e-015	
4.40787120e+001	7.31259648e-014	-7.30744454e-014	2.74447877e-015	
4.41788909e+001	7.31259648e-014	-7.30744454e-014	2.74447877e-015	
4.42790698e+001	4.47461191e-014	-4.47036646e-014	1.94872823e-015	
4.43792487e+001	4.47461191e-014	-4.47036646e-014	1.94872823e-015	
4.44794275e+001	4.47461191e-014	-4.47036646e-014	1.94872823e-015	
4.45796064e+001	4.47461191e-014	-4.47036646e-014	1.94872823e-015	
4.46797853e+001	2.67512041e-014	-2.67160965e-014	1.37007786e-015	
4.47799642e+001	2.67512041e-014	-2.67160965e-014	1.37007786e-015	
4.48801431e+001	2.67512041e-014	-2.67160965e-014	1.37007786e-015	
4.49803220e+001	2.67512041e-014	-2.67160965e-014	1.37007786e-015	
4.50805009e+001	1.53030576e-014	-1.52699075e-014	1.00672533e-015	
4.51806798e+001	1.53030576e-014	-1.52699075e-014	1.00672533e-015	
4.52808587e+001	1.53030576e-014	-1.52699075e-014	1.00672533e-015	
4.53810376e+001	1.53030576e-014	-1.52699075e-014	1.00672533e-015	
4.54812165e+001	1.53030576e-014	-1.52699075e-014	1.00672533e-015	
4.55813953e+001	1.32853251e-015	-1.21505762e-015	5.37246322e-016	
4.56815742e+001	1.32853251e-015	-1.21505762e-015	5.37246322e-016	
4.57817531e+001	1.32853251e-015	-1.21505762e-015	5.37246322e-016	
4.58819320e+001	1.32853251e-015	-1.21505762e-015	5.37246322e-016	
4.59821109e+001	1.32853251e-015	-1.21505762e-015	5.37246322e-016	
4.60822898e+001	1.32853251e-015	-1.21505762e-015	5.37246322e-016	
4.61824687e+001	1.32853251e-015	-1.21505762e-015	5.37246322e-016	
4.62826476e+001	1.32853251e-015	-1.21505762e-015	5.37246322e-016	
4.63828265e+001	1.87088087e-014	1.87084751e-014	-1.11725339e-016	
4.64830054e+001	1.87088087e-014	1.87084751e-014	-1.11725339e-016	
4.65831843e+001	1.87088087e-014	1.87084751e-014	-1.11725339e-016	
4.66833631e+001	1.87088087e-014	1.87084751e-014	-1.11725339e-016	
4.67835420e+001	1.87088087e-014	1.87084751e-014	-1.11725339e-016	
4.68837209e+001	3.15660873e-014	3.15632014e-014	-4.26827722e-016	
4.69838998e+001	3.15660873e-014	3.15632014e-014	-4.26827722e-016	
4.70840787e+001	3.15660873e-014	3.15632014e-014	-4.26827722e-016	
4.71842576e+001	3.15660873e-014	3.15632014e-014	-4.26827722e-016	
4.72844365e+001	3.89258041e-014	3.89213218e-014	-5.90702486e-016	
4.73846154e+001	3.89258041e-014	3.89213218e-014	-5.90702486e-016	
4.74847943e+001	3.89258041e-014	3.89213218e-014	-5.90702486e-016	
4.75849732e+001	3.89258041e-014	3.89213218e-014	-5.90702486e-016	
4.76851521e+001	3.89258041e-014	3.89213218e-014	-5.90702486e-016	
4.77853309e+001	3.89258041e-014	3.89213218e-014	-5.90702486e-016	
4.78855098e+001	3.89258041e-014	3.89213218e-014	-5.90702486e-016	
4.79856887e+001	3.89258041e-014	3.89213218e-014	-5.90702486e-016	
4.80858676e+001	3.89258041e-014	3.89213218e-014	-5.90702486e-016	
4.81860465e+001	5.64254159e-014	5.64196969e-014	-8.03342309e-016	
4.82862254e+001	5.64254159e-014	5.64196969e-014	-8.03342309e-016	
4.83864043e+001	5.64254159e-014	5.64196969e-014	-8.03342309e-016	
4.84865832e+001	5.64254159e-014	5.64196969e-014	-8.03342309e-016	
4.85867621e+001	6.57733423e-014	6.57681536e-014	-8.26147143e-016	
4.86869410e+001	6.57733423e-014	6.57681536e-014	-8.26147143e-016	
4.87871199e+001	6.57733423e-014	6.57681536e-014	-8.26147143e-016	
4.88872987e+001	6.57733423e-014	6.57681536e-014	-8.26147143e-016	
4.89874776e+001	6.57733423e-014	6.57681536e-014	-8.26147143e-016	
4.90876565e+001	7.67813982e-014	7.67767619e-014	-8.43763369e-016	
4.91878354e+001	7.67813982e-014	7.67767619e-014	-8.43763369e-016	
4.92880143e+001	7.67813982e-014	7.67767619e-014	-8.43763369e-016	
4.93881932e+001	7.67813982e-014	7.67767619e-014	-8.43763369e-016	
4.94883721e+001	6.55602976e-014	6.55572963e-014	-6.27311848e-016	
4.95885510e+001	6.55602976e-014	6.55572963e-014	-6.27311848e-016	
4.96887299e+001	6.55602976e-014	6.55572963e-014	-6.27311848e-016	
4.97889088e+001	6.55602976e-014	6.55572963e-014	-6.27311848e-016	
4.98890877e+001	6.55602976e-014	6.55572963e-014	-6.27311848e-016	
4.99892665e+001	6.55602976e-014	6.55572963e-014	-6.27311848e-016	
5.00894454e+001	6.55602976e-014	6.55572963e-014	-6.27311848e-016	
5.01896243e+001	6.55602976e-014	6.55572963e-014	-6.27311848e-016	
5.02898032e+001	6.55602976e-014	6.55572963e-014	-6.27311848e-016	
5.03899821e+001	9.13084095e-014	9.13059348e-014	-6.72246696e-016	
5.04901610e+001	9.13084095e-014	9.13059348e-014	-6.72246696e-016	
5.05903399e+001	9.13084095e-014	9.13059348e-014	-6.72246696e-016	
5.06905188e+001	9.13084095e-014	9.13059348e-014	-6.72246696e-016	
5.07906977e+001	7.12484792e-014	7.12469653e-014	-4.64471114e-016	
5.08908766e+001	7.12484792e-014	7.12469653e-014	-4.64471114e-016	
5.09910555e+001	7.12484792e-014	7.12469653e-014	-4.64471114e-016	
5.10912343e+001	7.12484792e-014	7.12469653e-014	-4.64471114e-016	
5.11914132e+001	6.26681646e-014	6.26672046e-014	-3.46866807e-016	
5.12915921e+001	6.26681646e-014	6.26672046e-014	-3.46866807e-016	
5.13917710e+001	6.26681646e-014	6.26672046e-014	-3.46866807e-016	
5.14919499e+001	6.26681646e-014	6.26672046e-014	-3.46866807e-016	
5.15921288e+001	6.26681646e-014	6.26672046e-014	-3.46866807e-016	
5.16923077e+001	6.29893962e-014	6.29886868e-014	-2.98949590e-016	
5.17924866e+001	6.29893962e-014	6.29886868e-014	-2.98949590e-016	
5.18926655e+001	6.29893962e-014	6.29886868e-014	-2.98949590e-016	
5.19928444e+001	6.29893962e-014	6.29886868e-014	-2.98949590e-016	
5.20930233e+001	6.29893962e-014	6.29886868e-014	-2.98949590e-016	
5.21932021e+001	6.29893962e-014	6.29886868e-014	-2.98949590e-016	
5.22933810e+001	6.29893962e-014	6.29886868e-014	-2.98949590e-016	
5.23935599e+001	6.29893962e-014	6.29886868e-014	-2.98949590e-016	
5.24937388e+001	3.63933411e-014	3.63931475e-014	-1.18688086e-016	
5.25939177e+001	3.63933411e-014	3.63931475e-014	-1.18688086e-016	
5.26940966e+001	3.63933411e-014	3.63931475e-014	-1.18688086e-016	
5.27942755e+001	3.63933411e-014	3.63931475e-014	-1.18688086e-016	
5.28944544e+001	3.63933411e-014	3.63931475e-014	-1.18688086e-016	
5.29946333e+001	3.63933411e-014	3.63931475e-014	-1.18688086e-016	
5.30948122e+001	3.63933411e-014	3.63931475e-014	-1.18688086e-016	
5.31949911e+001	3.63933411e-014	3.63931475e-014	-1.18688086e-016	
5.32951699e+001	3.63933411e-014	3.63931475e-014	-1.18688086e-016	
5.33953488e+001	3.40310326e-014	3.40309155e-014	-8.92741907e-017	
5.34955277e+001	3.40310326e-014	3.40309155e-014	-8.92741907e-017	
5.35957066e+001	3.40310326e-014	3.40309155e-014	-8.92741907e-017	
5.36958855e+001	3.40310326e-014	3.40309155e-014	-8.92741907e-017	
5.37960644e+001	3.40310326e-014	3.40309155e-014	-8.92741907e-017	
5.38962433e+001	2.15819157e-014	2.15818713e-014	-4.38006310e-017	
5.39964222e+001	2.15819157e-014	2.15818713e-014	-4.38006310e-017	
5.40966011e+001	2.15819157e-014	2.15818713e-014	-4.38006310e-017	
5.41967800e+001	2.15819157e-014	2.15818713e-014	-4.38006310e-017	
5.42969589e+001	2.15819157e-014	2.15818713e-014	-4.38006310e-017	
5.43971377e+001	2.15819157e-014	2.15818713e-014	-4.38006310e-017	
5.44973166e+001	2.15819157e-014	2.15818713e-014	-4.38006310e-017	
5.45974955e+001	2.15819157e-014	2.15818713e-014	-4.38006310e-017	
5.46976744e+001	1.55373920e-014	1.55373697e-014	-2.63134739e-017	
5.47978533e+001	1.55373920e-014	1.55373697e-014	-2.63134739e-017	
5.48980322e+001	1.55373920e-014	1.55373697e-014	-2.63134739e-017	
5.49982111e+001	1.55373920e-014	1.55373697e-014	-2.63134739e-017	
5.50983900e+001	1.55373920e-014	1.55373697e-014	-2.63134739e-017	
5.51985689e+001	8.76477672e-015	8.76476711e-015	-1.29805719e-017	
5.52987478e+001	8.76477672e-015	8.76476711e-015	-1.29805719e-017	
5.53989267e+001	8.76477672e-015	8.76476711e-015	-1.29805719e-017	
5.54991055e+001	8.76477672e-015	8.76476711e-015	-1.29805719e-017	
5.55992844e+001	4.40175525e-015	4.40175093e-015	-6.16392426e-018	
5.56994633e+001	4.40175525e-015	4.40175093e-015	-6.16392426e-018	
5.57996422e+001	2.63734583e-015	2.63734324e-015	-3.69212479e-018	
5.58998211e+001	1.65011553e-015	1.65011391e-015	-2.30889619e-018	
5.60000000e+001	1.69349527e-016	1.69349355e-016	-2.40781093e-019	
