% Column 0: Length, cm
% Column 1: |B.n|, Tesla
% Column 2: Re[B.n], Tesla
% Column 3: Im[B.n], Tesla
0.00000000e+000	8.27898469e-010	-8.27878529e-010	-5.74599488e-012	
1.00178891e-001	1.23637325e-008	-1.23634405e-008	-8.49670944e-011	
2.00357782e-001	2.51515973e-008	-2.51510123e-008	-1.71550125e-010	
3.00536673e-001	3.72261045e-008	-3.72252400e-008	-2.53699881e-010	
4.00715564e-001	4.93428573e-008	-4.93417292e-008	-3.33652027e-010	
5.00894454e-001	6.16115301e-008	-6.16101414e-008	-4.13661210e-010	
6.01073345e-001	7.48737545e-008	-7.48720324e-008	-5.07815803e-010	
7.01252236e-001	8.85371221e-008	-8.85350746e-008	-6.02115461e-010	
8.01431127e-001	1.03689974e-007	-1.03687729e-007	-6.82355369e-010	
9.01610018e-001	1.18842830e-007	-1.18840383e-007	-7.62595277e-010	
1.00178891e+000	1.33995689e-007	-1.33993038e-007	-8.42835185e-010	
1.10196780e+000	1.49153807e-007	-1.49150943e-007	-9.24213761e-010	
1.20214669e+000	1.63356737e-007	-1.63353700e-007	-9.95991200e-010	
1.30232558e+000	1.75977304e-007	-1.75974225e-007	-1.04091884e-009	
1.40250447e+000	1.88597876e-007	-1.88594751e-007	-1.08584647e-009	
1.50268336e+000	2.01218453e-007	-2.01215276e-007	-1.13077411e-009	
1.60286225e+000	2.13839033e-007	-2.13835801e-007	-1.17570175e-009	
1.70304114e+000	2.26836258e-007	-2.26832936e-007	-1.22769975e-009	
1.80322004e+000	2.43009498e-007	-2.43006020e-007	-1.30022873e-009	
1.90339893e+000	2.61889667e-007	-2.61886124e-007	-1.36221408e-009	
2.00357782e+000	2.80475721e-007	-2.80472180e-007	-1.40938508e-009	
2.10375671e+000	2.99061782e-007	-2.99058235e-007	-1.45655607e-009	
2.20393560e+000	3.17647850e-007	-3.17644291e-007	-1.50372707e-009	
2.30411449e+000	3.37787338e-007	-3.37784008e-007	-1.49996592e-009	
2.40429338e+000	3.58300049e-007	-3.58296976e-007	-1.48396886e-009	
2.50447227e+000	3.78812788e-007	-3.78809943e-007	-1.46797180e-009	
2.60465116e+000	3.97516099e-007	-3.97513542e-007	-1.42583894e-009	
2.70483005e+000	4.15272476e-007	-4.15270216e-007	-1.37002804e-009	
2.80500894e+000	4.34192602e-007	-4.34190618e-007	-1.31233463e-009	
2.90518784e+000	4.59256414e-007	-4.59254728e-007	-1.24470285e-009	
3.00536673e+000	4.84320267e-007	-4.84318837e-007	-1.17707107e-009	
3.10554562e+000	5.09384154e-007	-5.09382946e-007	-1.10943929e-009	
3.20572451e+000	5.33169096e-007	-5.33168142e-007	-1.00860090e-009	
3.30590340e+000	5.56406480e-007	-5.56405765e-007	-8.91898584e-010	
3.40608229e+000	5.81988814e-007	-5.81988263e-007	-8.00652631e-010	
3.50626118e+000	6.07571176e-007	-6.07570762e-007	-7.09406679e-010	
3.60644007e+000	6.35672026e-007	-6.35671811e-007	-5.22159369e-010	
3.70661896e+000	6.62006751e-007	-6.62006683e-007	-3.00621631e-010	
3.80679785e+000	6.85301885e-007	-6.85301885e-007	-2.03451473e-011	
3.90697674e+000	7.09271601e-007	-7.09271547e-007	2.77269068e-010	
4.00715564e+000	7.33593509e-007	-7.33593276e-007	5.83933558e-010	
4.10733453e+000	7.64735762e-007	-7.64735140e-007	9.75725850e-010	
4.20751342e+000	7.98230868e-007	-7.98229646e-007	1.39688345e-009	
4.30769231e+000	8.31726139e-007	-8.31724152e-007	1.81804106e-009	
4.40787120e+000	8.65221556e-007	-8.65218659e-007	2.23919866e-009	
4.50805009e+000	8.98717103e-007	-8.98713165e-007	2.66035626e-009	
4.60822898e+000	9.31718484e-007	-9.31713434e-007	3.06755601e-009	
4.70840787e+000	9.65677491e-007	-9.65670541e-007	3.66380189e-009	
4.80858676e+000	9.97029628e-007	-9.97020613e-007	4.23970813e-009	
4.90876565e+000	1.02838196e-006	-1.02837069e-006	4.81561436e-009	
5.00894454e+000	1.05973447e-006	-1.05972076e-006	5.39152060e-009	
5.10912343e+000	1.09108715e-006	-1.09107083e-006	5.96742684e-009	
5.20930233e+000	1.12225150e-006	-1.12223228e-006	6.56848913e-009	
5.30948122e+000	1.15258411e-006	-1.15256112e-006	7.28059180e-009	
5.40966011e+000	1.18291696e-006	-1.18288996e-006	7.99269446e-009	
5.50983900e+000	1.21325002e-006	-1.21321879e-006	8.70479713e-009	
5.61001789e+000	1.24358329e-006	-1.24354763e-006	9.41689979e-009	
5.71019678e+000	1.27245910e-006	-1.27241884e-006	1.01224761e-008	
5.81037567e+000	1.29355782e-006	-1.29351716e-006	1.02559806e-008	
5.91055456e+000	1.31126045e-006	-1.31122205e-006	1.00355858e-008	
6.01073345e+000	1.34147089e-006	-1.34143153e-006	1.02770434e-008	
6.11091234e+000	1.37261249e-006	-1.37257193e-006	1.05528842e-008	
6.21109123e+000	1.40375409e-006	-1.40371233e-006	1.08287251e-008	
6.31127013e+000	1.46256602e-006	-1.46254616e-006	7.62098730e-009	
6.41144902e+000	1.51180209e-006	-1.51179714e-006	3.86680626e-009	
6.51162791e+000	1.57864411e-006	-1.57864068e-006	-3.28972888e-009	
6.61180680e+000	1.66874862e-006	-1.66857667e-006	-2.39548862e-008	
6.71198569e+000	1.83788436e-006	-1.83586584e-006	-8.61135946e-008	
6.81216458e+000	1.80096376e-006	-1.80079691e-006	-2.45144826e-008	
6.91234347e+000	4.39745031e-007	-2.95066331e-007	3.26054524e-007	
7.01252236e+000	9.62077504e-008	-4.85138345e-008	8.30803172e-008	
7.11270125e+000	5.31143926e-008	-2.65869622e-008	4.59812151e-008	
7.21288014e+000	3.28527080e-008	-2.13486417e-008	2.49707012e-008	
7.31305903e+000	2.37671184e-008	-1.74362642e-008	1.61509321e-008	
7.41323792e+000	1.19268499e-008	-1.07730594e-009	1.18780958e-008	
7.51341682e+000	8.06518793e-009	-4.63163091e-009	6.60267002e-009	
7.61359571e+000	8.81481732e-009	-8.68398468e-009	1.51308107e-009	
7.71377460e+000	2.06219898e-009	2.05222145e-009	2.02612259e-010	
7.81395349e+000	3.79266875e-009	2.98567575e-009	-2.33881948e-009	
7.91413238e+000	7.15517184e-009	3.73230348e-009	-6.10462077e-009	
8.01431127e+000	1.73878291e-008	1.60310820e-008	-6.73357326e-009	
8.11449016e+000	1.84457330e-008	1.66690185e-008	-7.89866370e-009	
8.21466905e+000	1.64257057e-008	3.70916516e-009	-1.60014344e-008	
8.31484794e+000	2.98758423e-008	2.53768601e-008	-1.57664493e-008	
8.41502683e+000	3.10157071e-008	1.24146850e-008	-2.84226966e-008	
8.51520572e+000	3.93887681e-008	2.11984366e-008	-3.31979116e-008	
8.61538462e+000	5.26839893e-008	3.96356972e-008	-3.47075530e-008	
8.71556351e+000	7.65111265e-008	4.01226743e-008	-6.51469377e-008	
8.81574240e+000	2.44945662e-007	1.44077593e-007	-1.98090950e-007	
8.91592129e+000	9.85823278e-007	9.68153896e-007	-1.85810577e-007	
9.01610018e+000	1.33052074e-006	1.32487163e-006	1.22476894e-007	
9.11627907e+000	1.09065335e-006	1.09042483e-006	2.23254311e-008	
9.21645796e+000	9.38451312e-007	9.38112079e-007	-2.52307760e-008	
9.31663685e+000	9.41854585e-007	9.40910362e-007	-4.21633885e-008	
9.41681574e+000	9.45557160e-007	9.43708644e-007	-5.90960010e-008	
9.51699463e+000	9.94415206e-007	9.91851584e-007	-7.13585184e-008	
9.61717352e+000	1.07152315e-006	1.06847927e-006	-8.07088329e-008	
9.71735242e+000	1.19633360e-006	1.19368618e-006	-7.95448729e-008	
9.81753131e+000	1.29570443e-006	1.29301806e-006	-8.33922277e-008	
9.91771020e+000	1.38255279e-006	1.37986891e-006	-8.61047029e-008	
1.00178891e+001	1.48004878e-006	1.47713137e-006	-9.28833634e-008	
1.01180680e+001	1.50022081e-006	1.49624016e-006	-1.09214744e-007	
1.02182469e+001	1.59199818e-006	1.58658893e-006	-1.31124982e-007	
1.03184258e+001	1.69941902e-006	1.69218853e-006	-1.56598183e-007	
1.04186047e+001	1.84739690e-006	1.83801938e-006	-1.85903325e-007	
1.05187835e+001	2.09504845e-006	2.08360885e-006	-2.18637145e-007	
1.06189624e+001	2.41813199e-006	2.40567684e-006	-2.45114866e-007	
1.07191413e+001	2.86531364e-006	2.85130660e-006	-2.82971535e-007	
1.08193202e+001	3.55300362e-006	3.53801821e-006	-3.25978304e-007	
1.09194991e+001	4.43600713e-006	4.41949181e-006	-3.82428296e-007	
1.10196780e+001	5.57237544e-006	5.55724771e-006	-4.10324191e-007	
1.11198569e+001	6.99893330e-006	6.98390808e-006	-4.58361447e-007	
1.12200358e+001	8.44809297e-006	8.43638573e-006	-4.44601698e-007	
1.13202147e+001	1.02635414e-005	1.02559857e-005	-3.93748863e-007	
1.14203936e+001	1.25676980e-005	1.25653745e-005	-2.41652290e-007	
1.15205725e+001	1.41571998e-005	1.41569821e-005	-7.85095425e-008	
1.16207513e+001	1.52998938e-005	1.52998814e-005	1.94562859e-008	
1.17209302e+001	1.60925353e-005	1.60924186e-005	6.12780467e-008	
1.18211091e+001	1.70585426e-005	1.70580425e-005	1.30621900e-007	
1.19212880e+001	1.73348219e-005	1.73344195e-005	1.18110997e-007	
1.20214669e+001	1.76645426e-005	1.76641607e-005	1.16159522e-007	
1.21216458e+001	1.80169294e-005	1.80165541e-005	1.16297737e-007	
1.22218247e+001	1.83675477e-005	1.83671652e-005	1.18527867e-007	
1.23220036e+001	1.87172935e-005	1.87168972e-005	1.21789917e-007	
1.24221825e+001	1.89865864e-005	1.89862046e-005	1.20400302e-007	
1.25223614e+001	1.91569377e-005	1.91566027e-005	1.13289881e-007	
1.26225403e+001	1.93272925e-005	1.93270008e-005	1.06179461e-007	
1.27227191e+001	1.93986018e-005	1.93983476e-005	9.93079637e-008	
1.28228980e+001	1.94381105e-005	1.94378904e-005	9.25131815e-008	
1.29230769e+001	1.96382231e-005	1.96380170e-005	8.99716737e-008	
1.30232558e+001	1.98877664e-005	1.98875684e-005	8.87392425e-008	
1.31234347e+001	2.01373099e-005	2.01371197e-005	8.75068113e-008	
1.32236136e+001	2.04430053e-005	2.04428230e-005	8.63206514e-008	
1.33237925e+001	2.07719467e-005	2.07717720e-005	8.51904859e-008	
1.34239714e+001	2.10613047e-005	2.10611337e-005	8.48715853e-008	
1.35241503e+001	2.13506629e-005	2.13504955e-005	8.45526847e-008	
1.36243292e+001	2.15665268e-005	2.15663680e-005	8.27670727e-008	
1.37245081e+001	2.19216226e-005	2.19214702e-005	8.17378433e-008	
1.38246869e+001	2.23787024e-005	2.23785542e-005	8.14652691e-008	
1.39248658e+001	2.28357824e-005	2.28356381e-005	8.11926949e-008	
1.40250447e+001	2.32765611e-005	2.32764220e-005	8.04716912e-008	
1.41252236e+001	2.36815029e-005	2.36813719e-005	7.87648558e-008	
1.42254025e+001	2.41832390e-005	2.41831135e-005	7.79025125e-008	
1.43255814e+001	2.47539363e-005	2.47538145e-005	7.76418283e-008	
1.44257603e+001	2.52821728e-005	2.52820536e-005	7.76236000e-008	
1.45259392e+001	2.57841012e-005	2.57839840e-005	7.77555934e-008	
1.46261181e+001	2.62860297e-005	2.62859143e-005	7.78875869e-008	
1.47262970e+001	2.67879582e-005	2.67878446e-005	7.80195804e-008	
1.48264758e+001	2.74474642e-005	2.74473518e-005	7.85573472e-008	
1.49266547e+001	2.81075214e-005	2.81074101e-005	7.90965333e-008	
1.50268336e+001	2.87328075e-005	2.87326975e-005	7.94884636e-008	
1.51270125e+001	2.93109082e-005	2.93107999e-005	7.96805637e-008	
1.52271914e+001	3.01191300e-005	3.01190216e-005	8.07953549e-008	
1.53273703e+001	3.11300645e-005	3.11299545e-005	8.27229413e-008	
1.54275492e+001	3.21714976e-005	3.21713863e-005	8.46021708e-008	
1.55277281e+001	3.32132630e-005	3.32131504e-005	8.64808734e-008	
1.56279070e+001	3.42550284e-005	3.42549145e-005	8.83595760e-008	
1.57280859e+001	3.53228386e-005	3.53227224e-005	9.05887544e-008	
1.58282648e+001	3.64310404e-005	3.64309208e-005	9.33614708e-008	
1.59284436e+001	3.75392422e-005	3.75391191e-005	9.61341871e-008	
1.60286225e+001	3.86303648e-005	3.86302383e-005	9.88475589e-008	
1.61288014e+001	3.96134359e-005	3.96133067e-005	1.01185488e-007	
1.62289803e+001	4.07695273e-005	4.07693935e-005	1.04438739e-007	
1.63291592e+001	4.21420422e-005	4.21419014e-005	1.08949555e-007	
1.64293381e+001	4.33307686e-005	4.33306223e-005	1.12609724e-007	
1.65295170e+001	4.45194950e-005	4.45193431e-005	1.16269894e-007	
1.66296959e+001	4.56801664e-005	4.56800098e-005	1.19626400e-007	
1.67298748e+001	4.68160978e-005	4.68159369e-005	1.22715125e-007	
1.68300537e+001	4.84360888e-005	4.84359199e-005	1.27886986e-007	
1.69302326e+001	5.02807519e-005	5.02805730e-005	1.34125977e-007	
1.70304114e+001	5.21240413e-005	5.21238523e-005	1.40379512e-007	
1.71305903e+001	5.42488134e-005	5.42486060e-005	1.50031024e-007	
1.72307692e+001	5.65550509e-005	5.65548193e-005	1.61873131e-007	
1.73309481e+001	5.84139605e-005	5.84137162e-005	1.68963787e-007	
1.74311270e+001	6.01722112e-005	6.01719571e-005	1.74885563e-007	
1.75313059e+001	6.26629060e-005	6.26626246e-005	1.87781301e-007	
1.76314848e+001	6.51536012e-005	6.51532921e-005	2.00677038e-007	
1.77316637e+001	6.78899935e-005	6.78896733e-005	2.08507457e-007	
1.78318426e+001	7.07170631e-005	7.07167379e-005	2.14468464e-007	
1.79320215e+001	7.35245599e-005	7.35242104e-005	2.26698218e-007	
1.80322004e+001	7.63143007e-005	7.63139087e-005	2.44615113e-007	
1.81323792e+001	7.90865417e-005	7.90861087e-005	2.61693803e-007	
1.82325581e+001	8.14555671e-005	8.14551538e-005	2.59460476e-007	
1.83327370e+001	8.38245936e-005	8.38241989e-005	2.57227148e-007	
1.84329159e+001	8.61936212e-005	8.61932440e-005	2.54993821e-007	
1.85330948e+001	8.85626498e-005	8.85622891e-005	2.52760493e-007	
1.86332737e+001	9.09316794e-005	9.09313342e-005	2.50527166e-007	
1.87334526e+001	9.36364716e-005	9.36361304e-005	2.52764754e-007	
1.88336315e+001	9.77877249e-005	9.77874416e-005	2.35371358e-007	
1.89338104e+001	1.01303065e-004	1.01302894e-004	1.86429816e-007	
1.90339893e+001	1.04818436e-004	1.04818346e-004	1.37488275e-007	
1.91341682e+001	1.08333834e-004	1.08333798e-004	8.85467340e-008	
1.92343470e+001	1.12030464e-004	1.12030464e-004	-1.07464476e-008	
1.93345259e+001	1.13173868e-004	1.13173769e-004	-1.50294090e-007	
1.94347048e+001	1.14317441e-004	1.14317073e-004	-2.89841732e-007	
1.95348837e+001	1.15461177e-004	1.15460378e-004	-4.29389374e-007	
1.96350626e+001	1.16605071e-004	1.16603683e-004	-5.68937016e-007	
1.97352415e+001	1.17749119e-004	1.17746988e-004	-7.08484658e-007	
1.98354204e+001	1.19379312e-004	1.19376143e-004	-8.69797957e-007	
1.99355993e+001	1.15725496e-004	1.15720200e-004	-1.10709498e-006	
2.00357782e+001	1.11927103e-004	1.11919562e-004	-1.29929408e-006	
2.01359571e+001	1.08129210e-004	1.08118923e-004	-1.49149317e-006	
2.02361360e+001	1.04267750e-004	1.04254331e-004	-1.67282593e-006	
2.03363148e+001	1.00205020e-004	1.00188769e-004	-1.80458720e-006	
2.04364937e+001	9.63537141e-005	9.63352304e-005	-1.88721883e-006	
2.05366726e+001	9.25026681e-005	9.24816917e-005	-1.96985045e-006	
2.06368515e+001	8.86054262e-005	8.85816861e-005	-2.05096289e-006	
2.07370304e+001	7.84234760e-005	7.83998051e-005	-1.92669677e-006	
2.08372093e+001	6.82860941e-005	6.82626014e-005	-1.79106030e-006	
2.09373882e+001	5.85778215e-005	5.85574307e-005	-1.54547179e-006	
2.10375671e+001	4.88695509e-005	4.88522600e-005	-1.29988328e-006	
2.11377460e+001	4.08318535e-005	4.08161941e-005	-1.13073233e-006	
2.12379249e+001	3.18828336e-005	3.18696446e-005	-9.16970793e-007	
2.13381038e+001	2.23550250e-005	2.23448251e-005	-6.75228681e-007	
2.14382826e+001	1.25559017e-005	1.25490094e-005	-4.15971535e-007	
2.15384615e+001	2.60929729e-006	2.60514500e-006	-1.47145706e-007	
2.16386404e+001	5.58937341e-006	-5.58912910e-006	5.22601220e-008	
2.17388193e+001	1.34519189e-005	-1.34498057e-005	2.38429514e-007	
2.18389982e+001	2.19360599e-005	-2.19312844e-005	4.57701382e-007	
2.19391771e+001	3.09887733e-005	-3.09807014e-005	7.07256910e-007	
2.20393560e+001	4.16011808e-005	-4.15896235e-005	9.80543299e-007	
2.21395349e+001	5.26292500e-005	-5.26141613e-005	1.26015408e-006	
2.22397138e+001	6.26630350e-005	-6.26455824e-005	1.47883667e-006	
2.23398927e+001	7.18129771e-005	-7.17938823e-005	1.65594268e-006	
2.24400716e+001	8.05283312e-005	-8.05082292e-005	1.79920878e-006	
2.25402504e+001	8.75760461e-005	-8.75572857e-005	1.81261456e-006	
2.26404293e+001	9.46239627e-005	-9.46063421e-005	1.82602035e-006	
2.27406082e+001	1.00613927e-004	-1.00596939e-004	1.84880072e-006	
2.28407871e+001	1.06115395e-004	-1.06099585e-004	1.83170850e-006	
2.29409660e+001	1.11544107e-004	-1.11531581e-004	1.67158939e-006	
2.30411449e+001	1.17340677e-004	-1.17331687e-004	1.45247935e-006	
2.31413238e+001	1.23137970e-004	-1.23131793e-004	1.23336932e-006	
2.32415027e+001	1.28514663e-004	-1.28510676e-004	1.01238743e-006	
2.33416816e+001	1.25893324e-004	-1.25891055e-004	7.55861281e-007	
2.34418605e+001	1.23272446e-004	-1.23271434e-004	4.99335136e-007	
2.35420394e+001	1.20652058e-004	-1.20651814e-004	2.42808991e-007	
2.36422182e+001	1.19858155e-004	-1.19858151e-004	3.32084524e-008	
2.37423971e+001	1.19345819e-004	-1.19345766e-004	-1.12065571e-007	
2.38425760e+001	1.17838641e-004	-1.17838532e-004	-1.60428050e-007	
2.39427549e+001	1.16258755e-004	-1.16258568e-004	-2.08555670e-007	
2.40429338e+001	1.13777794e-004	-1.13777511e-004	-2.53773489e-007	
2.41431127e+001	1.11296856e-004	-1.11296455e-004	-2.98991307e-007	
2.42432916e+001	1.08815943e-004	-1.08815398e-004	-3.44209125e-007	
2.43434705e+001	1.06503324e-004	-1.06502610e-004	-3.89830638e-007	
2.44436494e+001	1.05097564e-004	-1.05096653e-004	-4.37627737e-007	
2.45438283e+001	1.02086732e-004	-1.02085708e-004	-4.57084187e-007	
2.46440072e+001	9.81506519e-005	-9.81495730e-005	-4.60203758e-007	
2.47441860e+001	9.42145769e-005	-9.42134377e-005	-4.63323329e-007	
2.48443649e+001	9.04336516e-005	-9.04324480e-005	-4.66565077e-007	
2.49445438e+001	8.79033656e-005	-8.79021565e-005	-4.61044335e-007	
2.50447227e+001	8.53584423e-005	-8.53572287e-005	-4.55179436e-007	
2.51449016e+001	8.28135198e-005	-8.28123009e-005	-4.49314538e-007	
2.52450805e+001	8.02928142e-005	-8.02915880e-005	-4.43737892e-007	
2.53452594e+001	7.82209003e-005	-7.82196429e-005	-4.43503331e-007	
2.54454383e+001	7.61618756e-005	-7.61605879e-005	-4.42892554e-007	
2.55456172e+001	7.42360190e-005	-7.42347246e-005	-4.38394349e-007	
2.56457961e+001	7.23101631e-005	-7.23088613e-005	-4.33896143e-007	
2.57459750e+001	7.03843078e-005	-7.03829980e-005	-4.29397937e-007	
2.58461538e+001	6.86389378e-005	-6.86376079e-005	-4.27287645e-007	
2.59463327e+001	6.70884186e-005	-6.70870589e-005	-4.27137140e-007	
2.60465116e+001	6.58042627e-005	-6.58028637e-005	-4.29077892e-007	
2.61466905e+001	6.45822654e-005	-6.45808209e-005	-4.31942025e-007	
2.62468694e+001	6.33602701e-005	-6.33587781e-005	-4.34806157e-007	
2.63470483e+001	6.20432577e-005	-6.20417314e-005	-4.35195285e-007	
2.64472272e+001	6.05743511e-005	-6.05728133e-005	-4.31627920e-007	
2.65474061e+001	5.91054453e-005	-5.91038952e-005	-4.28060555e-007	
2.66475850e+001	5.76049323e-005	-5.76033564e-005	-4.26091714e-007	
2.67477639e+001	5.61559634e-005	-5.61543857e-005	-4.20942937e-007	
2.68479428e+001	5.45704793e-005	-5.45689372e-005	-4.10247534e-007	
2.69481216e+001	5.29849951e-005	-5.29834886e-005	-3.99552131e-007	
2.70483005e+001	5.13995110e-005	-5.13980401e-005	-3.88856728e-007	
2.71484794e+001	4.97038664e-005	-4.97025477e-005	-3.62066426e-007	
2.72486583e+001	4.80013852e-005	-4.80002212e-005	-3.34276576e-007	
2.73488372e+001	4.62989092e-005	-4.62978948e-005	-3.06486725e-007	
2.74490161e+001	4.45912787e-005	-4.45904077e-005	-2.78709809e-007	
2.75491950e+001	4.26372306e-005	-4.26364885e-005	-2.51550546e-007	
2.76493739e+001	3.98750721e-005	-3.98746234e-005	-1.89153863e-007	
2.77495528e+001	3.60272358e-005	-3.60271482e-005	-7.94098259e-008	
2.78497317e+001	3.22892324e-005	-3.22892296e-005	1.33918036e-008	
2.79499106e+001	2.86685446e-005	-2.86684093e-005	8.80847257e-008	
2.80500894e+001	2.42833795e-005	-2.42827500e-005	1.74853452e-007	
2.81502683e+001	2.01869195e-005	-2.01853684e-005	2.50242875e-007	
2.82504472e+001	1.80319636e-005	-1.80298362e-005	2.76979453e-007	
2.83506261e+001	1.58772092e-005	-1.58743041e-005	3.03716030e-007	
2.84508050e+001	1.31210889e-005	-1.31165738e-005	3.44188784e-007	
2.85509839e+001	1.10587504e-005	-1.10533572e-005	3.45333316e-007	
2.86511628e+001	9.39249529e-006	-9.38589540e-006	3.52044475e-007	
2.87513417e+001	7.72676666e-006	-7.71843361e-006	3.58755635e-007	
2.88515206e+001	6.25453945e-006	-6.24428563e-006	3.57995415e-007	
2.89516995e+001	5.57051732e-006	-5.56093056e-006	3.26671869e-007	
2.90518784e+001	4.84480578e-006	-4.83531687e-006	3.03073973e-007	
2.91520572e+001	4.03467177e-006	-4.02386022e-006	2.95169747e-007	
2.92522361e+001	3.22522219e-006	-3.21240357e-006	2.87265521e-007	
2.93524150e+001	3.01545336e-006	-3.00284204e-006	2.75497102e-007	
2.94525939e+001	2.88742704e-006	-2.87535107e-006	2.63801285e-007	
2.95527728e+001	2.74264616e-006	-2.73078730e-006	2.54771822e-007	
2.96529517e+001	2.59787249e-006	-2.58622353e-006	2.45742360e-007	
2.97531306e+001	2.58418519e-006	-2.57372024e-006	2.32330008e-007	
2.98533095e+001	2.60964248e-006	-2.59997760e-006	2.24388855e-007	
2.99534884e+001	2.60693649e-006	-2.59785511e-006	2.17408998e-007	
3.00536673e+001	2.50444222e-006	-2.49552082e-006	2.11202798e-007	
3.01538462e+001	2.40195033e-006	-2.39318654e-006	2.04996599e-007	
3.02540250e+001	2.29946117e-006	-2.29085225e-006	1.98790400e-007	
3.03542039e+001	2.22912116e-006	-2.22076471e-006	1.92834720e-007	
3.04543828e+001	2.19383346e-006	-2.18583607e-006	1.87152183e-007	
3.05545617e+001	2.15854905e-006	-2.15090743e-006	1.81469645e-007	
3.06547406e+001	2.18711520e-006	-2.18006728e-006	1.75441032e-007	
3.07549195e+001	2.24109780e-006	-2.23469581e-006	1.69274888e-007	
3.08550984e+001	2.29568801e-006	-2.28988273e-006	1.63157893e-007	
3.09552773e+001	2.35228560e-006	-2.34702612e-006	1.57213099e-007	
3.10554562e+001	2.34574941e-006	-2.34075107e-006	1.53051378e-007	
3.11556351e+001	2.33381536e-006	-2.32905143e-006	1.49042175e-007	
3.12558140e+001	2.32188585e-006	-2.31735179e-006	1.45032972e-007	
3.13559928e+001	2.30996094e-006	-2.30565215e-006	1.41023769e-007	
3.14561717e+001	2.29804071e-006	-2.29395250e-006	1.37014566e-007	
3.15563506e+001	2.30028309e-006	-2.29644698e-006	1.32791427e-007	
3.16565295e+001	2.29129596e-006	-2.28767129e-006	1.28830407e-007	
3.17567084e+001	2.27743476e-006	-2.27400405e-006	1.24958614e-007	
3.18568873e+001	2.26357781e-006	-2.26033681e-006	1.21086821e-007	
3.19570662e+001	2.24972521e-006	-2.24666957e-006	1.17215029e-007	
3.20572451e+001	2.23772948e-006	-2.23485555e-006	1.13375004e-007	
3.21574240e+001	2.23695150e-006	-2.23425870e-006	1.09727270e-007	
3.22576029e+001	2.22168498e-006	-2.21911793e-006	1.06769559e-007	
3.23577818e+001	2.20620157e-006	-2.20375732e-006	1.03822279e-007	
3.24579606e+001	2.19072040e-006	-2.18839670e-006	1.00874999e-007	
3.25581395e+001	2.17524152e-006	-2.17303609e-006	9.79277191e-008	
3.26583184e+001	2.16021633e-006	-2.15812975e-006	9.49241177e-008	
3.27584973e+001	2.13602901e-006	-2.13405437e-006	9.18251269e-008	
3.28586762e+001	2.11184367e-006	-2.10997900e-006	8.87261361e-008	
3.29588551e+001	2.08766040e-006	-2.08590362e-006	8.56271453e-008	
3.30590340e+001	2.07125728e-006	-2.06959034e-006	8.30816355e-008	
3.31592129e+001	2.06358282e-006	-2.06198426e-006	8.12095612e-008	
3.32593918e+001	2.05397437e-006	-2.05244359e-006	7.92846001e-008	
3.33595707e+001	2.04436710e-006	-2.04290292e-006	7.73596391e-008	
3.34597496e+001	2.03304549e-006	-2.03165142e-006	7.52761640e-008	
3.35599284e+001	2.01616924e-006	-2.01485884e-006	7.26792885e-008	
3.36601073e+001	1.99539279e-006	-1.99415765e-006	7.01970614e-008	
3.37602862e+001	1.96641210e-006	-1.96523752e-006	6.79559146e-008	
3.38604651e+001	1.93838351e-006	-1.93726783e-006	6.57568955e-008	
3.39606440e+001	1.91769190e-006	-1.91662757e-006	6.38827511e-008	
3.40608229e+001	1.90183990e-006	-1.90082658e-006	6.20752196e-008	
3.41610018e+001	1.88659282e-006	-1.88562968e-006	6.02760035e-008	
3.42611807e+001	1.86149503e-006	-1.86057942e-006	5.83778034e-008	
3.43613596e+001	1.83559237e-006	-1.83472277e-006	5.64951420e-008	
3.44615385e+001	1.81783563e-006	-1.81700293e-006	5.50160201e-008	
3.45617174e+001	1.80007939e-006	-1.79928308e-006	5.35368981e-008	
3.46618962e+001	1.78491231e-006	-1.78415071e-006	5.21363600e-008	
3.47620751e+001	1.77063618e-006	-1.76990843e-006	5.07607569e-008	
3.48622540e+001	1.75805226e-006	-1.75736023e-006	4.93230933e-008	
3.49624329e+001	1.74546901e-006	-1.74481204e-006	4.78854296e-008	
3.50626118e+001	1.72309831e-006	-1.72247679e-006	4.62762907e-008	
3.51627907e+001	1.69743041e-006	-1.69684304e-006	4.46508174e-008	
3.52629696e+001	1.67504110e-006	-1.67448400e-006	4.31973197e-008	
3.53631485e+001	1.65690487e-006	-1.65637331e-006	4.19669289e-008	
3.54633274e+001	1.63876901e-006	-1.63826262e-006	4.07365381e-008	
3.55635063e+001	1.62218233e-006	-1.62169883e-006	3.96031833e-008	
3.56636852e+001	1.60217970e-006	-1.60171962e-006	3.83933741e-008	
3.57638640e+001	1.57914238e-006	-1.57870616e-006	3.71148989e-008	
3.58640429e+001	1.55610540e-006	-1.55569269e-006	3.58364237e-008	
3.59642218e+001	1.53421254e-006	-1.53382201e-006	3.46143106e-008	
3.60644007e+001	1.51918299e-006	-1.51880848e-006	3.37303929e-008	
3.61645796e+001	1.50398888e-006	-1.50362957e-006	3.28733941e-008	
3.62647585e+001	1.48841867e-006	-1.48807297e-006	3.20778736e-008	
3.63649374e+001	1.47284861e-006	-1.47251636e-006	3.12823531e-008	
3.64651163e+001	1.45727869e-006	-1.45695976e-006	3.04868326e-008	
3.65652952e+001	1.44170893e-006	-1.44140316e-006	2.96913120e-008	
3.66654741e+001	1.42613932e-006	-1.42584655e-006	2.88957915e-008	
3.67656530e+001	1.40964247e-006	-1.40936238e-006	2.80996547e-008	
3.68658318e+001	1.39065507e-006	-1.39038585e-006	2.73623689e-008	
3.69660107e+001	1.37408449e-006	-1.37382531e-006	2.66872131e-008	
3.70661896e+001	1.35751401e-006	-1.35726477e-006	2.60120573e-008	
3.71663685e+001	1.34094362e-006	-1.34070423e-006	2.53369015e-008	
3.72665474e+001	1.32437332e-006	-1.32414368e-006	2.46617457e-008	
3.73667263e+001	1.31492923e-006	-1.31470690e-006	2.41797089e-008	
3.74669052e+001	1.30590457e-006	-1.30568948e-006	2.37005031e-008	
3.75670841e+001	1.29519630e-006	-1.29498900e-006	2.31725404e-008	
3.76672630e+001	1.28448813e-006	-1.28428851e-006	2.26445777e-008	
3.77674419e+001	1.27378004e-006	-1.27358803e-006	2.21166151e-008	
3.78676208e+001	1.26307205e-006	-1.26288754e-006	2.15886524e-008	
3.79677996e+001	1.25019550e-006	-1.25001922e-006	2.09935041e-008	
3.80679785e+001	1.23605764e-006	-1.23588864e-006	2.04397067e-008	
3.81681574e+001	1.22145210e-006	-1.22129058e-006	1.98632419e-008	
3.82683363e+001	1.20656742e-006	-1.20641351e-006	1.92713828e-008	
3.83685152e+001	1.19669947e-006	-1.19655173e-006	1.88036263e-008	
3.84686941e+001	1.19015722e-006	-1.19001505e-006	1.83952845e-008	
3.85688730e+001	1.18307955e-006	-1.18294344e-006	1.79452615e-008	
3.86690519e+001	1.17600198e-006	-1.17587183e-006	1.74952385e-008	
3.87692308e+001	1.16917465e-006	-1.16904971e-006	1.70917717e-008	
3.88694097e+001	1.16259801e-006	-1.16247759e-006	1.67323517e-008	
3.89695886e+001	1.15733905e-006	-1.15722320e-006	1.63749734e-008	
3.90697674e+001	1.15208017e-006	-1.15196882e-006	1.60175950e-008	
3.91699463e+001	1.14682135e-006	-1.14671443e-006	1.56602166e-008	
3.92701252e+001	1.14156261e-006	-1.14146004e-006	1.53028383e-008	
3.93703041e+001	1.13630394e-006	-1.13620565e-006	1.49454599e-008	
3.94704830e+001	1.12903899e-006	-1.12894459e-006	1.45993388e-008	
3.95706619e+001	1.12122238e-006	-1.12113178e-006	1.42539821e-008	
3.96708408e+001	1.11340584e-006	-1.11331896e-006	1.39086254e-008	
3.97710197e+001	1.10558934e-006	-1.10550614e-006	1.35632687e-008	
3.98711986e+001	1.09777291e-006	-1.09769333e-006	1.32179120e-008	
3.99713775e+001	1.09360521e-006	-1.09352894e-006	1.29157833e-008	
4.00715564e+001	1.08955426e-006	-1.08948123e-006	1.26150371e-008	
4.01717352e+001	1.08550338e-006	-1.08543352e-006	1.23142909e-008	
4.02719141e+001	1.08145255e-006	-1.08138582e-006	1.20135447e-008	
4.03720930e+001	1.07872901e-006	-1.07866566e-006	1.16911652e-008	
4.04722719e+001	1.07988799e-006	-1.07982743e-006	1.14359532e-008	
4.05724508e+001	1.08310288e-006	-1.08304474e-006	1.12217627e-008	
4.06726297e+001	1.08571229e-006	-1.08565634e-006	1.10225085e-008	
4.07728086e+001	1.08797293e-006	-1.08791901e-006	1.08318583e-008	
4.08729875e+001	1.08653292e-006	-1.08648116e-006	1.06047214e-008	
4.09731664e+001	1.08402884e-006	-1.08397927e-006	1.03670930e-008	
4.10733453e+001	1.08161573e-006	-1.08156827e-006	1.01328106e-008	
4.11735242e+001	1.08088379e-006	-1.08083789e-006	9.96039146e-009	
4.12737030e+001	1.08015187e-006	-1.08010752e-006	9.78797236e-009	
4.13738819e+001	1.08316076e-006	-1.08311813e-006	9.60903506e-009	
4.14740608e+001	1.08626886e-006	-1.08622793e-006	9.42992496e-009	
4.15742397e+001	1.09287022e-006	-1.09283055e-006	9.31145755e-009	
4.16744186e+001	1.09976435e-006	-1.09972588e-006	9.19807218e-009	
4.17745975e+001	1.10665851e-006	-1.10662122e-006	9.08468682e-009	
4.18747764e+001	1.11355269e-006	-1.11351655e-006	8.97130145e-009	
4.19749553e+001	1.12209253e-006	-1.12205756e-006	8.85773467e-009	
4.20751342e+001	1.12882328e-006	-1.12878881e-006	8.82141318e-009	
4.21753131e+001	1.13555405e-006	-1.13552006e-006	8.78509169e-009	
4.22754919e+001	1.14228482e-006	-1.14225131e-006	8.74877020e-009	
4.23756708e+001	1.14901560e-006	-1.14898256e-006	8.71244872e-009	
4.24758497e+001	1.15462033e-006	-1.15458780e-006	8.66692393e-009	
4.25760286e+001	1.15964068e-006	-1.15960848e-006	8.64240421e-009	
4.26762075e+001	1.16328998e-006	-1.16325786e-006	8.64375941e-009	
4.27763864e+001	1.16693927e-006	-1.16690725e-006	8.64511461e-009	
4.28765653e+001	1.17058857e-006	-1.17055664e-006	8.64646981e-009	
4.29767442e+001	1.17423787e-006	-1.17420603e-006	8.64782500e-009	
4.30769231e+001	1.17265530e-006	-1.17262316e-006	8.68125023e-009	
4.31771020e+001	1.16528007e-006	-1.16524722e-006	8.75018296e-009	
4.32772809e+001	1.17111854e-006	-1.17108631e-006	8.68916076e-009	
4.33774597e+001	1.17983183e-006	-1.17980048e-006	8.59986523e-009	
4.34776386e+001	1.18414369e-006	-1.18411226e-006	8.62675866e-009	
4.35778175e+001	1.18588794e-006	-1.18585587e-006	8.72143183e-009	
4.36779964e+001	1.18749285e-006	-1.18746051e-006	8.76416409e-009	
4.37781753e+001	1.18857876e-006	-1.18854755e-006	8.61343850e-009	
4.38783542e+001	1.18966470e-006	-1.18963460e-006	8.46271291e-009	
4.39785331e+001	1.18565831e-006	-1.18562749e-006	8.54880179e-009	
4.40787120e+001	1.16650883e-006	-1.16647486e-006	8.90181744e-009	
4.41788909e+001	1.15481742e-006	-1.15478454e-006	8.71359318e-009	
4.42790698e+001	1.10578033e-006	-1.10572181e-006	1.13761813e-008	
4.43792487e+001	1.04394909e-006	-1.04384669e-006	1.46215525e-008	
4.44794275e+001	9.59163673e-007	-9.58932470e-007	2.10587494e-008	
4.45796064e+001	8.43254154e-007	-8.42651513e-007	3.18746829e-008	
4.46797853e+001	7.27600689e-007	-7.26679961e-007	3.65923000e-008	
4.47799642e+001	5.81314023e-007	-5.79766185e-007	4.23929734e-008	
4.48801431e+001	4.66635739e-007	-4.65037374e-007	3.85895559e-008	
4.49803220e+001	3.70337763e-007	-3.68661419e-007	3.51968332e-008	
4.50805009e+001	2.91735910e-007	-2.90051082e-007	3.13083213e-008	
4.51806798e+001	2.23286602e-007	-2.21792098e-007	2.57909289e-008	
4.52808587e+001	1.94200693e-007	-1.92867621e-007	2.27154093e-008	
4.53810376e+001	1.64212024e-007	-1.63011799e-007	1.98177243e-008	
4.54812165e+001	1.40255089e-007	-1.39218697e-007	1.70189428e-008	
4.55813953e+001	1.27143278e-007	-1.26314980e-007	1.44892754e-008	
4.56815742e+001	1.07985986e-007	-1.07298595e-007	1.21648971e-008	
4.57817531e+001	1.01289635e-007	-1.00786660e-007	1.00816364e-008	
4.58819320e+001	9.40425568e-008	-9.36395899e-008	8.69653345e-009	
4.59821109e+001	9.01249822e-008	-8.97855216e-008	7.81489218e-009	
4.60822898e+001	8.64688675e-008	-8.61635242e-008	7.26031285e-009	
4.61824687e+001	8.26703461e-008	-8.23736989e-008	6.99713167e-009	
4.62826476e+001	7.54808246e-008	-7.52005740e-008	6.49835026e-009	
4.63828265e+001	6.80492445e-008	-6.77734077e-008	6.12085690e-009	
4.64830054e+001	6.16770064e-008	-6.14149498e-008	5.67952969e-009	
4.65831843e+001	5.92711748e-008	-5.90741787e-008	4.82841298e-009	
4.66833631e+001	5.85178421e-008	-5.83914365e-008	3.84421435e-009	
4.67835420e+001	5.96371573e-008	-5.95763990e-008	2.69132054e-009	
4.68837209e+001	6.65089399e-008	-6.65061566e-008	6.08455884e-010	
4.69838998e+001	8.85941096e-008	-8.83216834e-008	-6.94236918e-009	
4.70840787e+001	6.59849808e-008	-6.46842498e-008	1.30370823e-008	
4.71842576e+001	1.53955261e-008	-8.36234534e-009	1.29264614e-008	
4.72844365e+001	4.74589515e-009	-2.16983543e-009	4.22082160e-009	
4.73846154e+001	2.96446744e-009	-2.20321694e-009	1.98340673e-009	
4.74847943e+001	1.68292188e-009	-4.69207155e-010	1.61619018e-009	
4.75849732e+001	1.67107755e-009	-1.43418209e-009	8.57684044e-010	
4.76851521e+001	6.90067562e-010	-5.72837763e-010	3.84772839e-010	
4.77853309e+001	1.71338079e-010	-1.68086352e-011	1.70511604e-010	
4.78855098e+001	2.12975849e-010	1.13968476e-010	-1.79916366e-010	
4.79856887e+001	7.76409366e-010	3.82748962e-010	-6.75510722e-010	
4.80858676e+001	1.02679170e-009	8.59090380e-010	-5.62374361e-010	
4.81860465e+001	1.18650231e-009	5.48884167e-011	-1.18523204e-009	
4.82862254e+001	2.04863717e-009	1.54637496e-009	-1.34374058e-009	
4.83864043e+001	2.78161311e-009	2.24402461e-009	-1.64369251e-009	
4.84865832e+001	3.92925293e-009	2.11431554e-009	-3.31190253e-009	
4.85867621e+001	5.55974148e-009	4.04188574e-009	-3.81757580e-009	
4.86869410e+001	7.53380203e-009	5.76391241e-009	-4.85133865e-009	
4.87871199e+001	9.76770815e-009	5.05446536e-009	-8.35825953e-009	
4.88872987e+001	1.55820064e-008	9.63503123e-009	-1.22460237e-008	
4.89874776e+001	2.29671238e-008	1.02021689e-008	-2.05767958e-008	
4.90876565e+001	1.02820376e-007	6.79563818e-008	-7.71619066e-008	
4.91878354e+001	4.27933867e-007	4.27917526e-007	3.73976230e-009	
4.92880143e+001	4.40534530e-007	4.40131698e-007	1.88350966e-008	
4.93881932e+001	4.06366811e-007	4.06300225e-007	7.35611991e-009	
4.94883721e+001	3.84300968e-007	3.84299549e-007	1.04422866e-009	
4.95885510e+001	3.70762742e-007	3.70757668e-007	-1.93964179e-009	
4.96887299e+001	3.64072731e-007	3.64061563e-007	-2.85167256e-009	
4.97889088e+001	3.58877090e-007	3.58862721e-007	-3.21135278e-009	
4.98890877e+001	3.53681908e-007	3.53663879e-007	-3.57103300e-009	
4.99892665e+001	3.52048372e-007	3.52028292e-007	-3.76003785e-009	
5.00894454e+001	3.41122420e-007	3.41102819e-007	-3.65683804e-009	
5.01896243e+001	3.30196468e-007	3.30177345e-007	-3.55363823e-009	
5.02898032e+001	3.22121422e-007	3.22103144e-007	-3.43150895e-009	
5.03899821e+001	3.16674282e-007	3.16657171e-007	-3.29193097e-009	
5.04901610e+001	3.09979860e-007	3.09964177e-007	-3.11812640e-009	
5.05903399e+001	3.01159751e-007	3.01145923e-007	-2.88599055e-009	
5.06905188e+001	2.93046662e-007	2.93034468e-007	-2.67330677e-009	
5.07906977e+001	2.85810653e-007	2.85799852e-007	-2.48475478e-009	
5.08908766e+001	2.77884498e-007	2.77874903e-007	-2.30919929e-009	
5.09910555e+001	2.69364823e-007	2.69356284e-007	-2.14482049e-009	
5.10912343e+001	2.60845183e-007	2.60837664e-007	-1.98044168e-009	
5.11914132e+001	2.52325581e-007	2.52319045e-007	-1.81606288e-009	
5.12915921e+001	2.43386727e-007	2.43381149e-007	-1.64770201e-009	
5.13917710e+001	2.36859039e-007	2.36854166e-007	-1.51933410e-009	
5.14919499e+001	2.30443478e-007	2.30439278e-007	-1.39127915e-009	
5.15921288e+001	2.24027951e-007	2.24024390e-007	-1.26322419e-009	
5.16923077e+001	2.17612463e-007	2.17609502e-007	-1.13516923e-009	
5.17924866e+001	2.09363896e-007	2.09361396e-007	-1.02308474e-009	
5.18926655e+001	2.00675175e-007	2.00673090e-007	-9.14835151e-010	
5.19928444e+001	1.91986478e-007	1.91984784e-007	-8.06585563e-010	
5.20930233e+001	1.83915961e-007	1.83914589e-007	-7.10589718e-010	
5.21932021e+001	1.76871403e-007	1.76870263e-007	-6.34931237e-010	
5.22933810e+001	1.70647048e-007	1.70646073e-007	-5.77004731e-010	
5.23935599e+001	1.64491829e-007	1.64491005e-007	-5.20572723e-010	
5.24937388e+001	1.58336618e-007	1.58335938e-007	-4.64140715e-010	
5.25939177e+001	1.52188419e-007	1.52187873e-007	-4.07751590e-010	
5.26940966e+001	1.47536331e-007	1.47535890e-007	-3.60524717e-010	
5.27942755e+001	1.42347874e-007	1.42347525e-007	-3.15156912e-010	
5.28944544e+001	1.36451546e-007	1.36451275e-007	-2.72242590e-010	
5.29946333e+001	1.30555226e-007	1.30555025e-007	-2.29328267e-010	
5.30948122e+001	1.24627533e-007	1.24627395e-007	-1.85264179e-010	
5.31949911e+001	1.18630811e-007	1.18630729e-007	-1.39034528e-010	
5.32951699e+001	1.13311955e-007	1.13311886e-007	-1.25433145e-010	
5.33953488e+001	1.08427146e-007	1.08427088e-007	-1.11576970e-010	
5.34955277e+001	1.03515798e-007	1.03515753e-007	-9.63255933e-011	
5.35957066e+001	9.86044504e-008	9.86044171e-008	-8.10742165e-011	
5.36958855e+001	9.36931046e-008	9.36930815e-008	-6.58228397e-011	
5.37960644e+001	8.87817603e-008	8.87817459e-008	-5.05714628e-011	
5.38962433e+001	8.40367842e-008	8.40367772e-008	-3.42901813e-011	
5.39964222e+001	7.97547380e-008	7.97547366e-008	-1.51431150e-011	
5.40966011e+001	7.49418597e-008	7.49418597e-008	6.51993020e-013	
5.41967800e+001	6.96555789e-008	6.96555776e-008	1.34577907e-011	
5.42969589e+001	6.43693009e-008	6.43692955e-008	2.62635885e-011	
5.43971377e+001	5.93167991e-008	5.93167877e-008	3.67316819e-011	
5.44973166e+001	5.48792057e-008	5.48791903e-008	4.10507725e-011	
5.45974955e+001	5.09558457e-008	5.09558312e-008	3.85156486e-011	
5.46976744e+001	4.70668606e-008	4.70668472e-008	3.55223439e-011	
5.47978533e+001	4.33828803e-008	4.33828661e-008	3.51135149e-011	
5.48980322e+001	3.98033243e-008	3.98033080e-008	3.60211490e-011	
5.49982111e+001	3.61365990e-008	3.61365830e-008	3.39555732e-011	
5.50983900e+001	3.24283947e-008	3.24283804e-008	3.04752238e-011	
5.51985689e+001	2.87201904e-008	2.87201777e-008	2.69948745e-011	
5.52987478e+001	2.50427616e-008	2.50427502e-008	2.39741284e-011	
5.53989267e+001	2.15936312e-008	2.15936174e-008	2.43627968e-011	
5.54991055e+001	1.71625846e-008	1.71625712e-008	2.14659031e-011	
5.55992844e+001	1.31924308e-008	1.31924195e-008	1.72733156e-011	
5.56994633e+001	9.40091580e-009	9.40090750e-009	1.24957390e-011	
5.57996422e+001	5.99731675e-009	5.99731191e-009	7.61623415e-012	
5.58998211e+001	3.28064381e-009	3.28064123e-009	4.10754585e-012	
5.60000000e+001	2.79647239e-010	2.79647179e-010	1.83235021e-013	
