% Column 0: Length, cm
% Column 1: |B.t|, Tesla
% Column 2: Re[B.t], Tesla
% Column 3: Im[B.t], Tesla
0.00000000e+000	1.79355844e-005	-1.79355685e-005	2.38546985e-008	
1.00178891e-001	1.79383000e-005	-1.79382841e-005	2.38560580e-008	
2.00357782e-001	1.79480796e-005	-1.79480637e-005	2.38610382e-008	
3.00536673e-001	1.79610742e-005	-1.79610583e-005	2.38676550e-008	
4.00715564e-001	1.79752320e-005	-1.79752161e-005	2.38748617e-008	
5.00894454e-001	1.79936733e-005	-1.79936574e-005	2.38842286e-008	
6.01073345e-001	1.80183978e-005	-1.80183819e-005	2.38967644e-008	
7.01252236e-001	1.80458746e-005	-1.80458587e-005	2.39106535e-008	
8.01431127e-001	1.80828075e-005	-1.80827916e-005	2.39291919e-008	
9.01610018e-001	1.81205769e-005	-1.81205611e-005	2.39481318e-008	
1.00178891e+000	1.81758898e-005	-1.81758739e-005	2.39754910e-008	
1.10196780e+000	1.82312026e-005	-1.82311868e-005	2.40028501e-008	
1.20214669e+000	1.82865155e-005	-1.82864997e-005	2.40302093e-008	
1.30232558e+000	1.83418284e-005	-1.83418126e-005	2.40575684e-008	
1.40250447e+000	1.84087295e-005	-1.84087137e-005	2.40900964e-008	
1.50268336e+000	1.84809431e-005	-1.84809273e-005	2.41249939e-008	
1.60286225e+000	1.85531566e-005	-1.85531409e-005	2.41598914e-008	
1.70304114e+000	1.86253701e-005	-1.86253544e-005	2.41947889e-008	
1.80322004e+000	1.87001796e-005	-1.87001639e-005	2.42305567e-008	
1.90339893e+000	1.87803606e-005	-1.87803450e-005	2.42681255e-008	
2.00357782e+000	1.88605417e-005	-1.88605261e-005	2.43056942e-008	
2.10375671e+000	1.89407228e-005	-1.89407071e-005	2.43432630e-008	
2.20393560e+000	1.90209039e-005	-1.90208882e-005	2.43808318e-008	
2.30411449e+000	1.91216087e-005	-1.91215931e-005	2.44257389e-008	
2.40429338e+000	1.92230366e-005	-1.92230210e-005	2.44709044e-008	
2.50447227e+000	1.93244644e-005	-1.93244489e-005	2.45160700e-008	
2.60465116e+000	1.94258923e-005	-1.94258768e-005	2.45612356e-008	
2.70483005e+000	1.95104542e-005	-1.95104386e-005	2.45983615e-008	
2.80500894e+000	1.95840551e-005	-1.95840396e-005	2.46302627e-008	
2.90518784e+000	1.96576561e-005	-1.96576406e-005	2.46621639e-008	
3.00536673e+000	1.97312570e-005	-1.97312416e-005	2.46940651e-008	
3.10554562e+000	1.98165033e-005	-1.98164879e-005	2.47300761e-008	
3.20572451e+000	1.99373918e-005	-1.99373764e-005	2.47786656e-008	
3.30590340e+000	2.00582802e-005	-2.00582649e-005	2.48272551e-008	
3.40608229e+000	2.01791687e-005	-2.01791534e-005	2.48758446e-008	
3.50626118e+000	2.03000571e-005	-2.03000418e-005	2.49244341e-008	
3.60644007e+000	2.04831055e-005	-2.04830903e-005	2.49932813e-008	
3.70661896e+000	2.06741190e-005	-2.06741038e-005	2.50647242e-008	
3.80679785e+000	2.08651324e-005	-2.08651173e-005	2.51361672e-008	
3.90697674e+000	2.10561459e-005	-2.10561308e-005	2.52076101e-008	
4.00715564e+000	2.12858198e-005	-2.12858048e-005	2.52868226e-008	
4.10733453e+000	2.15502543e-005	-2.15502393e-005	2.53730209e-008	
4.20751342e+000	2.18146888e-005	-2.18146739e-005	2.54592193e-008	
4.30769231e+000	2.20791233e-005	-2.20791085e-005	2.55454176e-008	
4.40787120e+000	2.23422765e-005	-2.23422618e-005	2.56296689e-008	
4.50805009e+000	2.25990297e-005	-2.25990151e-005	2.57041895e-008	
4.60822898e+000	2.28557830e-005	-2.28557684e-005	2.57787100e-008	
4.70840787e+000	2.31125362e-005	-2.31125217e-005	2.58532305e-008	
4.80858676e+000	2.33692894e-005	-2.33692750e-005	2.59277511e-008	
4.90876565e+000	2.36088839e-005	-2.36088696e-005	2.59860639e-008	
5.00894454e+000	2.38443709e-005	-2.38443567e-005	2.60404970e-008	
5.10912343e+000	2.40798580e-005	-2.40798438e-005	2.60949301e-008	
5.20930233e+000	2.43153450e-005	-2.43153309e-005	2.61493632e-008	
5.30948122e+000	2.45628646e-005	-2.45628507e-005	2.61990193e-008	
5.40966011e+000	2.48252693e-005	-2.48252555e-005	2.62427658e-008	
5.50983900e+000	2.50876741e-005	-2.50876603e-005	2.62865123e-008	
5.61001789e+000	2.53500788e-005	-2.53500651e-005	2.63302588e-008	
5.71019678e+000	2.56124835e-005	-2.56124699e-005	2.63740053e-008	
5.81037567e+000	2.58748882e-005	-2.58748747e-005	2.64177518e-008	
5.91055456e+000	2.61372929e-005	-2.61372795e-005	2.64614983e-008	
6.01073345e+000	2.63996976e-005	-2.63996843e-005	2.65052448e-008	
6.11091234e+000	2.66621023e-005	-2.66620891e-005	2.65489913e-008	
6.21109123e+000	2.69758306e-005	-2.69758175e-005	2.65871755e-008	
6.31127013e+000	2.73088007e-005	-2.73087877e-005	2.66232740e-008	
6.41144902e+000	2.76417708e-005	-2.76417579e-005	2.66593726e-008	
6.51162791e+000	2.79747408e-005	-2.79747281e-005	2.66954712e-008	
6.61180680e+000	2.83662957e-005	-2.83662831e-005	2.67198770e-008	
6.71198569e+000	2.88586970e-005	-2.88586847e-005	2.67241550e-008	
6.81216458e+000	2.93510984e-005	-2.93510862e-005	2.67284330e-008	
6.91234347e+000	2.98434997e-005	-2.98434878e-005	2.67327109e-008	
7.01252236e+000	3.03361183e-005	-3.03361065e-005	2.67365754e-008	
7.11270125e+000	3.08572350e-005	-3.08572234e-005	2.66864645e-008	
7.21288014e+000	3.13783517e-005	-3.13783404e-005	2.66363535e-008	
7.31305903e+000	3.18994684e-005	-3.18994573e-005	2.65862426e-008	
7.41323792e+000	3.24205851e-005	-3.24205743e-005	2.65361316e-008	
7.51341682e+000	3.29417018e-005	-3.29416912e-005	2.64860207e-008	
7.61359571e+000	3.34628186e-005	-3.34628081e-005	2.64359097e-008	
7.71377460e+000	3.39839353e-005	-3.39839251e-005	2.63857987e-008	
7.81395349e+000	3.45050521e-005	-3.45050420e-005	2.63356878e-008	
7.91413238e+000	3.49935736e-005	-3.49935637e-005	2.62813561e-008	
8.01431127e+000	3.54014706e-005	-3.54014609e-005	2.62165871e-008	
8.11449016e+000	3.58093676e-005	-3.58093580e-005	2.61518182e-008	
8.21466905e+000	3.62172646e-005	-3.62172552e-005	2.60870492e-008	
8.31484794e+000	3.66251616e-005	-3.66251524e-005	2.60222803e-008	
8.41502683e+000	3.72335617e-005	-3.72335527e-005	2.58474877e-008	
8.51520572e+000	3.78575042e-005	-3.78574955e-005	2.56641664e-008	
8.61538462e+000	3.84814468e-005	-3.84814384e-005	2.54808450e-008	
8.71556351e+000	3.91053894e-005	-3.91053812e-005	2.52975237e-008	
8.81574240e+000	3.99172744e-005	-3.99172666e-005	2.50258067e-008	
8.91592129e+000	4.08719833e-005	-4.08719759e-005	2.46869147e-008	
9.01610018e+000	4.18266922e-005	-4.18266851e-005	2.43480226e-008	
9.11627907e+000	4.27814011e-005	-4.27813944e-005	2.40091305e-008	
9.21645796e+000	4.36569086e-005	-4.36569022e-005	2.36899795e-008	
9.31663685e+000	4.42314883e-005	-4.42314821e-005	2.34458368e-008	
9.41681574e+000	4.48060680e-005	-4.48060620e-005	2.32016942e-008	
9.51699463e+000	4.53806477e-005	-4.53806418e-005	2.29575515e-008	
9.61717352e+000	4.59552274e-005	-4.59552217e-005	2.27134089e-008	
9.71735242e+000	4.68850014e-005	-4.68849961e-005	2.21958704e-008	
9.81753131e+000	4.78781916e-005	-4.78781867e-005	2.16295199e-008	
9.91771020e+000	4.88713818e-005	-4.88713773e-005	2.10631695e-008	
1.00178891e+001	4.98645721e-005	-4.98645678e-005	2.04968190e-008	
1.01180680e+001	5.08606012e-005	-5.08605973e-005	1.99064275e-008	
1.02182469e+001	5.18595996e-005	-5.18595960e-005	1.92908798e-008	
1.03184258e+001	5.28585979e-005	-5.28585946e-005	1.86753321e-008	
1.04186047e+001	5.38575963e-005	-5.38575933e-005	1.80597844e-008	
1.05187835e+001	5.48390681e-005	-5.48390653e-005	1.74410582e-008	
1.06189624e+001	5.57019959e-005	-5.57019934e-005	1.68008337e-008	
1.07191413e+001	5.65649237e-005	-5.65649214e-005	1.61606091e-008	
1.08193202e+001	5.74278516e-005	-5.74278495e-005	1.55203846e-008	
1.09194991e+001	5.82907794e-005	-5.82907776e-005	1.48801600e-008	
1.10196780e+001	6.00226406e-005	-6.00226391e-005	1.34098401e-008	
1.11198569e+001	6.20155842e-005	-6.20155831e-005	1.16901064e-008	
1.12200358e+001	6.40085279e-005	-6.40085271e-005	9.97037274e-009	
1.13202147e+001	6.60014716e-005	-6.60014711e-005	8.25063905e-009	
1.14203936e+001	6.78336927e-005	-6.78336924e-005	6.60470897e-009	
1.15205725e+001	6.94337852e-005	-6.94337850e-005	5.06536798e-009	
1.16207513e+001	7.10338778e-005	-7.10338777e-005	3.52602699e-009	
1.17209302e+001	7.26339703e-005	-7.26339703e-005	1.98668600e-009	
1.18211091e+001	7.42084670e-005	-7.42084670e-005	4.66577926e-010	
1.19212880e+001	7.52888485e-005	-7.52888485e-005	-6.82250039e-010	
1.20214669e+001	7.63692300e-005	-7.63692300e-005	-1.83107801e-009	
1.21216458e+001	7.74496116e-005	-7.74496115e-005	-2.97990597e-009	
1.22218247e+001	7.85299931e-005	-7.85299930e-005	-4.12873394e-009	
1.23220036e+001	8.02529037e-005	-8.02529035e-005	-6.06565567e-009	
1.24221825e+001	8.22652900e-005	-8.22652896e-005	-8.35763466e-009	
1.25223614e+001	8.42776764e-005	-8.42776758e-005	-1.06496136e-008	
1.26225403e+001	8.62900629e-005	-8.62900619e-005	-1.29415926e-008	
1.27227191e+001	8.84535061e-005	-8.84535047e-005	-1.55005199e-008	
1.28228980e+001	9.09242699e-005	-9.09242680e-005	-1.86025412e-008	
1.29230769e+001	9.33950339e-005	-9.33950313e-005	-2.17045625e-008	
1.30232558e+001	9.58657978e-005	-9.58657946e-005	-2.48065837e-008	
1.31234347e+001	9.83365619e-005	-9.83365579e-005	-2.79086050e-008	
1.32236136e+001	1.01069646e-004	-1.01069641e-004	-3.15864277e-008	
1.33237925e+001	1.03810928e-004	-1.03810922e-004	-3.52822426e-008	
1.34239714e+001	1.06552210e-004	-1.06552203e-004	-3.89780575e-008	
1.35241503e+001	1.09293492e-004	-1.09293484e-004	-4.26738724e-008	
1.36243292e+001	1.11978994e-004	-1.11978985e-004	-4.63864825e-008	
1.37245081e+001	1.14628806e-004	-1.14628795e-004	-5.01098287e-008	
1.38246869e+001	1.17278617e-004	-1.17278605e-004	-5.38331749e-008	
1.39248658e+001	1.19928429e-004	-1.19928415e-004	-5.75565211e-008	
1.40250447e+001	1.22797436e-004	-1.22797420e-004	-6.16350713e-008	
1.41252236e+001	1.26324034e-004	-1.26324016e-004	-6.67792447e-008	
1.42254025e+001	1.29850633e-004	-1.29850613e-004	-7.19234181e-008	
1.43255814e+001	1.33377231e-004	-1.33377209e-004	-7.70675916e-008	
1.44257603e+001	1.36903830e-004	-1.36903805e-004	-8.22117650e-008	
1.45259392e+001	1.39606107e-004	-1.39606080e-004	-8.61933672e-008	
1.46261181e+001	1.42206653e-004	-1.42206624e-004	-9.00314931e-008	
1.47262970e+001	1.44807199e-004	-1.44807168e-004	-9.38696189e-008	
1.48264758e+001	1.47407745e-004	-1.47407712e-004	-9.77077447e-008	
1.49266547e+001	1.50827920e-004	-1.50827885e-004	-1.02679090e-007	
1.50268336e+001	1.54974055e-004	-1.54974017e-004	-1.08654150e-007	
1.51270125e+001	1.59120190e-004	-1.59120149e-004	-1.14629209e-007	
1.52271914e+001	1.63266326e-004	-1.63266281e-004	-1.20604268e-007	
1.53273703e+001	1.67826415e-004	-1.67826367e-004	-1.27033869e-007	
1.54275492e+001	1.74401212e-004	-1.74401160e-004	-1.35675712e-007	
1.55277281e+001	1.80976010e-004	-1.80975952e-004	-1.44317554e-007	
1.56279070e+001	1.87550807e-004	-1.87550744e-004	-1.52959397e-007	
1.57280859e+001	1.94125604e-004	-1.94125537e-004	-1.61601239e-007	
1.58282648e+001	1.99402722e-004	-1.99402651e-004	-1.67723829e-007	
1.59284436e+001	2.04376627e-004	-2.04376554e-004	-1.73257771e-007	
1.60286225e+001	2.09350533e-004	-2.09350456e-004	-1.78791712e-007	
1.61288014e+001	2.14324438e-004	-2.14324359e-004	-1.84325654e-007	
1.62289803e+001	2.19298344e-004	-2.19298262e-004	-1.89859596e-007	
1.63291592e+001	2.24272249e-004	-2.24272164e-004	-1.95393538e-007	
1.64293381e+001	2.29246155e-004	-2.29246067e-004	-2.00927480e-007	
1.65295170e+001	2.34220061e-004	-2.34219970e-004	-2.06461422e-007	
1.66296959e+001	2.39452237e-004	-2.39452143e-004	-2.11973917e-007	
1.67298748e+001	2.47267354e-004	-2.47267258e-004	-2.17271859e-007	
1.68300537e+001	2.55082471e-004	-2.55082374e-004	-2.22569800e-007	
1.69302326e+001	2.62897588e-004	-2.62897489e-004	-2.27867742e-007	
1.70304114e+001	2.70712705e-004	-2.70712604e-004	-2.33165683e-007	
1.71305903e+001	2.79826566e-004	-2.79826467e-004	-2.35965309e-007	
1.72307692e+001	2.89418278e-004	-2.89418181e-004	-2.37845792e-007	
1.73309481e+001	2.99009991e-004	-2.99009895e-004	-2.39726275e-007	
1.74311270e+001	3.08601703e-004	-3.08601608e-004	-2.41606758e-007	
1.75313059e+001	3.17274268e-004	-3.17274176e-004	-2.40766040e-007	
1.76314848e+001	3.24389768e-004	-3.24389683e-004	-2.35315564e-007	
1.77316637e+001	3.31505268e-004	-3.31505189e-004	-2.29865088e-007	
1.78318426e+001	3.38620769e-004	-3.38620695e-004	-2.24414612e-007	
1.79320215e+001	3.45736270e-004	-3.45736201e-004	-2.18964135e-007	
1.80322004e+001	3.52851772e-004	-3.52851707e-004	-2.13513659e-007	
1.81323792e+001	3.59967273e-004	-3.59967213e-004	-2.08063183e-007	
1.82325581e+001	3.67082775e-004	-3.67082719e-004	-2.02612707e-007	
1.83327370e+001	3.74198277e-004	-3.74198225e-004	-1.97162230e-007	
1.84329159e+001	3.82734297e-004	-3.82734252e-004	-1.84697447e-007	
1.85330948e+001	3.92030188e-004	-3.92030152e-004	-1.68480502e-007	
1.86332737e+001	4.01326080e-004	-4.01326051e-004	-1.52263557e-007	
1.87334526e+001	4.10621974e-004	-4.10621951e-004	-1.36046612e-007	
1.88336315e+001	4.20101113e-004	-4.20101097e-004	-1.16644962e-007	
1.89338104e+001	4.30025381e-004	-4.30025371e-004	-8.95080329e-008	
1.90339893e+001	4.39949650e-004	-4.39949646e-004	-6.23711035e-008	
1.91341682e+001	4.49873921e-004	-4.49873920e-004	-3.52341740e-008	
1.92343470e+001	4.59798195e-004	-4.59798195e-004	-8.09724457e-009	
1.93345259e+001	4.66257271e-004	-4.66257271e-004	1.25808854e-008	
1.94347048e+001	4.72462687e-004	-4.72462686e-004	3.27861744e-008	
1.95348837e+001	4.78668104e-004	-4.78668101e-004	5.29914634e-008	
1.96350626e+001	4.84873521e-004	-4.84873515e-004	7.31967524e-008	
1.97352415e+001	4.90695638e-004	-4.90695629e-004	9.57075899e-008	
1.98354204e+001	4.96230883e-004	-4.96230869e-004	1.19943968e-007	
1.99355993e+001	5.01766129e-004	-5.01766109e-004	1.44180346e-007	
2.00357782e+001	5.07301377e-004	-5.07301349e-004	1.68416724e-007	
2.01359571e+001	5.13161749e-004	-5.13161712e-004	1.94742588e-007	
2.02361360e+001	5.20229909e-004	-5.20229859e-004	2.28830666e-007	
2.03363148e+001	5.27298071e-004	-5.27298005e-004	2.62918745e-007	
2.04364937e+001	5.34366234e-004	-5.34366151e-004	2.97006824e-007	
2.05366726e+001	5.41434399e-004	-5.41434298e-004	3.31094902e-007	
2.06368515e+001	5.46089328e-004	-5.46089212e-004	3.56378373e-007	
2.07370304e+001	5.50325867e-004	-5.50325736e-004	3.80135351e-007	
2.08372093e+001	5.54562406e-004	-5.54562259e-004	4.03892329e-007	
2.09373882e+001	5.58798946e-004	-5.58798783e-004	4.27649306e-007	
2.10375671e+001	5.61685328e-004	-5.61685152e-004	4.44090089e-007	
2.11377460e+001	5.63179815e-004	-5.63179633e-004	4.52988516e-007	
2.12379249e+001	5.64674303e-004	-5.64674114e-004	4.61886943e-007	
2.13381038e+001	5.66168790e-004	-5.66168594e-004	4.70785370e-007	
2.14382826e+001	5.67422124e-004	-5.67421922e-004	4.78236551e-007	
2.15384615e+001	5.67097124e-004	-5.67096924e-004	4.76215610e-007	
2.16386404e+001	5.66772124e-004	-5.66771925e-004	4.74194668e-007	
2.17388193e+001	5.66447123e-004	-5.66446927e-004	4.72173727e-007	
2.18389982e+001	5.66122123e-004	-5.66121928e-004	4.70152786e-007	
2.19391771e+001	5.64351309e-004	-5.64351122e-004	4.59829540e-007	
2.20393560e+001	5.62155154e-004	-5.62154977e-004	4.47063858e-007	
2.21395349e+001	5.59959000e-004	-5.59958831e-004	4.34298175e-007	
2.22397138e+001	5.57762846e-004	-5.57762686e-004	4.21532493e-007	
2.23398927e+001	5.54108083e-004	-5.54107937e-004	4.01393283e-007	
2.24400716e+001	5.48378793e-004	-5.48378668e-004	3.70766994e-007	
2.25402504e+001	5.42649504e-004	-5.42649398e-004	3.40140704e-007	
2.26404293e+001	5.36920217e-004	-5.36920128e-004	3.09514414e-007	
2.27406082e+001	5.31214969e-004	-5.31214896e-004	2.79194331e-007	
2.28407871e+001	5.25939627e-004	-5.25939565e-004	2.54348384e-007	
2.29409660e+001	5.20664285e-004	-5.20664235e-004	2.29502437e-007	
2.30411449e+001	5.15388945e-004	-5.15388904e-004	2.04656490e-007	
2.31413238e+001	5.10113605e-004	-5.10113574e-004	1.79810543e-007	
2.32415027e+001	5.05220864e-004	-5.05220839e-004	1.58548774e-007	
2.33416816e+001	5.00497507e-004	-5.00497488e-004	1.38873793e-007	
2.34418605e+001	4.95774151e-004	-4.95774136e-004	1.19198812e-007	
2.35420394e+001	4.91050795e-004	-4.91050785e-004	9.95238307e-008	
2.36422182e+001	4.84998877e-004	-4.84998871e-004	7.66672996e-008	
2.37423971e+001	4.76289322e-004	-4.76289319e-004	4.74465346e-008	
2.38425760e+001	4.67579769e-004	-4.67579768e-004	1.82257697e-008	
2.39427549e+001	4.58870217e-004	-4.58870217e-004	-1.09949953e-008	
2.40429338e+001	4.50160667e-004	-4.50160666e-004	-4.02157602e-008	
2.41431127e+001	4.40668573e-004	-4.40668568e-004	-6.40882375e-008	
2.42432916e+001	4.31155109e-004	-4.31155100e-004	-8.78148234e-008	
2.43434705e+001	4.21641646e-004	-4.21641631e-004	-1.11541409e-007	
2.44436494e+001	4.12128185e-004	-4.12128163e-004	-1.35267995e-007	
2.45438283e+001	4.03080400e-004	-4.03080371e-004	-1.52895549e-007	
2.46440072e+001	3.94325879e-004	-3.94325844e-004	-1.66682158e-007	
2.47441860e+001	3.85571360e-004	-3.85571318e-004	-1.80468767e-007	
2.48443649e+001	3.76816841e-004	-3.76816791e-004	-1.94255376e-007	
2.49445438e+001	3.67734466e-004	-3.67734408e-004	-2.06353829e-007	
2.50447227e+001	3.57687808e-004	-3.57687744e-004	-2.13487243e-007	
2.51449016e+001	3.47641151e-004	-3.47641081e-004	-2.20620658e-007	
2.52450805e+001	3.37594494e-004	-3.37594417e-004	-2.27754073e-007	
2.53452594e+001	3.27547838e-004	-3.27547754e-004	-2.34887488e-007	
2.54454383e+001	3.18638280e-004	-3.18638192e-004	-2.37097503e-007	
2.55456172e+001	3.09863687e-004	-3.09863595e-004	-2.38723041e-007	
2.56457961e+001	3.01089095e-004	-3.01088999e-004	-2.40348580e-007	
2.57459750e+001	2.92314502e-004	-2.92314402e-004	-2.41974119e-007	
2.58461538e+001	2.85684441e-004	-2.85684339e-004	-2.41881781e-007	
2.59463327e+001	2.80925613e-004	-2.80925511e-004	-2.40290542e-007	
2.60465116e+001	2.76166786e-004	-2.76166683e-004	-2.38699303e-007	
2.61466905e+001	2.71407958e-004	-2.71407855e-004	-2.37108063e-007	
2.62468694e+001	2.66658036e-004	-2.66657932e-004	-2.35153207e-007	
2.63470483e+001	2.61950334e-004	-2.61950232e-004	-2.31474398e-007	
2.64472272e+001	2.57242633e-004	-2.57242532e-004	-2.27795589e-007	
2.65474061e+001	2.52534931e-004	-2.52534832e-004	-2.24116781e-007	
2.66475850e+001	2.47827229e-004	-2.47827131e-004	-2.20437972e-007	
2.67477639e+001	2.40958815e-004	-2.40958720e-004	-2.14071235e-007	
2.68479428e+001	2.33597769e-004	-2.33597678e-004	-2.07091659e-007	
2.69481216e+001	2.26236724e-004	-2.26236635e-004	-2.00112084e-007	
2.70483005e+001	2.18875678e-004	-2.18875593e-004	-1.93132508e-007	
2.71484794e+001	2.12581552e-004	-2.12581470e-004	-1.86566288e-007	
2.72486583e+001	2.07568053e-004	-2.07567974e-004	-1.80496234e-007	
2.73488372e+001	2.02554554e-004	-2.02554479e-004	-1.74426181e-007	
2.74490161e+001	1.97541054e-004	-1.97540983e-004	-1.68356127e-007	
2.75491950e+001	1.92454638e-004	-1.92454570e-004	-1.62144033e-007	
2.76493739e+001	1.86670638e-004	-1.86670574e-004	-1.54573053e-007	
2.77495528e+001	1.80886638e-004	-1.80886578e-004	-1.47002073e-007	
2.78497317e+001	1.75806361e-004	-1.75806305e-004	-1.40270400e-007	
2.79499106e+001	1.70798626e-004	-1.70798574e-004	-1.33445140e-007	
2.80500894e+001	1.65676194e-004	-1.65676146e-004	-1.26308102e-007	
2.81502683e+001	1.61149364e-004	-1.61149319e-004	-1.19922467e-007	
2.82504472e+001	1.55674549e-004	-1.55674508e-004	-1.12098418e-007	
2.83506261e+001	1.50770286e-004	-1.50770250e-004	-1.05025349e-007	
2.84508050e+001	1.45866024e-004	-1.45865991e-004	-9.79522799e-008	
2.85509839e+001	1.42042542e-004	-1.42042512e-004	-9.24402089e-008	
2.86511628e+001	1.38332028e-004	-1.38332000e-004	-8.70912994e-008	
2.87513417e+001	1.34621513e-004	-1.34621488e-004	-8.17423899e-008	
2.88515206e+001	1.30910999e-004	-1.30910976e-004	-7.63934804e-008	
2.89516995e+001	1.27668354e-004	-1.27668334e-004	-7.17557909e-008	
2.90518784e+001	1.24815510e-004	-1.24815491e-004	-6.77106444e-008	
2.91520572e+001	1.21962665e-004	-1.21962648e-004	-6.36654979e-008	
2.92522361e+001	1.19109820e-004	-1.19109805e-004	-5.96203514e-008	
2.93524150e+001	1.16255735e-004	-1.16255722e-004	-5.56098275e-008	
2.94525939e+001	1.13396212e-004	-1.13396200e-004	-5.17511595e-008	
2.95527728e+001	1.10536688e-004	-1.10536678e-004	-4.78924914e-008	
2.96529517e+001	1.07677165e-004	-1.07677156e-004	-4.40338234e-008	
2.97531306e+001	1.04817641e-004	-1.04817634e-004	-4.01751554e-008	
2.98533095e+001	1.02605401e-004	-1.02605395e-004	-3.73491231e-008	
2.99534884e+001	1.00529687e-004	-1.00529681e-004	-3.47408962e-008	
3.00536673e+001	9.84539729e-005	-9.84539677e-005	-3.21326692e-008	
3.01538462e+001	9.63782587e-005	-9.63782542e-005	-2.95244423e-008	
3.02540250e+001	9.43025446e-005	-9.43025408e-005	-2.69162153e-008	
3.03542039e+001	9.22268305e-005	-9.22268273e-005	-2.43079883e-008	
3.04543828e+001	9.01511165e-005	-9.01511138e-005	-2.16997614e-008	
3.05545617e+001	8.80754025e-005	-8.80754004e-005	-1.90915344e-008	
3.06547406e+001	8.59840865e-005	-8.59840849e-005	-1.65048370e-008	
3.07549195e+001	8.37613660e-005	-8.37613648e-005	-1.40995130e-008	
3.08550984e+001	8.15386455e-005	-8.15386446e-005	-1.16941891e-008	
3.09552773e+001	7.93159251e-005	-7.93159245e-005	-9.28886514e-009	
3.10554562e+001	7.70932047e-005	-7.70932044e-005	-6.88354119e-009	
3.11556351e+001	7.51518142e-005	-7.51518140e-005	-4.98511989e-009	
3.12558140e+001	7.33060758e-005	-7.33060758e-005	-3.25904673e-009	
3.13559928e+001	7.14603376e-005	-7.14603375e-005	-1.53297357e-009	
3.14561717e+001	6.96145993e-005	-6.96145993e-005	1.93099582e-010	
3.15563506e+001	6.80360428e-005	-6.80360427e-005	1.60812107e-009	
3.16565295e+001	6.68817482e-005	-6.68817482e-005	2.52922156e-009	
3.17567084e+001	6.57274537e-005	-6.57274536e-005	3.45032204e-009	
3.18568873e+001	6.45731592e-005	-6.45731591e-005	4.37142253e-009	
3.19570662e+001	6.34188647e-005	-6.34188645e-005	5.29252301e-009	
3.20572451e+001	6.22645703e-005	-6.22645699e-005	6.21362349e-009	
3.21574240e+001	6.11102758e-005	-6.11102754e-005	7.13472398e-009	
3.22576029e+001	5.99559814e-005	-5.99559808e-005	8.05582446e-009	
3.23577818e+001	5.88016870e-005	-5.88016863e-005	8.97692495e-009	
3.24579606e+001	5.75153887e-005	-5.75153879e-005	9.81450224e-009	
3.25581395e+001	5.61631062e-005	-5.61631052e-005	1.06103260e-008	
3.26583184e+001	5.48108237e-005	-5.48108225e-005	1.14061497e-008	
3.27584973e+001	5.34585412e-005	-5.34585398e-005	1.22019735e-008	
3.28586762e+001	5.21361558e-005	-5.21361542e-005	1.29391779e-008	
3.29588551e+001	5.08812851e-005	-5.08812832e-005	1.35439851e-008	
3.30590340e+001	4.96264143e-005	-4.96264123e-005	1.41487922e-008	
3.31592129e+001	4.83715436e-005	-4.83715414e-005	1.47535994e-008	
3.32593918e+001	4.71166730e-005	-4.71166705e-005	1.53584066e-008	
3.33595707e+001	4.62778942e-005	-4.62778915e-005	1.56552248e-008	
3.34597496e+001	4.54623964e-005	-4.54623936e-005	1.59348106e-008	
3.35599284e+001	4.46468987e-005	-4.46468957e-005	1.62143965e-008	
3.36601073e+001	4.38314009e-005	-4.38313978e-005	1.64939824e-008	
3.37602862e+001	4.29550563e-005	-4.29550530e-005	1.67375392e-008	
3.38604651e+001	4.20359295e-005	-4.20359261e-005	1.69557638e-008	
3.39606440e+001	4.11168028e-005	-4.11167993e-005	1.71739884e-008	
3.40608229e+001	4.01976761e-005	-4.01976724e-005	1.73922130e-008	
3.41610018e+001	3.92964801e-005	-3.92964761e-005	1.75920868e-008	
3.42611807e+001	3.84562293e-005	-3.84562252e-005	1.77295828e-008	
3.43613596e+001	3.76159785e-005	-3.76159743e-005	1.78670789e-008	
3.44615385e+001	3.67757277e-005	-3.67757233e-005	1.80045749e-008	
3.45617174e+001	3.59354770e-005	-3.59354724e-005	1.81420710e-008	
3.46618962e+001	3.52597202e-005	-3.52597155e-005	1.82207110e-008	
3.47620751e+001	3.46090962e-005	-3.46090914e-005	1.82903585e-008	
3.48622540e+001	3.39584722e-005	-3.39584673e-005	1.83600060e-008	
3.49624329e+001	3.33078482e-005	-3.33078431e-005	1.84296534e-008	
3.50626118e+001	3.27101116e-005	-3.27101064e-005	1.84807062e-008	
3.51627907e+001	3.21636782e-005	-3.21636729e-005	1.85137217e-008	
3.52629696e+001	3.16172449e-005	-3.16172394e-005	1.85467372e-008	
3.53631485e+001	3.10708115e-005	-3.10708059e-005	1.85797527e-008	
3.54633274e+001	3.05146902e-005	-3.05146846e-005	1.86105254e-008	
3.55635063e+001	2.99026918e-005	-2.99026860e-005	1.86283623e-008	
3.56636852e+001	2.92906934e-005	-2.92906875e-005	1.86461992e-008	
3.57638640e+001	2.86786950e-005	-2.86786890e-005	1.86640362e-008	
3.58640429e+001	2.80666967e-005	-2.80666904e-005	1.86818731e-008	
3.59642218e+001	2.75558671e-005	-2.75558607e-005	1.86873106e-008	
3.60644007e+001	2.70722691e-005	-2.70722627e-005	1.86894105e-008	
3.61645796e+001	2.65886712e-005	-2.65886646e-005	1.86915104e-008	
3.62647585e+001	2.61050733e-005	-2.61050666e-005	1.86936103e-008	
3.63649374e+001	2.56415090e-005	-2.56415022e-005	1.86887856e-008	
3.64651163e+001	2.52047124e-005	-2.52047054e-005	1.86747085e-008	
3.65652952e+001	2.47679157e-005	-2.47679087e-005	1.86606314e-008	
3.66654741e+001	2.43311191e-005	-2.43311119e-005	1.86465544e-008	
3.67656530e+001	2.39029883e-005	-2.39029810e-005	1.86323790e-008	
3.68658318e+001	2.35932549e-005	-2.35932476e-005	1.86168616e-008	
3.69660107e+001	2.32835215e-005	-2.32835141e-005	1.86013442e-008	
3.70661896e+001	2.29737881e-005	-2.29737806e-005	1.85858268e-008	
3.71663685e+001	2.26640547e-005	-2.26640471e-005	1.85703094e-008	
3.72665474e+001	2.23687599e-005	-2.23687522e-005	1.85448435e-008	
3.73667263e+001	2.20794096e-005	-2.20794019e-005	1.85152816e-008	
3.74669052e+001	2.17900594e-005	-2.17900516e-005	1.84857197e-008	
3.75670841e+001	2.15007092e-005	-2.15007012e-005	1.84561578e-008	
3.76672630e+001	2.11728053e-005	-2.11727973e-005	1.84186655e-008	
3.77674419e+001	2.07728309e-005	-2.07728228e-005	1.83663484e-008	
3.78676208e+001	2.03728566e-005	-2.03728484e-005	1.83140312e-008	
3.79677996e+001	1.99728823e-005	-1.99728739e-005	1.82617141e-008	
3.80679785e+001	1.95729079e-005	-1.95728995e-005	1.82093969e-008	
3.81681574e+001	1.92715655e-005	-1.92715569e-005	1.81457063e-008	
3.82683363e+001	1.89713543e-005	-1.89713457e-005	1.80818851e-008	
3.83685152e+001	1.86711432e-005	-1.86711345e-005	1.80180639e-008	
3.84686941e+001	1.83709320e-005	-1.83709233e-005	1.79542427e-008	
3.85688730e+001	1.81069488e-005	-1.81069400e-005	1.78830749e-008	
3.86690519e+001	1.78643524e-005	-1.78643435e-005	1.78075705e-008	
3.87692308e+001	1.76217560e-005	-1.76217471e-005	1.77320660e-008	
3.88694097e+001	1.73791596e-005	-1.73791506e-005	1.76565615e-008	
3.89695886e+001	1.71365632e-005	-1.71365541e-005	1.75810571e-008	
3.90697674e+001	1.68939668e-005	-1.68939577e-005	1.75055526e-008	
3.91699463e+001	1.66513703e-005	-1.66513612e-005	1.74300482e-008	
3.92701252e+001	1.64087739e-005	-1.64087648e-005	1.73545437e-008	
3.93703041e+001	1.61661775e-005	-1.61661683e-005	1.72790392e-008	
3.94704830e+001	1.59597201e-005	-1.59597109e-005	1.71924338e-008	
3.95706619e+001	1.57568762e-005	-1.57568669e-005	1.71047185e-008	
3.96708408e+001	1.55540322e-005	-1.55540229e-005	1.70170032e-008	
3.97710197e+001	1.53511883e-005	-1.53511789e-005	1.69292879e-008	
3.98711986e+001	1.51483443e-005	-1.51483350e-005	1.68415727e-008	
3.99713775e+001	1.49455004e-005	-1.49454910e-005	1.67538574e-008	
4.00715564e+001	1.47426564e-005	-1.47426470e-005	1.66661421e-008	
4.01717352e+001	1.45398125e-005	-1.45398030e-005	1.65784268e-008	
4.02719141e+001	1.43357947e-005	-1.43357852e-005	1.64856766e-008	
4.03720930e+001	1.41267533e-005	-1.41267438e-005	1.63713785e-008	
4.04722719e+001	1.39177119e-005	-1.39177024e-005	1.62570805e-008	
4.05724508e+001	1.37086705e-005	-1.37086610e-005	1.61427825e-008	
4.06726297e+001	1.34996291e-005	-1.34996196e-005	1.60284845e-008	
4.07728086e+001	1.32825681e-005	-1.32825586e-005	1.58979094e-008	
4.08729875e+001	1.30638585e-005	-1.30638490e-005	1.57639895e-008	
4.09731664e+001	1.28451489e-005	-1.28451394e-005	1.56300695e-008	
4.10733453e+001	1.26264394e-005	-1.26264299e-005	1.54961496e-008	
4.11735242e+001	1.24267545e-005	-1.24267450e-005	1.53669827e-008	
4.12737030e+001	1.22485483e-005	-1.22485388e-005	1.52431818e-008	
4.13738819e+001	1.20703422e-005	-1.20703327e-005	1.51193808e-008	
4.14740608e+001	1.18921360e-005	-1.18921266e-005	1.49955799e-008	
4.15742397e+001	1.17153927e-005	-1.17153832e-005	1.48715436e-008	
4.16744186e+001	1.15505008e-005	-1.15504914e-005	1.47455980e-008	
4.17745975e+001	1.13856089e-005	-1.13855996e-005	1.46196524e-008	
4.18747764e+001	1.12207171e-005	-1.12207077e-005	1.44937068e-008	
4.19749553e+001	1.10558252e-005	-1.10558159e-005	1.43677613e-008	
4.20751342e+001	1.09428339e-005	-1.09428246e-005	1.42785945e-008	
4.21753131e+001	1.08471431e-005	-1.08471338e-005	1.42016876e-008	
4.22754919e+001	1.07514524e-005	-1.07514431e-005	1.41247808e-008	
4.23756708e+001	1.06557616e-005	-1.06557523e-005	1.40478739e-008	
4.24758497e+001	1.05611506e-005	-1.05611414e-005	1.39695890e-008	
4.25760286e+001	1.04682276e-005	-1.04682183e-005	1.38891500e-008	
4.26762075e+001	1.03753045e-005	-1.03752953e-005	1.38087111e-008	
4.27763864e+001	1.02823814e-005	-1.02823722e-005	1.37282721e-008	
4.28765653e+001	1.01882525e-005	-1.01882433e-005	1.36466845e-008	
4.29767442e+001	1.00555395e-005	-1.00555304e-005	1.35283446e-008	
4.30769231e+001	9.92282662e-006	-9.92281756e-006	1.34100046e-008	
4.31771020e+001	9.79011370e-006	-9.79010468e-006	1.32916646e-008	
4.32772809e+001	9.65740078e-006	-9.65739180e-006	1.31733247e-008	
4.33774597e+001	9.52822908e-006	-9.52822014e-006	1.30536431e-008	
4.34776386e+001	9.40079780e-006	-9.40078890e-006	1.29333018e-008	
4.35778175e+001	9.27336651e-006	-9.27335766e-006	1.28129605e-008	
4.36779964e+001	9.14593522e-006	-9.14592641e-006	1.26926192e-008	
4.37781753e+001	9.02486231e-006	-9.02485355e-006	1.25769831e-008	
4.38783542e+001	8.91790203e-006	-8.91789330e-006	1.24717904e-008	
4.39785331e+001	8.81094174e-006	-8.81093306e-006	1.23665977e-008	
4.40787120e+001	8.70398145e-006	-8.70397281e-006	1.22614050e-008	
4.41788909e+001	8.59702116e-006	-8.59701256e-006	1.21562122e-008	
4.42790698e+001	8.50872383e-006	-8.50871527e-006	1.20656103e-008	
4.43792487e+001	8.42139333e-006	-8.42138482e-006	1.19757642e-008	
4.44794275e+001	8.33406284e-006	-8.33405437e-006	1.18859181e-008	
4.45796064e+001	8.24673235e-006	-8.24672391e-006	1.17960720e-008	
4.46797853e+001	8.16969951e-006	-8.16969111e-006	1.17151492e-008	
4.47799642e+001	8.09979637e-006	-8.09978801e-006	1.16404046e-008	
4.48801431e+001	8.02989324e-006	-8.02988491e-006	1.15656600e-008	
4.49803220e+001	7.95999010e-006	-7.95998181e-006	1.14909154e-008	
4.50805009e+001	7.89008697e-006	-7.89007871e-006	1.14161708e-008	
4.51806798e+001	7.82018384e-006	-7.82017561e-006	1.13414262e-008	
4.52808587e+001	7.75028070e-006	-7.75027251e-006	1.12666816e-008	
4.53810376e+001	7.68037757e-006	-7.68036941e-006	1.11919370e-008	
4.54812165e+001	7.61047443e-006	-7.61046631e-006	1.11171924e-008	
4.55813953e+001	7.53436946e-006	-7.53436138e-006	1.10329306e-008	
4.56815742e+001	7.45734765e-006	-7.45733961e-006	1.09472618e-008	
4.57817531e+001	7.38032584e-006	-7.38031784e-006	1.08615930e-008	
4.58819320e+001	7.30330403e-006	-7.30329608e-006	1.07759242e-008	
4.59821109e+001	7.22425944e-006	-7.22425153e-006	1.06868645e-008	
4.60822898e+001	7.14328163e-006	-7.14327377e-006	1.05945643e-008	
4.61824687e+001	7.06230382e-006	-7.06229601e-006	1.05022641e-008	
4.62826476e+001	6.98132601e-006	-6.98131825e-006	1.04099639e-008	
4.63828265e+001	6.90226765e-006	-6.90225994e-006	1.03195457e-008	
4.64830054e+001	6.83395977e-006	-6.83395210e-006	1.02396684e-008	
4.65831843e+001	6.76565188e-006	-6.76564425e-006	1.01597911e-008	
4.66833631e+001	6.69734400e-006	-6.69733641e-006	1.00799138e-008	
4.67835420e+001	6.62903611e-006	-6.62902857e-006	1.00000366e-008	
4.68837209e+001	6.58069370e-006	-6.58068618e-006	9.94285658e-009	
4.69838998e+001	6.53760622e-006	-6.53759873e-006	9.89165055e-009	
4.70840787e+001	6.49451874e-006	-6.49451128e-006	9.84044452e-009	
4.71842576e+001	6.45143126e-006	-6.45142383e-006	9.78923849e-009	
4.72844365e+001	6.40935786e-006	-6.40935046e-006	9.73886773e-009	
4.73846154e+001	6.36861894e-006	-6.36861157e-006	9.68959612e-009	
4.74847943e+001	6.32788001e-006	-6.32787267e-006	9.64032452e-009	
4.75849732e+001	6.28714108e-006	-6.28713377e-006	9.59105292e-009	
4.76851521e+001	6.24490856e-006	-6.24490127e-006	9.53990078e-009	
4.77853309e+001	6.18341028e-006	-6.18340304e-006	9.46449177e-009	
4.78855098e+001	6.12191201e-006	-6.12190481e-006	9.38908276e-009	
4.79856887e+001	6.06041373e-006	-6.06040658e-006	9.31367375e-009	
4.80858676e+001	5.99891546e-006	-5.99890834e-006	9.23826474e-009	
4.81860465e+001	5.93924124e-006	-5.93923417e-006	9.16416517e-009	
4.82862254e+001	5.88030422e-006	-5.88029719e-006	9.09059468e-009	
4.83864043e+001	5.82136721e-006	-5.82136022e-006	9.01702419e-009	
4.84865832e+001	5.76243019e-006	-5.76242325e-006	8.94345369e-009	
4.85867621e+001	5.71118223e-006	-5.71117533e-006	8.87929988e-009	
4.86869410e+001	5.67407420e-006	-5.67406732e-006	8.83246305e-009	
4.87871199e+001	5.63696617e-006	-5.63695932e-006	8.78562622e-009	
4.88872987e+001	5.59985814e-006	-5.59985132e-006	8.73878938e-009	
4.89874776e+001	5.56275011e-006	-5.56274332e-006	8.69195255e-009	
4.90876565e+001	5.53957743e-006	-5.53957066e-006	8.66231360e-009	
4.91878354e+001	5.51651163e-006	-5.51650487e-006	8.63280653e-009	
4.92880143e+001	5.49344582e-006	-5.49343908e-006	8.60329946e-009	
4.93881932e+001	5.47038001e-006	-5.47037329e-006	8.57379239e-009	
4.94883721e+001	5.43466216e-006	-5.43465547e-006	8.52774068e-009	
4.95885510e+001	5.39159461e-006	-5.39158795e-006	8.47207801e-009	
4.96887299e+001	5.34852705e-006	-5.34852042e-006	8.41641533e-009	
4.97889088e+001	5.30545949e-006	-5.30545290e-006	8.36075265e-009	
4.98890877e+001	5.26199891e-006	-5.26199236e-006	8.30441836e-009	
4.99892665e+001	5.21748957e-006	-5.21748305e-006	8.24629210e-009	
5.00894454e+001	5.17298023e-006	-5.17297375e-006	8.18816584e-009	
5.01896243e+001	5.12847089e-006	-5.12846444e-006	8.13003957e-009	
5.02898032e+001	5.08396154e-006	-5.08395513e-006	8.07191331e-009	
5.03899821e+001	5.05789874e-006	-5.05789235e-006	8.03767599e-009	
5.04901610e+001	5.03359730e-006	-5.03359093e-006	8.00571971e-009	
5.05903399e+001	5.00929585e-006	-5.00928951e-006	7.97376342e-009	
5.06905188e+001	4.98499441e-006	-4.98498808e-006	7.94180713e-009	
5.07906977e+001	4.96000873e-006	-4.96000243e-006	7.90870443e-009	
5.08908766e+001	4.93446994e-006	-4.93446366e-006	7.87467502e-009	
5.09910555e+001	4.90893115e-006	-4.90892489e-006	7.84064561e-009	
5.10912343e+001	4.88339236e-006	-4.88338612e-006	7.80661620e-009	
5.11914132e+001	4.85671583e-006	-4.85670961e-006	7.77103458e-009	
5.12915921e+001	4.82528593e-006	-4.82527974e-006	7.72896798e-009	
5.13917710e+001	4.79385604e-006	-4.79384988e-006	7.68690139e-009	
5.14919499e+001	4.76242614e-006	-4.76242001e-006	7.64483480e-009	
5.15921288e+001	4.73099625e-006	-4.73099014e-006	7.60276821e-009	
5.16923077e+001	4.70996213e-006	-4.70995604e-006	7.57444999e-009	
5.17924866e+001	4.69100790e-006	-4.69100183e-006	7.54888244e-009	
5.18926655e+001	4.67205368e-006	-4.67204762e-006	7.52331488e-009	
5.19928444e+001	4.65309945e-006	-4.65309341e-006	7.49774733e-009	
5.20930233e+001	4.63471670e-006	-4.63471068e-006	7.47288330e-009	
5.21932021e+001	4.61696958e-006	-4.61696357e-006	7.44880178e-009	
5.22933810e+001	4.59922245e-006	-4.59921646e-006	7.42472026e-009	
5.23935599e+001	4.58147533e-006	-4.58146935e-006	7.40063874e-009	
5.24937388e+001	4.56420465e-006	-4.56419869e-006	7.37719159e-009	
5.25939177e+001	4.55065230e-006	-4.55064635e-006	7.35869518e-009	
5.26940966e+001	4.53709994e-006	-4.53709401e-006	7.34019877e-009	
5.27942755e+001	4.52354759e-006	-4.52354167e-006	7.32170236e-009	
5.28944544e+001	4.50999524e-006	-4.50998932e-006	7.30320594e-009	
5.29946333e+001	4.49644289e-006	-4.49643698e-006	7.28470953e-009	
5.30948122e+001	4.48289053e-006	-4.48288464e-006	7.26621312e-009	
5.31949911e+001	4.46933818e-006	-4.46933230e-006	7.24771671e-009	
5.32951699e+001	4.45578583e-006	-4.45577996e-006	7.22922030e-009	
5.33953488e+001	4.44291102e-006	-4.44290517e-006	7.21160568e-009	
5.34955277e+001	4.43107885e-006	-4.43107301e-006	7.19534800e-009	
5.35957066e+001	4.41924669e-006	-4.41924086e-006	7.17909032e-009	
5.36958855e+001	4.40741453e-006	-4.40740871e-006	7.16283264e-009	
5.37960644e+001	4.39558236e-006	-4.39557655e-006	7.14657496e-009	
5.38962433e+001	4.38375020e-006	-4.38374440e-006	7.13031729e-009	
5.39964222e+001	4.37191804e-006	-4.37191225e-006	7.11405961e-009	
5.40966011e+001	4.36008587e-006	-4.36008009e-006	7.09780193e-009	
5.41967800e+001	4.34825371e-006	-4.34824794e-006	7.08154425e-009	
5.42969589e+001	4.33952515e-006	-4.33951940e-006	7.06952090e-009	
5.43971377e+001	4.33229650e-006	-4.33229075e-006	7.05954389e-009	
5.44973166e+001	4.32506784e-006	-4.32506210e-006	7.04956688e-009	
5.45974955e+001	4.31783918e-006	-4.31783345e-006	7.03958987e-009	
5.46976744e+001	4.31126448e-006	-4.31125875e-006	7.03051090e-009	
5.47978533e+001	4.30611628e-006	-4.30611055e-006	7.02339083e-009	
5.48980322e+001	4.30096808e-006	-4.30096235e-006	7.01627077e-009	
5.49982111e+001	4.29581987e-006	-4.29581415e-006	7.00915070e-009	
5.50983900e+001	4.29067167e-006	-4.29066596e-006	7.00203064e-009	
5.51985689e+001	4.28607841e-006	-4.28607270e-006	6.99566842e-009	
5.52987478e+001	4.28151161e-006	-4.28150591e-006	6.98934233e-009	
5.53989267e+001	4.27820821e-006	-4.27820251e-006	6.98476058e-009	
5.54991055e+001	4.27527253e-006	-4.27526683e-006	6.98068652e-009	
5.55992844e+001	4.27305944e-006	-4.27305374e-006	6.97761687e-009	
5.56994633e+001	4.27133896e-006	-4.27133326e-006	6.97523194e-009	
5.57996422e+001	4.26975643e-006	-4.26975074e-006	6.97304146e-009	
5.58998211e+001	4.26856031e-006	-4.26855462e-006	6.97139323e-009	
5.60000000e+001	4.26822738e-006	-4.26822169e-006	6.97095424e-009	
