% Column 0: Length, cm
% Column 1: |B.t|, Tesla
% Column 2: Re[B.t], Tesla
% Column 3: Im[B.t], Tesla
0.00000000e+000	4.16023661e-006	-4.15991207e-006	5.19632392e-008	
1.00178891e-001	4.16068079e-006	-4.16035609e-006	5.19790693e-008	
2.00357782e-001	4.16181163e-006	-4.16148651e-006	5.20193749e-008	
3.00536673e-001	4.16291706e-006	-4.16259154e-006	5.20587864e-008	
4.00715564e-001	4.16398415e-006	-4.16365824e-006	5.20968355e-008	
5.00894454e-001	4.16624134e-006	-4.16591459e-006	5.21781817e-008	
6.01073345e-001	4.16972599e-006	-4.16939793e-006	5.23041842e-008	
7.01252236e-001	4.17321063e-006	-4.17288127e-006	5.24301867e-008	
8.01431127e-001	4.17669529e-006	-4.17636461e-006	5.25561892e-008	
9.01610018e-001	4.18021967e-006	-4.17988767e-006	5.26837838e-008	
1.00178891e+000	4.18401088e-006	-4.18367743e-006	5.28220693e-008	
1.10196780e+000	4.18780209e-006	-4.18746719e-006	5.29603549e-008	
1.20214669e+000	4.19159329e-006	-4.19125696e-006	5.30986404e-008	
1.30232558e+000	4.19538450e-006	-4.19504672e-006	5.32369259e-008	
1.40250447e+000	4.20072020e-006	-4.20038028e-006	5.34383255e-008	
1.50268336e+000	4.20652516e-006	-4.20618291e-006	5.36589017e-008	
1.60286225e+000	4.21233014e-006	-4.21198554e-006	5.38794778e-008	
1.70304114e+000	4.21813511e-006	-4.21778817e-006	5.41000540e-008	
1.80322004e+000	4.22549585e-006	-4.22514586e-006	5.43841771e-008	
1.90339893e+000	4.23514874e-006	-4.23479468e-006	5.47619262e-008	
2.00357782e+000	4.24480164e-006	-4.24444349e-006	5.51396753e-008	
2.10375671e+000	4.25445455e-006	-4.25409231e-006	5.55174244e-008	
2.20393560e+000	4.26422959e-006	-4.26386316e-006	5.59012711e-008	
2.30411449e+000	4.27681447e-006	-4.27644223e-006	5.64254249e-008	
2.40429338e+000	4.28939937e-006	-4.28902130e-006	5.69495787e-008	
2.50447227e+000	4.30198430e-006	-4.30160037e-006	5.74737326e-008	
2.60465116e+000	4.31456927e-006	-4.31417944e-006	5.79978864e-008	
2.70483005e+000	4.32736886e-006	-4.32697267e-006	5.85556108e-008	
2.80500894e+000	4.34026999e-006	-4.33986720e-006	5.91292081e-008	
2.90518784e+000	4.35317116e-006	-4.35276173e-006	5.97028054e-008	
3.00536673e+000	4.36607236e-006	-4.36565626e-006	6.02764027e-008	
3.10554562e+000	4.37725655e-006	-4.37683454e-006	6.07811546e-008	
3.20572451e+000	4.38472992e-006	-4.38430368e-006	6.11371176e-008	
3.30590340e+000	4.39220330e-006	-4.39177281e-006	6.14930805e-008	
3.40608229e+000	4.39967670e-006	-4.39924195e-006	6.18490434e-008	
3.50626118e+000	4.40715011e-006	-4.40671109e-006	6.22050063e-008	
3.60644007e+000	4.41936478e-006	-4.41891782e-006	6.28515803e-008	
3.70661896e+000	4.43180971e-006	-4.43135459e-006	6.35122646e-008	
3.80679785e+000	4.44425469e-006	-4.44379136e-006	6.41729488e-008	
3.90697674e+000	4.45669973e-006	-4.45622812e-006	6.48336331e-008	
4.00715564e+000	4.47298580e-006	-4.47250234e-006	6.57628867e-008	
4.10733453e+000	4.49192972e-006	-4.49143183e-006	6.68779738e-008	
4.20751342e+000	4.51087379e-006	-4.51036133e-006	6.79930609e-008	
4.30769231e+000	4.52981802e-006	-4.52929082e-006	6.91081480e-008	
4.40787120e+000	4.54706397e-006	-4.54652298e-006	7.01392674e-008	
4.50805009e+000	4.55857185e-006	-4.55802067e-006	7.08866981e-008	
4.60822898e+000	4.57007981e-006	-4.56951835e-006	7.16341288e-008	
4.70840787e+000	4.58158783e-006	-4.58101604e-006	7.23815594e-008	
4.80858676e+000	4.59309592e-006	-4.59251372e-006	7.31289901e-008	
4.90876565e+000	4.60344460e-006	-4.60285029e-006	7.39685300e-008	
5.00894454e+000	4.61361355e-006	-4.61300679e-006	7.48223551e-008	
5.10912343e+000	4.62378260e-006	-4.62316328e-006	7.56761802e-008	
5.20930233e+000	4.63395176e-006	-4.63331977e-006	7.65300053e-008	
5.30948122e+000	4.64557108e-006	-4.64492292e-006	7.75998649e-008	
5.40966011e+000	4.65862290e-006	-4.65795500e-006	7.88831143e-008	
5.50983900e+000	4.67167497e-006	-4.67098709e-006	8.01663638e-008	
5.61001789e+000	4.68472727e-006	-4.68401917e-006	8.14496132e-008	
5.71019678e+000	4.69743335e-006	-4.69670386e-006	8.27824626e-008	
5.81037567e+000	4.70801895e-006	-4.70726204e-006	8.44189214e-008	
5.91055456e+000	4.71860500e-006	-4.71782022e-006	8.60553802e-008	
6.01073345e+000	4.72919148e-006	-4.72837839e-006	8.76918390e-008	
6.11091234e+000	4.73977841e-006	-4.73893657e-006	8.93282979e-008	
6.21109123e+000	4.74693859e-006	-4.74607340e-006	9.06272253e-008	
6.31127013e+000	4.75311982e-006	-4.75223267e-006	9.18297090e-008	
6.41144902e+000	4.75930130e-006	-4.75839194e-006	9.30321927e-008	
6.51162791e+000	4.76548302e-006	-4.76455121e-006	9.42346763e-008	
6.61180680e+000	4.76968336e-006	-4.76872657e-006	9.55312976e-008	
6.71198569e+000	4.77109203e-006	-4.77010669e-006	9.69605550e-008	
6.81216458e+000	4.77250112e-006	-4.77148681e-006	9.83898123e-008	
6.91234347e+000	4.77391062e-006	-4.77286693e-006	9.98190697e-008	
7.01252236e+000	4.77510105e-006	-4.77402675e-006	1.01284567e-007	
7.11270125e+000	4.77232806e-006	-4.77120767e-006	1.03404582e-007	
7.21288014e+000	4.76955608e-006	-4.76838859e-006	1.05524597e-007	
7.31305903e+000	4.76678509e-006	-4.76556951e-006	1.07644612e-007	
7.41323792e+000	4.76401510e-006	-4.76275042e-006	1.09764628e-007	
7.51341682e+000	4.75626644e-006	-4.75495012e-006	1.11892098e-007	
7.61359571e+000	4.74627969e-006	-4.74490987e-006	1.14022928e-007	
7.71377460e+000	4.73629412e-006	-4.73486962e-006	1.16153757e-007	
7.81395349e+000	4.72630974e-006	-4.72482937e-006	1.18284586e-007	
7.91413238e+000	4.71440310e-006	-4.71286561e-006	1.20392293e-007	
8.01431127e+000	4.69854186e-006	-4.69694593e-006	1.22452439e-007	
8.11449016e+000	4.68268193e-006	-4.68102624e-006	1.24512586e-007	
8.21466905e+000	4.66682332e-006	-4.66510656e-006	1.26572732e-007	
8.31484794e+000	4.65096603e-006	-4.64918688e-006	1.28632879e-007	
8.41502683e+000	4.62156738e-006	-4.61969823e-006	1.31428170e-007	
8.51520572e+000	4.59167316e-006	-4.58971014e-006	1.34250520e-007	
8.61538462e+000	4.56178192e-006	-4.55972206e-006	1.37072870e-007	
8.71556351e+000	4.53189371e-006	-4.52973398e-006	1.39895221e-007	
8.81574240e+000	4.50098542e-006	-4.49872496e-006	1.42630633e-007	
8.91592129e+000	4.46940317e-006	-4.46704042e-006	1.45308544e-007	
9.01610018e+000	4.43782398e-006	-4.43535587e-006	1.47986456e-007	
9.11627907e+000	4.40624794e-006	-4.40367133e-006	1.50664367e-007	
9.21645796e+000	4.37792421e-006	-4.37524801e-006	1.53052959e-007	
9.31663685e+000	4.35993736e-006	-4.35719829e-006	1.54521262e-007	
9.41681574e+000	4.34195153e-006	-4.33914857e-006	1.55989565e-007	
9.51699463e+000	4.32396673e-006	-4.32109886e-006	1.57457868e-007	
9.61717352e+000	4.30598298e-006	-4.30304914e-006	1.58926171e-007	
9.71735242e+000	4.28888385e-006	-4.28586024e-006	1.61017545e-007	
9.81753131e+000	4.27191098e-006	-4.26879260e-006	1.63196679e-007	
9.91771020e+000	4.25493998e-006	-4.25172495e-006	1.65375813e-007	
1.00178891e+001	4.23797088e-006	-4.23465731e-006	1.67554946e-007	
1.01180680e+001	4.22200432e-006	-4.21857192e-006	1.70210018e-007	
1.02182469e+001	4.20698743e-006	-4.20341587e-006	1.73315308e-007	
1.03184258e+001	4.19197384e-006	-4.18825983e-006	1.76420598e-007	
1.04186047e+001	4.17696358e-006	-4.17310379e-006	1.79525888e-007	
1.05187835e+001	4.16708965e-006	-4.16308671e-006	1.82606703e-007	
1.06189624e+001	4.18602583e-006	-4.18191145e-006	1.85550167e-007	
1.07191413e+001	4.20496307e-006	-4.20073619e-006	1.88493630e-007	
1.08193202e+001	4.22390135e-006	-4.21956094e-006	1.91437094e-007	
1.09194991e+001	4.24284067e-006	-4.23838568e-006	1.94380558e-007	
1.10196780e+001	4.32278494e-006	-4.31822601e-006	1.98478664e-007	
1.11198569e+001	4.41908502e-006	-4.41442517e-006	2.02886341e-007	
1.12200358e+001	4.51538510e-006	-4.51062432e-006	2.07294017e-007	
1.13202147e+001	4.61168518e-006	-4.60682348e-006	2.11701694e-007	
1.14203936e+001	4.74706047e-006	-4.74211021e-006	2.16734737e-007	
1.15205725e+001	4.93510579e-006	-4.93008252e-006	2.22610724e-007	
1.16207513e+001	5.12315248e-006	-5.11805482e-006	2.28486711e-007	
1.17209302e+001	5.31120041e-006	-5.30602713e-006	2.34362697e-007	
1.18211091e+001	5.49844857e-006	-5.49320177e-006	2.40148012e-007	
1.19212880e+001	5.67383227e-006	-5.66855785e-006	2.44590647e-007	
1.20214669e+001	5.84921769e-006	-5.84391393e-006	2.49033281e-007	
1.21216458e+001	6.02460468e-006	-6.01927001e-006	2.53475915e-007	
1.22218247e+001	6.19999310e-006	-6.19462610e-006	2.57918550e-007	
1.23220036e+001	6.48328989e-006	-6.47791274e-006	2.63996784e-007	
1.24221825e+001	6.81270289e-006	-6.80731974e-006	2.70773934e-007	
1.25223614e+001	7.14212177e-006	-7.13672675e-006	2.77551085e-007	
1.26225403e+001	7.47154575e-006	-7.46613376e-006	2.84328236e-007	
1.27227191e+001	7.87176523e-006	-7.86634465e-006	2.92078146e-007	
1.28228980e+001	8.41066818e-006	-8.40525408e-006	3.01733585e-007	
1.29230769e+001	8.94958233e-006	-8.94416351e-006	3.11389024e-007	
1.30232558e+001	9.48850577e-006	-9.48307293e-006	3.21044463e-007	
1.31234347e+001	1.00274370e-005	-1.00219824e-005	3.30699903e-007	
1.32236136e+001	1.08104278e-005	-1.08050161e-005	3.42018122e-007	
1.33237925e+001	1.15996148e-005	-1.15942308e-005	3.53378443e-007	
1.34239714e+001	1.23888158e-005	-1.23834455e-005	3.64738763e-007	
1.35241503e+001	1.31780282e-005	-1.31726602e-005	3.76099084e-007	
1.36243292e+001	1.40557384e-005	-1.40504069e-005	3.87102719e-007	
1.37245081e+001	1.49894108e-005	-1.49841292e-005	3.97880854e-007	
1.38246869e+001	1.59230964e-005	-1.59178515e-005	4.08658988e-007	
1.39248658e+001	1.68567929e-005	-1.68515738e-005	4.19437123e-007	
1.40250447e+001	1.78488505e-005	-1.78436755e-005	4.29779289e-007	
1.41252236e+001	1.90159763e-005	-1.90109126e-005	4.38813477e-007	
1.42254025e+001	2.01831189e-005	-2.01781496e-005	4.47847665e-007	
1.43255814e+001	2.13502758e-005	-2.13453867e-005	4.56881854e-007	
1.44257603e+001	2.25174445e-005	-2.25126238e-005	4.65916042e-007	
1.45259392e+001	2.40669847e-005	-2.40623190e-005	4.73876627e-007	
1.46261181e+001	2.56650900e-005	-2.56605691e-005	4.81700905e-007	
1.47262970e+001	2.72632145e-005	-2.72588193e-005	4.89525183e-007	
1.48264758e+001	2.88613550e-005	-2.88570694e-005	4.97349462e-007	
1.49266547e+001	3.06112861e-005	-3.06071470e-005	5.03378749e-007	
1.50268336e+001	3.24987323e-005	-3.24947651e-005	5.07781988e-007	
1.51270125e+001	3.43861978e-005	-3.43823831e-005	5.12185227e-007	
1.52271914e+001	3.62736798e-005	-3.62700011e-005	5.16588467e-007	
1.53273703e+001	3.82259832e-005	-3.82224419e-005	5.20308066e-007	
1.54275492e+001	4.05134610e-005	-4.05101174e-005	5.20492293e-007	
1.55277281e+001	4.28009600e-005	-4.27977928e-005	5.20676521e-007	
1.56279070e+001	4.50884769e-005	-4.50854683e-005	5.20860748e-007	
1.57280859e+001	4.73760091e-005	-4.73731437e-005	5.21044975e-007	
1.58282648e+001	4.91303779e-005	-4.91276282e-005	5.19790128e-007	
1.59284436e+001	5.07509406e-005	-5.07482952e-005	5.18174141e-007	
1.60286225e+001	5.23715098e-005	-5.23689622e-005	5.16558154e-007	
1.61288014e+001	5.39920849e-005	-5.39896293e-005	5.14942167e-007	
1.62289803e+001	5.58222427e-005	-5.58198951e-005	5.11957182e-007	
1.63291592e+001	5.79227101e-005	-5.79204894e-005	5.07206542e-007	
1.64293381e+001	6.00231868e-005	-6.00210837e-005	5.02455903e-007	
1.65295170e+001	6.21236717e-005	-6.21216780e-005	4.97705263e-007	
1.66296959e+001	6.43225539e-005	-6.43206669e-005	4.92705016e-007	
1.67298748e+001	6.77512659e-005	-6.77495330e-005	4.84584836e-007	
1.68300537e+001	7.11799937e-005	-7.11783990e-005	4.76464657e-007	
1.69302326e+001	7.46087351e-005	-7.46072651e-005	4.68344478e-007	
1.70304114e+001	7.80374883e-005	-7.80361312e-005	4.60224298e-007	
1.71305903e+001	8.14200175e-005	-8.14187601e-005	4.52492857e-007	
1.72307692e+001	8.47838065e-005	-8.47826391e-005	4.44919097e-007	
1.73309481e+001	8.81476030e-005	-8.81465180e-005	4.37345338e-007	
1.74311270e+001	9.15114061e-005	-9.15103970e-005	4.29771579e-007	
1.75313059e+001	9.47487760e-005	-9.47478325e-005	4.22833881e-007	
1.76314848e+001	9.77500613e-005	-9.77491714e-005	4.17083851e-007	
1.77316637e+001	1.00751350e-004	-1.00750510e-004	4.11333822e-007	
1.78318426e+001	1.03752642e-004	-1.03751849e-004	4.05583792e-007	
1.79320215e+001	1.06753937e-004	-1.06753188e-004	3.99833763e-007	
1.80322004e+001	1.09203463e-004	-1.09202740e-004	3.97244833e-007	
1.81323792e+001	1.11645217e-004	-1.11644520e-004	3.94700423e-007	
1.82325581e+001	1.14086973e-004	-1.14086300e-004	3.92156012e-007	
1.83327370e+001	1.16528731e-004	-1.16528079e-004	3.89611602e-007	
1.84329159e+001	1.19523374e-004	-1.19522741e-004	3.89047794e-007	
1.85330948e+001	1.22851923e-004	-1.22851305e-004	3.89680178e-007	
1.86332737e+001	1.26180473e-004	-1.26179869e-004	3.90312563e-007	
1.87334526e+001	1.29509023e-004	-1.29508433e-004	3.90944947e-007	
1.88336315e+001	1.33052604e-004	-1.33052024e-004	3.92849613e-007	
1.89338104e+001	1.37205647e-004	-1.37205069e-004	3.98360269e-007	
1.90339893e+001	1.41358691e-004	-1.41358114e-004	4.03870925e-007	
1.91341682e+001	1.45511735e-004	-1.45511159e-004	4.09381580e-007	
1.92343470e+001	1.49664779e-004	-1.49664204e-004	4.14892236e-007	
1.93345259e+001	1.52195144e-004	-1.52194565e-004	4.19912997e-007	
1.94347048e+001	1.54541505e-004	-1.54540921e-004	4.24878190e-007	
1.95348837e+001	1.56887866e-004	-1.56887278e-004	4.29843384e-007	
1.96350626e+001	1.59234227e-004	-1.59233634e-004	4.34808578e-007	
1.97352415e+001	1.61412343e-004	-1.61411739e-004	4.41486362e-007	
1.98354204e+001	1.63444519e-004	-1.63443900e-004	4.49649675e-007	
1.99355993e+001	1.65476695e-004	-1.65476062e-004	4.57812988e-007	
2.00357782e+001	1.67508872e-004	-1.67508224e-004	4.65976301e-007	
2.01359571e+001	1.69610897e-004	-1.69610233e-004	4.74750084e-007	
2.02361360e+001	1.72047166e-004	-1.72046478e-004	4.86445250e-007	
2.03363148e+001	1.74483435e-004	-1.74482724e-004	4.98140416e-007	
2.04364937e+001	1.76919704e-004	-1.76918970e-004	5.09835581e-007	
2.05366726e+001	1.79355974e-004	-1.79355216e-004	5.21530747e-007	
2.06368515e+001	1.80842918e-004	-1.80842139e-004	5.30934044e-007	
2.07370304e+001	1.82107460e-004	-1.82106660e-004	5.39800407e-007	
2.08372093e+001	1.83372001e-004	-1.83371181e-004	5.48666770e-007	
2.09373882e+001	1.84636543e-004	-1.84635701e-004	5.57533134e-007	
2.10375671e+001	1.85517065e-004	-1.85516203e-004	5.65582958e-007	
2.11377460e+001	1.85923534e-004	-1.85922653e-004	5.72624808e-007	
2.12379249e+001	1.86330004e-004	-1.86329102e-004	5.79666658e-007	
2.13381038e+001	1.86736473e-004	-1.86735551e-004	5.86708508e-007	
2.14382826e+001	1.87087456e-004	-1.87086514e-004	5.93624312e-007	
2.15384615e+001	1.86840219e-004	-1.86839259e-004	5.99181190e-007	
2.16386404e+001	1.86592983e-004	-1.86592003e-004	6.04738069e-007	
2.17388193e+001	1.86345748e-004	-1.86344748e-004	6.10294947e-007	
2.18389982e+001	1.86098512e-004	-1.86097493e-004	6.15851825e-007	
2.19391771e+001	1.85131844e-004	-1.85130809e-004	6.19184291e-007	
2.20393560e+001	1.83888480e-004	-1.83887429e-004	6.21661247e-007	
2.21395349e+001	1.82645116e-004	-1.82644049e-004	6.24138202e-007	
2.22397138e+001	1.81401752e-004	-1.81400670e-004	6.26615157e-007	
2.23398927e+001	1.79877795e-004	-1.79876697e-004	6.28510065e-007	
2.24400716e+001	1.77854078e-004	-1.77852965e-004	6.29368328e-007	
2.25402504e+001	1.75830362e-004	-1.75829232e-004	6.30226591e-007	
2.26404293e+001	1.73806646e-004	-1.73805500e-004	6.31084855e-007	
2.27406082e+001	1.71782930e-004	-1.71781768e-004	6.31943118e-007	
2.28407871e+001	1.69272753e-004	-1.69271572e-004	6.32523242e-007	
2.29409660e+001	1.66761074e-004	-1.66759872e-004	6.33102512e-007	
2.30411449e+001	1.64249395e-004	-1.64248173e-004	6.33681783e-007	
2.31413238e+001	1.61737717e-004	-1.61736474e-004	6.34261053e-007	
2.32415027e+001	1.59129106e-004	-1.59127836e-004	6.35796603e-007	
2.33416816e+001	1.56464607e-004	-1.56463306e-004	6.37883575e-007	
2.34418605e+001	1.53800109e-004	-1.53798777e-004	6.39970546e-007	
2.35420394e+001	1.51135612e-004	-1.51134248e-004	6.42057517e-007	
2.36422182e+001	1.48411001e-004	-1.48409600e-004	6.44748880e-007	
2.37423971e+001	1.45525204e-004	-1.45523757e-004	6.49061042e-007	
2.38425760e+001	1.42639410e-004	-1.42637913e-004	6.53373204e-007	
2.39427549e+001	1.39753617e-004	-1.39752069e-004	6.57685365e-007	
2.40429338e+001	1.36867827e-004	-1.36866226e-004	6.61997527e-007	
2.41431127e+001	1.33982039e-004	-1.33980382e-004	6.66309688e-007	
2.42432916e+001	1.31096254e-004	-1.31094539e-004	6.70621850e-007	
2.43434705e+001	1.28210472e-004	-1.28208695e-004	6.74934011e-007	
2.44436494e+001	1.25324692e-004	-1.25322851e-004	6.79246173e-007	
2.45438283e+001	1.21935176e-004	-1.21933247e-004	6.85755521e-007	
2.46440072e+001	1.18127316e-004	-1.18125277e-004	6.94089576e-007	
2.47441860e+001	1.14319465e-004	-1.14317307e-004	7.02423631e-007	
2.48443649e+001	1.10511622e-004	-1.10509336e-004	7.10757686e-007	
2.49445438e+001	1.06680525e-004	-1.06678101e-004	7.19214096e-007	
2.50447227e+001	1.02746026e-004	-1.02743445e-004	7.28214368e-007	
2.51449016e+001	9.88115398e-005	-9.88087896e-005	7.37214640e-007	
2.52450805e+001	9.48770686e-005	-9.48741341e-005	7.46214912e-007	
2.53452594e+001	9.09426143e-005	-9.09394785e-005	7.55215184e-007	
2.54454383e+001	8.75283647e-005	-8.75250469e-005	7.62100327e-007	
2.55456172e+001	8.42275481e-005	-8.42240419e-005	7.68524293e-007	
2.56457961e+001	8.09267474e-005	-8.09230369e-005	7.74948260e-007	
2.57459750e+001	7.76259646e-005	-7.76220319e-005	7.81372226e-007	
2.58461538e+001	7.44904386e-005	-7.44862887e-005	7.86281466e-007	
2.59463327e+001	7.15502014e-005	-7.15458466e-005	7.89400640e-007	
2.60465116e+001	6.86099818e-005	-6.86054044e-005	7.92519813e-007	
2.61466905e+001	6.56697823e-005	-6.56649623e-005	7.95638987e-007	
2.62468694e+001	6.27573780e-005	-6.27522997e-005	7.98356854e-007	
2.63470483e+001	6.01074574e-005	-6.01021695e-005	7.97282195e-007	
2.64472272e+001	5.74575562e-005	-5.74520393e-005	7.96207535e-007	
2.65474061e+001	5.48076771e-005	-5.48019091e-005	7.95132875e-007	
2.66475850e+001	5.21578236e-005	-5.21517788e-005	7.94058216e-007	
2.67477639e+001	4.95747855e-005	-4.95684960e-005	7.89659177e-007	
2.68479428e+001	4.70161000e-005	-4.70095621e-005	7.84049435e-007	
2.69481216e+001	4.44574438e-005	-4.44506282e-005	7.78439693e-007	
2.70483005e+001	4.18988223e-005	-4.18916943e-005	7.72829951e-007	
2.71484794e+001	3.94335962e-005	-3.94261620e-005	7.65674068e-007	
2.72486583e+001	3.71270887e-005	-3.71193932e-005	7.55889866e-007	
2.73488372e+001	3.48872959e-005	-3.48793232e-005	7.45807640e-007	
2.74490161e+001	3.29335471e-005	-3.29253567e-005	7.34447076e-007	
2.75491950e+001	3.09834464e-005	-3.09750075e-005	7.23091712e-007	
2.76493739e+001	2.94977179e-005	-2.94891139e-005	7.12404465e-007	
2.77495528e+001	2.80120109e-005	-2.80032203e-005	7.01717217e-007	
2.78497317e+001	2.65593149e-005	-2.65503495e-005	6.90037467e-007	
2.79499106e+001	2.49873547e-005	-2.49782006e-005	6.76304794e-007	
2.80500894e+001	2.35080506e-005	-2.34987245e-005	6.62110485e-007	
2.81502683e+001	2.20118631e-005	-2.20023682e-005	6.46457218e-007	
2.82504472e+001	2.06308327e-005	-2.06211800e-005	6.31026667e-007	
2.83506261e+001	1.96628169e-005	-1.96530642e-005	6.19222692e-007	
2.84508050e+001	1.86948189e-005	-1.86849484e-005	6.07418716e-007	
2.85509839e+001	1.76896106e-005	-1.76796750e-005	5.92802605e-007	
2.86511628e+001	1.66841344e-005	-1.66741136e-005	5.78164615e-007	
2.87513417e+001	1.56415866e-005	-1.56315329e-005	5.60724119e-007	
2.88515206e+001	1.45904135e-005	-1.45803196e-005	5.42630245e-007	
2.89516995e+001	1.38588692e-005	-1.38487735e-005	5.28891552e-007	
2.90518784e+001	1.33153440e-005	-1.33052756e-005	5.17714848e-007	
2.91520572e+001	1.27718264e-005	-1.27617776e-005	5.06538144e-007	
2.92522361e+001	1.22283172e-005	-1.22182797e-005	4.95361440e-007	
2.93524150e+001	1.17365120e-005	-1.17264999e-005	4.84681047e-007	
2.94525939e+001	1.13866580e-005	-1.13767311e-005	4.75363486e-007	
2.95527728e+001	1.10368064e-005	-1.10269623e-005	4.66045925e-007	
2.96529517e+001	1.06869576e-005	-1.06771935e-005	4.56728365e-007	
2.97531306e+001	1.03371117e-005	-1.03274247e-005	4.47410804e-007	
2.98533095e+001	1.00480346e-005	-1.00385179e-005	4.37214997e-007	
2.99534884e+001	9.76538818e-006	-9.75605147e-006	4.26926274e-007	
3.00536673e+001	9.48274219e-006	-9.47358499e-006	4.16637550e-007	
3.01538462e+001	9.20009668e-006	-9.19111852e-006	4.06348827e-007	
3.02540250e+001	8.95766598e-006	-8.94891578e-006	3.95836131e-007	
3.03542039e+001	8.74926403e-006	-8.74078331e-006	3.85133899e-007	
3.04543828e+001	8.54086234e-006	-8.53265084e-006	3.74431667e-007	
3.05545617e+001	8.33246093e-006	-8.32451837e-006	3.63729435e-007	
3.06547406e+001	8.13983750e-006	-8.13216561e-006	3.53322713e-007	
3.07549195e+001	8.01957625e-006	-8.01218326e-006	3.44271178e-007	
3.08550984e+001	7.89931689e-006	-7.89220091e-006	3.35219642e-007	
3.09552773e+001	7.77905951e-006	-7.77221855e-006	3.26168107e-007	
3.10554562e+001	7.65880420e-006	-7.65223620e-006	3.17116572e-007	
3.11556351e+001	7.57662974e-006	-7.57031296e-006	3.09321661e-007	
3.12558140e+001	7.50302415e-006	-7.49695154e-006	3.01809431e-007	
3.13559928e+001	7.42942132e-006	-7.42359013e-006	2.94297201e-007	
3.14561717e+001	7.35582135e-006	-7.35022871e-006	2.86784971e-007	
3.15563506e+001	7.29771203e-006	-7.29231846e-006	2.80521590e-007	
3.16565295e+001	7.25825429e-006	-7.25301390e-006	2.75762042e-007	
3.17567084e+001	7.21879802e-006	-7.21370934e-006	2.71002494e-007	
3.18568873e+001	7.17934324e-006	-7.17440478e-006	2.66242945e-007	
3.19570662e+001	7.13988997e-006	-7.13510023e-006	2.61483397e-007	
3.20572451e+001	7.10043825e-006	-7.09579567e-006	2.56723848e-007	
3.21574240e+001	7.06098809e-006	-7.05649111e-006	2.51964300e-007	
3.22576029e+001	7.02153952e-006	-7.01718655e-006	2.47204751e-007	
3.23577818e+001	6.98209258e-006	-6.97788199e-006	2.42445203e-007	
3.24579606e+001	6.93552023e-006	-6.93146457e-006	2.37149100e-007	
3.25581395e+001	6.88629242e-006	-6.88239495e-006	2.31652940e-007	
3.26583184e+001	6.83706676e-006	-6.83332532e-006	2.26156781e-007	
3.27584973e+001	6.78784329e-006	-6.78425570e-006	2.20660621e-007	
3.28586762e+001	6.73646780e-006	-6.73302775e-006	2.15257370e-007	
3.29588551e+001	6.68135820e-006	-6.67805668e-006	2.10015233e-007	
3.30590340e+001	6.62625044e-006	-6.62308560e-006	2.04773095e-007	
3.31592129e+001	6.57114458e-006	-6.56811453e-006	1.99530958e-007	
3.32593918e+001	6.51604610e-006	-6.51314881e-006	1.94291862e-007	
3.33595707e+001	6.46269055e-006	-6.45989595e-006	1.90035469e-007	
3.34597496e+001	6.40933612e-006	-6.40664308e-006	1.85779076e-007	
3.35599284e+001	6.35598283e-006	-6.35339022e-006	1.81522684e-007	
3.36601073e+001	6.30263073e-006	-6.30013736e-006	1.77266291e-007	
3.37602862e+001	6.24411441e-006	-6.24171167e-006	1.73205903e-007	
3.38604651e+001	6.18269881e-006	-6.18038163e-006	1.69255567e-007	
3.39606440e+001	6.12128404e-006	-6.11905160e-006	1.65305232e-007	
3.40608229e+001	6.05987013e-006	-6.05772156e-006	1.61354896e-007	
3.41610018e+001	5.99854541e-006	-5.99647527e-006	1.57579838e-007	
3.42611807e+001	5.93745099e-006	-5.93544674e-006	1.54260521e-007	
3.43613596e+001	5.87635708e-006	-5.87441821e-006	1.50941204e-007	
3.44615385e+001	5.81526370e-006	-5.81338968e-006	1.47621887e-007	
3.45617174e+001	5.75417084e-006	-5.75236116e-006	1.44302570e-007	
3.46618962e+001	5.68145631e-006	-5.67970559e-006	1.41032796e-007	
3.47620751e+001	5.60766411e-006	-5.60597154e-006	1.37767618e-007	
3.48622540e+001	5.53387229e-006	-5.53223749e-006	1.34502440e-007	
3.49624329e+001	5.46008087e-006	-5.45850344e-006	1.31237262e-007	
3.50626118e+001	5.38882062e-006	-5.38728896e-006	1.28473054e-007	
3.51627907e+001	5.31961052e-006	-5.31811537e-006	1.26114667e-007	
3.52629696e+001	5.25040051e-006	-5.24894179e-006	1.23756279e-007	
3.53631485e+001	5.18119060e-006	-5.17976820e-006	1.21397892e-007	
3.54633274e+001	5.11198080e-006	-5.11059462e-006	1.19039505e-007	
3.55635063e+001	5.04277111e-006	-5.04142103e-006	1.16681118e-007	
3.56636852e+001	4.97356153e-006	-4.97224744e-006	1.14322730e-007	
3.57638640e+001	4.90435207e-006	-4.90307386e-006	1.11964343e-007	
3.58640429e+001	4.83514274e-006	-4.83390027e-006	1.09605956e-007	
3.59642218e+001	4.75601321e-006	-4.75480073e-006	1.07385776e-007	
3.60644007e+001	4.67481063e-006	-4.67362692e-006	1.05194472e-007	
3.61645796e+001	4.59360808e-006	-4.59245311e-006	1.03003168e-007	
3.62647585e+001	4.51240556e-006	-4.51127930e-006	1.00811864e-007	
3.63649374e+001	4.44522050e-006	-4.44411598e-006	9.90882149e-008	
3.64651163e+001	4.39419582e-006	-4.39310503e-006	9.79037105e-008	
3.65652952e+001	4.34317114e-006	-4.34209408e-006	9.67192060e-008	
3.66654741e+001	4.29214647e-006	-4.29108313e-006	9.55347015e-008	
3.67656530e+001	4.24050576e-006	-4.23945573e-006	9.43620531e-008	
3.68658318e+001	4.18343252e-006	-4.18239213e-006	9.32939595e-008	
3.69660107e+001	4.12635930e-006	-4.12532852e-006	9.22258658e-008	
3.70661896e+001	4.06928608e-006	-4.06826492e-006	9.11577722e-008	
3.71663685e+001	4.01221287e-006	-4.01120131e-006	9.00896786e-008	
3.72665474e+001	3.93536456e-006	-3.93436478e-006	8.87016916e-008	
3.73667263e+001	3.85153916e-006	-3.85055190e-006	8.72008393e-008	
3.74669052e+001	3.76771381e-006	-3.76673903e-006	8.56999870e-008	
3.75670841e+001	3.68388851e-006	-3.68292615e-006	8.41991347e-008	
3.76672630e+001	3.60450882e-006	-3.60355629e-006	8.28605587e-008	
3.77674419e+001	3.53248995e-006	-3.53154294e-006	8.17906724e-008	
3.78676208e+001	3.46047118e-006	-3.45952958e-006	8.07207861e-008	
3.79677996e+001	3.38845252e-006	-3.38751623e-006	7.96508998e-008	
3.80679785e+001	3.31612587e-006	-3.31519474e-006	7.85787300e-008	
3.81681574e+001	3.22191654e-006	-3.22098805e-006	7.73443592e-008	
3.82683363e+001	3.12770753e-006	-3.12678136e-006	7.61099885e-008	
3.83685152e+001	3.03349889e-006	-3.03257467e-006	7.48756177e-008	
3.84686941e+001	2.93929063e-006	-2.93836798e-006	7.36412470e-008	
3.85688730e+001	2.85048950e-006	-2.84956703e-006	7.25131290e-008	
3.86690519e+001	2.76458404e-006	-2.76366080e-006	7.14419105e-008	
3.87692308e+001	2.67867907e-006	-2.67775456e-006	7.03706920e-008	
3.88694097e+001	2.59277461e-006	-2.59184833e-006	6.92994735e-008	
3.89695886e+001	2.51002124e-006	-2.50909288e-006	6.82610507e-008	
3.90697674e+001	2.43503541e-006	-2.43410511e-006	6.73034792e-008	
3.91699463e+001	2.36005009e-006	-2.35911735e-006	6.63459077e-008	
3.92701252e+001	2.28506534e-006	-2.28412958e-006	6.53883362e-008	
3.93703041e+001	2.21008120e-006	-2.20914182e-006	6.44307647e-008	
3.94704830e+001	2.15042471e-006	-2.14948270e-006	6.36440710e-008	
3.95706619e+001	2.09199503e-006	-2.09105008e-006	6.28710502e-008	
3.96708408e+001	2.03356580e-006	-2.03261745e-006	6.20980294e-008	
3.97710197e+001	1.97513709e-006	-1.97418483e-006	6.13250087e-008	
3.98711986e+001	1.91871830e-006	-1.91776390e-006	6.05105385e-008	
3.99713775e+001	1.86385794e-006	-1.86290275e-006	5.96639304e-008	
4.00715564e+001	1.80899803e-006	-1.80804159e-006	5.88173223e-008	
4.01717352e+001	1.75413860e-006	-1.75318043e-006	5.79707143e-008	
4.02719141e+001	1.69375469e-006	-1.69279481e-006	5.70149067e-008	
4.03720930e+001	1.61135668e-006	-1.61039632e-006	5.56239774e-008	
4.04722719e+001	1.52895998e-006	-1.52799784e-006	5.42330480e-008	
4.05724508e+001	1.44656482e-006	-1.44559935e-006	5.28421187e-008	
4.06726297e+001	1.36417148e-006	-1.36320087e-006	5.14511893e-008	
4.07728086e+001	1.29690198e-006	-1.29593325e-006	5.01174328e-008	
4.08729875e+001	1.23255762e-006	-1.23159139e-006	4.87947295e-008	
4.09731664e+001	1.16821448e-006	-1.16724954e-006	4.74720262e-008	
4.10733453e+001	1.10387278e-006	-1.10290768e-006	4.61493229e-008	
4.11735242e+001	1.05250850e-006	-1.05154443e-006	4.50384829e-008	
4.12737030e+001	1.01546919e-006	-1.01450847e-006	4.41615248e-008	
4.13738819e+001	9.78430407e-007	-9.77472510e-007	4.32845667e-008	
4.14740608e+001	9.41392219e-007	-9.40436550e-007	4.24076086e-008	
4.15742397e+001	9.05248039e-007	-9.04294560e-007	4.15374491e-008	
4.16744186e+001	8.76141042e-007	-8.75194229e-007	4.07208415e-008	
4.17745975e+001	8.47034374e-007	-8.46093897e-007	3.99042339e-008	
4.18747764e+001	8.17928071e-007	-8.16993566e-007	3.90876262e-008	
4.19749553e+001	7.88822172e-007	-7.87893234e-007	3.82710186e-008	
4.20751342e+001	7.51786930e-007	-7.50866696e-007	3.71859186e-008	
4.21753131e+001	7.12109247e-007	-7.11198118e-007	3.60113219e-008	
4.22754919e+001	6.72432541e-007	-6.71529541e-007	3.48367252e-008	
4.23756708e+001	6.32756996e-007	-6.31860963e-007	3.36621285e-008	
4.24758497e+001	6.00615919e-007	-5.99726515e-007	3.26739971e-008	
4.25760286e+001	5.80390285e-007	-5.79508509e-007	3.19807912e-008	
4.26762075e+001	5.60164958e-007	-5.59290503e-007	3.12875853e-008	
4.27763864e+001	5.39939972e-007	-5.39072497e-007	3.05943794e-008	
4.28765653e+001	5.19920741e-007	-5.19059938e-007	2.99058211e-008	
4.29767442e+001	5.08014301e-007	-5.07162813e-007	2.94008679e-008	
4.30769231e+001	4.96107928e-007	-4.95265688e-007	2.88959148e-008	
4.31771020e+001	4.84201627e-007	-4.83368564e-007	2.83909616e-008	
4.32772809e+001	4.72295403e-007	-4.71471439e-007	2.78860085e-008	
4.33774597e+001	4.64924865e-007	-4.64110974e-007	2.74979026e-008	
4.34776386e+001	4.59869702e-007	-4.59066405e-007	2.71694458e-008	
4.35778175e+001	4.54814541e-007	-4.54021836e-007	2.68409890e-008	
4.36779964e+001	4.49759382e-007	-4.48977268e-007	2.65125322e-008	
4.37781753e+001	4.46504711e-007	-4.45733879e-007	2.62252984e-008	
4.38783542e+001	4.47463531e-007	-4.46705512e-007	2.60345322e-008	
4.39785331e+001	4.48422487e-007	-4.47677146e-007	2.58437660e-008	
4.40787120e+001	4.49381579e-007	-4.48648779e-007	2.56529997e-008	
4.41788909e+001	4.50340805e-007	-4.49620412e-007	2.54622335e-008	
4.42790698e+001	4.57704465e-007	-4.57001041e-007	2.53658427e-008	
4.43792487e+001	4.65501263e-007	-4.64814542e-007	2.52758259e-008	
4.44794275e+001	4.73298630e-007	-4.72628044e-007	2.51858091e-008	
4.45796064e+001	4.81096537e-007	-4.80441546e-007	2.50957922e-008	
4.46797853e+001	4.90956946e-007	-4.90317592e-007	2.50475865e-008	
4.47799642e+001	5.02347895e-007	-5.01723915e-007	2.50304007e-008	
4.48801431e+001	5.13739528e-007	-5.13130238e-007	2.50132148e-008	
4.49803220e+001	5.25131798e-007	-5.24536561e-007	2.49960290e-008	
4.50805009e+001	5.36801087e-007	-5.36219557e-007	2.49798639e-008	
4.51806798e+001	5.49501954e-007	-5.48934442e-007	2.49675049e-008	
4.52808587e+001	5.62203455e-007	-5.61649327e-007	2.49551459e-008	
4.53810376e+001	5.74905549e-007	-5.74364211e-007	2.49427869e-008	
4.54812165e+001	5.87608195e-007	-5.87079096e-007	2.49304279e-008	
4.55813953e+001	6.02861881e-007	-6.02348245e-007	2.48804885e-008	
4.56815742e+001	6.18570802e-007	-6.18072499e-007	2.48238530e-008	
4.57817531e+001	6.34280488e-007	-6.33796752e-007	2.47672175e-008	
4.58819320e+001	6.49990884e-007	-6.49521005e-007	2.47105819e-008	
4.59821109e+001	6.62748281e-007	-6.62289349e-007	2.46597216e-008	
4.60822898e+001	6.72383575e-007	-6.71932865e-007	2.46149670e-008	
4.61824687e+001	6.82019105e-007	-6.81576381e-007	2.45702124e-008	
4.62826476e+001	6.91654859e-007	-6.91219897e-007	2.45254578e-008	
4.63828265e+001	7.01606072e-007	-7.01179158e-007	2.44717865e-008	
4.64830054e+001	7.13795676e-007	-7.13380060e-007	2.43548112e-008	
4.65831843e+001	7.25985678e-007	-7.25580962e-007	2.42378358e-008	
4.66833631e+001	7.38176059e-007	-7.37781863e-007	2.41208604e-008	
4.67835420e+001	7.50366800e-007	-7.49982765e-007	2.40038851e-008	
4.68837209e+001	7.63992361e-007	-7.63620138e-007	2.38456133e-008	
4.69838998e+001	7.78069384e-007	-7.77709130e-007	2.36743579e-008	
4.70840787e+001	7.92146869e-007	-7.91798122e-007	2.35031024e-008	
4.71842576e+001	8.06224792e-007	-8.05887114e-007	2.33318470e-008	
4.72844365e+001	8.18800150e-007	-8.18472641e-007	2.31564509e-008	
4.73846154e+001	8.29103929e-007	-8.28785548e-007	2.29747959e-008	
4.74847943e+001	8.39407973e-007	-8.39098455e-007	2.27931409e-008	
4.75849732e+001	8.49712270e-007	-8.49411362e-007	2.26114860e-008	
4.76851521e+001	8.59979211e-007	-8.59686693e-007	2.24283747e-008	
4.77853309e+001	8.69224837e-007	-8.68941151e-007	2.22056990e-008	
4.78855098e+001	8.78470706e-007	-8.78195610e-007	2.19830233e-008	
4.79856887e+001	8.87716810e-007	-8.87450068e-007	2.17603476e-008	
4.80858676e+001	8.96963142e-007	-8.96704526e-007	2.15376719e-008	
4.81860465e+001	9.04803287e-007	-9.04551973e-007	2.13240547e-008	
4.82862254e+001	9.11959783e-007	-9.11715311e-007	2.11148418e-008	
4.83864043e+001	9.19116433e-007	-9.18878649e-007	2.09056288e-008	
4.84865832e+001	9.26273234e-007	-9.26041987e-007	2.06964158e-008	
4.85867621e+001	9.32826831e-007	-9.32601842e-007	2.04865861e-008	
4.86869410e+001	9.38038816e-007	-9.37819667e-007	2.02753851e-008	
4.87871199e+001	9.43250913e-007	-9.43037493e-007	2.00641840e-008	
4.88872987e+001	9.48463120e-007	-9.48255318e-007	1.98529830e-008	
4.89874776e+001	9.53675435e-007	-9.53473144e-007	1.96417819e-008	
4.90876565e+001	9.58016648e-007	-9.57819739e-007	1.94228082e-008	
4.91878354e+001	9.62309729e-007	-9.62118103e-007	1.92034039e-008	
4.92880143e+001	9.66602906e-007	-9.66416466e-007	1.89839997e-008	
4.93881932e+001	9.70896179e-007	-9.70714829e-007	1.87645954e-008	
4.94883721e+001	9.74030173e-007	-9.73853025e-007	1.85759159e-008	
4.95885510e+001	9.76341373e-007	-9.76167806e-007	1.84090430e-008	
4.96887299e+001	9.78652619e-007	-9.78482586e-007	1.82421700e-008	
4.97889088e+001	9.80963909e-007	-9.80797367e-007	1.80752971e-008	
4.98890877e+001	9.82991536e-007	-9.82828230e-007	1.79173472e-008	
4.99892665e+001	9.84026230e-007	-9.83865395e-007	1.77906289e-008	
5.00894454e+001	9.85060946e-007	-9.84902560e-007	1.76639106e-008	
5.01896243e+001	9.86095683e-007	-9.85939726e-007	1.75371923e-008	
5.02898032e+001	9.87130441e-007	-9.86976891e-007	1.74104740e-008	
5.03899821e+001	9.88165221e-007	-9.88014057e-007	1.72837557e-008	
5.04901610e+001	9.89200022e-007	-9.89051222e-007	1.71570374e-008	
5.05903399e+001	9.90234844e-007	-9.90088387e-007	1.70303191e-008	
5.06905188e+001	9.91269687e-007	-9.91125553e-007	1.69036008e-008	
5.07906977e+001	9.92033422e-007	-9.91891633e-007	1.67719528e-008	
5.08908766e+001	9.92522691e-007	-9.92383272e-007	1.66353143e-008	
5.09910555e+001	9.93011981e-007	-9.92874910e-007	1.64986759e-008	
5.10912343e+001	9.93501292e-007	-9.93366549e-007	1.63620374e-008	
5.11914132e+001	9.93922671e-007	-9.93790218e-007	1.62258203e-008	
5.12915921e+001	9.93905931e-007	-9.93775648e-007	1.60923192e-008	
5.13917710e+001	9.93889210e-007	-9.93761077e-007	1.59588181e-008	
5.14919499e+001	9.93872506e-007	-9.93746506e-007	1.58253170e-008	
5.15921288e+001	9.93855820e-007	-9.93731935e-007	1.56918159e-008	
5.16923077e+001	9.93566817e-007	-9.93444856e-007	1.55672125e-008	
5.17924866e+001	9.93197221e-007	-9.93077119e-007	1.54452424e-008	
5.18926655e+001	9.92827639e-007	-9.92709382e-007	1.53232722e-008	
5.19928444e+001	9.92458070e-007	-9.92341645e-007	1.52013021e-008	
5.20930233e+001	9.91975209e-007	-9.91860473e-007	1.50870262e-008	
5.21932021e+001	9.91328607e-007	-9.91215360e-007	1.49838699e-008	
5.22933810e+001	9.90682013e-007	-9.90570248e-007	1.48807136e-008	
5.23935599e+001	9.90035428e-007	-9.89925135e-007	1.47775573e-008	
5.24937388e+001	9.89395757e-007	-9.89286900e-007	1.46763225e-008	
5.25939177e+001	9.88898343e-007	-9.88790344e-007	1.46146642e-008	
5.26940966e+001	9.88400931e-007	-9.88293787e-007	1.45530058e-008	
5.27942755e+001	9.87903522e-007	-9.87797231e-007	1.44913475e-008	
5.28944544e+001	9.87406116e-007	-9.87300675e-007	1.44296891e-008	
5.29946333e+001	9.86854710e-007	-9.86750047e-007	1.43722907e-008	
5.30948122e+001	9.86278317e-007	-9.86174399e-007	1.43168634e-008	
5.31949911e+001	9.85701926e-007	-9.85598751e-007	1.42614362e-008	
5.32951699e+001	9.85125537e-007	-9.85023102e-007	1.42060089e-008	
5.33953488e+001	9.84483583e-007	-9.84381945e-007	1.41460840e-008	
5.34955277e+001	9.83702940e-007	-9.83602217e-007	1.40766454e-008	
5.35957066e+001	9.82922301e-007	-9.82822490e-007	1.40072068e-008	
5.36958855e+001	9.82141665e-007	-9.82042763e-007	1.39377682e-008	
5.37960644e+001	9.81361032e-007	-9.81263035e-007	1.38683296e-008	
5.38962433e+001	9.80770645e-007	-9.80673231e-007	1.38228768e-008	
5.39964222e+001	9.80188529e-007	-9.80091683e-007	1.37784665e-008	
5.40966011e+001	9.79606414e-007	-9.79510134e-007	1.37340562e-008	
5.41967800e+001	9.79024300e-007	-9.78928585e-007	1.36896459e-008	
5.42969589e+001	9.78549391e-007	-9.78454111e-007	1.36551577e-008	
5.43971377e+001	9.78147247e-007	-9.78052315e-007	1.36274041e-008	
5.44973166e+001	9.77745103e-007	-9.77650518e-007	1.35996505e-008	
5.45974955e+001	9.77342960e-007	-9.77248722e-007	1.35718968e-008	
5.46976744e+001	9.76940817e-007	-9.76846925e-007	1.35441432e-008	
5.47978533e+001	9.76538674e-007	-9.76445129e-007	1.35163896e-008	
5.48980322e+001	9.76136532e-007	-9.76043332e-007	1.34886360e-008	
5.49982111e+001	9.75734391e-007	-9.75641536e-007	1.34608824e-008	
5.50983900e+001	9.75332250e-007	-9.75239739e-007	1.34331287e-008	
5.51985689e+001	9.75062474e-007	-9.74970183e-007	1.34153422e-008	
5.52987478e+001	9.74812410e-007	-9.74720319e-007	1.33990399e-008	
5.53989267e+001	9.74562346e-007	-9.74470455e-007	1.33827376e-008	
5.54991055e+001	9.74312281e-007	-9.74220591e-007	1.33664354e-008	
5.55992844e+001	9.74128835e-007	-9.74037290e-007	1.33545760e-008	
5.56994633e+001	9.74009979e-007	-9.73918526e-007	1.33470242e-008	
5.57996422e+001	9.73903126e-007	-9.73811756e-007	1.33402399e-008	
5.58998211e+001	9.73829512e-007	-9.73738199e-007	1.33355736e-008	
5.60000000e+001	9.73804558e-007	-9.73713265e-007	1.33339723e-008	
