% Column 0: Length, cm
% Column 1: |B.n|, Tesla
% Column 2: Re[B.n], Tesla
% Column 3: Im[B.n], Tesla
0.00000000e+000	9.78633909e-010	9.78272628e-010	-2.65893579e-011	
1.00178891e-001	1.10213690e-008	1.10172895e-008	-2.99847050e-010	
2.00357782e-001	2.15849976e-008	2.15769949e-008	-5.87718692e-010	
3.00536673e-001	3.26823349e-008	3.26702242e-008	-8.89644974e-010	
4.00715564e-001	4.31764791e-008	4.31604750e-008	-1.17547501e-009	
5.00894454e-001	5.34027345e-008	5.33828967e-008	-1.45547191e-009	
6.01073345e-001	6.32611811e-008	6.32375198e-008	-1.73006305e-009	
7.01252236e-001	7.31158807e-008	7.30883145e-008	-2.00755660e-009	
8.01431127e-001	8.34586927e-008	8.34271502e-008	-2.29434310e-009	
9.01610018e-001	9.38015049e-008	9.37659858e-008	-2.58112959e-009	
1.00178891e+000	1.02683908e-007	1.02644772e-007	-2.83470640e-009	
1.10196780e+000	1.11055238e-007	1.11012612e-007	-3.07666142e-009	
1.20214669e+000	1.19426570e-007	1.19380452e-007	-3.31861644e-009	
1.30232558e+000	1.27797902e-007	1.27748292e-007	-3.56057145e-009	
1.40250447e+000	1.36169235e-007	1.36116131e-007	-3.80252647e-009	
1.50268336e+000	1.44540568e-007	1.44483971e-007	-4.04448149e-009	
1.60286225e+000	1.54844798e-007	1.54784022e-007	-4.33793905e-009	
1.70304114e+000	1.69390541e-007	1.69322623e-007	-4.79634398e-009	
1.80322004e+000	1.84074221e-007	1.83999208e-007	-5.25452138e-009	
1.90339893e+000	1.98769728e-007	1.98687619e-007	-5.71267928e-009	
2.00357782e+000	2.12943705e-007	2.12854632e-007	-6.15847795e-009	
2.10375671e+000	2.21585145e-007	2.21490901e-007	-6.46197031e-009	
2.20393560e+000	2.30092082e-007	2.29992979e-007	-6.75244861e-009	
2.30411449e+000	2.38599026e-007	2.38495057e-007	-7.04292691e-009	
2.40429338e+000	2.47105977e-007	2.46997135e-007	-7.33340520e-009	
2.50447227e+000	2.55612933e-007	2.55499213e-007	-7.62388350e-009	
2.60465116e+000	2.64074867e-007	2.63956240e-007	-7.91448913e-009	
2.70483005e+000	2.72139807e-007	2.72016052e-007	-8.20621743e-009	
2.80500894e+000	2.80859366e-007	2.80727496e-007	-8.60558926e-009	
2.90518784e+000	2.91521083e-007	2.91381205e-007	-9.02966391e-009	
3.00536673e+000	3.02182830e-007	3.02034915e-007	-9.45373856e-009	
3.10554562e+000	3.12421921e-007	3.12266001e-007	-9.86918507e-009	
3.20572451e+000	3.21893740e-007	3.21729657e-007	-1.02765518e-008	
3.30590340e+000	3.33442347e-007	3.33268688e-007	-1.07601133e-008	
3.40608229e+000	3.44990990e-007	3.44807719e-007	-1.12436749e-008	
3.50626118e+000	3.52802570e-007	3.52608611e-007	-1.16970197e-008	
3.60644007e+000	3.60162916e-007	3.59958030e-007	-1.21467151e-008	
3.70661896e+000	3.67312436e-007	3.67097257e-007	-1.25710023e-008	
3.80679785e+000	3.73970236e-007	3.73746433e-007	-1.29360521e-008	
3.90697674e+000	3.79941170e-007	3.79708716e-007	-1.32884943e-008	
4.00715564e+000	3.85494250e-007	3.85253100e-007	-1.36332662e-008	
4.10733453e+000	3.91047388e-007	3.90797484e-007	-1.39780381e-008	
4.20751342e+000	3.97209048e-007	3.96948255e-007	-1.43913505e-008	
4.30769231e+000	4.04058327e-007	4.03784168e-007	-1.48821053e-008	
4.40787120e+000	4.10907746e-007	4.10620081e-007	-1.53728600e-008	
4.50805009e+000	4.17070531e-007	4.16763360e-007	-1.60040491e-008	
4.60822898e+000	4.23219844e-007	4.22892671e-007	-1.66380703e-008	
4.70840787e+000	4.29746878e-007	4.29399431e-007	-1.72773803e-008	
4.80858676e+000	4.39441159e-007	4.39073948e-007	-1.79610773e-008	
4.90876565e+000	4.45016600e-007	4.44628499e-007	-1.85815051e-008	
5.00894454e+000	4.46336997e-007	4.45926571e-007	-1.91365675e-008	
5.10912343e+000	4.47712406e-007	4.47279630e-007	-1.96807175e-008	
5.20930233e+000	4.49347642e-007	4.48894596e-007	-2.01728903e-008	
5.30948122e+000	4.51770848e-007	4.51293543e-007	-2.07614313e-008	
5.40966011e+000	4.54248355e-007	4.53746036e-007	-2.13565543e-008	
5.50983900e+000	4.56726366e-007	4.56198529e-007	-2.19516772e-008	
5.61001789e+000	4.57810361e-007	4.57245914e-007	-2.27266624e-008	
5.71019678e+000	4.59160731e-007	4.58558180e-007	-2.35153640e-008	
5.81037567e+000	4.61395010e-007	4.60755770e-007	-2.42791256e-008	
5.91055456e+000	4.63630196e-007	4.62953359e-007	-2.50428873e-008	
6.01073345e+000	4.65866277e-007	4.65150949e-007	-2.58066489e-008	
6.11091234e+000	4.57240948e-007	4.56469719e-007	-2.65458173e-008	
6.21109123e+000	4.47912467e-007	4.47080748e-007	-2.72833857e-008	
6.31127013e+000	4.38587808e-007	4.37691777e-007	-2.80209541e-008	
6.41144902e+000	4.29267220e-007	4.28302806e-007	-2.87585226e-008	
6.51162791e+000	4.21181848e-007	4.20140885e-007	-2.95936853e-008	
6.61180680e+000	4.14579923e-007	4.13453079e-007	-3.05460929e-008	
6.71198569e+000	4.03712519e-007	4.02463679e-007	-3.17298729e-008	
6.81216458e+000	3.92275032e-007	3.90889139e-007	-3.29451261e-008	
6.91234347e+000	3.80849704e-007	3.79314599e-007	-3.41603793e-008	
7.01252236e+000	3.71001656e-007	3.69320697e-007	-3.52767904e-008	
7.11270125e+000	3.56104601e-007	3.54231294e-007	-3.64784451e-008	
7.21288014e+000	3.31641051e-007	3.29462892e-007	-3.79471993e-008	
7.31305903e+000	3.09036057e-007	3.06514670e-007	-3.93959544e-008	
7.41323792e+000	2.86492969e-007	2.83566449e-007	-4.08447094e-008	
7.51341682e+000	2.64027646e-007	2.60618228e-007	-4.22934644e-008	
7.61359571e+000	2.37112743e-007	2.33061955e-007	-4.36414711e-008	
7.71377460e+000	2.03097789e-007	1.98088927e-007	-4.48273211e-008	
7.81395349e+000	1.69481587e-007	1.63115899e-007	-4.60131711e-008	
7.91413238e+000	1.37157095e-007	1.28766584e-007	-4.72359556e-008	
8.01431127e+000	1.06346693e-007	9.46572355e-008	-4.84729502e-008	
8.11449016e+000	7.83398061e-008	6.05478869e-008	-4.97099449e-008	
8.21466905e+000	5.73984925e-008	2.64385382e-008	-5.09469395e-008	
8.31484794e+000	5.63446290e-008	-2.01508625e-008	-5.26180573e-008	
8.41502683e+000	9.68087715e-008	-7.98431411e-008	-5.47449637e-008	
8.51520572e+000	1.50793880e-007	-1.39681566e-007	-5.68142076e-008	
8.61538462e+000	2.08347840e-007	-1.99897698e-007	-5.87344265e-008	
8.71556351e+000	2.78768966e-007	-2.72082071e-007	-6.06917046e-008	
8.81574240e+000	3.66928569e-007	-3.61531434e-007	-6.27024429e-008	
8.91592129e+000	4.55600127e-007	-4.50980798e-007	-6.47131812e-008	
9.01610018e+000	5.44533599e-007	-5.40430161e-007	-6.67239195e-008	
9.11627907e+000	6.33618708e-007	-6.29879524e-007	-6.87346578e-008	
9.21645796e+000	7.35302620e-007	-7.31888858e-007	-7.07717649e-008	
9.31663685e+000	8.90974669e-007	-8.87895696e-007	-7.40073829e-008	
9.41681574e+000	1.04675641e-006	-1.04390253e-006	-7.72430009e-008	
9.51699463e+000	1.20063913e-006	-1.19793688e-006	-8.05080697e-008	
9.61717352e+000	1.35260792e-006	-1.35000938e-006	-8.38024306e-008	
9.71735242e+000	1.52896788e-006	-1.52643958e-006	-8.78919879e-008	
9.81753131e+000	1.72232465e-006	-1.71990606e-006	-9.12432535e-008	
9.91771020e+000	1.91296657e-006	-1.91063448e-006	-9.44297556e-008	
1.00178891e+001	2.10362901e-006	-2.10136291e-006	-9.76162576e-008	
1.01180680e+001	2.29430683e-006	-2.29209133e-006	-1.00802760e-007	
1.02182469e+001	2.58675459e-006	-2.58454498e-006	-1.06895052e-007	
1.03184258e+001	2.90416186e-006	-2.90204090e-006	-1.10971661e-007	
1.04186047e+001	3.22159175e-006	-3.21953681e-006	-1.15048270e-007	
1.05187835e+001	3.55033240e-006	-3.54836064e-006	-1.18308546e-007	
1.06189624e+001	3.97780235e-006	-3.97615591e-006	-1.14436555e-007	
1.07191413e+001	4.40533887e-006	-4.40395118e-006	-1.10564564e-007	
1.08193202e+001	4.83292428e-006	-4.83174645e-006	-1.06692573e-007	
1.09194991e+001	5.36087555e-006	-5.35981315e-006	-1.06722096e-007	
1.10196780e+001	6.08336300e-006	-6.08280461e-006	-8.24219218e-008	
1.11198569e+001	6.70486160e-006	-6.70467933e-006	-4.94390569e-008	
1.12200358e+001	7.08927783e-006	-7.08927782e-006	3.50081117e-010	
1.13202147e+001	7.10249076e-006	-7.10189307e-006	9.21401771e-008	
1.14203936e+001	6.73953815e-006	-6.73509771e-006	2.44608277e-007	
1.15205725e+001	5.92228767e-006	-5.89846052e-006	5.30711565e-007	
1.16207513e+001	4.09374549e-006	-4.04723906e-006	6.15311396e-007	
1.17209302e+001	2.74059385e-006	-2.69506542e-006	4.97470632e-007	
1.18211091e+001	1.87071061e-006	-1.83028353e-006	3.86807944e-007	
1.19212880e+001	1.20851020e-006	-1.17517254e-006	2.81897851e-007	
1.20214669e+001	7.65996481e-007	-7.41734409e-007	1.91260749e-007	
1.21216458e+001	4.37990872e-007	-4.20054704e-007	1.24056640e-007	
1.22218247e+001	1.90145374e-007	-1.72535218e-007	7.99178436e-008	
1.23220036e+001	4.12041539e-008	2.18099224e-008	3.49586839e-008	
1.24221825e+001	2.27101546e-007	2.27095424e-007	-1.66750957e-009	
1.25223614e+001	3.87011869e-007	3.85823876e-007	-3.03005528e-008	
1.26225403e+001	5.37755225e-007	5.34467339e-007	-5.93746226e-008	
1.27227191e+001	7.03466545e-007	6.98459883e-007	-8.37793083e-008	
1.28228980e+001	8.49003240e-007	8.41712814e-007	-1.11022701e-007	
1.29230769e+001	1.00526614e-006	9.96427308e-007	-1.33013671e-007	
1.30232558e+001	1.19458405e-006	1.18362399e-006	-1.61447514e-007	
1.31234347e+001	1.38211263e-006	1.36846184e-006	-1.93771830e-007	
1.32236136e+001	1.63962964e-006	1.62335858e-006	-2.30417577e-007	
1.33237925e+001	1.79565534e-006	1.77686532e-006	-2.59090200e-007	
1.34239714e+001	2.17571491e-006	2.15369310e-006	-3.08773997e-007	
1.35241503e+001	2.42941374e-006	2.40324416e-006	-3.55624228e-007	
1.36243292e+001	2.82822765e-006	2.79711394e-006	-4.18360167e-007	
1.37245081e+001	3.33229424e-006	3.29568099e-006	-4.92617214e-007	
1.38246869e+001	3.69100708e-006	3.64730334e-006	-5.66314112e-007	
1.39248658e+001	4.44734392e-006	4.39592188e-006	-6.74343249e-007	
1.40250447e+001	5.38123341e-006	5.31972825e-006	-8.11273267e-007	
1.41252236e+001	6.63462996e-006	6.55880220e-006	-1.00021422e-006	
1.42254025e+001	7.92689573e-006	7.83424423e-006	-1.20842594e-006	
1.43255814e+001	9.98821079e-006	9.87257413e-006	-1.51546519e-006	
1.44257603e+001	1.30004919e-005	1.28700355e-005	-1.83711064e-006	
1.45259392e+001	1.64802797e-005	1.62998656e-005	-2.43187159e-006	
1.46261181e+001	2.18197162e-005	2.16191003e-005	-2.95203605e-006	
1.47262970e+001	2.84374072e-005	2.82331737e-005	-3.40206312e-006	
1.48264758e+001	4.00055668e-005	3.99150110e-005	-2.69021705e-006	
1.49266547e+001	4.94019678e-005	4.93851731e-005	-1.28805971e-006	
1.50268336e+001	5.60024700e-005	5.60024612e-005	3.14255401e-008	
1.51270125e+001	6.01227484e-005	6.01170595e-005	8.27062167e-007	
1.52271914e+001	5.90752689e-005	5.90672063e-005	9.75978071e-007	
1.53273703e+001	5.84227076e-005	5.84117522e-005	1.13135497e-006	
1.54275492e+001	5.81754135e-005	5.81639579e-005	1.15444057e-006	
1.55277281e+001	5.75245118e-005	5.75135243e-005	1.12427070e-006	
1.56279070e+001	5.69901857e-005	5.69790373e-005	1.12719632e-006	
1.57280859e+001	5.55653249e-005	5.55564111e-005	9.95243256e-007	
1.58282648e+001	5.53852719e-005	5.53773824e-005	9.34807776e-007	
1.59284436e+001	5.52193133e-005	5.52122974e-005	8.80214292e-007	
1.60286225e+001	5.50534036e-005	5.50472125e-005	8.25620809e-007	
1.61288014e+001	5.48875433e-005	5.48821275e-005	7.71027325e-007	
1.62289803e+001	5.49301409e-005	5.49254089e-005	7.20994206e-007	
1.63291592e+001	5.54967398e-005	5.54925438e-005	6.82426294e-007	
1.64293381e+001	5.60633761e-005	5.60596787e-005	6.43858382e-007	
1.65295170e+001	5.65330908e-005	5.65297605e-005	6.13623886e-007	
1.66296959e+001	5.70522500e-005	5.70492414e-005	5.85909253e-007	
1.67298748e+001	5.78174821e-005	5.78147590e-005	5.61142315e-007	
1.68300537e+001	5.85827321e-005	5.85802766e-005	5.36375376e-007	
1.69302326e+001	5.93934285e-005	5.93911869e-005	5.16010117e-007	
1.70304114e+001	6.05692045e-005	6.05671525e-005	4.98563593e-007	
1.71305903e+001	6.19475945e-005	6.19457287e-005	4.80798314e-007	
1.72307692e+001	6.32986569e-005	6.32969573e-005	4.63855018e-007	
1.73309481e+001	6.44906429e-005	6.44890610e-005	4.51694512e-007	
1.74311270e+001	6.57040544e-005	6.57025823e-005	4.39825887e-007	
1.75313059e+001	6.71580023e-005	6.71566178e-005	4.31235015e-007	
1.76314848e+001	6.89963298e-005	6.89950329e-005	4.23042876e-007	
1.77316637e+001	7.09469552e-005	7.09457416e-005	4.14967224e-007	
1.78318426e+001	7.33996472e-005	7.33984769e-005	4.14492489e-007	
1.79320215e+001	7.63556189e-005	7.63544547e-005	4.21637082e-007	
1.80322004e+001	7.93115916e-005	7.93104325e-005	4.28781675e-007	
1.81323792e+001	8.18641504e-005	8.18630748e-005	4.19662146e-007	
1.82325581e+001	8.42774995e-005	8.42765267e-005	4.04929902e-007	
1.83327370e+001	8.71926787e-005	8.71917340e-005	4.05882372e-007	
1.84329159e+001	9.04548117e-005	9.04538490e-005	4.17315183e-007	
1.85330948e+001	9.27607686e-005	9.27599331e-005	3.93715200e-007	
1.86332737e+001	9.50667376e-005	9.50660171e-005	3.70115216e-007	
1.87334526e+001	9.73727177e-005	9.73721012e-005	3.46515233e-007	
1.88336315e+001	9.96787083e-005	9.96781852e-005	3.22915250e-007	
1.89338104e+001	1.02737238e-004	1.02736752e-004	3.15927692e-007	
1.90339893e+001	1.05370467e-004	1.05370203e-004	2.35899276e-007	
1.91341682e+001	1.07986869e-004	1.07986759e-004	1.54335398e-007	
1.92343470e+001	1.10603338e-004	1.10603314e-004	7.27715204e-008	
1.93345259e+001	1.13219869e-004	1.13219869e-004	-8.79235724e-009	
1.94347048e+001	1.17651201e-004	1.17651188e-004	-5.54239867e-008	
1.95348837e+001	1.18294595e-004	1.18293996e-004	-3.76650408e-007	
1.96350626e+001	1.18290900e-004	1.18289605e-004	-5.53553760e-007	
1.97352415e+001	1.18287470e-004	1.18285214e-004	-7.30457112e-007	
1.98354204e+001	1.18284304e-004	1.18280824e-004	-9.07360464e-007	
1.99355993e+001	1.18281403e-004	1.18276433e-004	-1.08426382e-006	
2.00357782e+001	1.18278767e-004	1.18272043e-004	-1.26116717e-006	
2.01359571e+001	1.14549218e-004	1.14539355e-004	-1.50315910e-006	
2.02361360e+001	1.09065340e-004	1.09050882e-004	-1.77580350e-006	
2.03363148e+001	1.04440949e-004	1.04422442e-004	-1.96611637e-006	
2.04364937e+001	1.00506326e-004	1.00484587e-004	-2.09031900e-006	
2.05366726e+001	9.27505326e-005	9.27289476e-005	-2.00089077e-006	
2.06368515e+001	8.48949289e-005	8.48735328e-005	-1.90587943e-006	
2.07370304e+001	7.67600679e-005	7.67387365e-005	-1.80951775e-006	
2.08372093e+001	6.81025400e-005	6.80810525e-005	-1.71062879e-006	
2.09373882e+001	5.78072946e-005	5.77886471e-005	-1.46818884e-006	
2.10375671e+001	4.91321350e-005	4.91151089e-005	-1.29335526e-006	
2.11377460e+001	4.04570356e-005	4.04415706e-005	-1.11852169e-006	
2.12379249e+001	3.15915346e-005	3.15783456e-005	-9.12770670e-007	
2.13381038e+001	2.26439505e-005	2.26333226e-005	-6.93687255e-007	
2.14382826e+001	1.36701325e-005	1.36617434e-005	-4.78842116e-007	
2.15384615e+001	4.27543963e-006	4.26817846e-006	-2.49071447e-007	
2.16386404e+001	5.33248648e-006	-5.33248051e-006	-7.97770312e-009	
2.17388193e+001	1.60819162e-005	-1.60791960e-005	2.95777818e-007	
2.18389982e+001	2.47752567e-005	-2.47701669e-005	5.02171573e-007	
2.19391771e+001	3.36216970e-005	-3.36141444e-005	7.12604219e-007	
2.20393560e+001	4.42335199e-005	-4.42222843e-005	9.96921853e-007	
2.21395349e+001	5.46988118e-005	-5.46840631e-005	1.27013858e-006	
2.22397138e+001	6.32755369e-005	-6.32600400e-005	1.40032480e-006	
2.23398927e+001	7.18523193e-005	-7.18360169e-005	1.53051101e-006	
2.24400716e+001	8.30278958e-005	-8.30089621e-005	1.77304428e-006	
2.25402504e+001	9.05900622e-005	-9.05718651e-005	1.81566251e-006	
2.26404293e+001	9.80720665e-005	-9.80544530e-005	1.85861901e-006	
2.27406082e+001	1.04676894e-004	-1.04659553e-004	1.90527127e-006	
2.28407871e+001	1.10532642e-004	-1.10518407e-004	1.77383979e-006	
2.29409660e+001	1.16152684e-004	-1.16141853e-004	1.58623046e-006	
2.30411449e+001	1.20279142e-004	-1.20271467e-004	1.35876301e-006	
2.31413238e+001	1.21965035e-004	-1.21960375e-004	1.06617309e-006	
2.32415027e+001	1.23651703e-004	-1.23649283e-004	7.73583170e-007	
2.33416816e+001	1.25492192e-004	-1.25491078e-004	5.28798240e-007	
2.34418605e+001	1.26462779e-004	-1.26462095e-004	4.16040007e-007	
2.35420394e+001	1.25514701e-004	-1.25514361e-004	2.92381726e-007	
2.36422182e+001	1.24040283e-004	-1.24040196e-004	1.46390364e-007	
2.37423971e+001	1.22566032e-004	-1.22566032e-004	3.99002564e-010	
2.38425760e+001	1.21091955e-004	-1.21091868e-004	-1.45592359e-007	
2.39427549e+001	1.19618059e-004	-1.19617703e-004	-2.91583721e-007	
2.40429338e+001	1.18144349e-004	-1.18143539e-004	-4.37575083e-007	
2.41431127e+001	1.16670834e-004	-1.16669375e-004	-5.83566444e-007	
2.42432916e+001	1.14192955e-004	-1.14191151e-004	-6.41857665e-007	
2.43434705e+001	1.11676996e-004	-1.11674822e-004	-6.96820644e-007	
2.44436494e+001	1.09161083e-004	-1.09158494e-004	-7.51783623e-007	
2.45438283e+001	1.06159128e-004	-1.06156102e-004	-8.01505131e-007	
2.46440072e+001	1.02842231e-004	-1.02838766e-004	-8.44131911e-007	
2.47441860e+001	1.00699525e-004	-1.00695748e-004	-8.72075601e-007	
2.48443649e+001	9.86794337e-005	-9.86753171e-005	-9.01355352e-007	
2.49445438e+001	9.66593658e-005	-9.66548857e-005	-9.30635103e-007	
2.50447227e+001	9.46393225e-005	-9.46344543e-005	-9.59914854e-007	
2.51449016e+001	9.27840295e-005	-9.27785984e-005	-1.00389888e-006	
2.52450805e+001	9.09634777e-005	-9.09574061e-005	-1.05097998e-006	
2.53452594e+001	8.93271835e-005	-8.93204653e-005	-1.09552611e-006	
2.54454383e+001	8.81097370e-005	-8.81024352e-005	-1.13430878e-006	
2.55456172e+001	8.76823283e-005	-8.76738536e-005	-1.21905356e-006	
2.56457961e+001	8.75269897e-005	-8.75170414e-005	-1.31962090e-006	
2.57459750e+001	8.73717722e-005	-8.73602291e-005	-1.42018824e-006	
2.58461538e+001	8.70754975e-005	-8.70629539e-005	-1.47794125e-006	
2.59463327e+001	8.72920660e-005	-8.72778022e-005	-1.57798329e-006	
2.60465116e+001	8.76429592e-005	-8.76266366e-005	-1.69140748e-006	
2.61466905e+001	8.80266500e-005	-8.80087056e-005	-1.77731237e-006	
2.62468694e+001	8.85346304e-005	-8.85171635e-005	-1.75856345e-006	
2.63470483e+001	8.98145114e-005	-8.97956449e-005	-1.84082037e-006	
2.64472272e+001	9.16577854e-005	-9.16360326e-005	-1.99678392e-006	
2.65474061e+001	9.54733957e-005	-9.54480969e-005	-2.19774452e-006	
2.66475850e+001	9.43296112e-005	-9.43142220e-005	-1.70384199e-006	
2.67477639e+001	8.85256899e-005	-8.85243416e-005	-4.88576991e-007	
2.68479428e+001	8.17094967e-005	-8.17037279e-005	9.70924999e-007	
2.69481216e+001	6.65552859e-005	-6.64650518e-005	3.46453019e-006	
2.70483005e+001	5.01379896e-005	-4.98984686e-005	4.89498037e-006	
2.71484794e+001	3.62220679e-005	-3.58726913e-005	5.01878652e-006	
2.72486583e+001	2.75293207e-005	-2.72222496e-005	4.10031995e-006	
2.73488372e+001	2.03139808e-005	-2.00927646e-005	2.98975363e-006	
2.74490161e+001	1.59343752e-005	-1.57628282e-005	2.33185734e-006	
2.75491950e+001	1.25929999e-005	-1.24523895e-005	1.87660375e-006	
2.76493739e+001	1.00162266e-005	-9.90460211e-006	1.49119161e-006	
2.77495528e+001	8.71792782e-006	-8.62982119e-006	1.23630570e-006	
2.78497317e+001	6.60044074e-006	-6.53206508e-006	9.47598878e-007	
2.79499106e+001	5.91164347e-006	-5.85876376e-006	7.88933316e-007	
2.80500894e+001	4.82057867e-006	-4.77813557e-006	6.38278304e-007	
2.81502683e+001	3.94508525e-006	-3.91246171e-006	5.06301320e-007	
2.82504472e+001	3.09430427e-006	-3.07031860e-006	3.84529103e-007	
2.83506261e+001	2.32524003e-006	-2.31018088e-006	2.64207253e-007	
2.84508050e+001	1.62358522e-006	-1.61913355e-006	1.20147836e-007	
2.85509839e+001	6.29147940e-007	-6.28121420e-007	-3.59250927e-008	
2.86511628e+001	1.93778574e-007	3.63297310e-008	-1.90342550e-007	
2.87513417e+001	1.43388539e-006	1.36601921e-006	-4.35911504e-007	
2.88515206e+001	3.18967590e-006	3.11266992e-006	-6.96647910e-007	
2.89516995e+001	5.59854601e-006	5.53299389e-006	-8.54222438e-007	
2.90518784e+001	8.09763316e-006	8.05733790e-006	-8.06826410e-007	
2.91520572e+001	1.03062395e-005	1.02960092e-005	-4.59095406e-007	
2.92522361e+001	1.12318098e-005	1.12301685e-005	-1.92008431e-007	
2.93524150e+001	1.13430971e-005	1.13430837e-005	-1.74588982e-008	
2.94525939e+001	1.07286008e-005	1.07282308e-005	8.90988921e-008	
2.95527728e+001	1.01234253e-005	1.01214615e-005	1.99390839e-007	
2.96529517e+001	8.66858985e-006	8.66551580e-006	2.30837379e-007	
2.97531306e+001	7.55704613e-006	7.55361913e-006	2.27561648e-007	
2.98533095e+001	6.60830357e-006	6.60397744e-006	2.39077481e-007	
2.99534884e+001	5.65988602e-006	5.65433575e-006	2.50593315e-007	
3.00536673e+001	4.72208524e-006	4.71482703e-006	2.61715784e-007	
3.01538462e+001	4.25939778e-006	4.25179727e-006	2.54341200e-007	
3.02540250e+001	3.79680810e-006	3.78876751e-006	2.46966616e-007	
3.03542039e+001	3.33435690e-006	3.32573775e-006	2.39592033e-007	
3.04543828e+001	2.78208856e-006	2.77282180e-006	2.26883364e-007	
3.05545617e+001	2.20285928e-006	2.19258071e-006	2.12553149e-007	
3.06547406e+001	1.87877444e-006	1.86746209e-006	2.05860983e-007	
3.07549195e+001	1.56139809e-006	1.54861903e-006	1.99356700e-007	
3.08550984e+001	1.24480560e-006	1.22977597e-006	1.92852417e-007	
3.09552773e+001	9.41688710e-007	9.23073750e-007	1.86312848e-007	
3.10554562e+001	7.12635884e-007	6.89641376e-007	1.79568027e-007	
3.11556351e+001	4.94504721e-007	4.62964137e-007	1.73778961e-007	
3.12558140e+001	2.89917407e-007	2.36286898e-007	1.67989895e-007	
3.13559928e+001	1.62485244e-007	9.60965960e-009	1.62200829e-007	
3.14561717e+001	2.03108201e-007	-1.28713215e-007	1.57117312e-007	
3.15563506e+001	3.06144399e-007	-2.65719630e-007	1.52044308e-007	
3.16565295e+001	4.50973414e-007	-4.26870209e-007	1.45460803e-007	
3.17567084e+001	6.06158391e-007	-5.90082242e-007	1.38675674e-007	
3.18568873e+001	6.87386644e-007	-6.74195779e-007	1.34016604e-007	
3.19570662e+001	7.72960059e-007	-7.62010939e-007	1.29640202e-007	
3.20572451e+001	8.60276341e-007	-8.51093478e-007	1.25360581e-007	
3.21574240e+001	9.47940684e-007	-9.40176017e-007	1.21080960e-007	
3.22576029e+001	1.01721415e-006	-1.01045798e-006	1.17044033e-007	
3.23577818e+001	1.07474372e-006	-1.06875916e-006	1.13260478e-007	
3.24579606e+001	1.13707374e-006	-1.13178033e-006	1.09590024e-007	
3.25581395e+001	1.19725323e-006	-1.19251917e-006	1.06364145e-007	
3.26583184e+001	1.25374754e-006	-1.24943639e-006	1.03882678e-007	
3.27584973e+001	1.31546953e-006	-1.31158431e-006	1.01028053e-007	
3.28586762e+001	1.37832310e-006	-1.37482795e-006	9.80952608e-008	
3.29588551e+001	1.41062320e-006	-1.40742650e-006	9.49129831e-008	
3.30590340e+001	1.42851235e-006	-1.42557167e-006	9.16130388e-008	
3.31592129e+001	1.45639086e-006	-1.45369674e-006	8.85444673e-008	
3.32593918e+001	1.48605198e-006	-1.48358935e-006	8.55168742e-008	
3.33595707e+001	1.50482783e-006	-1.50256705e-006	8.24564038e-008	
3.34597496e+001	1.52156606e-006	-1.51949352e-006	7.93897547e-008	
3.35599284e+001	1.53845521e-006	-1.53655687e-006	7.64028903e-008	
3.36601073e+001	1.55609628e-006	-1.55434348e-006	7.38375624e-008	
3.37602862e+001	1.57098495e-006	-1.56936066e-006	7.14200731e-008	
3.38604651e+001	1.58078793e-006	-1.57926926e-006	6.92752937e-008	
3.39606440e+001	1.59059510e-006	-1.58917786e-006	6.71305144e-008	
3.40608229e+001	1.59378910e-006	-1.59246272e-006	6.50090840e-008	
3.41610018e+001	1.58864035e-006	-1.58739397e-006	6.29171007e-008	
3.42611807e+001	1.58349385e-006	-1.58232521e-006	6.08251174e-008	
3.43613596e+001	1.58148528e-006	-1.58038924e-006	5.88686965e-008	
3.44615385e+001	1.58907385e-006	-1.58804566e-006	5.71548180e-008	
3.45617174e+001	1.59710628e-006	-1.59614394e-006	5.54344645e-008	
3.46618962e+001	1.60514121e-006	-1.60424222e-006	5.37141109e-008	
3.47620751e+001	1.60453835e-006	-1.60369045e-006	5.21559553e-008	
3.48622540e+001	1.60109952e-006	-1.60029814e-006	5.06510630e-008	
3.49624329e+001	1.59766190e-006	-1.59690582e-006	4.91461707e-008	
3.50626118e+001	1.59422551e-006	-1.59351351e-006	4.76412784e-008	
3.51627907e+001	1.59037072e-006	-1.58970231e-006	4.61041284e-008	
3.52629696e+001	1.58499990e-006	-1.58437860e-006	4.43750308e-008	
3.53631485e+001	1.58348091e-006	-1.58290648e-006	4.26484617e-008	
3.54633274e+001	1.58042146e-006	-1.57989274e-006	4.08770506e-008	
3.55635063e+001	1.57439538e-006	-1.57390601e-006	3.92513155e-008	
3.56636852e+001	1.56424506e-006	-1.56378952e-006	3.77485699e-008	
3.57638640e+001	1.55409576e-006	-1.55367302e-006	3.62458243e-008	
3.58640429e+001	1.54477699e-006	-1.54438157e-006	3.49501256e-008	
3.59642218e+001	1.53587681e-006	-1.53550576e-006	3.37587335e-008	
3.60644007e+001	1.52697728e-006	-1.52662994e-006	3.25673413e-008	
3.61645796e+001	1.52012263e-006	-1.51979767e-006	3.14301852e-008	
3.62647585e+001	1.51941535e-006	-1.51911093e-006	3.04137759e-008	
3.63649374e+001	1.51998201e-006	-1.51969725e-006	2.94207970e-008	
3.64651163e+001	1.51833275e-006	-1.51806792e-006	2.83573271e-008	
3.65652952e+001	1.51649146e-006	-1.51624593e-006	2.72877275e-008	
3.66654741e+001	1.51388276e-006	-1.51365413e-006	2.63089369e-008	
3.67656530e+001	1.50995003e-006	-1.50973492e-006	2.54867347e-008	
3.68658318e+001	1.50664922e-006	-1.50644804e-006	2.46205643e-008	
3.69660107e+001	1.50355569e-006	-1.50336826e-006	2.37399935e-008	
3.70661896e+001	1.50046262e-006	-1.50028848e-006	2.28594227e-008	
3.71663685e+001	1.49737002e-006	-1.49720870e-006	2.19788519e-008	
3.72665474e+001	1.49795105e-006	-1.49780254e-006	2.10924906e-008	
3.73667263e+001	1.49974882e-006	-1.49961273e-006	2.02042122e-008	
3.74669052e+001	1.50154716e-006	-1.50142291e-006	1.93159337e-008	
3.75670841e+001	1.50261935e-006	-1.50250616e-006	1.84432713e-008	
3.76672630e+001	1.50252769e-006	-1.50242463e-006	1.75985612e-008	
3.77674419e+001	1.51032004e-006	-1.51022793e-006	1.66799133e-008	
3.78676208e+001	1.51603903e-006	-1.51595821e-006	1.56546853e-008	
3.79677996e+001	1.52175880e-006	-1.52168848e-006	1.46294574e-008	
3.80679785e+001	1.52747934e-006	-1.52741876e-006	1.36042294e-008	
3.81681574e+001	1.53444125e-006	-1.53438915e-006	1.26452662e-008	
3.82683363e+001	1.54294621e-006	-1.54290133e-006	1.17686873e-008	
3.83685152e+001	1.55145175e-006	-1.55141351e-006	1.08921084e-008	
3.84686941e+001	1.55945626e-006	-1.55942489e-006	9.89181452e-009	
3.85688730e+001	1.56786378e-006	-1.56783877e-006	8.85711637e-009	
3.86690519e+001	1.58773047e-006	-1.58771063e-006	7.93794897e-009	
3.87692308e+001	1.60822949e-006	-1.60821432e-006	6.98499686e-009	
3.88694097e+001	1.63630298e-006	-1.63629330e-006	5.62698517e-009	
3.89695886e+001	1.66437776e-006	-1.66437228e-006	4.26897347e-009	
3.90697674e+001	1.70964089e-006	-1.70963905e-006	2.51275644e-009	
3.91699463e+001	1.75543220e-006	-1.75543204e-006	7.44347775e-010	
3.92701252e+001	1.79148352e-006	-1.79148333e-006	-8.22538928e-010	
3.93703041e+001	1.83287705e-006	-1.83287553e-006	-2.36154207e-009	
3.94704830e+001	1.87427178e-006	-1.87426772e-006	-3.90054520e-009	
3.95706619e+001	1.91566764e-006	-1.91565992e-006	-5.43954834e-009	
3.96708408e+001	1.95586790e-006	-1.95585557e-006	-6.94522149e-009	
3.97710197e+001	1.99298354e-006	-1.99296598e-006	-8.36495462e-009	
3.98711986e+001	2.04641627e-006	-2.04639466e-006	-9.40533874e-009	
3.99713775e+001	2.12744795e-006	-2.12741859e-006	-1.11761030e-008	
4.00715564e+001	2.21043863e-006	-2.21039845e-006	-1.33280940e-008	
4.01717352e+001	2.29343056e-006	-2.29337831e-006	-1.54800850e-008	
4.02719141e+001	2.37642358e-006	-2.37635817e-006	-1.76320761e-008	
4.03720930e+001	2.49530573e-006	-2.49523002e-006	-1.94372164e-008	
4.04722719e+001	2.61612824e-006	-2.61605314e-006	-1.98227018e-008	
4.05724508e+001	2.69548296e-006	-2.69542809e-006	-1.71982662e-008	
4.06726297e+001	2.81329110e-006	-2.81326976e-006	-1.09591152e-008	
4.07728086e+001	2.93902571e-006	-2.93902302e-006	-3.97651133e-009	
4.08729875e+001	2.98635514e-006	-2.98634516e-006	7.71812966e-009	
4.09731664e+001	2.75027091e-006	-2.74965002e-006	5.84370513e-008	
4.10733453e+001	2.51363154e-006	-2.51080979e-006	1.19070249e-007	
4.11735242e+001	1.90773292e-006	-1.89642867e-006	2.07372122e-007	
4.12737030e+001	1.44762229e-006	-1.43255911e-006	2.08289920e-007	
4.13738819e+001	1.04061532e-006	-1.02611362e-006	1.73121605e-007	
4.14740608e+001	7.76312070e-007	-7.64256841e-007	1.36278797e-007	
4.15742397e+001	5.95789941e-007	-5.86144077e-007	1.06774411e-007	
4.16744186e+001	4.56474521e-007	-4.48654645e-007	8.41308357e-008	
4.17745975e+001	3.70484235e-007	-3.64515961e-007	6.62320346e-008	
4.18747764e+001	3.06279734e-007	-3.01395081e-007	5.44819286e-008	
4.19749553e+001	2.48512594e-007	-2.44449855e-007	4.47524096e-008	
4.20751342e+001	1.97125092e-007	-1.93750629e-007	3.63179816e-008	
4.21753131e+001	1.67194559e-007	-1.64514993e-007	2.98133836e-008	
4.22754919e+001	1.37250462e-007	-1.35057385e-007	2.44375106e-008	
4.23756708e+001	1.10906259e-007	-1.09140670e-007	1.97107212e-008	
4.24758497e+001	9.57862964e-008	-9.43560988e-008	1.64906396e-008	
4.25760286e+001	7.75952360e-008	-7.64535496e-008	1.32618024e-008	
4.26762075e+001	5.92470094e-008	-5.83766601e-008	1.01179877e-008	
4.27763864e+001	4.88037108e-008	-4.81431053e-008	8.00272444e-009	
4.28765653e+001	3.67807128e-008	-3.63155446e-008	5.83112800e-009	
4.29767442e+001	2.50334597e-008	-2.47382340e-008	3.83326060e-009	
4.30769231e+001	1.55901022e-008	-1.54675829e-008	1.95068337e-009	
4.31771020e+001	3.31128102e-009	-3.27713870e-009	-4.74282572e-010	
4.32772809e+001	1.03482992e-008	9.89769177e-009	-3.02042945e-009	
4.33774597e+001	2.56646477e-008	2.50107243e-008	-5.75654533e-009	
4.34776386e+001	3.91953232e-008	3.82882138e-008	-8.38367762e-009	
4.35778175e+001	5.89016727e-008	5.76670718e-008	-1.19964947e-008	
4.36779964e+001	8.42922870e-008	8.25649045e-008	-1.69772257e-008	
4.37781753e+001	1.08875526e-007	1.06586889e-007	-2.22061982e-008	
4.38783542e+001	1.48672052e-007	1.45711283e-007	-2.95228925e-008	
4.39785331e+001	1.95890904e-007	1.92132360e-007	-3.81890365e-008	
4.40787120e+001	2.68022832e-007	2.63121752e-007	-5.10213902e-008	
4.41788909e+001	3.64831555e-007	3.58022947e-007	-7.01543504e-008	
4.42790698e+001	4.81926478e-007	4.74688313e-007	-8.32113913e-008	
4.43792487e+001	6.99583348e-007	6.93208461e-007	-9.42278642e-008	
4.44794275e+001	9.32007717e-007	9.28826452e-007	-7.69402784e-008	
4.45796064e+001	1.09751629e-006	1.09667804e-006	-4.28869001e-008	
4.46797853e+001	1.18241745e-006	1.18223346e-006	-2.08583447e-008	
4.47799642e+001	1.16478139e-006	1.16475848e-006	-7.30428398e-009	
4.48801431e+001	1.08253492e-006	1.08253251e-006	2.28716803e-009	
4.49803220e+001	1.03262855e-006	1.03259673e-006	8.10669096e-009	
4.50805009e+001	9.69931069e-007	9.69880697e-007	9.88493764e-009	
4.51806798e+001	9.10001999e-007	9.09919308e-007	1.22674677e-008	
4.52808587e+001	8.38451814e-007	8.38331937e-007	1.41776945e-008	
4.53810376e+001	7.61584858e-007	7.61478890e-007	1.27041839e-008	
4.54812165e+001	7.06994921e-007	7.06883450e-007	1.25541725e-008	
4.55813953e+001	6.52405940e-007	6.52288009e-007	1.24041610e-008	
4.56815742e+001	5.97818176e-007	5.97692569e-007	1.22541495e-008	
4.57817531e+001	5.44854902e-007	5.44721329e-007	1.20639358e-008	
4.58819320e+001	5.09214520e-007	5.09085894e-007	1.14446262e-008	
4.59821109e+001	4.73574202e-007	4.73450459e-007	1.08253166e-008	
4.60822898e+001	4.39384631e-007	4.39257986e-007	1.05487310e-008	
4.61824687e+001	4.05542826e-007	4.05411201e-007	1.03315773e-008	
4.62826476e+001	3.77855090e-007	3.77722220e-007	1.00196610e-008	
4.63828265e+001	3.50167829e-007	3.50033239e-007	9.70774464e-009	
4.64830054e+001	3.24068268e-007	3.23930872e-007	9.43569469e-009	
4.65831843e+001	3.00866518e-007	3.00726613e-007	9.17418744e-009	
4.66833631e+001	2.76928869e-007	2.76789717e-007	8.77788216e-009	
4.67835420e+001	2.52991699e-007	2.52852820e-007	8.38157688e-009	
4.68837209e+001	2.32093075e-007	2.31950591e-007	8.13134677e-009	
4.69838998e+001	2.14048538e-007	2.13902742e-007	7.89896309e-009	
4.70840787e+001	1.99173559e-007	1.99026850e-007	7.64328516e-009	
4.71842576e+001	1.84299083e-007	1.84150958e-007	7.38760722e-009	
4.72844365e+001	1.69425241e-007	1.69275065e-007	7.13192929e-009	
4.73846154e+001	1.56635593e-007	1.56482358e-007	6.92681166e-009	
4.74847943e+001	1.44757022e-007	1.44599850e-007	6.74378518e-009	
4.75849732e+001	1.32879406e-007	1.32717342e-007	6.56075871e-009	
4.76851521e+001	1.20980397e-007	1.20812329e-007	6.37476892e-009	
4.77853309e+001	1.08530078e-007	1.08357591e-007	6.11639604e-009	
4.78855098e+001	9.68505428e-008	9.66713861e-008	5.88818660e-009	
4.79856887e+001	8.68943880e-008	8.67054237e-008	5.72749321e-009	
4.80858676e+001	7.69411084e-008	7.67394612e-008	5.56679982e-009	
4.81860465e+001	6.96734007e-008	6.94640584e-008	5.39697661e-009	
4.82862254e+001	6.35204919e-008	6.33053659e-008	5.22336409e-009	
4.83864043e+001	5.73911702e-008	5.71632873e-008	5.10930458e-009	
4.84865832e+001	5.12664082e-008	5.10221401e-008	4.99858338e-009	
4.85867621e+001	4.51463698e-008	4.48809928e-008	4.88786218e-009	
4.86869410e+001	3.85724505e-008	3.82767821e-008	4.76674798e-009	
4.87871199e+001	3.20273924e-008	3.16897331e-008	4.63839204e-009	
4.88872987e+001	2.62201491e-008	2.58317578e-008	4.49627740e-009	
4.89874776e+001	2.06153175e-008	2.01480060e-008	4.36453567e-009	
4.90876565e+001	1.52741464e-008	1.46723537e-008	4.24518373e-009	
4.91878354e+001	1.08787028e-008	1.00638159e-008	4.13107541e-009	
4.92880143e+001	7.71487014e-009	6.58243041e-009	4.02378320e-009	
4.93881932e+001	4.99553610e-009	3.10104488e-009	3.91649098e-009	
4.94883721e+001	3.82231641e-009	-2.90965818e-010	3.81122574e-009	
4.95885510e+001	4.55257840e-009	-2.62217328e-009	3.72158264e-009	
4.96887299e+001	6.06366217e-009	-4.85655270e-009	3.63068792e-009	
4.97889088e+001	7.92536777e-009	-7.09093212e-009	3.53979320e-009	
4.98890877e+001	9.94265237e-009	-9.32531154e-009	3.44889848e-009	
4.99892665e+001	1.20171952e-008	-1.15383456e-008	3.35850556e-009	
5.00894454e+001	1.38566492e-008	-1.34640996e-008	3.27486609e-009	
5.01896243e+001	1.56658741e-008	-1.53371063e-008	3.19261359e-009	
5.02898032e+001	1.72809637e-008	-1.69977230e-008	3.11594580e-009	
5.03899821e+001	1.89042549e-008	-1.86583398e-008	3.03927802e-009	
5.04901610e+001	2.05338027e-008	-2.03189565e-008	2.96261023e-009	
5.05903399e+001	2.21682274e-008	-2.19795733e-008	2.88594245e-009	
5.06905188e+001	2.37316767e-008	-2.35649825e-008	2.80785966e-009	
5.07906977e+001	2.48759344e-008	-2.47251361e-008	2.73491432e-009	
5.08908766e+001	2.60218043e-008	-2.58852896e-008	2.66196898e-009	
5.09910555e+001	2.71690825e-008	-2.70454432e-008	2.58902364e-009	
5.10912343e+001	2.82929351e-008	-2.81808825e-008	2.51556010e-009	
5.11914132e+001	2.91104494e-008	-2.90082164e-008	2.43754841e-009	
5.12915921e+001	2.93018838e-008	-2.92062456e-008	2.36550368e-009	
5.13917710e+001	2.94935813e-008	-2.94042749e-008	2.29345896e-009	
5.14919499e+001	2.96855367e-008	-2.96023041e-008	2.22141424e-009	
5.15921288e+001	2.99337721e-008	-2.98566315e-008	2.14761957e-009	
5.16923077e+001	3.01876048e-008	-3.01158625e-008	2.07997823e-009	
5.17924866e+001	3.00379932e-008	-2.99700015e-008	2.01991259e-009	
5.18926655e+001	2.98223001e-008	-2.97579622e-008	1.95787231e-009	
5.19928444e+001	2.96066841e-008	-2.95459230e-008	1.89583203e-009	
5.20930233e+001	2.93911471e-008	-2.93338837e-008	1.83379175e-009	
5.21932021e+001	2.91756907e-008	-2.91218444e-008	1.77175148e-009	
5.22933810e+001	2.93126675e-008	-2.92621630e-008	1.71996743e-009	
5.23935599e+001	2.91672131e-008	-2.91193620e-008	1.67005341e-009	
5.24937388e+001	2.89276692e-008	-2.88822482e-008	1.62042653e-009	
5.25939177e+001	2.87734767e-008	-2.87305500e-008	1.57113243e-009	
5.26940966e+001	2.86496926e-008	-2.86092386e-008	1.52195670e-009	
5.27942755e+001	2.85259721e-008	-2.84879273e-008	1.47278098e-009	
5.28944544e+001	2.82803574e-008	-2.82445416e-008	1.42284457e-009	
5.29946333e+001	2.76353883e-008	-2.76013884e-008	1.37041710e-009	
5.30948122e+001	2.69904343e-008	-2.69582352e-008	1.31798962e-009	
5.31949911e+001	2.63763648e-008	-2.63459769e-008	1.26575067e-009	
5.32951699e+001	2.57718776e-008	-2.57432889e-008	1.21357013e-009	
5.33953488e+001	2.51674123e-008	-2.51406009e-008	1.16138959e-009	
5.34955277e+001	2.38496871e-008	-2.38244544e-008	1.09678944e-009	
5.35957066e+001	2.24503333e-008	-2.24266579e-008	1.03076795e-009	
5.36958855e+001	2.14821384e-008	-2.14598299e-008	9.78759548e-010	
5.37960644e+001	2.05910214e-008	-2.05700425e-008	9.29256143e-010	
5.38962433e+001	1.96999087e-008	-1.96802550e-008	8.79752738e-010	
5.39964222e+001	1.91161625e-008	-1.90974974e-008	8.44549170e-010	
5.40966011e+001	1.86010590e-008	-1.85833037e-008	8.12538954e-010	
5.41967800e+001	1.80859604e-008	-1.80691101e-008	7.80528739e-010	
5.42969589e+001	1.75708671e-008	-1.75549165e-008	7.48518523e-010	
5.43971377e+001	1.68657749e-008	-1.68508211e-008	7.10065718e-010	
5.44973166e+001	1.56670816e-008	-1.56533170e-008	6.56591381e-010	
5.45974955e+001	1.44859534e-008	-1.44733938e-008	6.03089330e-010	
5.46976744e+001	1.33048264e-008	-1.32934706e-008	5.49587279e-010	
5.47978533e+001	1.22940535e-008	-1.22837130e-008	5.04128930e-010	
5.48980322e+001	1.13468068e-008	-1.13374109e-008	4.61670108e-010	
5.49982111e+001	1.03989012e-008	-1.03904406e-008	4.19392356e-010	
5.50983900e+001	9.44217398e-009	-9.43454310e-009	3.79533874e-010	
5.51985689e+001	8.48544701e-009	-8.47864562e-009	3.39675392e-010	
5.52987478e+001	7.33279353e-009	-7.32694370e-009	2.92842818e-010	
5.53989267e+001	6.14849430e-009	-6.14361572e-009	2.44883800e-010	
5.54991055e+001	5.11746330e-009	-5.11343172e-009	2.03092863e-010	
5.55992844e+001	4.21179865e-009	-4.20848878e-009	1.66943295e-010	
5.56994633e+001	3.28409929e-009	-3.28152576e-009	1.29987801e-010	
5.57996422e+001	2.16268791e-009	-2.16098826e-009	8.57246541e-011	
5.58998211e+001	1.11438122e-009	-1.11350484e-009	4.41868642e-011	
5.60000000e+001	9.96335604e-011	-9.95511607e-011	4.05126836e-012	
