% Column 0: Length, cm
% Column 1: |B.n|, Tesla
% Column 2: Re[B.n], Tesla
% Column 3: Im[B.n], Tesla
0.00000000e+000	1.42184379e-009	-1.42181367e-009	-9.25559521e-012	
1.00178891e-001	2.22991468e-008	-2.22986886e-008	-1.42944335e-010	
2.00357782e-001	4.38995361e-008	-4.38986430e-008	-2.80021042e-010	
3.00536673e-001	6.63145723e-008	-6.63132029e-008	-4.26175318e-010	
4.00715564e-001	9.06802716e-008	-9.06784111e-008	-5.80874528e-010	
5.00894454e-001	1.14129799e-007	-1.14127481e-007	-7.27391295e-010	
6.01073345e-001	1.37916377e-007	-1.37913609e-007	-8.73864858e-010	
7.01252236e-001	1.61371232e-007	-1.61368046e-007	-1.01406278e-009	
8.01431127e-001	1.84763983e-007	-1.84760385e-007	-1.15307263e-009	
9.01610018e-001	2.07427202e-007	-2.07423264e-007	-1.27812648e-009	
1.00178891e+000	2.30090422e-007	-2.30086144e-007	-1.40318032e-009	
1.10196780e+000	2.53290408e-007	-2.53285817e-007	-1.52500394e-009	
1.20214669e+000	2.78175489e-007	-2.78170655e-007	-1.63991131e-009	
1.30232558e+000	3.05556374e-007	-3.05551365e-007	-1.74969831e-009	
1.40250447e+000	3.32381296e-007	-3.32376073e-007	-1.86338146e-009	
1.50268336e+000	3.59206223e-007	-3.59200782e-007	-1.97706461e-009	
1.60286225e+000	3.87368198e-007	-3.87362618e-007	-2.07919925e-009	
1.70304114e+000	4.18580413e-007	-4.18574866e-007	-2.15498808e-009	
1.80322004e+000	4.49792646e-007	-4.49787114e-007	-2.23077691e-009	
1.90339893e+000	4.78327339e-007	-4.78321617e-007	-2.33953341e-009	
2.00357782e+000	5.09923839e-007	-5.09918107e-007	-2.41773764e-009	
2.10375671e+000	5.44344826e-007	-5.44339233e-007	-2.46754736e-009	
2.20393560e+000	5.78523985e-007	-5.78518508e-007	-2.51740756e-009	
2.30411449e+000	6.10269971e-007	-6.10264569e-007	-2.56777577e-009	
2.40429338e+000	6.43138236e-007	-6.43132943e-007	-2.60921642e-009	
2.50447227e+000	6.83462808e-007	-6.83457847e-007	-2.60406492e-009	
2.60465116e+000	7.24767694e-007	-7.24762902e-007	-2.63565088e-009	
2.70483005e+000	7.66072600e-007	-7.66067957e-007	-2.66723683e-009	
2.80500894e+000	8.07377523e-007	-8.07373012e-007	-2.69882279e-009	
2.90518784e+000	8.48675355e-007	-8.48671198e-007	-2.65604287e-009	
3.00536673e+000	8.89968403e-007	-8.89964713e-007	-2.56268496e-009	
3.10554562e+000	9.31261502e-007	-9.31258228e-007	-2.46932706e-009	
3.20572451e+000	9.72554646e-007	-9.72551743e-007	-2.37596915e-009	
3.30590340e+000	1.01429051e-006	-1.01428789e-006	-2.30457036e-009	
3.40608229e+000	1.07163265e-006	-1.07163045e-006	-2.17144819e-009	
3.50626118e+000	1.12825008e-006	-1.12824840e-006	-1.94565644e-009	
3.60644007e+000	1.18486761e-006	-1.18486636e-006	-1.71986470e-009	
3.70661896e+000	1.24148522e-006	-1.24148432e-006	-1.49407295e-009	
3.80679785e+000	1.29587620e-006	-1.29587556e-006	-1.28552769e-009	
3.90697674e+000	1.34959676e-006	-1.34959634e-006	-1.07644863e-009	
4.00715564e+000	1.40688745e-006	-1.40688722e-006	-8.13675624e-010	
4.10733453e+000	1.46417821e-006	-1.46417810e-006	-5.50902623e-010	
4.20751342e+000	1.52146901e-006	-1.52146898e-006	-2.88129621e-010	
4.30769231e+000	1.58533280e-006	-1.58533280e-006	7.09755925e-012	
4.40787120e+000	1.67516045e-006	-1.67516040e-006	4.30522291e-010	
4.50805009e+000	1.75835817e-006	-1.75835788e-006	1.01567558e-009	
4.60822898e+000	1.83000550e-006	-1.83000453e-006	1.88258862e-009	
4.70840787e+000	1.90168507e-006	-1.90168309e-006	2.74092228e-009	
4.80858676e+000	1.97781909e-006	-1.97781610e-006	3.43765059e-009	
4.90876565e+000	2.05666242e-006	-2.05665839e-006	4.06845233e-009	
5.00894454e+000	2.13477599e-006	-2.13477098e-006	4.62622040e-009	
5.10912343e+000	2.21288963e-006	-2.21288356e-006	5.18398847e-009	
5.20930233e+000	2.30559167e-006	-2.30558370e-006	6.05975219e-009	
5.30948122e+000	2.39036967e-006	-2.39035890e-006	7.17436326e-009	
5.40966011e+000	2.47234201e-006	-2.47232808e-006	8.29858978e-009	
5.50983900e+000	2.55431463e-006	-2.55429725e-006	9.42281631e-009	
5.61001789e+000	2.63628753e-006	-2.63626643e-006	1.05470428e-008	
5.71019678e+000	2.77162493e-006	-2.77159773e-006	1.22782822e-008	
5.81037567e+000	2.89270285e-006	-2.89266756e-006	1.42876975e-008	
5.91055456e+000	2.99887174e-006	-2.99882968e-006	1.58836756e-008	
6.01073345e+000	3.10288035e-006	-3.10283145e-006	1.74197406e-008	
6.11091234e+000	3.17910907e-006	-3.17905333e-006	1.88255836e-008	
6.21109123e+000	3.24137654e-006	-3.24131381e-006	2.01659807e-008	
6.31127013e+000	3.30364429e-006	-3.30357429e-006	2.15063778e-008	
6.41144902e+000	3.36774101e-006	-3.36766330e-006	2.28783191e-008	
6.51162791e+000	3.45439932e-006	-3.45431144e-006	2.46394304e-008	
6.61180680e+000	3.54105801e-006	-3.54095959e-006	2.64005417e-008	
6.71198569e+000	3.63948416e-006	-3.63937588e-006	2.80731788e-008	
6.81216458e+000	3.73375618e-006	-3.73364092e-006	2.93377166e-008	
6.91234347e+000	3.82075425e-006	-3.82063443e-006	3.02584494e-008	
7.01252236e+000	3.90775234e-006	-3.90762795e-006	3.11791822e-008	
7.11270125e+000	4.00371014e-006	-4.00358931e-006	3.11040310e-008	
7.21288014e+000	4.06025605e-006	-4.06015182e-006	2.90923324e-008	
7.31305903e+000	4.16551200e-006	-4.16544380e-006	2.38367522e-008	
7.41323792e+000	4.27289220e-006	-4.27285505e-006	1.78184823e-008	
7.51341682e+000	4.50614137e-006	-4.50614120e-006	-1.23074356e-009	
7.61359571e+000	4.74144874e-006	-4.74120586e-006	-4.79911195e-008	
7.71377460e+000	5.28364966e-006	-5.28004461e-006	-1.95147804e-007	
7.81395349e+000	4.94574350e-006	-4.94311474e-006	1.61230944e-007	
7.91413238e+000	7.18589122e-007	-4.42893736e-007	5.65875839e-007	
8.01431127e+000	1.66590500e-007	-1.02694294e-007	1.31172697e-007	
8.11449016e+000	1.12556554e-007	-7.77015426e-008	8.14337039e-008	
8.21466905e+000	8.09138135e-008	-6.53465497e-008	4.77165973e-008	
8.31484794e+000	4.99138738e-008	-3.25560586e-008	3.78351404e-008	
8.41502683e+000	5.85108424e-008	-5.44717918e-008	2.13621764e-008	
8.51520572e+000	2.07358301e-008	-1.11476438e-008	1.74844127e-008	
8.61538462e+000	3.89726271e-008	-3.59728418e-008	1.49940093e-008	
8.71556351e+000	1.29605692e-008	-7.79872850e-009	1.03516274e-008	
8.81574240e+000	2.01429737e-008	-1.95835036e-008	4.71442199e-009	
8.91592129e+000	6.79200196e-009	-6.15758288e-009	2.86626303e-009	
9.01610018e+000	1.16411687e-008	9.53265700e-009	6.68171079e-009	
9.11627907e+000	7.07164269e-009	6.86428106e-009	1.69993406e-009	
9.21645796e+000	3.72877397e-009	-4.96816869e-010	-3.69552815e-009	
9.31663685e+000	7.95730189e-009	3.83302402e-009	-6.97327615e-009	
9.41681574e+000	3.61934868e-009	-1.65271910e-010	-3.61557327e-009	
9.51699463e+000	1.35833427e-008	7.50105536e-009	-1.13243705e-008	
9.61717352e+000	2.80652884e-008	2.14424215e-008	-1.81075391e-008	
9.71735242e+000	3.61947863e-008	2.40353003e-008	-2.70622781e-008	
9.81753131e+000	1.02364892e-007	5.48977822e-008	-8.63991005e-008	
9.91771020e+000	7.75109655e-007	7.42861197e-007	-2.21251483e-007	
1.00178891e+001	1.11150049e-006	1.11005933e-006	5.65828924e-008	
1.01180680e+001	8.26019115e-007	8.25897962e-007	-1.41468825e-008	
1.02182469e+001	7.18940189e-007	7.18260711e-007	-3.12497622e-008	
1.03184258e+001	6.46071164e-007	6.44680910e-007	-4.23612255e-008	
1.04186047e+001	6.48347265e-007	6.46463359e-007	-4.93892854e-008	
1.05187835e+001	6.64668698e-007	6.62320860e-007	-5.58171745e-008	
1.06189624e+001	7.18925802e-007	7.16434323e-007	-5.98010807e-008	
1.07191413e+001	7.74710926e-007	7.72098858e-007	-6.35639289e-008	
1.08193202e+001	8.49408977e-007	8.46718434e-007	-6.75537054e-008	
1.09194991e+001	9.05886369e-007	9.03176031e-007	-7.00226370e-008	
1.10196780e+001	9.25559910e-007	9.22612463e-007	-7.38064392e-008	
1.11198569e+001	9.18267045e-007	9.14797143e-007	-7.97530754e-008	
1.12200358e+001	8.82093434e-007	8.77672307e-007	-8.82051481e-008	
1.13202147e+001	8.99981034e-007	8.94261476e-007	-1.01302888e-007	
1.14203936e+001	9.76601452e-007	9.69660801e-007	-1.16225332e-007	
1.15205725e+001	1.09320657e-006	1.08469722e-006	-1.36134323e-007	
1.16207513e+001	1.17574260e-006	1.16553805e-006	-1.54569471e-007	
1.17209302e+001	1.35044474e-006	1.33840366e-006	-1.79935109e-007	
1.18211091e+001	1.65052426e-006	1.63578533e-006	-2.20083330e-007	
1.19212880e+001	2.01605314e-006	1.99811156e-006	-2.68366279e-007	
1.20214669e+001	2.40783115e-006	2.38646945e-006	-3.20022495e-007	
1.21216458e+001	2.94486250e-006	2.92140962e-006	-3.70919060e-007	
1.22218247e+001	3.86909174e-006	3.84277050e-006	-4.50539468e-007	
1.23220036e+001	4.55235713e-006	4.52566823e-006	-4.92222005e-007	
1.24221825e+001	4.97902908e-006	4.95437345e-006	-4.94888179e-007	
1.25223614e+001	5.31927770e-006	5.29809112e-006	-4.74284413e-007	
1.26225403e+001	5.60219544e-006	5.58231175e-006	-4.71581593e-007	
1.27227191e+001	4.84095943e-006	4.82015700e-006	-4.48302004e-007	
1.28228980e+001	3.82619807e-006	3.80348492e-006	-4.16286095e-007	
1.29230769e+001	2.70760470e-006	2.68167908e-006	-3.73792133e-007	
1.30232558e+001	1.82936494e-006	1.79813015e-006	-3.36606685e-007	
1.31234347e+001	2.70192141e-007	-9.41026601e-008	-2.53275507e-007	
1.32236136e+001	9.56598939e-007	-9.40028689e-007	-1.77278293e-007	
1.33237925e+001	1.37044180e-006	-1.36679688e-006	-9.98850206e-008	
1.34239714e+001	2.42694852e-006	-2.42625167e-006	5.81544810e-008	
1.35241503e+001	9.64448131e-007	-9.36568400e-007	2.30216917e-007	
1.36243292e+001	4.28346863e-007	3.62969187e-007	2.27451982e-007	
1.37245081e+001	2.46342340e-006	2.46340100e-006	1.05064663e-008	
1.38246869e+001	3.79039783e-006	3.78716709e-006	-1.56464649e-007	
1.39248658e+001	4.85834124e-006	4.84775365e-006	-3.20568524e-007	
1.40250447e+001	6.56425225e-006	6.54213072e-006	-5.38454525e-007	
1.41252236e+001	7.75112933e-006	7.72042991e-006	-6.89179154e-007	
1.42254025e+001	8.69197483e-006	8.65242064e-006	-8.28277485e-007	
1.43255814e+001	1.03853284e-005	1.03346803e-005	-1.02441596e-006	
1.44257603e+001	1.29722546e-005	1.29130509e-005	-1.23794357e-006	
1.45259392e+001	1.47904257e-005	1.47194616e-005	-1.44711508e-006	
1.46261181e+001	1.74170411e-005	1.73247865e-005	-1.79027800e-006	
1.47262970e+001	2.10179008e-005	2.08995491e-005	-2.22733036e-006	
1.48264758e+001	2.43460620e-005	2.41995069e-005	-2.66732022e-006	
1.49266547e+001	3.22283168e-005	3.20396834e-005	-3.48182311e-006	
1.50268336e+001	4.25752291e-005	4.23619206e-005	-4.25650308e-006	
1.51270125e+001	5.28510120e-005	5.25592278e-005	-5.54590339e-006	
1.52271914e+001	7.11035217e-005	7.07686504e-005	-6.89267185e-006	
1.53273703e+001	1.02957322e-004	1.02631676e-004	-8.18224486e-006	
1.54275492e+001	1.40937050e-004	1.40787970e-004	-6.48072019e-006	
1.55277281e+001	1.72841719e-004	1.72805239e-004	-3.55089969e-006	
1.56279070e+001	1.98669322e-004	1.98668953e-004	3.82813867e-007	
1.57280859e+001	2.12863584e-004	2.12848915e-004	2.49892118e-006	
1.58282648e+001	2.14287058e-004	2.14263607e-004	3.17014039e-006	
1.59284436e+001	2.15214298e-004	2.15183750e-004	3.62600495e-006	
1.60286225e+001	2.06099687e-004	2.06074480e-004	3.22327161e-006	
1.61288014e+001	2.02057027e-004	2.02036123e-004	2.90643535e-006	
1.62289803e+001	2.01973591e-004	2.01952766e-004	2.90028033e-006	
1.63291592e+001	2.01890154e-004	2.01869409e-004	2.89412531e-006	
1.64293381e+001	2.01620287e-004	2.01601300e-004	2.76693775e-006	
1.65295170e+001	2.01269146e-004	2.01252520e-004	2.58690275e-006	
1.66296959e+001	2.00918158e-004	2.00903741e-004	2.40686776e-006	
1.67298748e+001	2.00864609e-004	2.00851953e-004	2.25480348e-006	
1.68300537e+001	2.02369225e-004	2.02357364e-004	2.19100239e-006	
1.69302326e+001	2.04435865e-004	2.04425079e-004	2.10001558e-006	
1.70304114e+001	2.06502567e-004	2.06492794e-004	2.00902877e-006	
1.71305903e+001	2.08569329e-004	2.08560510e-004	1.91804196e-006	
1.72307692e+001	2.10418019e-004	2.10410135e-004	1.82149573e-006	
1.73309481e+001	2.14598692e-004	2.14591281e-004	1.78340931e-006	
1.74311270e+001	2.19709412e-004	2.19702308e-004	1.76678750e-006	
1.75313059e+001	2.24820148e-004	2.24813336e-004	1.75016569e-006	
1.76314848e+001	2.29930898e-004	2.29924363e-004	1.73354389e-006	
1.77316637e+001	2.35041662e-004	2.35035391e-004	1.71692208e-006	
1.78318426e+001	2.40152437e-004	2.40146418e-004	1.70030027e-006	
1.79320215e+001	2.45263225e-004	2.45257445e-004	1.68367846e-006	
1.80322004e+001	2.52800891e-004	2.52795240e-004	1.69034574e-006	
1.81323792e+001	2.58230427e-004	2.58225159e-004	1.64949035e-006	
1.82325581e+001	2.63237053e-004	2.63232183e-004	1.60114544e-006	
1.83327370e+001	2.68243701e-004	2.68239207e-004	1.55280052e-006	
1.84329159e+001	2.74869976e-004	2.74865931e-004	1.49114186e-006	
1.85330948e+001	2.84142811e-004	2.84139324e-004	1.40772788e-006	
1.86332737e+001	2.93415706e-004	2.93412717e-004	1.32431390e-006	
1.87334526e+001	3.02813932e-004	3.02811342e-004	1.25245211e-006	
1.88336315e+001	3.14501685e-004	3.14499146e-004	1.26375590e-006	
1.89338104e+001	3.23117242e-004	3.23115681e-004	1.00465420e-006	
1.90339893e+001	3.31667421e-004	3.31666592e-004	7.41635739e-007	
1.91341682e+001	3.40217840e-004	3.40217503e-004	4.78617280e-007	
1.92343470e+001	3.50830334e-004	3.50830245e-004	2.49536434e-007	
1.93345259e+001	3.62033809e-004	3.62033521e-004	-4.56264608e-007	
1.94347048e+001	3.66308182e-004	3.66305552e-004	-1.38823095e-006	
1.95348837e+001	3.68944613e-004	3.68939152e-004	-2.00736285e-006	
1.96350626e+001	3.71582036e-004	3.71572753e-004	-2.62649476e-006	
1.97352415e+001	3.74220429e-004	3.74206354e-004	-3.24562666e-006	
1.98354204e+001	3.76859772e-004	3.76839954e-004	-3.86475856e-006	
1.99355993e+001	3.69869663e-004	3.69829502e-004	-5.45044546e-006	
2.00357782e+001	3.56589712e-004	3.56533334e-004	-6.34070665e-006	
2.01359571e+001	3.42886567e-004	3.42813336e-004	-7.08620542e-006	
2.02361360e+001	3.30932926e-004	3.30842755e-004	-7.72485211e-006	
2.03363148e+001	3.19978097e-004	3.19870366e-004	-8.30253055e-006	
2.04364937e+001	3.09025594e-004	3.08897976e-004	-8.88020899e-006	
2.05366726e+001	2.87304710e-004	2.87166009e-004	-8.92633454e-006	
2.06368515e+001	2.58990847e-004	2.58846457e-004	-8.64701519e-006	
2.07370304e+001	2.31672763e-004	2.31521769e-004	-8.36299330e-006	
2.08372093e+001	2.08196950e-004	2.08049187e-004	-7.84256763e-006	
2.09373882e+001	1.82447816e-004	1.82311760e-004	-7.04471595e-006	
2.10375671e+001	1.56698899e-004	1.56574332e-004	-6.24686428e-006	
2.11377460e+001	1.33686247e-004	1.33573725e-004	-5.48386514e-006	
2.12379249e+001	1.02547933e-004	1.02462085e-004	-4.19517831e-006	
2.13381038e+001	7.14096202e-005	7.13504461e-005	-2.90649149e-006	
2.14382826e+001	4.21138644e-005	4.20792888e-005	-1.70617166e-006	
2.15384615e+001	1.34780708e-005	1.34673488e-005	-5.37502803e-007	
2.16386404e+001	1.59998270e-005	-1.59835059e-005	7.22498293e-007	
2.17388193e+001	4.66698121e-005	-4.66230704e-005	2.08822150e-006	
2.18389982e+001	7.42270355e-005	-7.41563195e-005	3.23930383e-006	
2.19391771e+001	9.78165053e-005	-9.77290321e-005	4.13581851e-006	
2.20393560e+001	1.21685276e-004	-1.21580805e-004	5.04127245e-006	
2.21395349e+001	1.45733734e-004	-1.45612119e-004	5.95247774e-006	
2.22397138e+001	1.68238564e-004	-1.68103522e-004	6.73946166e-006	
2.23398927e+001	1.96293407e-004	-1.96150417e-004	7.49102821e-006	
2.24400716e+001	2.27062361e-004	-2.26910391e-004	8.30604419e-006	
2.25402504e+001	2.57831748e-004	-2.57670364e-004	9.12106018e-006	
2.26404293e+001	2.75130541e-004	-2.74974958e-004	9.25132441e-006	
2.27406082e+001	2.87783951e-004	-2.87648692e-004	8.82225846e-006	
2.28407871e+001	3.01342994e-004	-3.01227697e-004	8.33514240e-006	
2.29409660e+001	3.14904511e-004	-3.14806702e-004	7.84802634e-006	
2.30411449e+001	3.28504596e-004	-3.28422036e-004	7.36452848e-006	
2.31413238e+001	3.45003324e-004	-3.44929576e-004	7.13308050e-006	
2.32415027e+001	3.54800708e-004	-3.54753722e-004	5.77396144e-006	
2.33416816e+001	3.64604598e-004	-3.64577868e-004	4.41484238e-006	
2.34418605e+001	3.74414484e-004	-3.74402014e-004	3.05572332e-006	
2.35420394e+001	3.80788828e-004	-3.80783443e-004	2.02518769e-006	
2.36422182e+001	3.74285226e-004	-3.74282144e-004	1.51902416e-006	
2.37423971e+001	3.65873081e-004	-3.65871778e-004	9.76535594e-007	
2.38425760e+001	3.57461675e-004	-3.57461412e-004	4.34047029e-007	
2.39427549e+001	3.49051063e-004	-3.49051046e-004	-1.08441536e-007	
2.40429338e+001	3.41389373e-004	-3.41389104e-004	-4.29129403e-007	
2.41431127e+001	3.34273554e-004	-3.34273036e-004	-5.88043409e-007	
2.42432916e+001	3.24935292e-004	-3.24934283e-004	-8.09790513e-007	
2.43434705e+001	3.15039441e-004	-3.15037700e-004	-1.04730689e-006	
2.44436494e+001	3.03534205e-004	-3.03532158e-004	-1.11484851e-006	
2.45438283e+001	2.92434495e-004	-2.92432396e-004	-1.10799600e-006	
2.46440072e+001	2.83560444e-004	-2.83558054e-004	-1.16427833e-006	
2.47441860e+001	2.74686424e-004	-2.74683712e-004	-1.22056067e-006	
2.48443649e+001	2.66149588e-004	-2.66146609e-004	-1.25931072e-006	
2.49445438e+001	2.59798420e-004	-2.59795409e-004	-1.25097636e-006	
2.50447227e+001	2.53447254e-004	-2.53444208e-004	-1.24264201e-006	
2.51449016e+001	2.47096090e-004	-2.47093008e-004	-1.23430765e-006	
2.52450805e+001	2.40744929e-004	-2.40741807e-004	-1.22597330e-006	
2.53452594e+001	2.35313815e-004	-2.35310681e-004	-1.21446223e-006	
2.54454383e+001	2.30142042e-004	-2.30138903e-004	-1.20205573e-006	
2.55456172e+001	2.24970270e-004	-2.24967125e-004	-1.18964922e-006	
2.56457961e+001	2.19798499e-004	-2.19795346e-004	-1.17724272e-006	
2.57459750e+001	2.14350645e-004	-2.14347484e-004	-1.16407240e-006	
2.58461538e+001	2.08653081e-004	-2.08649911e-004	-1.15021123e-006	
2.59463327e+001	2.02955519e-004	-2.02952337e-004	-1.13635006e-006	
2.60465116e+001	1.98331688e-004	-1.98328464e-004	-1.13083819e-006	
2.61466905e+001	1.93716571e-004	-1.93713370e-004	-1.11355862e-006	
2.62468694e+001	1.89374000e-004	-1.89370803e-004	-1.10036491e-006	
2.63470483e+001	1.85031431e-004	-1.85028237e-004	-1.08717120e-006	
2.64472272e+001	1.80688862e-004	-1.80685670e-004	-1.07397749e-006	
2.65474061e+001	1.76346294e-004	-1.76343103e-004	-1.06078378e-006	
2.66475850e+001	1.72003726e-004	-1.72000536e-004	-1.04759007e-006	
2.67477639e+001	1.67661160e-004	-1.67657969e-004	-1.03439636e-006	
2.68479428e+001	1.63414863e-004	-1.63411758e-004	-1.00736004e-006	
2.69481216e+001	1.58807195e-004	-1.58804219e-004	-9.72213108e-007	
2.70483005e+001	1.53890355e-004	-1.53887515e-004	-9.35015796e-007	
2.71484794e+001	1.48973515e-004	-1.48970810e-004	-8.97818484e-007	
2.72486583e+001	1.44056676e-004	-1.44054105e-004	-8.60621172e-007	
2.73488372e+001	1.37839009e-004	-1.37836754e-004	-7.88431512e-007	
2.74490161e+001	1.29908014e-004	-1.29906286e-004	-6.70152515e-007	
2.75491950e+001	1.21941716e-004	-1.21940486e-004	-5.47642724e-007	
2.76493739e+001	1.12224811e-004	-1.12224177e-004	-3.76992690e-007	
2.77495528e+001	1.03590740e-004	-1.03590466e-004	-2.38106170e-007	
2.78497317e+001	9.50448545e-005	-9.50448003e-005	-1.01544243e-007	
2.79499106e+001	8.38685350e-005	-8.38684676e-005	1.06363405e-007	
2.80500894e+001	7.23267761e-005	-7.23261828e-005	2.92945498e-007	
2.81502683e+001	6.45711017e-005	-6.45699495e-005	3.85733675e-007	
2.82504472e+001	5.68157313e-005	-5.68137162e-005	4.78521853e-007	
2.83506261e+001	4.84615540e-005	-4.84582207e-005	5.68388054e-007	
2.84508050e+001	3.82931783e-005	-3.82876714e-005	6.49404131e-007	
2.85509839e+001	3.32145838e-005	-3.32084735e-005	6.37073157e-007	
2.86511628e+001	2.81531352e-005	-2.81462095e-005	6.24431712e-007	
2.87513417e+001	2.27264481e-005	-2.27178398e-005	6.25459254e-007	
2.88515206e+001	1.76589293e-005	-1.76473493e-005	6.39412447e-007	
2.89516995e+001	1.60069408e-005	-1.59953056e-005	6.10207162e-007	
2.90518784e+001	1.46542538e-005	-1.46429815e-005	5.74672158e-007	
2.91520572e+001	1.33015880e-005	-1.32906574e-005	5.39137154e-007	
2.92522361e+001	1.19489505e-005	-1.19383333e-005	5.03602150e-007	
2.93524150e+001	1.05963521e-005	-1.05860093e-005	4.68067146e-007	
2.94525939e+001	9.77666582e-006	-9.76600449e-006	4.56454688e-007	
2.95527728e+001	8.97773616e-006	-8.96666242e-006	4.45770816e-007	
2.96529517e+001	8.17890105e-006	-8.16732035e-006	4.35086944e-007	
2.97531306e+001	7.44808192e-006	-7.43600952e-006	4.23894782e-007	
2.98533095e+001	7.49950458e-006	-7.48846076e-006	4.06846815e-007	
2.99534884e+001	7.55097988e-006	-7.54091201e-006	3.89798847e-007	
3.00536673e+001	7.60250674e-006	-7.59336326e-006	3.72750880e-007	
3.01538462e+001	7.35364909e-006	-7.34476233e-006	3.61415527e-007	
3.02540250e+001	6.96643577e-006	-6.95750113e-006	3.52711321e-007	
3.03542039e+001	6.57923960e-006	-6.57023994e-006	3.44007116e-007	
3.04543828e+001	6.24617313e-006	-6.23717921e-006	3.35073445e-007	
3.05545617e+001	6.39531391e-006	-6.38709656e-006	3.24095020e-007	
3.06547406e+001	6.54450860e-006	-6.53701391e-006	3.13116595e-007	
3.07549195e+001	6.69375359e-006	-6.68693125e-006	3.02138169e-007	
3.08550984e+001	6.78162526e-006	-6.77534310e-006	2.91834032e-007	
3.09552773e+001	6.68939508e-006	-6.68338464e-006	2.83507304e-007	
3.10554562e+001	6.72924724e-006	-6.72360309e-006	2.75553678e-007	
3.11556351e+001	6.80457205e-006	-6.79930418e-006	2.67700212e-007	
3.12558140e+001	6.83091668e-006	-6.82600547e-006	2.58982775e-007	
3.13559928e+001	6.83563037e-006	-6.83106146e-006	2.49883686e-007	
3.14561717e+001	6.84035665e-006	-6.83611745e-006	2.40784597e-007	
3.15563506e+001	6.82854452e-006	-6.82460703e-006	2.31860248e-007	
3.16565295e+001	6.77266516e-006	-6.76893066e-006	2.24880192e-007	
3.17567084e+001	6.74245878e-006	-6.73885895e-006	2.20296232e-007	
3.18568873e+001	6.72594942e-006	-6.72249936e-006	2.15401688e-007	
3.19570662e+001	6.70944289e-006	-6.70613978e-006	2.10507143e-007	
3.20572451e+001	6.69869101e-006	-6.69554278e-006	2.05348799e-007	
3.21574240e+001	6.68981482e-006	-6.68682140e-006	2.00104592e-007	
3.22576029e+001	6.67866780e-006	-6.67582114e-006	1.94976176e-007	
3.23577818e+001	6.64083269e-006	-6.63813621e-006	1.89225795e-007	
3.24579606e+001	6.58134104e-006	-6.57880617e-006	1.82645108e-007	
3.25581395e+001	6.52185309e-006	-6.51947613e-006	1.76064420e-007	
3.26583184e+001	6.46236894e-006	-6.46014609e-006	1.69483732e-007	
3.27584973e+001	6.42315306e-006	-6.42104810e-006	1.64428186e-007	
3.28586762e+001	6.39287875e-006	-6.39087355e-006	1.60106103e-007	
3.29588551e+001	6.37232544e-006	-6.37039931e-006	1.56665360e-007	
3.30590340e+001	6.35177348e-006	-6.34992508e-006	1.53224618e-007	
3.31592129e+001	6.32557569e-006	-6.32382367e-006	1.48868801e-007	
3.32593918e+001	6.27551833e-006	-6.27386150e-006	1.44195119e-007	
3.33595707e+001	6.20726797e-006	-6.20569866e-006	1.39570139e-007	
3.34597496e+001	6.13901915e-006	-6.13753582e-006	1.34945158e-007	
3.35599284e+001	6.07962584e-006	-6.07822045e-006	1.30715183e-007	
3.36601073e+001	6.04009661e-006	-6.03876712e-006	1.26722923e-007	
3.37602862e+001	5.99910074e-006	-5.99784675e-006	1.22654309e-007	
3.38604651e+001	5.95810662e-006	-5.95692638e-006	1.18585695e-007	
3.39606440e+001	5.91728375e-006	-5.91616897e-006	1.14855096e-007	
3.40608229e+001	5.87672595e-006	-5.87566524e-006	1.11650732e-007	
3.41610018e+001	5.83641866e-006	-5.83541096e-006	1.08451743e-007	
3.42611807e+001	5.81993715e-006	-5.81897602e-006	1.05766001e-007	
3.43613596e+001	5.80345661e-006	-5.80254109e-006	1.03080258e-007	
3.44615385e+001	5.75687681e-006	-5.75601246e-006	9.97550906e-008	
3.45617174e+001	5.69056438e-006	-5.68975438e-006	9.60107155e-008	
3.46618962e+001	5.62768218e-006	-5.62692017e-006	9.26072502e-008	
3.47620751e+001	5.56657222e-006	-5.56585461e-006	8.93798875e-008	
3.48622540e+001	5.50507999e-006	-5.50440641e-006	8.61148863e-008	
3.49624329e+001	5.44262330e-006	-5.44199412e-006	8.27550511e-008	
3.50626118e+001	5.38066793e-006	-5.38007909e-006	7.96011251e-008	
3.51627907e+001	5.33077323e-006	-5.33022089e-006	7.67371605e-008	
3.52629696e+001	5.30473360e-006	-5.30421184e-006	7.43998096e-008	
3.53631485e+001	5.27893257e-006	-5.27843844e-006	7.22269449e-008	
3.54633274e+001	5.25467147e-006	-5.25420440e-006	7.00596023e-008	
3.55635063e+001	5.23253011e-006	-5.23208955e-006	6.78998618e-008	
3.56636852e+001	5.21038943e-006	-5.20997469e-006	6.57401213e-008	
3.57638640e+001	5.18666459e-006	-5.18627575e-006	6.35085993e-008	
3.58640429e+001	5.14682879e-006	-5.14647060e-006	6.07209393e-008	
3.59642218e+001	5.11001788e-006	-5.10968898e-006	5.79766206e-008	
3.60644007e+001	5.07320803e-006	-5.07290736e-006	5.52323019e-008	
3.61645796e+001	5.03639926e-006	-5.03612574e-006	5.24879832e-008	
3.62647585e+001	5.02349202e-006	-5.02323460e-006	5.08547443e-008	
3.63649374e+001	5.01289227e-006	-5.01264970e-006	4.93141252e-008	
3.64651163e+001	5.00229294e-006	-5.00206481e-006	4.77735061e-008	
3.65652952e+001	4.99169402e-006	-4.99147992e-006	4.62328870e-008	
3.66654741e+001	4.98109552e-006	-4.98089502e-006	4.46922679e-008	
3.67656530e+001	4.97049744e-006	-4.97031013e-006	4.31516488e-008	
3.68658318e+001	4.95966509e-006	-4.95949210e-006	4.14236699e-008	
3.69660107e+001	4.94875359e-006	-4.94859489e-006	3.96320612e-008	
3.70661896e+001	4.93784268e-006	-4.93769769e-006	3.78404525e-008	
3.71663685e+001	4.92871461e-006	-4.92858177e-006	3.61859171e-008	
3.72665474e+001	4.91967419e-006	-4.91955296e-006	3.45380848e-008	
3.73667263e+001	4.91255512e-006	-4.91244494e-006	3.29019098e-008	
3.74669052e+001	4.92521116e-006	-4.92511116e-006	3.13857426e-008	
3.75670841e+001	4.95619724e-006	-4.95610868e-006	2.96298244e-008	
3.76672630e+001	4.99969811e-006	-4.99962132e-006	2.77102237e-008	
3.77674419e+001	5.04319991e-006	-5.04313397e-006	2.57906229e-008	
3.78676208e+001	5.08270165e-006	-5.08264540e-006	2.39124557e-008	
3.79677996e+001	5.11540821e-006	-5.11536045e-006	2.21046670e-008	
3.80679785e+001	5.15784742e-006	-5.15780964e-006	1.97419448e-008	
3.81681574e+001	5.19619351e-006	-5.19616385e-006	1.75560599e-008	
3.82683363e+001	5.23454063e-006	-5.23451806e-006	1.53701751e-008	
3.83685152e+001	5.27288875e-006	-5.27287227e-006	1.31842902e-008	
3.84686941e+001	5.31123787e-006	-5.31122648e-006	1.09984053e-008	
3.85688730e+001	5.39164339e-006	-5.39163666e-006	8.52149938e-009	
3.86690519e+001	5.47841427e-006	-5.47841091e-006	6.06341714e-009	
3.87692308e+001	5.56518633e-006	-5.56518517e-006	3.60533489e-009	
3.88694097e+001	5.65195954e-006	-5.65195942e-006	1.14725265e-009	
3.89695886e+001	5.81008610e-006	-5.81008477e-006	-3.92161573e-009	
3.90697674e+001	5.99175764e-006	-5.99174955e-006	-9.85180763e-009	
3.91699463e+001	6.16630903e-006	-6.16629172e-006	-1.46106555e-008	
3.92701252e+001	6.32497861e-006	-6.32495641e-006	-1.67583797e-008	
3.93703041e+001	6.48364866e-006	-6.48362110e-006	-1.89061038e-008	
3.94704830e+001	6.64231915e-006	-6.64228579e-006	-2.10538279e-008	
3.95706619e+001	6.80099005e-006	-6.80095048e-006	-2.32015520e-008	
3.96708408e+001	7.15558522e-006	-7.15550162e-006	-3.45882877e-008	
3.97710197e+001	7.57680348e-006	-7.57670202e-006	-3.92107523e-008	
3.98711986e+001	7.86975372e-006	-7.86965840e-006	-3.87329392e-008	
3.99713775e+001	8.12425216e-006	-8.12416849e-006	-3.68728939e-008	
4.00715564e+001	8.42945354e-006	-8.42939632e-006	-3.10574458e-008	
4.01717352e+001	8.73715454e-006	-8.73713893e-006	-1.65153010e-008	
4.02719141e+001	8.35223560e-006	-8.35212804e-006	4.23883528e-008	
4.03720930e+001	8.27729371e-006	-8.27681118e-006	8.93745530e-008	
4.04722719e+001	7.19458174e-006	-7.18915045e-006	2.79503606e-007	
4.05724508e+001	5.70590393e-006	-5.69116649e-006	4.09833665e-007	
4.06726297e+001	4.06087654e-006	-4.03948636e-006	4.16255045e-007	
4.07728086e+001	2.87710899e-006	-2.85609453e-006	3.47102579e-007	
4.08729875e+001	2.20395961e-006	-2.18702868e-006	2.72660075e-007	
4.09731664e+001	1.65087595e-006	-1.63734090e-006	2.10964868e-007	
4.10733453e+001	1.20523290e-006	-1.19517656e-006	1.55368372e-007	
4.11735242e+001	1.01090349e-006	-1.00280345e-006	1.27714973e-007	
4.12737030e+001	8.12786585e-007	-8.06393362e-007	1.01743695e-007	
4.13738819e+001	6.91505371e-007	-6.86654434e-007	8.17640833e-008	
4.14740608e+001	5.53612040e-007	-5.49674295e-007	6.59125232e-008	
4.15742397e+001	4.67357447e-007	-4.64309564e-007	5.32880133e-008	
4.16744186e+001	3.81077688e-007	-3.78738343e-007	4.21600753e-008	
4.17745975e+001	3.21101010e-007	-3.19328247e-007	3.36946491e-008	
4.18747764e+001	2.68403854e-007	-2.67185994e-007	2.55396472e-008	
4.19749553e+001	2.12815140e-007	-2.12119343e-007	1.71950059e-008	
4.20751342e+001	1.66799011e-007	-1.66613043e-007	7.87425743e-009	
4.21753131e+001	1.08784961e-007	-1.08760491e-007	-2.30724806e-009	
4.22754919e+001	2.53932532e-008	-1.55583593e-008	-2.00687510e-008	
4.23756708e+001	9.18997743e-008	8.65188922e-008	-3.09846705e-008	
4.24758497e+001	1.82149811e-007	1.79372386e-007	-3.16875512e-008	
4.25760286e+001	2.41920926e-007	2.40571092e-007	-2.55202761e-008	
4.26762075e+001	2.34447396e-007	2.33962764e-007	-1.50667373e-008	
4.27763864e+001	1.93727837e-007	1.93662899e-007	-5.01560981e-009	
4.28765653e+001	7.02221198e-008	6.98474153e-008	7.24463150e-009	
4.29767442e+001	3.14199271e-008	-2.76243076e-008	1.49702854e-008	
4.30769231e+001	1.42370381e-007	-1.40562025e-007	2.26195110e-008	
4.31771020e+001	2.43258907e-007	-2.41496374e-007	2.92300714e-008	
4.32772809e+001	2.86103233e-007	-2.84322977e-007	3.18669819e-008	
4.33774597e+001	3.32635725e-007	-3.30832479e-007	3.45889617e-008	
4.34776386e+001	3.09282571e-007	-3.07222888e-007	3.56343376e-008	
4.35778175e+001	2.94349920e-007	-2.92141082e-007	3.59925435e-008	
4.36779964e+001	2.55757561e-007	-2.53394177e-007	3.46889146e-008	
4.37781753e+001	2.08344845e-007	-2.05983750e-007	3.12772973e-008	
4.38783542e+001	1.67930191e-007	-1.65759374e-007	2.69142906e-008	
4.39785331e+001	1.31601503e-007	-1.29817439e-007	2.15960218e-008	
4.40787120e+001	1.03982315e-007	-1.02537480e-007	1.72738830e-008	
4.41788909e+001	8.24112802e-008	-8.11805205e-008	1.41895104e-008	
4.42790698e+001	6.80854212e-008	-6.70586245e-008	1.17798749e-008	
4.43792487e+001	5.52049156e-008	-5.43383654e-008	9.74293333e-009	
4.44794275e+001	4.45431089e-008	-4.38293724e-008	7.94195610e-009	
4.45796064e+001	4.16236123e-008	-4.10296060e-008	7.00689153e-009	
4.46797853e+001	3.92364298e-008	-3.87544995e-008	6.13075761e-009	
4.47799642e+001	3.85835000e-008	-3.82080887e-008	5.36921186e-009	
4.48801431e+001	3.79674401e-008	-3.76517608e-008	4.88583866e-009	
4.49803220e+001	3.70771460e-008	-3.68172801e-008	4.38208161e-009	
4.50805009e+001	3.65176274e-008	-3.62871315e-008	4.09648587e-009	
4.51806798e+001	3.39305109e-008	-3.37369866e-008	3.61874336e-009	
4.52808587e+001	3.04570792e-008	-3.02583062e-008	3.47398591e-009	
4.53810376e+001	2.78138256e-008	-2.76210274e-008	3.26921102e-009	
4.54812165e+001	2.64770040e-008	-2.63181102e-008	2.89634523e-009	
4.55813953e+001	2.64264686e-008	-2.63068928e-008	2.51110194e-009	
4.56815742e+001	2.68962994e-008	-2.68092161e-008	2.16260370e-009	
4.57817531e+001	3.33407036e-008	-3.33008953e-008	1.62876967e-009	
4.58819320e+001	4.19558157e-008	-4.19478185e-008	8.19144469e-010	
4.59821109e+001	6.30505663e-008	-6.29587465e-008	-3.40149345e-009	
4.60822898e+001	4.60759282e-008	-4.42770609e-008	1.27488445e-008	
4.61824687e+001	4.66068053e-009	-2.33688335e-009	4.03248301e-009	
4.62826476e+001	6.78557628e-010	2.07090982e-010	6.46184014e-010	
4.63828265e+001	1.45013383e-009	-1.44882738e-009	6.15413825e-011	
4.64830054e+001	8.06638067e-010	6.48480931e-010	-4.79726436e-010	
4.65831843e+001	2.93294707e-009	2.88978489e-009	-5.01320061e-010	
4.66833631e+001	1.29759725e-009	6.11078119e-010	-1.14470178e-009	
4.67835420e+001	1.73319098e-009	1.07626713e-009	-1.35852863e-009	
4.68837209e+001	2.28548417e-009	1.77229947e-009	-1.44304972e-009	
4.69838998e+001	2.09513884e-009	1.57892557e-009	-1.37717130e-009	
4.70840787e+001	4.99932440e-009	4.12193768e-009	-2.82893518e-009	
4.71842576e+001	2.98199172e-009	1.23898555e-009	-2.71241395e-009	
4.72844365e+001	5.94265491e-009	4.56282105e-009	-3.80733652e-009	
4.73846154e+001	5.04420719e-009	1.47150321e-009	-4.82480098e-009	
4.74847943e+001	9.69531258e-009	8.31321820e-009	-4.98893668e-009	
4.75849732e+001	1.00863584e-008	7.31413424e-009	-6.94536290e-009	
4.76851521e+001	1.07541151e-008	5.44394839e-009	-9.27439576e-009	
4.77853309e+001	2.42980797e-008	2.12914947e-008	-1.17076441e-008	
4.78855098e+001	2.79464141e-008	1.81723560e-008	-2.12312868e-008	
4.79856887e+001	4.65657741e-008	3.21249891e-008	-3.37098856e-008	
4.80858676e+001	1.82315238e-007	1.12190102e-007	-1.43708827e-007	
4.81860465e+001	1.25833535e-006	1.25759813e-006	-4.30673969e-008	
4.82862254e+001	1.35986249e-006	1.35882700e-006	5.30584278e-008	
4.83864043e+001	1.21114470e-006	1.21107303e-006	1.31754097e-008	
4.84865832e+001	1.14152187e-006	1.14152186e-006	-1.58512239e-010	
4.85867621e+001	1.11787142e-006	1.11786534e-006	-3.68779620e-009	
4.86869410e+001	1.07708184e-006	1.07705457e-006	-7.66487332e-009	
4.87871199e+001	1.04364374e-006	1.04361544e-006	-7.68482082e-009	
4.88872987e+001	1.03023488e-006	1.03020315e-006	-8.08639327e-009	
4.89874776e+001	1.01682628e-006	1.01679085e-006	-8.48796573e-009	
4.90876565e+001	1.00429463e-006	1.00425914e-006	-8.44258331e-009	
4.91878354e+001	9.92148262e-007	9.92114369e-007	-8.20080433e-009	
4.92880143e+001	9.80001919e-007	9.79969599e-007	-7.95902534e-009	
4.93881932e+001	9.65351187e-007	9.65320647e-007	-7.67868993e-009	
4.94883721e+001	9.37748635e-007	9.37721335e-007	-7.15551017e-009	
4.95885510e+001	9.11556912e-007	9.11531948e-007	-6.74624113e-009	
4.96887299e+001	8.85365240e-007	8.85342561e-007	-6.33697208e-009	
4.97889088e+001	8.59173623e-007	8.59153174e-007	-5.92770304e-009	
4.98890877e+001	8.32763108e-007	8.32744848e-007	-5.51461150e-009	
4.99892665e+001	8.06032588e-007	8.06016479e-007	-5.09593226e-009	
5.00894454e+001	7.86247171e-007	7.86232661e-007	-4.77662373e-009	
5.01896243e+001	7.65969410e-007	7.65956334e-007	-4.47568623e-009	
5.02898032e+001	7.45691693e-007	7.45680007e-007	-4.17474873e-009	
5.03899821e+001	7.25414024e-007	7.25403680e-007	-3.87381122e-009	
5.04901610e+001	7.05136405e-007	7.05127353e-007	-3.57287372e-009	
5.05903399e+001	6.84858842e-007	6.84851026e-007	-3.27193621e-009	
5.06905188e+001	6.64581340e-007	6.64574699e-007	-2.97099871e-009	
5.07906977e+001	6.43410286e-007	6.43404671e-007	-2.68798047e-009	
5.08908766e+001	6.20258893e-007	6.20254139e-007	-2.42843996e-009	
5.09910555e+001	5.97107546e-007	5.97103607e-007	-2.16889944e-009	
5.10912343e+001	5.73956251e-007	5.73953075e-007	-1.90935893e-009	
5.11914132e+001	5.55547822e-007	5.55545137e-007	-1.72729883e-009	
5.12915921e+001	5.38217002e-007	5.38214729e-007	-1.56436467e-009	
5.13917710e+001	5.14882675e-007	5.14880738e-007	-1.41233151e-009	
5.14919499e+001	4.91548363e-007	4.91546747e-007	-1.26029835e-009	
5.15921288e+001	4.70354153e-007	4.70352850e-007	-1.10707052e-009	
5.16923077e+001	4.49383857e-007	4.49382845e-007	-9.53717695e-010	
5.17924866e+001	4.28413587e-007	4.28412840e-007	-8.00364872e-010	
5.18926655e+001	4.10474585e-007	4.10474046e-007	-6.65355111e-010	
5.19928444e+001	3.97599249e-007	3.97598834e-007	-5.74822225e-010	
5.20930233e+001	3.86107317e-007	3.86106995e-007	-4.98600223e-010	
5.21932021e+001	3.74615395e-007	3.74615157e-007	-4.22378222e-010	
5.22933810e+001	3.58755175e-007	3.58754984e-007	-3.70321271e-010	
5.23935599e+001	3.43463794e-007	3.43463649e-007	-3.15058935e-010	
5.24937388e+001	3.28820428e-007	3.28820328e-007	-2.56166493e-010	
5.25939177e+001	3.14177069e-007	3.14177007e-007	-1.97274051e-010	
5.26940966e+001	2.99564639e-007	2.99564607e-007	-1.38749087e-010	
5.27942755e+001	2.88261271e-007	2.88261256e-007	-9.55073675e-011	
5.28944544e+001	2.77079335e-007	2.77079330e-007	-5.18625113e-011	
5.29946333e+001	2.65897405e-007	2.65897404e-007	-8.21765512e-012	
5.30948122e+001	2.54715481e-007	2.54715479e-007	3.54272011e-011	
5.31949911e+001	2.43339719e-007	2.43339709e-007	7.10595965e-011	
5.32951699e+001	2.31522312e-007	2.31522295e-007	8.84368690e-011	
5.33953488e+001	2.19704906e-007	2.19704881e-007	1.05814141e-010	
5.34955277e+001	2.07887504e-007	2.07887467e-007	1.23191414e-010	
5.35957066e+001	1.95891666e-007	1.95891611e-007	1.46680125e-010	
5.36958855e+001	1.84617673e-007	1.84617597e-007	1.67775460e-010	
5.37960644e+001	1.74803506e-007	1.74803421e-007	1.72975159e-010	
5.38962433e+001	1.64648164e-007	1.64648068e-007	1.78018466e-010	
5.39964222e+001	1.54252017e-007	1.54251909e-007	1.82951389e-010	
5.40966011e+001	1.43855872e-007	1.43855749e-007	1.87884312e-010	
5.41967800e+001	1.34758016e-007	1.34757886e-007	1.87461706e-010	
5.42969589e+001	1.26413268e-007	1.26413134e-007	1.83932480e-010	
5.43971377e+001	1.18923658e-007	1.18923517e-007	1.83285261e-010	
5.44973166e+001	1.11940523e-007	1.11940372e-007	1.84344975e-010	
5.45974955e+001	1.04957390e-007	1.04957226e-007	1.85404689e-010	
5.46976744e+001	9.67682766e-008	9.67681119e-008	1.78500682e-010	
5.47978533e+001	8.81816296e-008	8.81814677e-008	1.68971552e-010	
5.48980322e+001	7.95949832e-008	7.95948235e-008	1.59442423e-010	
5.49982111e+001	7.18253885e-008	7.18252392e-008	1.46448172e-010	
5.50983900e+001	6.45954945e-008	6.45953613e-008	1.31165047e-010	
5.51985689e+001	5.73656004e-008	5.73654834e-008	1.15881922e-010	
5.52987478e+001	5.01357064e-008	5.01356055e-008	1.00598796e-010	
5.53989267e+001	4.29058124e-008	4.29057276e-008	8.53156709e-011	
5.54991055e+001	3.55885247e-008	3.55884519e-008	7.19821113e-011	
5.55992844e+001	2.82671879e-008	2.82671269e-008	5.87408864e-011	
5.56994633e+001	2.09282195e-008	2.09281714e-008	4.48774045e-011	
5.57996422e+001	1.39811451e-008	1.39811131e-008	2.99024102e-011	
5.58998211e+001	6.63057710e-009	6.63056200e-009	1.41491848e-011	
5.60000000e+001	4.22379979e-010	4.22379660e-010	5.19499639e-013	
