% Column 0: Length, cm
% Column 1: |B.n|, Tesla
% Column 2: Re[B.n], Tesla
% Column 3: Im[B.n], Tesla
0.00000000e+000	1.02594218e-009	-1.02591437e-009	-7.55420865e-012	
1.00178891e-001	1.60944309e-008	-1.60940173e-008	-1.15373437e-010	
2.00357782e-001	3.16841202e-008	-3.16833129e-008	-2.26175220e-010	
3.00536673e-001	4.78615546e-008	-4.78603165e-008	-3.44256568e-010	
4.00715564e-001	6.54472091e-008	-6.54455269e-008	-4.69245794e-010	
5.00894454e-001	8.23718301e-008	-8.23697339e-008	-5.87637331e-010	
6.01073345e-001	9.95399036e-008	-9.95373999e-008	-7.05997703e-010	
7.01252236e-001	1.16468916e-007	-1.16466034e-007	-8.19298890e-010	
8.01431127e-001	1.33353172e-007	-1.33349918e-007	-9.31641940e-010	
9.01610018e-001	1.49711691e-007	-1.49708129e-007	-1.03273005e-009	
1.00178891e+000	1.66070210e-007	-1.66066339e-007	-1.13381815e-009	
1.10196780e+000	1.82816695e-007	-1.82812541e-007	-1.23231963e-009	
1.20214669e+000	2.00780866e-007	-2.00776492e-007	-1.32528761e-009	
1.30232558e+000	2.20548128e-007	-2.20543594e-007	-1.41417155e-009	
1.40250447e+000	2.39913502e-007	-2.39908774e-007	-1.50617813e-009	
1.50268336e+000	2.59278879e-007	-2.59273954e-007	-1.59818472e-009	
1.60286225e+000	2.79610952e-007	-2.79605900e-007	-1.68092268e-009	
1.70304114e+000	3.02148370e-007	-3.02143345e-007	-1.74251598e-009	
1.80322004e+000	3.24685803e-007	-3.24680791e-007	-1.80410927e-009	
1.90339893e+000	3.45286520e-007	-3.45281335e-007	-1.89217377e-009	
2.00357782e+000	3.68101294e-007	-3.68096098e-007	-1.95570484e-009	
2.10375671e+000	3.92958533e-007	-3.92953462e-007	-1.99643520e-009	
2.20393560e+000	4.17641107e-007	-4.17636139e-007	-2.03720250e-009	
2.30411449e+000	4.40566220e-007	-4.40561317e-007	-2.07834137e-009	
2.40429338e+000	4.64302689e-007	-4.64297884e-007	-2.11231976e-009	
2.50447227e+000	4.93428639e-007	-4.93424132e-007	-2.10895201e-009	
2.60465116e+000	5.23259520e-007	-5.23255164e-007	-2.13513348e-009	
2.70483005e+000	5.53090419e-007	-5.53086196e-007	-2.16131495e-009	
2.80500894e+000	5.82921333e-007	-5.82917229e-007	-2.18749642e-009	
2.90518784e+000	6.12753461e-007	-6.12749676e-007	-2.15385472e-009	
3.00536673e+000	6.42586450e-007	-6.42583085e-007	-2.07952587e-009	
3.10554562e+000	6.72419484e-007	-6.72416494e-007	-2.00519701e-009	
3.20572451e+000	7.02252558e-007	-7.02249904e-007	-1.93086815e-009	
3.30590340e+000	7.32403526e-007	-7.32401128e-007	-1.87420337e-009	
3.40608229e+000	7.73831835e-007	-7.73829815e-007	-1.76815288e-009	
3.50626118e+000	8.14744645e-007	-8.14743098e-007	-1.58759142e-009	
3.60644007e+000	8.55657538e-007	-8.55656381e-007	-1.40702997e-009	
3.70661896e+000	8.96570503e-007	-8.96569664e-007	-1.22646852e-009	
3.80679785e+000	9.35873765e-007	-9.35873165e-007	-1.05970463e-009	
3.90697674e+000	9.74692854e-007	-9.74692446e-007	-8.92485985e-010	
4.00715564e+000	1.01609517e-006	-1.01609494e-006	-6.82185064e-010	
4.10733453e+000	1.05749754e-006	-1.05749743e-006	-4.71884143e-010	
4.20751342e+000	1.09889995e-006	-1.09889992e-006	-2.61583223e-010	
4.30769231e+000	1.14505270e-006	-1.14505270e-006	-2.52889012e-011	
4.40787120e+000	1.20996963e-006	-1.20996959e-006	3.13682189e-010	
4.50805009e+000	1.27011178e-006	-1.27011154e-006	7.82829880e-010	
4.60822898e+000	1.32193552e-006	-1.32193469e-006	1.47876825e-009	
4.70840787e+000	1.37378186e-006	-1.37378015e-006	2.16780363e-009	
4.80858676e+000	1.42883168e-006	-1.42882908e-006	2.72683338e-009	
4.90876565e+000	1.48583273e-006	-1.48582922e-006	3.23284061e-009	
5.00894454e+000	1.54230046e-006	-1.54229607e-006	3.68009462e-009	
5.10912343e+000	1.59876826e-006	-1.59876293e-006	4.12734862e-009	
5.20930233e+000	1.66580050e-006	-1.66579349e-006	4.82997848e-009	
5.30948122e+000	1.72712964e-006	-1.72712015e-006	5.72510797e-009	
5.40966011e+000	1.78643312e-006	-1.78642082e-006	6.62807744e-009	
5.50983900e+000	1.84573686e-006	-1.84572150e-006	7.53104692e-009	
5.61001789e+000	1.90504084e-006	-1.90502217e-006	8.43401640e-009	
5.71019678e+000	2.00294185e-006	-2.00291776e-006	9.82396755e-009	
5.81037567e+000	2.09056603e-006	-2.09053473e-006	1.14397831e-008	
5.91055456e+000	2.16738651e-006	-2.16734917e-006	1.27226696e-008	
6.01073345e+000	2.24264160e-006	-2.24259817e-006	1.39573098e-008	
6.11091234e+000	2.29781889e-006	-2.29776934e-006	1.50898016e-008	
6.21109123e+000	2.34290577e-006	-2.34284996e-006	1.61709565e-008	
6.31127013e+000	2.38799289e-006	-2.38793057e-006	1.72521114e-008	
6.41144902e+000	2.43440395e-006	-2.43433473e-006	1.83584831e-008	
6.51162791e+000	2.49714614e-006	-2.49706783e-006	1.97759633e-008	
6.61180680e+000	2.55988867e-006	-2.55980094e-006	2.11934435e-008	
6.71198569e+000	2.63112052e-006	-2.63102395e-006	2.25434046e-008	
6.81216458e+000	2.69931163e-006	-2.69920872e-006	2.35706130e-008	
6.91234347e+000	2.76221535e-006	-2.76210823e-006	2.43251864e-008	
7.01252236e+000	2.82511908e-006	-2.82500775e-006	2.50797598e-008	
7.11270125e+000	2.89440119e-006	-2.89429286e-006	2.50409579e-008	
7.21288014e+000	2.93502680e-006	-2.93493297e-006	2.34689845e-008	
7.31305903e+000	3.01050467e-006	-3.01044251e-006	1.93465288e-008	
7.41323792e+000	3.08743766e-006	-3.08740301e-006	1.46281581e-008	
7.51341682e+000	3.25405522e-006	-3.25405518e-006	-5.42354563e-010	
7.61359571e+000	3.41901185e-006	-3.41881412e-006	-3.67696001e-008	
7.71377460e+000	3.79414386e-006	-3.79125711e-006	-1.47977006e-007	
7.81395349e+000	3.57857087e-006	-3.57775300e-006	7.65044164e-008	
7.91413238e+000	6.04198861e-007	-3.78929822e-007	4.70604349e-007	
8.01431127e+000	1.26779743e-007	-7.56178738e-008	1.01759719e-007	
8.11449016e+000	9.30186916e-008	-6.34506952e-008	6.80182789e-008	
8.21466905e+000	6.32595687e-008	-5.01092208e-008	3.86113846e-008	
8.31484794e+000	4.09054270e-008	-2.64517416e-008	3.12019122e-008	
8.41502683e+000	4.35843760e-008	-4.02134874e-008	1.68069409e-008	
8.51520572e+000	1.79605976e-008	-9.57484101e-009	1.51955746e-008	
8.61538462e+000	2.88430400e-008	-2.66982329e-008	1.09144547e-008	
8.71556351e+000	1.08353132e-008	-6.42312946e-009	8.72624896e-009	
8.81574240e+000	1.46636058e-008	-1.42012090e-008	3.65335437e-009	
8.91592129e+000	5.22481747e-009	-4.51313261e-009	2.63255610e-009	
9.01610018e+000	7.86378015e-009	6.01769888e-009	5.06224638e-009	
9.11627907e+000	4.74530576e-009	4.54475869e-009	1.36495244e-009	
9.21645796e+000	2.88326265e-009	-2.91575743e-011	-2.88311521e-009	
9.31663685e+000	6.32004868e-009	3.28820524e-009	-5.39728835e-009	
9.41681574e+000	4.14554763e-009	5.96462461e-011	-4.14511851e-009	
9.51699463e+000	1.14907232e-008	6.26802561e-009	-9.63060616e-009	
9.61717352e+000	2.24546489e-008	1.67858791e-008	-1.49146076e-008	
9.71735242e+000	2.78233314e-008	1.78692254e-008	-2.13267099e-008	
9.81753131e+000	8.99742592e-008	4.60861083e-008	-7.72750798e-008	
9.91771020e+000	5.81913719e-007	5.61990671e-007	-1.50963778e-007	
1.00178891e+001	7.95481675e-007	7.94441402e-007	4.06688315e-008	
1.01180680e+001	5.97164667e-007	5.97038024e-007	-1.22978763e-008	
1.02182469e+001	5.21588534e-007	5.20950701e-007	-2.57869374e-008	
1.03184258e+001	4.70090312e-007	4.68809519e-007	-3.46775934e-008	
1.04186047e+001	4.72413836e-007	4.70686758e-007	-4.03585039e-008	
1.05187835e+001	4.84822426e-007	4.82677524e-007	-4.55542849e-008	
1.06189624e+001	5.24350170e-007	5.22074202e-007	-4.88019352e-008	
1.07191413e+001	5.64958582e-007	5.62572234e-007	-5.18717769e-008	
1.08193202e+001	6.19199512e-007	6.16735703e-007	-5.51825002e-008	
1.09194991e+001	6.60114114e-007	6.57621242e-007	-5.73144347e-008	
1.10196780e+001	6.74615868e-007	6.71900221e-007	-6.04703426e-008	
1.11198569e+001	6.69889535e-007	6.66696018e-007	-6.53330583e-008	
1.12200358e+001	6.44594420e-007	6.40538414e-007	-7.21976923e-008	
1.13202147e+001	6.58774144e-007	6.53544502e-007	-8.28429618e-008	
1.14203936e+001	7.15487112e-007	7.09152182e-007	-9.49999432e-008	
1.15205725e+001	8.01504328e-007	7.93747828e-007	-1.11236559e-007	
1.16207513e+001	8.62808157e-007	8.53518061e-007	-1.26272857e-007	
1.17209302e+001	9.91176969e-007	9.80216029e-007	-1.46997689e-007	
1.18211091e+001	1.21144255e-006	1.19804082e-006	-1.79697642e-007	
1.19212880e+001	1.47975477e-006	1.46345444e-006	-2.19032571e-007	
1.20214669e+001	1.76734580e-006	1.74794971e-006	-2.61118764e-007	
1.21216458e+001	2.15980227e-006	2.13851422e-006	-3.02494293e-007	
1.22218247e+001	2.83513120e-006	2.81133625e-006	-3.66547945e-007	
1.23220036e+001	3.33251848e-006	3.30840441e-006	-4.00174549e-007	
1.24221825e+001	3.64048948e-006	3.61816053e-006	-4.02589093e-007	
1.25223614e+001	3.88359138e-006	3.86430909e-006	-3.86519468e-007	
1.26225403e+001	4.08729326e-006	4.06914387e-006	-3.84752288e-007	
1.27227191e+001	3.53545065e-006	3.51642672e-006	-3.66270941e-007	
1.28228980e+001	2.79994580e-006	2.77914060e-006	-3.40696362e-007	
1.29230769e+001	1.98889559e-006	1.96511332e-006	-3.06651802e-007	
1.30232558e+001	1.35230432e-006	1.32365252e-006	-2.76895235e-007	
1.31234347e+001	2.15507165e-007	-4.99531357e-008	-2.09637837e-007	
1.32236136e+001	6.83706021e-007	-6.67316921e-007	-1.48802050e-007	
1.33237925e+001	9.85687996e-007	-9.81852360e-007	-8.68721379e-008	
1.34239714e+001	1.76079969e-006	-1.76038454e-006	3.82333908e-008	
1.35241503e+001	7.22737631e-007	-7.01582102e-007	1.73586399e-007	
1.36243292e+001	2.94619775e-007	2.38213138e-007	1.73364681e-007	
1.37245081e+001	1.77728519e-006	1.77728269e-006	2.98497021e-009	
1.38246869e+001	2.75106992e-006	2.74798278e-006	-1.30293296e-007	
1.39248658e+001	3.53752190e-006	3.52782890e-006	-2.61695248e-007	
1.40250447e+001	4.78844206e-006	4.76843678e-006	-4.37250526e-007	
1.41252236e+001	5.65926623e-006	5.63152052e-006	-5.59706158e-007	
1.42254025e+001	6.35156132e-006	6.31579091e-006	-6.73139200e-007	
1.43255814e+001	7.59230585e-006	7.54621206e-006	-8.35339252e-007	
1.44257603e+001	9.47858835e-006	9.42455707e-006	-1.01062416e-006	
1.45259392e+001	1.08095284e-005	1.07448195e-005	-1.18099815e-006	
1.46261181e+001	1.27365380e-005	1.26528307e-005	-1.45783187e-006	
1.47262970e+001	1.53771782e-005	1.52698779e-005	-1.81340558e-006	
1.48264758e+001	1.78212562e-005	1.76884641e-005	-2.17150019e-006	
1.49266547e+001	2.35910353e-005	2.34198738e-005	-2.83662788e-006	
1.50268336e+001	3.11371506e-005	3.09438652e-005	-3.46400805e-006	
1.51270125e+001	3.86846888e-005	3.84212457e-005	-4.50699776e-006	
1.52271914e+001	5.20117164e-005	5.17121676e-005	-5.57408052e-006	
1.53273703e+001	7.51792769e-005	7.48935915e-005	-6.54779553e-006	
1.54275492e+001	1.02457709e-004	1.02329786e-004	-5.11830233e-006	
1.55277281e+001	1.25206649e-004	1.25175839e-004	-2.77745457e-006	
1.56279070e+001	1.43453835e-004	1.43453545e-004	2.88578949e-007	
1.57280859e+001	1.53496989e-004	1.53484651e-004	1.94613889e-006	
1.58282648e+001	1.54464287e-004	1.54444397e-004	2.47877989e-006	
1.59284436e+001	1.55091715e-004	1.55065719e-004	2.83952196e-006	
1.60286225e+001	1.48547435e-004	1.48526005e-004	2.52313219e-006	
1.61288014e+001	1.45654784e-004	1.45637122e-004	2.26820712e-006	
1.62289803e+001	1.45594105e-004	1.45576539e-004	2.26154632e-006	
1.63291592e+001	1.45533426e-004	1.45515957e-004	2.25488553e-006	
1.64293381e+001	1.45348910e-004	1.45332985e-004	2.15148575e-006	
1.65295170e+001	1.45110438e-004	1.45096574e-004	2.00584603e-006	
1.66296959e+001	1.44872107e-004	1.44860163e-004	1.86020632e-006	
1.67298748e+001	1.44846180e-004	1.44835764e-004	1.73707699e-006	
1.68300537e+001	1.45937859e-004	1.45928132e-004	1.68490277e-006	
1.69302326e+001	1.47437760e-004	1.47428961e-004	1.61074323e-006	
1.70304114e+001	1.48937716e-004	1.48929789e-004	1.53658369e-006	
1.71305903e+001	1.50437726e-004	1.50430618e-004	1.46242415e-006	
1.72307692e+001	1.51780749e-004	1.51774440e-004	1.38380806e-006	
1.73309481e+001	1.54802305e-004	1.54796413e-004	1.35059103e-006	
1.74311270e+001	1.58493655e-004	1.58488036e-004	1.33457772e-006	
1.75313059e+001	1.62185020e-004	1.62179659e-004	1.31856441e-006	
1.76314848e+001	1.65876397e-004	1.65871283e-004	1.30255110e-006	
1.77316637e+001	1.69567787e-004	1.69562906e-004	1.28653779e-006	
1.78318426e+001	1.73259188e-004	1.73254529e-004	1.27052448e-006	
1.79320215e+001	1.76950600e-004	1.76946153e-004	1.25451118e-006	
1.80322004e+001	1.82392073e-004	1.82387749e-004	1.25583118e-006	
1.81323792e+001	1.86317359e-004	1.86313332e-004	1.22506334e-006	
1.82325581e+001	1.89938141e-004	1.89934419e-004	1.18901262e-006	
1.83327370e+001	1.93558940e-004	1.93555506e-004	1.15296190e-006	
1.84329159e+001	1.98351562e-004	1.98348463e-004	1.10886197e-006	
1.85330948e+001	2.05059006e-004	2.05056310e-004	1.05160924e-006	
1.86332737e+001	2.11766491e-004	2.11764157e-004	9.94356514e-007	
1.87334526e+001	2.18562974e-004	2.18560931e-004	9.44999131e-007	
1.88336315e+001	2.27002602e-004	2.27000599e-004	9.53781805e-007	
1.89338104e+001	2.33258713e-004	2.33257418e-004	7.77271016e-007	
1.90339893e+001	2.39468093e-004	2.39467346e-004	5.98056365e-007	
1.91341682e+001	2.45677632e-004	2.45677275e-004	4.18841714e-007	
1.92343470e+001	2.53372360e-004	2.53372223e-004	2.63667548e-007	
1.93345259e+001	2.61556651e-004	2.61556559e-004	-2.19110415e-007	
1.94347048e+001	2.64764936e-004	2.64763545e-004	-8.58248137e-007	
1.95348837e+001	2.66748845e-004	2.66745765e-004	-1.28167787e-006	
1.96350626e+001	2.68733396e-004	2.68727986e-004	-1.70510761e-006	
1.97352415e+001	2.70718575e-004	2.70710207e-004	-2.12853734e-006	
1.98354204e+001	2.72704369e-004	2.72692428e-004	-2.55196708e-006	
1.99355993e+001	2.67858149e-004	2.67833443e-004	-3.63799095e-006	
2.00357782e+001	2.58376696e-004	2.58341871e-004	-4.24201919e-006	
2.01359571e+001	2.48570422e-004	2.48525108e-004	-4.74606570e-006	
2.02361360e+001	2.40015095e-004	2.39959195e-004	-5.17984362e-006	
2.03363148e+001	2.32173905e-004	2.32106997e-004	-5.57352728e-006	
2.04364937e+001	2.24334176e-004	2.24254799e-004	-5.96721094e-006	
2.05366726e+001	2.08646336e-004	2.08560210e-004	-5.99436315e-006	
2.06368515e+001	1.88153420e-004	1.88064093e-004	-5.79710533e-006	
2.07370304e+001	1.68379698e-004	1.68286610e-004	-5.59818280e-006	
2.08372093e+001	1.51355598e-004	1.51264621e-004	-5.24704220e-006	
2.09373882e+001	1.32654464e-004	1.32570921e-004	-4.70719616e-006	
2.10375671e+001	1.13953448e-004	1.13877221e-004	-4.16735011e-006	
2.11377460e+001	9.72359267e-005	9.71671722e-005	-3.65596653e-006	
2.12379249e+001	7.45862949e-005	7.45339010e-005	-2.79517140e-006	
2.13381038e+001	5.19366652e-005	5.19006298e-005	-1.93437627e-006	
2.14382826e+001	3.06291918e-005	3.06082146e-005	-1.13339906e-006	
2.15384615e+001	9.80245095e-006	9.79606231e-006	-3.53847208e-007	
2.16386404e+001	1.16431782e-005	-1.16330316e-005	4.85977639e-007	
2.17388193e+001	3.39621922e-005	-3.39335016e-005	1.39569704e-006	
2.18389982e+001	5.40082975e-005	-5.39648778e-005	2.16521689e-006	
2.19391771e+001	7.11587578e-005	-7.11049423e-005	2.76694750e-006	
2.20393560e+001	8.85115795e-005	-8.84472628e-005	3.37363465e-006	
2.21395349e+001	1.05994592e-004	-1.05919711e-004	3.98351074e-006	
2.22397138e+001	1.22347644e-004	-1.22264476e-004	4.51041851e-006	
2.23398927e+001	1.42708881e-004	-1.42620571e-004	5.01969444e-006	
2.24400716e+001	1.65039283e-004	-1.64945153e-004	5.57328460e-006	
2.25402504e+001	1.87369934e-004	-1.87269735e-004	6.12687476e-006	
2.26404293e+001	1.99884037e-004	-1.99787347e-004	6.21645067e-006	
2.27406082e+001	2.08973665e-004	-2.08889525e-004	5.92950449e-006	
2.28407871e+001	2.18710377e-004	-2.18638569e-004	5.60402607e-006	
2.29409660e+001	2.28448605e-004	-2.28387614e-004	5.27854764e-006	
2.30411449e+001	2.38214889e-004	-2.38163341e-004	4.95546800e-006	
2.31413238e+001	2.50104270e-004	-2.50058249e-004	4.79767352e-006	
2.32415027e+001	2.57008539e-004	-2.56979417e-004	3.86892087e-006	
2.33416816e+001	2.63916962e-004	-2.63900584e-004	2.94016821e-006	
2.34418605e+001	2.70829221e-004	-2.70821751e-004	2.01141555e-006	
2.35420394e+001	2.75301582e-004	-2.75298477e-004	1.30736524e-006	
2.36422182e+001	2.70538233e-004	-2.70536523e-004	9.61964768e-007	
2.37423971e+001	2.64391368e-004	-2.64390706e-004	5.91741045e-007	
2.38425760e+001	2.58244984e-004	-2.58244889e-004	2.21517322e-007	
2.39427549e+001	2.52099116e-004	-2.52099072e-004	-1.48706401e-007	
2.40429338e+001	2.46523414e-004	-2.46523142e-004	-3.66751013e-007	
2.41431127e+001	2.41363331e-004	-2.41362866e-004	-4.73801376e-007	
2.42432916e+001	2.34589677e-004	-2.34588849e-004	-6.23391682e-007	
2.43434705e+001	2.27411180e-004	-2.27409830e-004	-7.83658271e-007	
2.44436494e+001	2.19092454e-004	-2.19090894e-004	-8.26796192e-007	
2.45438283e+001	2.11076571e-004	-2.11074980e-004	-8.19481997e-007	
2.46440072e+001	2.04660309e-004	-2.04658515e-004	-8.56865158e-007	
2.47441860e+001	1.98244068e-004	-1.98242051e-004	-8.94248319e-007	
2.48443649e+001	1.92073650e-004	-1.92071448e-004	-9.19805072e-007	
2.49445438e+001	1.87487964e-004	-1.87485737e-004	-9.13816425e-007	
2.50447227e+001	1.82902280e-004	-1.82900027e-004	-9.07827779e-007	
2.51449016e+001	1.78316597e-004	-1.78314317e-004	-9.01839132e-007	
2.52450805e+001	1.73730916e-004	-1.73728606e-004	-8.95850485e-007	
2.53452594e+001	1.69810330e-004	-1.69808006e-004	-8.88383702e-007	
2.54454383e+001	1.66077219e-004	-1.66074885e-004	-8.80500265e-007	
2.55456172e+001	1.62344109e-004	-1.62341764e-004	-8.72616828e-007	
2.56457961e+001	1.58611000e-004	-1.58608642e-004	-8.64733392e-007	
2.57459750e+001	1.54678549e-004	-1.54676179e-004	-8.56172840e-007	
2.58461538e+001	1.50565799e-004	-1.50563416e-004	-8.46999852e-007	
2.59463327e+001	1.46453050e-004	-1.46450653e-004	-8.37826864e-007	
2.60465116e+001	1.43114555e-004	-1.43112124e-004	-8.34102053e-007	
2.61466905e+001	1.39783886e-004	-1.39781466e-004	-8.22485432e-007	
2.62468694e+001	1.36649840e-004	-1.36647412e-004	-8.14528291e-007	
2.63470483e+001	1.33515794e-004	-1.33513358e-004	-8.06571150e-007	
2.64472272e+001	1.30381749e-004	-1.30379303e-004	-7.98614009e-007	
2.65474061e+001	1.27247705e-004	-1.27245249e-004	-7.90656868e-007	
2.66475850e+001	1.24113663e-004	-1.24111195e-004	-7.82699727e-007	
2.67477639e+001	1.20979621e-004	-1.20977140e-004	-7.74742586e-007	
2.68479428e+001	1.17916016e-004	-1.17913599e-004	-7.54936427e-007	
2.69481216e+001	1.14592239e-004	-1.14589921e-004	-7.28825260e-007	
2.70483005e+001	1.11045527e-004	-1.11043311e-004	-7.01452558e-007	
2.71484794e+001	1.07498815e-004	-1.07496701e-004	-6.74079857e-007	
2.72486583e+001	1.03952103e-004	-1.03950091e-004	-6.46707155e-007	
2.73488372e+001	9.94690088e-005	-9.94672499e-005	-5.91531195e-007	
2.74490161e+001	9.37526058e-005	-9.37512739e-005	-4.99734834e-007	
2.75491950e+001	8.80112290e-005	-8.80102983e-005	-4.04750217e-007	
2.76493739e+001	8.10099305e-005	-8.10094742e-005	-2.71877658e-007	
2.77495528e+001	7.47873920e-005	-7.47872132e-005	-1.63510038e-007	
2.78497317e+001	6.86283444e-005	-6.86283207e-005	-5.69627041e-008	
2.79499106e+001	6.05760651e-005	-6.05759727e-005	1.05785574e-007	
2.80500894e+001	5.22573153e-005	-5.22567061e-005	2.52315392e-007	
2.81502683e+001	4.66645437e-005	-4.66634117e-005	3.25034568e-007	
2.82504472e+001	4.10720433e-005	-4.10701173e-005	3.97753744e-007	
2.83506261e+001	3.50467177e-005	-3.50435885e-005	4.68320198e-007	
2.84508050e+001	2.77099876e-005	-2.77048732e-005	5.32366460e-007	
2.85509839e+001	2.40408892e-005	-2.40352041e-005	5.22797540e-007	
2.86511628e+001	2.03841940e-005	-2.03777382e-005	5.12983777e-007	
2.87513417e+001	1.64651446e-005	-1.64571236e-005	5.13875904e-007	
2.88515206e+001	1.28070171e-005	-1.27962626e-005	5.24740357e-007	
2.89516995e+001	1.16114174e-005	-1.16005899e-005	5.01326287e-007	
2.90518784e+001	1.06313269e-005	-1.06208019e-005	4.72945644e-007	
2.91520572e+001	9.65125843e-006	-9.64101401e-006	4.44565001e-007	
2.92522361e+001	8.67121944e-006	-8.66122608e-006	4.16184357e-007	
2.93524150e+001	7.69122121e-006	-7.68143815e-006	3.87803714e-007	
2.94525939e+001	7.09837010e-006	-7.08828211e-006	3.78305264e-007	
2.95527728e+001	6.52061351e-006	-6.51013371e-006	3.69539752e-007	
2.96529517e+001	5.94294605e-006	-5.93198531e-006	3.60774240e-007	
2.97531306e+001	5.41435991e-006	-5.40293223e-006	3.51591464e-007	
2.98533095e+001	5.44995413e-006	-5.43948759e-006	3.37601542e-007	
2.99534884e+001	5.48559667e-006	-5.47604295e-006	3.23611620e-007	
3.00536673e+001	5.52128660e-006	-5.51259831e-006	3.09621698e-007	
3.01538462e+001	5.34064186e-006	-5.33219557e-006	3.00243119e-007	
3.02540250e+001	5.06035403e-006	-5.05186507e-006	2.92988458e-007	
3.03542039e+001	4.78008221e-006	-4.77153457e-006	2.85733797e-007	
3.04543828e+001	4.53887090e-006	-4.53033153e-006	2.78289843e-007	
3.05545617e+001	4.64559557e-006	-4.63779167e-006	2.69159108e-007	
3.06547406e+001	4.75237093e-006	-4.74525181e-006	2.60028374e-007	
3.07549195e+001	4.85919365e-006	-4.85271195e-006	2.50897639e-007	
3.08550984e+001	4.92177354e-006	-4.91580478e-006	2.42318157e-007	
3.09552773e+001	4.85449520e-006	-4.84878660e-006	2.35355273e-007	
3.10554562e+001	4.88261084e-006	-4.87725103e-006	2.28716085e-007	
3.11556351e+001	4.93634943e-006	-4.93134757e-006	2.22163791e-007	
3.12558140e+001	4.95464763e-006	-4.94998480e-006	2.14903765e-007	
3.13559928e+001	4.95729569e-006	-4.95295814e-006	2.07331103e-007	
3.14561717e+001	4.95995567e-006	-4.95593148e-006	1.99758440e-007	
3.15563506e+001	4.95069036e-006	-4.94695301e-006	1.92330438e-007	
3.16565295e+001	4.90977181e-006	-4.90622807e-006	1.86508129e-007	
3.17567084e+001	4.88759876e-006	-4.88418395e-006	1.82671298e-007	
3.18568873e+001	4.87529026e-006	-4.87201848e-006	1.78580549e-007	
3.19570662e+001	4.86298448e-006	-4.85985301e-006	1.74489801e-007	
3.20572451e+001	4.85481387e-006	-4.85183030e-006	1.70177693e-007	
3.21574240e+001	4.84799174e-006	-4.84515598e-006	1.65793536e-007	
3.22576029e+001	4.83954303e-006	-4.83684730e-006	1.61508485e-007	
3.23577818e+001	4.81177191e-006	-4.80921926e-006	1.56713141e-007	
3.24579606e+001	4.76828924e-006	-4.76589049e-006	1.51228655e-007	
3.25581395e+001	4.72481012e-006	-4.72256173e-006	1.45744169e-007	
3.26583184e+001	4.68133463e-006	-4.67923296e-006	1.40259683e-007	
3.27584973e+001	4.65261996e-006	-4.65063046e-006	1.36047196e-007	
3.28586762e+001	4.63042047e-006	-4.62852592e-006	1.32444456e-007	
3.29588551e+001	4.61530822e-006	-4.61348904e-006	1.29571894e-007	
3.30590340e+001	4.60019728e-006	-4.59845216e-006	1.26699332e-007	
3.31592129e+001	4.58092426e-006	-4.57927060e-006	1.23076815e-007	
3.32593918e+001	4.54437965e-006	-4.54281598e-006	1.19203069e-007	
3.33595707e+001	4.49469145e-006	-4.49321036e-006	1.15377071e-007	
3.34597496e+001	4.44500470e-006	-4.44360475e-006	1.11551072e-007	
3.35599284e+001	4.40175331e-006	-4.40042703e-006	1.08047206e-007	
3.36601073e+001	4.37286297e-006	-4.37160835e-006	1.04742395e-007	
3.37602862e+001	4.34290686e-006	-4.34172352e-006	1.01374796e-007	
3.38604651e+001	4.31295240e-006	-4.31183870e-006	9.80071963e-008	
3.39606440e+001	4.28315015e-006	-4.28209823e-006	9.49207637e-008	
3.40608229e+001	4.25358345e-006	-4.25258251e-006	9.22720630e-008	
3.41610018e+001	4.22419832e-006	-4.22324737e-006	8.96278113e-008	
3.42611807e+001	4.21206184e-006	-4.21115479e-006	8.74083994e-008	
3.43613596e+001	4.19992627e-006	-4.19906222e-006	8.51889875e-008	
3.44615385e+001	4.16599748e-006	-4.16518161e-006	8.24448041e-008	
3.45617174e+001	4.11778148e-006	-4.11701675e-006	7.93565802e-008	
3.46618962e+001	4.07207371e-006	-4.07135415e-006	7.65484119e-008	
3.47620751e+001	4.02766188e-006	-4.02698414e-006	7.38849109e-008	
3.48622540e+001	3.98296897e-006	-3.98233267e-006	7.11923374e-008	
3.49624329e+001	3.93756661e-006	-3.93697201e-006	6.84265128e-008	
3.50626118e+001	3.89254658e-006	-3.89198990e-006	6.58289359e-008	
3.51627907e+001	3.85626088e-006	-3.85573850e-006	6.34711707e-008	
3.52629696e+001	3.83724635e-006	-3.83675269e-006	6.15493279e-008	
3.53631485e+001	3.81842303e-006	-3.81795536e-006	5.97602676e-008	
3.54633274e+001	3.80071068e-006	-3.80026845e-006	5.79774681e-008	
3.55635063e+001	3.78452755e-006	-3.78411020e-006	5.62032876e-008	
3.56636852e+001	3.76834504e-006	-3.76795194e-006	5.44291071e-008	
3.57638640e+001	3.75101119e-006	-3.75064242e-006	5.25962586e-008	
3.58640429e+001	3.72200228e-006	-3.72166230e-006	5.03057641e-008	
3.59642218e+001	3.69518458e-006	-3.69487216e-006	4.80497407e-008	
3.60644007e+001	3.66836786e-006	-3.66808202e-006	4.57937173e-008	
3.61645796e+001	3.64155215e-006	-3.64129188e-006	4.35376940e-008	
3.62647585e+001	3.63210269e-006	-3.63185761e-006	4.21934151e-008	
3.63649374e+001	3.62432778e-006	-3.62409671e-006	4.09254270e-008	
3.64651163e+001	3.61655326e-006	-3.61633582e-006	3.96574390e-008	
3.65652952e+001	3.60877912e-006	-3.60857492e-006	3.83894509e-008	
3.66654741e+001	3.60100537e-006	-3.60081403e-006	3.71214629e-008	
3.67656530e+001	3.59323201e-006	-3.59305313e-006	3.58534748e-008	
3.68658318e+001	3.58527469e-006	-3.58510932e-006	3.44350446e-008	
3.69660107e+001	3.57725528e-006	-3.57710338e-006	3.29655223e-008	
3.70661896e+001	3.56923641e-006	-3.56909745e-006	3.14960000e-008	
3.71663685e+001	3.56251478e-006	-3.56238731e-006	3.01374374e-008	
3.72665474e+001	3.55585704e-006	-3.55574053e-006	2.87843010e-008	
3.73667263e+001	3.55058778e-006	-3.55048174e-006	2.74410705e-008	
3.74669052e+001	3.55960834e-006	-3.55951192e-006	2.61998180e-008	
3.75670841e+001	3.58184638e-006	-3.58176074e-006	2.47677005e-008	
3.76672630e+001	3.61310870e-006	-3.61303418e-006	2.32052758e-008	
3.77674419e+001	3.64437189e-006	-3.64430762e-006	2.16428511e-008	
3.78676208e+001	3.67275023e-006	-3.67269516e-006	2.01133887e-008	
3.79677996e+001	3.69622773e-006	-3.69618073e-006	1.86399155e-008	
3.80679785e+001	3.72668274e-006	-3.72664522e-006	1.67238048e-008	
3.81681574e+001	3.75419783e-006	-3.75416807e-006	1.49479777e-008	
3.82683363e+001	3.78171387e-006	-3.78169093e-006	1.31721506e-008	
3.83685152e+001	3.80923083e-006	-3.80921379e-006	1.13963234e-008	
3.84686941e+001	3.83674870e-006	-3.83673664e-006	9.62049633e-009	
3.85688730e+001	3.89461450e-006	-3.89460706e-006	7.61632371e-009	
3.86690519e+001	3.95707949e-006	-3.95707549e-006	5.62773741e-009	
3.87692308e+001	4.01954557e-006	-4.01954393e-006	3.63915110e-009	
3.88694097e+001	4.08201270e-006	-4.08201236e-006	1.65056480e-009	
3.89695886e+001	4.19578252e-006	-4.19578182e-006	-2.42425920e-009	
3.90697674e+001	4.32648195e-006	-4.32647598e-006	-7.18735315e-009	
3.91699463e+001	4.45214745e-006	-4.45213382e-006	-1.10195451e-008	
3.92701252e+001	4.56658273e-006	-4.56656486e-006	-1.27765989e-008	
3.93703041e+001	4.68101846e-006	-4.68099590e-006	-1.45336527e-008	
3.94704830e+001	4.79545461e-006	-4.79542694e-006	-1.62907066e-008	
3.95706619e+001	4.90989115e-006	-4.90985798e-006	-1.80477604e-008	
3.96708408e+001	5.16502574e-006	-5.16495414e-006	-2.71963214e-008	
3.97710197e+001	5.46890072e-006	-5.46881305e-006	-3.09668067e-008	
3.98711986e+001	5.68057974e-006	-5.68049698e-006	-3.06630440e-008	
3.99713775e+001	5.86460734e-006	-5.86453437e-006	-2.92547671e-008	
4.00715564e+001	6.08555264e-006	-6.08550285e-006	-2.46170124e-008	
4.01717352e+001	6.30904434e-006	-6.30903101e-006	-1.29706643e-008	
4.02719141e+001	6.03661333e-006	-6.03652009e-006	3.35518043e-008	
4.03720930e+001	5.98667366e-006	-5.98625262e-006	7.10008185e-008	
4.04722719e+001	5.22441842e-006	-5.21982426e-006	2.19049207e-007	
4.05724508e+001	4.16289244e-006	-4.15030172e-006	3.23526037e-007	
4.06726297e+001	2.97416395e-006	-2.95543627e-006	3.33238196e-007	
4.07728086e+001	2.11114864e-006	-2.09247190e-006	2.80196284e-007	
4.08729875e+001	1.61729202e-006	-1.60211218e-006	2.21065680e-007	
4.09731664e+001	1.21182218e-006	-1.19958863e-006	1.71755996e-007	
4.10733453e+001	8.84676515e-007	-8.75506808e-007	1.27044740e-007	
4.11735242e+001	7.41721792e-007	-7.34321554e-007	1.04513505e-007	
4.12737030e+001	5.96185453e-007	-5.90342332e-007	8.32647928e-008	
4.13738819e+001	5.06690614e-007	-5.02268022e-007	6.67997931e-008	
4.14740608e+001	4.05674199e-007	-4.02079118e-007	5.38882010e-008	
4.15742397e+001	3.42255128e-007	-3.39472496e-007	4.35545249e-008	
4.16744186e+001	2.78955990e-007	-2.76826667e-007	3.44011798e-008	
4.17745975e+001	2.34906084e-007	-2.33294924e-007	2.74653734e-008	
4.18747764e+001	1.96139273e-007	-1.95031742e-007	2.08142743e-008	
4.19749553e+001	1.55237483e-007	-1.54598692e-007	1.40684303e-008	
4.20751342e+001	1.21168360e-007	-1.20992512e-007	6.52561159e-009	
4.21753131e+001	7.84089101e-008	-7.83898428e-008	-1.72908613e-009	
4.22754919e+001	1.86710549e-008	-9.52952998e-009	-1.60560378e-008	
4.23756708e+001	6.97497700e-008	6.53012701e-008	-2.45107025e-008	
4.24758497e+001	1.34808003e-007	1.32501710e-007	-2.48293054e-008	
4.25760286e+001	1.77288946e-007	1.76173959e-007	-1.98521138e-008	
4.26762075e+001	1.70888646e-007	1.70497756e-007	-1.15518160e-008	
4.27763864e+001	1.40604544e-007	1.40560731e-007	-3.50979455e-009	
4.28765653e+001	5.05194009e-008	5.01225209e-008	6.32002952e-009	
4.29767442e+001	2.43921876e-008	-2.09451802e-008	1.25011295e-008	
4.30769231e+001	1.04855661e-007	-1.03189973e-007	1.86155580e-008	
4.31771020e+001	1.78286827e-007	-1.76678118e-007	2.38963431e-008	
4.32772809e+001	2.09472256e-007	-2.07853053e-007	2.59948913e-008	
4.33774597e+001	2.43331890e-007	-2.41696800e-007	2.81614188e-008	
4.34776386e+001	2.26604939e-007	-2.24743975e-007	2.89817837e-008	
4.35778175e+001	2.15870712e-007	-2.13877961e-007	2.92640059e-008	
4.36779964e+001	1.87894544e-007	-1.85762473e-007	2.82252249e-008	
4.37781753e+001	1.53337226e-007	-1.51203933e-007	2.54887330e-008	
4.38783542e+001	1.23739246e-007	-1.21773865e-007	2.19664962e-008	
4.39785331e+001	9.70020403e-008	-9.53827822e-008	1.76499484e-008	
4.40787120e+001	7.66545234e-008	-7.53402200e-008	1.41339027e-008	
4.41788909e+001	6.07983578e-008	-5.96773989e-008	1.16210312e-008	
4.42790698e+001	5.02348050e-008	-4.92987801e-008	9.65224902e-009	
4.43792487e+001	4.07486563e-008	-3.99580085e-008	7.98815045e-009	
4.44794275e+001	3.28872414e-008	-3.22359747e-008	6.51249423e-009	
4.45796064e+001	3.06878140e-008	-3.01448815e-008	5.74700315e-009	
4.46797853e+001	2.88784134e-008	-2.84370082e-008	5.02984315e-009	
4.47799642e+001	2.83313454e-008	-2.79866074e-008	4.40623886e-009	
4.48801431e+001	2.78398294e-008	-2.75494417e-008	4.01053164e-009	
4.49803220e+001	2.71493638e-008	-2.69098903e-008	3.59802134e-009	
4.50805009e+001	2.67211769e-008	-2.65090547e-008	3.36025494e-009	
4.51806798e+001	2.48110246e-008	-2.46329239e-008	2.96749061e-009	
4.52808587e+001	2.22955085e-008	-2.21134133e-008	2.84370327e-009	
4.53810376e+001	2.03711460e-008	-2.01949215e-008	2.67371197e-009	
4.54812165e+001	1.93695239e-008	-1.92238354e-008	2.37120419e-009	
4.55813953e+001	1.92951549e-008	-1.91850404e-008	2.05845325e-009	
4.56815742e+001	1.96013371e-008	-1.95208456e-008	1.77454245e-009	
4.57817531e+001	2.42019369e-008	-2.41646387e-008	1.34312564e-009	
4.58819320e+001	3.03435636e-008	-3.03354971e-008	6.99616189e-010	
4.59821109e+001	4.51197286e-008	-4.50518417e-008	-2.47415997e-009	
4.60822898e+001	3.45035376e-008	-3.34202057e-008	8.57810924e-009	
4.61824687e+001	4.16187517e-009	-1.92285397e-009	3.69104830e-009	
4.62826476e+001	5.83419740e-010	1.65431923e-010	5.59473746e-010	
4.63828265e+001	1.01736294e-009	-1.01735926e-009	-2.73547409e-012	
4.64830054e+001	6.45766918e-010	5.14878277e-010	-3.89763097e-010	
4.65831843e+001	2.10875125e-009	2.07778968e-009	-3.60030353e-010	
4.66833631e+001	1.11646635e-009	5.63313207e-010	-9.63937420e-010	
4.67835420e+001	1.43015471e-009	8.83470294e-010	-1.12464339e-009	
4.68837209e+001	1.82188561e-009	1.35633106e-009	-1.21640175e-009	
4.69838998e+001	1.73694100e-009	1.19215573e-009	-1.26322158e-009	
4.70840787e+001	3.89005734e-009	3.20794853e-009	-2.20036641e-009	
4.71842576e+001	2.60182935e-009	1.10629711e-009	-2.35491457e-009	
4.72844365e+001	4.80542851e-009	3.59809225e-009	-3.18525908e-009	
4.73846154e+001	4.20573462e-009	1.46793981e-009	-3.94123793e-009	
4.74847943e+001	7.52290463e-009	6.27256266e-009	-4.15319777e-009	
4.75849732e+001	8.12540735e-009	5.72722895e-009	-5.76377422e-009	
4.76851521e+001	9.51397242e-009	4.86369915e-009	-8.17680267e-009	
4.77853309e+001	1.83849530e-008	1.58508135e-008	-9.31440874e-009	
4.78855098e+001	2.32846977e-008	1.49278966e-008	-1.78699482e-008	
4.79856887e+001	3.52726471e-008	2.35934884e-008	-2.62203535e-008	
4.80858676e+001	1.53459683e-007	9.59830453e-008	-1.19737752e-007	
4.81860465e+001	9.10758222e-007	9.10515811e-007	-2.10118537e-008	
4.82862254e+001	9.76157863e-007	9.75329344e-007	4.02099928e-008	
4.83864043e+001	8.73220896e-007	8.73163383e-007	1.00219820e-008	
4.84865832e+001	8.24373323e-007	8.24373277e-007	-2.73919924e-010	
4.85867621e+001	8.07654562e-007	8.07648827e-007	-3.04374542e-009	
4.86869410e+001	7.78583005e-007	7.78558289e-007	-6.20371645e-009	
4.87871199e+001	7.54429583e-007	7.54403918e-007	-6.22283686e-009	
4.88872987e+001	7.44788970e-007	7.44760299e-007	-6.53494419e-009	
4.89874776e+001	7.35148568e-007	7.35116681e-007	-6.84705152e-009	
4.90876565e+001	7.26097241e-007	7.26065346e-007	-6.80566316e-009	
4.91878354e+001	7.17304713e-007	7.17274267e-007	-6.60894514e-009	
4.92880143e+001	7.08512204e-007	7.08483187e-007	-6.41222712e-009	
4.93881932e+001	6.97906793e-007	6.97879387e-007	-6.18483738e-009	
4.94883721e+001	6.77924498e-007	6.77899996e-007	-5.76368493e-009	
4.95885510e+001	6.58971584e-007	6.58949179e-007	-5.43400379e-009	
4.96887299e+001	6.40018716e-007	6.39998362e-007	-5.10432264e-009	
4.97889088e+001	6.21065898e-007	6.21047545e-007	-4.77464149e-009	
4.98890877e+001	6.01954666e-007	6.01938277e-007	-4.44185015e-009	
4.99892665e+001	5.82611846e-007	5.82597388e-007	-4.10451236e-009	
5.00894454e+001	5.68293841e-007	5.68280817e-007	-3.84744659e-009	
5.01896243e+001	5.53621721e-007	5.53609982e-007	-3.60532610e-009	
5.02898032e+001	5.38949640e-007	5.38939147e-007	-3.36320562e-009	
5.03899821e+001	5.24277602e-007	5.24268312e-007	-3.12108513e-009	
5.04901610e+001	5.09605609e-007	5.09597476e-007	-2.87896465e-009	
5.05903399e+001	4.94933666e-007	4.94926641e-007	-2.63684417e-009	
5.06905188e+001	4.80261777e-007	4.80255806e-007	-2.39472368e-009	
5.07906977e+001	4.64946052e-007	4.64941002e-007	-2.16704435e-009	
5.08908766e+001	4.48202003e-007	4.48197725e-007	-1.95830061e-009	
5.09910555e+001	4.31457996e-007	4.31454448e-007	-1.74955688e-009	
5.10912343e+001	4.14714034e-007	4.14711172e-007	-1.54081314e-009	
5.11914132e+001	4.01402445e-007	4.01400023e-007	-1.39434916e-009	
5.12915921e+001	3.88870846e-007	3.88868794e-007	-1.26325848e-009	
5.13917710e+001	3.72004045e-007	3.72002296e-007	-1.14090266e-009	
5.14919499e+001	3.55137258e-007	3.55135797e-007	-1.01854685e-009	
5.15921288e+001	3.39816116e-007	3.39814937e-007	-8.95222399e-010	
5.16923077e+001	3.24656695e-007	3.24655778e-007	-7.71796615e-010	
5.17924866e+001	3.09497298e-007	3.09496619e-007	-6.48370831e-010	
5.18926655e+001	2.96528870e-007	2.96528379e-007	-5.39722884e-010	
5.19928444e+001	2.87221615e-007	2.87221235e-007	-4.66854615e-010	
5.20930233e+001	2.78914789e-007	2.78914494e-007	-4.05493173e-010	
5.21932021e+001	2.70607972e-007	2.70607753e-007	-3.44131731e-010	
5.22933810e+001	2.59148182e-007	2.59148006e-007	-3.02126351e-010	
5.23935599e+001	2.48098970e-007	2.48098836e-007	-2.57549254e-010	
5.24937388e+001	2.37517485e-007	2.37517392e-007	-2.10061196e-010	
5.25939177e+001	2.26936006e-007	2.26935948e-007	-1.62573138e-010	
5.26940966e+001	2.16376899e-007	2.16376868e-007	-1.15380548e-010	
5.27942755e+001	2.08209136e-007	2.08209120e-007	-8.05030023e-011	
5.28944544e+001	2.00129044e-007	2.00129039e-007	-4.53033646e-011	
5.29946333e+001	1.92048957e-007	1.92048957e-007	-1.01037268e-011	
5.30948122e+001	1.83968877e-007	1.83968875e-007	2.50959110e-011	
5.31949911e+001	1.75749489e-007	1.75749480e-007	5.38640190e-011	
5.32951699e+001	1.67212695e-007	1.67212682e-007	6.79789047e-011	
5.33953488e+001	1.58675904e-007	1.58675883e-007	8.20937904e-011	
5.34955277e+001	1.50139115e-007	1.50139084e-007	9.62086761e-011	
5.35957066e+001	1.41472921e-007	1.41472874e-007	1.15233502e-010	
5.36958855e+001	1.33328297e-007	1.33328231e-007	1.32326651e-010	
5.37960644e+001	1.26239424e-007	1.26239350e-007	1.36635723e-010	
5.38962433e+001	1.18904146e-007	1.18904063e-007	1.40824214e-010	
5.39964222e+001	1.11394954e-007	1.11394859e-007	1.44927597e-010	
5.40966011e+001	1.03885763e-007	1.03885656e-007	1.49030980e-010	
5.41967800e+001	9.73147421e-008	9.73146283e-008	1.48815135e-010	
5.42969589e+001	9.12879314e-008	9.12878145e-008	1.46093806e-010	
5.43971377e+001	8.58785077e-008	8.58783841e-008	1.45675531e-010	
5.44973166e+001	8.08347459e-008	8.08346129e-008	1.46621292e-010	
5.45974955e+001	7.57909853e-008	7.57908417e-008	1.47567054e-010	
5.46976744e+001	6.98768722e-008	6.98767277e-008	1.42133313e-010	
5.47978533e+001	6.36758604e-008	6.36757182e-008	1.34596665e-010	
5.48980322e+001	5.74748491e-008	5.74747086e-008	1.27060017e-010	
5.49982111e+001	5.18642600e-008	5.18641287e-008	1.16730226e-010	
5.50983900e+001	4.66436722e-008	4.66435550e-008	1.04555433e-010	
5.51985689e+001	4.14230844e-008	4.14229813e-008	9.23806402e-011	
5.52987478e+001	3.62024965e-008	3.62024077e-008	8.02058474e-011	
5.53989267e+001	3.09819087e-008	3.09818340e-008	6.80310546e-011	
5.54991055e+001	2.56980176e-008	2.56979535e-008	5.74347340e-011	
5.55992844e+001	2.04111934e-008	2.04111395e-008	4.69131889e-011	
5.56994633e+001	1.51116823e-008	1.51116397e-008	3.58970645e-011	
5.57996422e+001	1.00952968e-008	1.00952683e-008	2.40010212e-011	
5.58998211e+001	4.78749576e-009	4.78748188e-009	1.15315061e-011	
5.60000000e+001	3.04463783e-010	3.04462532e-010	8.72977944e-013	
