% Column 0: Length, cm
% Column 1: |B.t|, Tesla
% Column 2: Re[B.t], Tesla
% Column 3: Im[B.t], Tesla
0.00000000e+000	3.78287210e-006	-3.78272751e-006	3.30745174e-008	
1.00178891e-001	3.78362415e-006	-3.78347961e-006	3.30723023e-008	
2.00357782e-001	3.78388283e-006	-3.78373826e-006	3.30762141e-008	
3.00536673e-001	3.78203483e-006	-3.78189004e-006	3.30927679e-008	
4.00715564e-001	3.78126912e-006	-3.78112417e-006	3.31075912e-008	
5.00894454e-001	3.78072840e-006	-3.78058328e-006	3.31247904e-008	
6.01073345e-001	3.77889132e-006	-3.77874588e-006	3.31542398e-008	
7.01252236e-001	3.77610238e-006	-3.77595650e-006	3.31918154e-008	
8.01431127e-001	3.77311517e-006	-3.77296883e-006	3.32314493e-008	
9.01610018e-001	3.76779910e-006	-3.76765199e-006	3.32952608e-008	
1.00178891e+000	3.76248303e-006	-3.76233514e-006	3.33590723e-008	
1.10196780e+000	3.75748363e-006	-3.75733503e-006	3.34171012e-008	
1.20214669e+000	3.75249524e-006	-3.75234596e-006	3.34714864e-008	
1.30232558e+000	3.74738334e-006	-3.74723327e-006	3.35368044e-008	
1.40250447e+000	3.74355819e-006	-3.74340738e-006	3.36021603e-008	
1.50268336e+000	3.73973305e-006	-3.73958150e-006	3.36675162e-008	
1.60286225e+000	3.73488646e-006	-3.73473407e-006	3.37379968e-008	
1.70304114e+000	3.72770959e-006	-3.72755617e-006	3.38201682e-008	
1.80322004e+000	3.72053273e-006	-3.72037826e-006	3.39023397e-008	
1.90339893e+000	3.71476067e-006	-3.71460523e-006	3.39824103e-008	
2.00357782e+000	3.70761481e-006	-3.70745816e-006	3.40826385e-008	
2.10375671e+000	3.69919481e-006	-3.69903671e-006	3.42009389e-008	
2.20393560e+000	3.69076048e-006	-3.69060092e-006	3.43178555e-008	
2.30411449e+000	3.68218183e-006	-3.68202094e-006	3.44208509e-008	
2.40429338e+000	3.67249785e-006	-3.67233556e-006	3.45243904e-008	
2.50447227e+000	3.65662244e-006	-3.65645840e-006	3.46360045e-008	
2.60465116e+000	3.64381586e-006	-3.64365003e-006	3.47637049e-008	
2.70483005e+000	3.63100930e-006	-3.63084165e-006	3.48914052e-008	
2.80500894e+000	3.61820275e-006	-3.61803328e-006	3.50191056e-008	
2.90518784e+000	3.60606441e-006	-3.60589302e-006	3.51582239e-008	
3.00536673e+000	3.59438054e-006	-3.59420715e-006	3.53051078e-008	
3.10554562e+000	3.58269669e-006	-3.58252128e-006	3.54519916e-008	
3.20572451e+000	3.57101285e-006	-3.57083541e-006	3.55988755e-008	
3.30590340e+000	3.55947644e-006	-3.55929688e-006	3.57521381e-008	
3.40608229e+000	3.54055950e-006	-3.54037714e-006	3.59339494e-008	
3.50626118e+000	3.51119012e-006	-3.51100477e-006	3.60770876e-008	
3.60644007e+000	3.48182079e-006	-3.48163239e-006	3.62202258e-008	
3.70661896e+000	3.45245153e-006	-3.45226002e-006	3.63633640e-008	
3.80679785e+000	3.42819952e-006	-3.42800465e-006	3.65526619e-008	
3.90697674e+000	3.40556511e-006	-3.40536669e-006	3.67619891e-008	
4.00715564e+000	3.37507527e-006	-3.37487327e-006	3.69251861e-008	
4.10733453e+000	3.34458549e-006	-3.34437985e-006	3.70883831e-008	
4.20751342e+000	3.31409579e-006	-3.31388642e-006	3.72515801e-008	
4.30769231e+000	3.28230941e-006	-3.28209605e-006	3.74242190e-008	
4.40787120e+000	3.24540079e-006	-3.24518258e-006	3.76341543e-008	
4.50805009e+000	3.20343990e-006	-3.20321650e-006	3.78322484e-008	
4.60822898e+000	3.15267701e-006	-3.15244787e-006	3.80097128e-008	
4.70840787e+000	3.10193807e-006	-3.10170310e-006	3.81797509e-008	
4.80858676e+000	3.05437551e-006	-3.05413570e-006	3.82743154e-008	
4.90876565e+000	3.00990769e-006	-3.00966280e-006	3.83944064e-008	
5.00894454e+000	2.96724168e-006	-2.96699168e-006	3.85164278e-008	
5.10912343e+000	2.92457582e-006	-2.92432057e-006	3.86384493e-008	
5.20930233e+000	2.87596708e-006	-2.87570474e-006	3.88449456e-008	
5.30948122e+000	2.80536734e-006	-2.80509786e-006	3.88831229e-008	
5.40966011e+000	2.73157403e-006	-2.73129726e-006	3.88839970e-008	
5.50983900e+000	2.65778112e-006	-2.65749666e-006	3.88848710e-008	
5.61001789e+000	2.58398866e-006	-2.58369605e-006	3.88857450e-008	
5.71019678e+000	2.51064042e-006	-2.51033859e-006	3.89297006e-008	
5.81037567e+000	2.39815044e-006	-2.39783679e-006	3.87853727e-008	
5.91055456e+000	2.29824894e-006	-2.29792488e-006	3.85932249e-008	
6.01073345e+000	2.20017245e-006	-2.19983742e-006	3.83941473e-008	
6.11091234e+000	2.08876097e-006	-2.08841598e-006	3.79620194e-008	
6.21109123e+000	1.97064841e-006	-1.97029323e-006	3.74127670e-008	
6.31127013e+000	1.85253730e-006	-1.85217049e-006	3.68635146e-008	
6.41144902e+000	1.73470994e-006	-1.73432970e-006	3.63189960e-008	
6.51162791e+000	1.62036370e-006	-1.61996745e-006	3.58328789e-008	
6.61180680e+000	1.50602005e-006	-1.50560520e-006	3.53467619e-008	
6.71198569e+000	1.37607424e-006	-1.37564467e-006	3.43809545e-008	
6.81216458e+000	1.23500631e-006	-1.23455554e-006	3.33645962e-008	
6.91234347e+000	1.08850320e-006	-1.08801953e-006	3.24453024e-008	
7.01252236e+000	9.42011214e-007	-9.41483530e-007	3.15260087e-008	
7.11270125e+000	7.58846926e-007	-7.58263500e-007	2.97510060e-008	
7.21288014e+000	5.79147151e-007	-5.78448739e-007	2.84337443e-008	
7.31305903e+000	3.58549698e-007	-3.57539431e-007	2.68968702e-008	
7.41323792e+000	1.35191097e-007	-1.32746118e-007	2.55949378e-008	
7.51341682e+000	1.26347921e-007	1.24814947e-007	1.96220833e-008	
7.61359571e+000	4.79450581e-007	4.78911560e-007	2.27283369e-008	
7.71377460e+000	1.06960381e-006	1.06914526e-006	3.13163978e-008	
7.81395349e+000	3.23514453e-006	3.20593145e-006	4.33778425e-007	
7.91413238e+000	1.63296975e-006	1.59068641e-006	-3.69197709e-007	
8.01431127e+000	1.02643025e-006	9.87512935e-007	-2.79959389e-007	
8.11449016e+000	7.80460394e-007	7.52461967e-007	-2.07170014e-007	
8.21466905e+000	6.21477168e-007	6.00135292e-007	-1.61466717e-007	
8.31484794e+000	5.84620481e-007	5.66140457e-007	-1.45828977e-007	
8.41502683e+000	4.50066633e-007	4.33361141e-007	-1.21482902e-007	
8.51520572e+000	4.11497004e-007	3.97307070e-007	-1.07130186e-007	
8.61538462e+000	4.04909390e-007	3.91903408e-007	-1.01800458e-007	
8.71556351e+000	3.75245672e-007	3.62384746e-007	-9.73992327e-008	
8.81574240e+000	3.77573888e-007	3.67986910e-007	-8.45439226e-008	
8.91592129e+000	3.26019958e-007	3.15374234e-007	-8.26323485e-008	
9.01610018e+000	3.07486493e-007	2.97853639e-007	-7.63619856e-008	
9.11627907e+000	3.32966714e-007	3.23842647e-007	-7.74130018e-008	
9.21645796e+000	3.13967903e-007	3.04827997e-007	-7.52046301e-008	
9.31663685e+000	3.48977602e-007	3.40332451e-007	-7.71957845e-008	
9.41681574e+000	3.78673721e-007	3.71408949e-007	-7.38185597e-008	
9.51699463e+000	3.61996343e-007	3.49966811e-007	-9.25450328e-008	
9.61717352e+000	4.00012225e-007	3.86521644e-007	-1.03008733e-007	
9.71735242e+000	4.18036661e-007	3.98934574e-007	-1.24923398e-007	
9.81753131e+000	5.70093666e-007	5.52985575e-007	-1.38613644e-007	
9.91771020e+000	9.77405376e-007	9.76335076e-007	-4.57284221e-008	
1.00178891e+001	5.97318240e-007	5.96908353e-007	-2.21245813e-008	
1.01180680e+001	5.10046488e-007	5.09305710e-007	-2.74793328e-008	
1.02182469e+001	5.15842498e-007	5.15183381e-007	-2.60684956e-008	
1.03184258e+001	5.51434348e-007	5.50845142e-007	-2.54846926e-008	
1.04186047e+001	6.04174814e-007	6.03648390e-007	-2.52156047e-008	
1.05187835e+001	6.48971765e-007	6.48490706e-007	-2.49831241e-008	
1.06189624e+001	6.89295473e-007	6.88857820e-007	-2.45591904e-008	
1.07191413e+001	7.31877342e-007	7.31479190e-007	-2.41379140e-008	
1.08193202e+001	7.69984982e-007	7.69588808e-007	-2.46969598e-008	
1.09194991e+001	8.02072896e-007	8.01621833e-007	-2.68954977e-008	
1.10196780e+001	8.57830583e-007	8.57296139e-007	-3.02760517e-008	
1.11198569e+001	9.17177100e-007	9.16546459e-007	-3.40061939e-008	
1.12200358e+001	9.88166020e-007	9.87411282e-007	-3.86140446e-008	
1.13202147e+001	1.11528464e-006	1.11443268e-006	-4.35849653e-008	
1.14203936e+001	1.22271145e-006	1.22181400e-006	-4.68385620e-008	
1.15205725e+001	1.40755083e-006	1.40664428e-006	-5.05094097e-008	
1.16207513e+001	1.61858825e-006	1.61761071e-006	-5.62451190e-008	
1.17209302e+001	1.82692728e-006	1.82588548e-006	-6.16887684e-008	
1.18211091e+001	2.05318010e-006	2.05208928e-006	-6.69188013e-008	
1.19212880e+001	2.26871101e-006	2.26761844e-006	-7.04005832e-008	
1.20214669e+001	2.48098705e-006	2.47990399e-006	-7.33001105e-008	
1.21216458e+001	2.58770996e-006	2.58693528e-006	-6.33141565e-008	
1.22218247e+001	2.65929328e-006	2.65912600e-006	-2.98268725e-008	
1.23220036e+001	2.61166876e-006	2.61166852e-006	1.12782025e-009	
1.24221825e+001	2.45865157e-006	2.45851124e-006	2.62680174e-008	
1.25223614e+001	1.98797223e-006	1.98713594e-006	5.76569459e-008	
1.26225403e+001	1.72178392e-006	1.71982174e-006	8.21769044e-008	
1.27227191e+001	1.49574621e-006	1.49222684e-006	1.02546461e-007	
1.28228980e+001	1.21297767e-006	1.20635243e-006	1.26604316e-007	
1.29230769e+001	1.26799805e-006	1.25946564e-006	1.46851475e-007	
1.30232558e+001	1.33105001e-006	1.32084761e-006	1.64486195e-007	
1.31234347e+001	2.14270998e-006	2.13529681e-006	1.78083032e-007	
1.32236136e+001	3.28981452e-006	3.28544407e-006	1.69519454e-007	
1.33237925e+001	4.73965153e-006	4.73725575e-006	1.50680256e-007	
1.34239714e+001	6.90497479e-006	6.90348576e-006	1.43391962e-007	
1.35241503e+001	8.93882586e-006	8.93882118e-006	9.14108770e-009	
1.36243292e+001	1.03514410e-005	1.03510136e-005	-9.40730408e-008	
1.37245081e+001	1.13933137e-005	1.13915245e-005	-2.01904116e-007	
1.38246869e+001	1.23923002e-005	1.23898966e-005	-2.44062047e-007	
1.39248658e+001	1.34727137e-005	1.34698915e-005	-2.75752467e-007	
1.40250447e+001	1.47398380e-005	1.47370551e-005	-2.86409258e-007	
1.41252236e+001	1.62387199e-005	1.62359594e-005	-2.99406803e-007	
1.42254025e+001	1.78609103e-005	1.78581599e-005	-3.13435514e-007	
1.43255814e+001	1.97682563e-005	1.97655239e-005	-3.28670653e-007	
1.44257603e+001	2.22011518e-005	2.21982140e-005	-3.61162135e-007	
1.45259392e+001	2.46232046e-005	2.46203118e-005	-3.77426498e-007	
1.46261181e+001	2.77698828e-005	2.77669516e-005	-4.03476245e-007	
1.47262970e+001	3.11258456e-005	3.11232584e-005	-4.01309071e-007	
1.48264758e+001	3.46899494e-005	3.46874628e-005	-4.15348121e-007	
1.49266547e+001	4.08473139e-005	4.08451255e-005	-4.22818528e-007	
1.50268336e+001	4.61571203e-005	4.61561848e-005	-2.93861140e-007	
1.51270125e+001	5.42636656e-005	5.42636348e-005	-5.77896096e-008	
1.52271914e+001	6.01500007e-005	6.01477708e-005	5.17928377e-007	
1.53273703e+001	6.66044368e-005	6.65781954e-005	1.86946593e-006	
1.54275492e+001	6.60477188e-005	6.59482519e-005	3.62342764e-006	
1.55277281e+001	5.73473200e-005	5.71580609e-005	4.65523189e-006	
1.56279070e+001	3.95020401e-005	3.92395393e-005	4.54639674e-006	
1.57280859e+001	2.27292658e-005	2.23877282e-005	3.92544901e-006	
1.58282648e+001	5.56489852e-006	4.69692962e-006	2.98445099e-006	
1.59284436e+001	9.64904950e-006	-9.34537554e-006	2.40168947e-006	
1.60286225e+001	2.25296514e-005	-2.24595476e-005	1.77592510e-006	
1.61288014e+001	2.94710166e-005	-2.94310763e-005	1.53380812e-006	
1.62289803e+001	3.80524555e-005	-3.80322593e-005	1.23960475e-006	
1.63291592e+001	4.66430244e-005	-4.66334423e-005	9.45401379e-007	
1.64293381e+001	5.23853356e-005	-5.23794021e-005	7.88431515e-007	
1.65295170e+001	5.68828642e-005	-5.68786623e-005	6.91383045e-007	
1.66296959e+001	6.13808000e-005	-6.13779225e-005	5.94334574e-007	
1.67298748e+001	6.59810311e-005	-6.59791573e-005	4.97260560e-007	
1.68300537e+001	7.09961519e-005	-7.09949549e-005	4.12271332e-007	
1.69302326e+001	7.60397495e-005	-7.60389713e-005	3.44003421e-007	
1.70304114e+001	8.10834567e-005	-8.10829878e-005	2.75735511e-007	
1.71305903e+001	8.61272542e-005	-8.61270043e-005	2.07467600e-007	
1.72307692e+001	9.09789063e-005	-9.09787987e-005	1.39937779e-007	
1.73309481e+001	9.52992801e-005	-9.52992466e-005	7.99241020e-008	
1.74311270e+001	9.97515025e-005	-9.97515008e-005	1.81912359e-008	
1.75313059e+001	1.04203764e-004	-1.04203755e-004	-4.35416303e-008	
1.76314848e+001	1.08656060e-004	-1.08656009e-004	-1.05274496e-007	
1.77316637e+001	1.13108387e-004	-1.13108263e-004	-1.67007363e-007	
1.78318426e+001	1.17560740e-004	-1.17560518e-004	-2.28740229e-007	
1.79320215e+001	1.22013118e-004	-1.22012772e-004	-2.90473095e-007	
1.80322004e+001	1.27982410e-004	-1.27981866e-004	-3.73214168e-007	
1.81323792e+001	1.35005447e-004	-1.35004658e-004	-4.61585953e-007	
1.82325581e+001	1.42099493e-004	-1.42098440e-004	-5.46953652e-007	
1.83327370e+001	1.49193562e-004	-1.49192222e-004	-6.32321352e-007	
1.84329159e+001	1.57286501e-004	-1.57284758e-004	-7.40469945e-007	
1.85330948e+001	1.67011656e-004	-1.67009306e-004	-8.85843625e-007	
1.86332737e+001	1.76736863e-004	-1.76733855e-004	-1.03121730e-006	
1.87334526e+001	1.86328250e-004	-1.86324537e-004	-1.17639509e-006	
1.88336315e+001	1.96218480e-004	-1.96213632e-004	-1.37929614e-006	
1.89338104e+001	2.08520824e-004	-2.08514957e-004	-1.56424078e-006	
1.90339893e+001	2.20838716e-004	-2.20831798e-004	-1.74801906e-006	
1.91341682e+001	2.33156643e-004	-2.33148640e-004	-1.93179734e-006	
1.92343470e+001	2.45699016e-004	-2.45689207e-004	-2.19544262e-006	
1.93345259e+001	2.62519945e-004	-2.62507343e-004	-2.57222154e-006	
1.94347048e+001	2.79946400e-004	-2.79933326e-004	-2.70554938e-006	
1.95348837e+001	2.94545350e-004	-2.94532832e-004	-2.71557232e-006	
1.96350626e+001	3.09144353e-004	-3.09132338e-004	-2.72559526e-006	
1.97352415e+001	3.23743402e-004	-3.23731844e-004	-2.73561820e-006	
1.98354204e+001	3.38342491e-004	-3.38331350e-004	-2.74564115e-006	
1.99355993e+001	3.57404333e-004	-3.57394595e-004	-2.63827601e-006	
2.00357782e+001	3.77015181e-004	-3.77010420e-004	-1.89456012e-006	
2.01359571e+001	3.96490909e-004	-3.96489475e-004	-1.06659626e-006	
2.02361360e+001	4.13418776e-004	-4.13418475e-004	-4.98729318e-007	
2.03363148e+001	4.28892460e-004	-4.28892452e-004	-7.92699308e-008	
2.04364937e+001	4.44366559e-004	-4.44366429e-004	3.40189456e-007	
2.05366726e+001	4.58393918e-004	-4.58392410e-004	1.17584750e-006	
2.06368515e+001	4.71537297e-004	-4.71531851e-004	2.26632446e-006	
2.07370304e+001	4.84026965e-004	-4.84015978e-004	3.26129656e-006	
2.08372093e+001	4.92929551e-004	-4.92914527e-004	3.84851808e-006	
2.09373882e+001	5.01941845e-004	-5.01920739e-004	4.60303732e-006	
2.10375671e+001	5.10955039e-004	-5.10926950e-004	5.35755657e-006	
2.11377460e+001	5.17470388e-004	-5.17437812e-004	5.80632864e-006	
2.12379249e+001	5.23867435e-004	-5.23829594e-004	6.29650451e-006	
2.13381038e+001	5.30264808e-004	-5.30221376e-004	6.78668039e-006	
2.14382826e+001	5.31884582e-004	-5.31839638e-004	6.91435468e-006	
2.15384615e+001	5.31793062e-004	-5.31748138e-004	6.91218943e-006	
2.16386404e+001	5.31618341e-004	-5.31573358e-004	6.91560929e-006	
2.17388193e+001	5.31328793e-004	-5.31283915e-004	6.90562692e-006	
2.18389982e+001	5.27641116e-004	-5.27600100e-004	6.57885778e-006	
2.19391771e+001	5.22319453e-004	-5.22283087e-004	6.16344426e-006	
2.20393560e+001	5.18030803e-004	-5.17998008e-004	5.82888420e-006	
2.21395349e+001	5.14406760e-004	-5.14376859e-004	5.54634382e-006	
2.22397138e+001	5.10961237e-004	-5.10933961e-004	5.27951465e-006	
2.23398927e+001	5.01158051e-004	-5.01137631e-004	4.52404267e-006	
2.24400716e+001	4.89205316e-004	-4.89192055e-004	3.60206621e-006	
2.25402504e+001	4.77254005e-004	-4.77246479e-004	2.68008975e-006	
2.26404293e+001	4.63670367e-004	-4.63666087e-004	1.99219315e-006	
2.27406082e+001	4.47297105e-004	-4.47295629e-004	1.14918837e-006	
2.28407871e+001	4.30318670e-004	-4.30318616e-004	2.14621665e-007	
2.29409660e+001	4.13342231e-004	-4.13341604e-004	-7.19945035e-007	
2.30411449e+001	3.96420666e-004	-3.96417229e-004	-1.65078876e-006	
2.31413238e+001	3.83883113e-004	-3.83876770e-004	-2.20680113e-006	
2.32415027e+001	3.64141746e-004	-3.64133563e-004	-2.44122088e-006	
2.33416816e+001	3.44400749e-004	-3.44390356e-004	-2.67564062e-006	
2.34418605e+001	3.24660191e-004	-3.24647149e-004	-2.91006037e-006	
2.35420394e+001	3.07130308e-004	-3.07114931e-004	-3.07328404e-006	
2.36422182e+001	2.91855999e-004	-2.91841595e-004	-2.89955493e-006	
2.37423971e+001	2.75943280e-004	-2.75930415e-004	-2.66448776e-006	
2.38425760e+001	2.60030585e-004	-2.60019236e-004	-2.42942059e-006	
2.39427549e+001	2.44117919e-004	-2.44108057e-004	-2.19435342e-006	
2.40429338e+001	2.30822733e-004	-2.30813859e-004	-2.02407066e-006	
2.41431127e+001	2.19436633e-004	-2.19428398e-004	-1.90103943e-006	
2.42432916e+001	2.05976802e-004	-2.05970081e-004	-1.66402709e-006	
2.43434705e+001	1.91996630e-004	-1.91991537e-004	-1.39840881e-006	
2.44436494e+001	1.81220106e-004	-1.81216246e-004	-1.18288342e-006	
2.45438283e+001	1.71833021e-004	-1.71830020e-004	-1.01567930e-006	
2.46440072e+001	1.61237371e-004	-1.61235032e-004	-8.68579694e-007	
2.47441860e+001	1.50641772e-004	-1.50640044e-004	-7.21480086e-007	
2.48443649e+001	1.41040683e-004	-1.41039458e-004	-5.87981307e-007	
2.49445438e+001	1.35332152e-004	-1.35331191e-004	-5.10037868e-007	
2.50447227e+001	1.29623644e-004	-1.29622924e-004	-4.32094429e-007	
2.51449016e+001	1.23915163e-004	-1.23914657e-004	-3.54150989e-007	
2.52450805e+001	1.18206712e-004	-1.18206390e-004	-2.76207550e-007	
2.53452594e+001	1.13221593e-004	-1.13221370e-004	-2.24451302e-007	
2.54454383e+001	1.08440368e-004	-1.08440218e-004	-1.80076618e-007	
2.55456172e+001	1.03659155e-004	-1.03659066e-004	-1.35701934e-007	
2.56457961e+001	9.88779560e-005	-9.88779138e-005	-9.13272494e-008	
2.57459750e+001	9.41118558e-005	-9.41118439e-005	-4.72613860e-008	
2.58461538e+001	8.93594157e-005	-8.93594156e-005	-3.47484405e-009	
2.59463327e+001	8.46069970e-005	-8.46069874e-005	4.03116979e-008	
2.60465116e+001	7.91579346e-005	-7.91578876e-005	8.61937030e-008	
2.61466905e+001	7.40024078e-005	-7.40022924e-005	1.30700147e-007	
2.62468694e+001	6.88736917e-005	-6.88734655e-005	1.76548628e-007	
2.63470483e+001	6.37450265e-005	-6.37446385e-005	2.22397108e-007	
2.64472272e+001	5.86164254e-005	-5.86158116e-005	2.68245589e-007	
2.65474061e+001	5.34879068e-005	-5.34869846e-005	3.14094070e-007	
2.66475850e+001	4.83594972e-005	-4.83581577e-005	3.59942551e-007	
2.67477639e+001	4.32312352e-005	-4.32293307e-005	4.05791031e-007	
2.68479428e+001	3.83080140e-005	-3.83053943e-005	4.48001546e-007	
2.69481216e+001	3.31981252e-005	-3.31943723e-005	4.99167718e-007	
2.70483005e+001	2.78815143e-005	-2.78759225e-005	5.58378490e-007	
2.71484794e+001	2.25659254e-005	-2.25574727e-005	6.17589262e-007	
2.72486583e+001	1.72523033e-005	-1.72390229e-005	6.76800033e-007	
2.73488372e+001	1.22862647e-005	-1.22646220e-005	7.28935901e-007	
2.74490161e+001	7.78174079e-006	-7.74337696e-006	7.71753227e-007	
2.75491950e+001	2.87373389e-006	-2.75249101e-006	8.25917470e-007	
2.76493739e+001	2.44743084e-006	2.28456684e-006	8.77879308e-007	
2.77495528e+001	5.47090911e-006	5.39783978e-006	8.91163410e-007	
2.78497317e+001	8.51770597e-006	8.46961933e-006	9.03804938e-007	
2.79499106e+001	1.09847414e-005	1.09481570e-005	8.95769680e-007	
2.80500894e+001	1.20075054e-005	1.19774986e-005	8.48358494e-007	
2.81502683e+001	1.24270944e-005	1.24004121e-005	8.13912798e-007	
2.82504472e+001	1.28469938e-005	1.28233256e-005	7.79467102e-007	
2.83506261e+001	1.24968841e-005	1.24756835e-005	7.27620322e-007	
2.84508050e+001	9.81397019e-006	9.79417153e-006	6.23068886e-007	
2.85509839e+001	7.25521614e-006	7.23257924e-006	5.72676817e-007	
2.86511628e+001	4.70051218e-006	4.67138579e-006	5.22464881e-007	
2.87513417e+001	2.55116568e-006	2.50657124e-006	4.74917818e-007	
2.88515206e+001	1.19139142e-006	1.10782320e-006	4.38339207e-007	
2.89516995e+001	5.36223913e-007	-3.34031838e-007	4.19474453e-007	
2.90518784e+001	2.01404713e-006	-1.97410495e-006	3.99118366e-007	
2.91520572e+001	3.63397083e-006	-3.61417807e-006	3.78762280e-007	
2.92522361e+001	5.26646091e-006	-5.25425119e-006	3.58406193e-007	
2.93524150e+001	6.90260715e-006	-6.89432430e-006	3.38050106e-007	
2.94525939e+001	7.47244641e-006	-7.46534884e-006	3.25610197e-007	
2.95527728e+001	8.00102015e-006	-7.99487681e-006	3.13477565e-007	
2.96529517e+001	8.52972952e-006	-8.52440479e-006	3.01344932e-007	
2.97531306e+001	9.08451689e-006	-9.07990679e-006	2.89378412e-007	
2.98533095e+001	9.93857172e-006	-9.93464569e-006	2.79325605e-007	
2.99534884e+001	1.07927442e-005	-1.07893846e-005	2.69272798e-007	
3.00536673e+001	1.16470085e-005	-1.16441235e-005	2.59219991e-007	
3.01538462e+001	1.20867666e-005	-1.20841867e-005	2.49719961e-007	
3.02540250e+001	1.23356004e-005	-1.23332563e-005	2.40474532e-007	
3.03542039e+001	1.25844503e-005	-1.25823258e-005	2.31229103e-007	
3.04543828e+001	1.28200596e-005	-1.28181302e-005	2.22412036e-007	
3.05545617e+001	1.29375556e-005	-1.29357287e-005	2.17412088e-007	
3.06547406e+001	1.30550554e-005	-1.30533272e-005	2.12412140e-007	
3.07549195e+001	1.31725588e-005	-1.31709257e-005	2.07412191e-007	
3.08550984e+001	1.32708068e-005	-1.32692696e-005	2.01980898e-007	
3.09552773e+001	1.33125800e-005	-1.33111476e-005	1.95284647e-007	
3.10554562e+001	1.33429497e-005	-1.33416081e-005	1.89209136e-007	
3.11556351e+001	1.33702601e-005	-1.33690036e-005	1.83300262e-007	
3.12558140e+001	1.33331948e-005	-1.33320058e-005	1.78053657e-007	
3.13559928e+001	1.32676921e-005	-1.32665628e-005	1.73099604e-007	
3.14561717e+001	1.32021907e-005	-1.32011199e-005	1.68145550e-007	
3.15563506e+001	1.31446964e-005	-1.31436827e-005	1.63246525e-007	
3.16565295e+001	1.30885777e-005	-1.30876169e-005	1.58587727e-007	
3.17567084e+001	1.29851477e-005	-1.29842218e-005	1.55060549e-007	
3.18568873e+001	1.28776668e-005	-1.28767721e-005	1.51803210e-007	
3.19570662e+001	1.27701863e-005	-1.27693223e-005	1.48545871e-007	
3.20572451e+001	1.26653244e-005	-1.26644928e-005	1.45131501e-007	
3.21574240e+001	1.25613152e-005	-1.25605163e-005	1.41666020e-007	
3.22576029e+001	1.24504452e-005	-1.24496751e-005	1.38475617e-007	
3.23577818e+001	1.23181781e-005	-1.23174347e-005	1.35327164e-007	
3.24579606e+001	1.21782647e-005	-1.21775526e-005	1.31689052e-007	
3.25581395e+001	1.20383516e-005	-1.20376706e-005	1.28050940e-007	
3.26583184e+001	1.18984389e-005	-1.18977885e-005	1.24412829e-007	
3.27584973e+001	1.17568322e-005	-1.17562048e-005	1.21454116e-007	
3.28586762e+001	1.16150970e-005	-1.16144914e-005	1.18613029e-007	
3.29588551e+001	1.14740775e-005	-1.14734947e-005	1.15648223e-007	
3.30590340e+001	1.13330583e-005	-1.13324981e-005	1.12683417e-007	
3.31592129e+001	1.11871797e-005	-1.11866395e-005	1.09946640e-007	
3.32593918e+001	1.10419175e-005	-1.10413942e-005	1.07508101e-007	
3.33595707e+001	1.08988600e-005	-1.08983519e-005	1.05242401e-007	
3.34597496e+001	1.07558025e-005	-1.07553096e-005	1.02976701e-007	
3.35599284e+001	1.06174061e-005	-1.06169280e-005	1.00755777e-007	
3.36601073e+001	1.04673771e-005	-1.04669133e-005	9.85317901e-008	
3.37602862e+001	1.03167295e-005	-1.03162800e-005	9.63031998e-008	
3.38604651e+001	1.01660819e-005	-1.01656466e-005	9.40746096e-008	
3.39606440e+001	1.00191363e-005	-1.00187137e-005	9.20177739e-008	
3.40608229e+001	9.87795417e-006	-9.87754208e-006	9.02283328e-008	
3.41610018e+001	9.73686504e-006	-9.73646339e-006	8.84396865e-008	
3.42611807e+001	9.60465491e-006	-9.60426335e-006	8.67269338e-008	
3.43613596e+001	9.47244481e-006	-9.47206331e-006	8.50141811e-008	
3.44615385e+001	9.34446966e-006	-9.34409602e-006	8.35627692e-008	
3.45617174e+001	9.21927093e-006	-9.21890373e-006	8.22826924e-008	
3.46618962e+001	9.08200717e-006	-9.08164834e-006	8.07326314e-008	
3.47620751e+001	8.93851105e-006	-8.93816156e-006	7.90431056e-008	
3.48622540e+001	8.79796034e-006	-8.79761929e-006	7.74653590e-008	
3.49624329e+001	8.66483085e-006	-8.66449605e-006	7.61692516e-008	
3.50626118e+001	8.53808910e-006	-8.53776107e-006	7.48431443e-008	
3.51627907e+001	8.41228308e-006	-8.41196136e-006	7.35711711e-008	
3.52629696e+001	8.28644555e-006	-8.28612912e-006	7.24157810e-008	
3.53631485e+001	8.16075766e-006	-8.16044653e-006	7.12599963e-008	
3.54633274e+001	8.03310429e-006	-8.03279838e-006	7.01051381e-008	
3.55635063e+001	7.90274514e-006	-7.90244434e-006	6.89515555e-008	
3.56636852e+001	7.77238600e-006	-7.77209029e-006	6.77979728e-008	
3.57638640e+001	7.64145444e-006	-7.64116397e-006	6.66262120e-008	
3.58640429e+001	7.51451777e-006	-7.51422993e-006	6.57718627e-008	
3.59642218e+001	7.38666413e-006	-7.38637896e-006	6.49067074e-008	
3.60644007e+001	7.25881050e-006	-7.25852798e-006	6.40415522e-008	
3.61645796e+001	7.13095687e-006	-7.13067701e-006	6.31763969e-008	
3.62647585e+001	7.01703318e-006	-7.01675494e-006	6.24885358e-008	
3.63649374e+001	6.90403667e-006	-6.90375993e-006	6.18150824e-008	
3.64651163e+001	6.79104017e-006	-6.79076493e-006	6.11416290e-008	
3.65652952e+001	6.67804369e-006	-6.67776993e-006	6.04681756e-008	
3.66654741e+001	6.56504723e-006	-6.56477492e-006	5.97947222e-008	
3.67656530e+001	6.45205079e-006	-6.45177992e-006	5.91212688e-008	
3.68658318e+001	6.34270789e-006	-6.34243770e-006	5.85440530e-008	
3.69660107e+001	6.23460581e-006	-6.23433602e-006	5.79995207e-008	
3.70661896e+001	6.12650376e-006	-6.12623434e-006	5.74549884e-008	
3.71663685e+001	6.01158941e-006	-6.01132089e-006	5.68188868e-008	
3.72665474e+001	5.89634194e-006	-5.89607431e-006	5.61783073e-008	
3.73667263e+001	5.78213899e-006	-5.78187210e-006	5.55554087e-008	
3.74669052e+001	5.67868878e-006	-5.67842132e-006	5.51145323e-008	
3.75670841e+001	5.56481310e-006	-5.56454393e-006	5.47336989e-008	
3.76672630e+001	5.44381984e-006	-5.44354809e-006	5.43938581e-008	
3.77674419e+001	5.32282672e-006	-5.32255225e-006	5.40540172e-008	
3.78676208e+001	5.20506510e-006	-5.20478834e-006	5.36757136e-008	
3.79677996e+001	5.09279234e-006	-5.09251413e-006	5.32320777e-008	
3.80679785e+001	4.99439515e-006	-4.99411514e-006	5.28861843e-008	
3.81681574e+001	4.87976544e-006	-4.87948004e-006	5.27758261e-008	
3.82683363e+001	4.76513599e-006	-4.76484495e-006	5.26654678e-008	
3.83685152e+001	4.65050682e-006	-4.65020985e-006	5.25551095e-008	
3.84686941e+001	4.53587796e-006	-4.53557476e-006	5.24447513e-008	
3.85688730e+001	4.41002421e-006	-4.40970946e-006	5.26884491e-008	
3.86690519e+001	4.28053493e-006	-4.28020655e-006	5.30209865e-008	
3.87692308e+001	4.15104653e-006	-4.15070364e-006	5.33535240e-008	
3.88694097e+001	4.02155909e-006	-4.02120073e-006	5.36860614e-008	
3.89695886e+001	3.89987136e-006	-3.89949119e-006	5.44528224e-008	
3.90697674e+001	3.78075813e-006	-3.78035276e-006	5.53628379e-008	
3.91699463e+001	3.62858652e-006	-3.62813799e-006	5.70515093e-008	
3.92701252e+001	3.40272794e-006	-3.40219049e-006	6.04759366e-008	
3.93703041e+001	3.17688570e-006	-3.17624299e-006	6.39003639e-008	
3.94704830e+001	2.95106355e-006	-2.95029549e-006	6.73247912e-008	
3.95706619e+001	2.72526648e-006	-2.72434798e-006	7.07492185e-008	
3.96708408e+001	2.53247427e-006	-2.53135502e-006	7.52840409e-008	
3.97710197e+001	2.14916407e-006	-2.14738094e-006	8.75288895e-008	
3.98711986e+001	1.81954404e-006	-1.81702642e-006	9.56842951e-008	
3.99713775e+001	1.50906532e-006	-1.50557938e-006	1.02512848e-007	
4.00715564e+001	1.04167751e-006	-1.03494384e-006	1.18250988e-007	
4.01717352e+001	3.98985894e-007	-3.72309574e-007	1.43441014e-007	
4.02719141e+001	2.82941904e-007	2.39372342e-007	1.50854244e-007	
4.03720930e+001	1.11364837e-006	1.09882432e-006	1.81101683e-007	
4.04722719e+001	2.13333760e-006	2.12485109e-006	1.90097803e-007	
4.05724508e+001	2.48224855e-006	2.47935330e-006	1.19854414e-007	
4.06726297e+001	2.45796079e-006	2.45768462e-006	3.68450982e-008	
4.07728086e+001	2.28267471e-006	2.28265250e-006	-1.00677531e-008	
4.08729875e+001	1.95996544e-006	1.95973821e-006	-2.98437416e-008	
4.09731664e+001	1.71273839e-006	1.71230603e-006	-3.84819560e-008	
4.10733453e+001	1.49073512e-006	1.49019262e-006	-4.02137188e-008	
4.11735242e+001	1.31391190e-006	1.31337326e-006	-3.76186621e-008	
4.12737030e+001	1.15204836e-006	1.15150493e-006	-3.53810468e-008	
4.13738819e+001	1.00780938e-006	1.00730694e-006	-3.18194166e-008	
4.14740608e+001	8.90205574e-007	8.89738262e-007	-2.88407507e-008	
4.15742397e+001	7.92890333e-007	7.92450519e-007	-2.64055709e-008	
4.16744186e+001	7.13901469e-007	7.13485752e-007	-2.43595873e-008	
4.17745975e+001	6.57330245e-007	6.56913716e-007	-2.33970287e-008	
4.18747764e+001	6.04515972e-007	6.04089547e-007	-2.27019677e-008	
4.19749553e+001	5.56880315e-007	5.56455503e-007	-2.17476119e-008	
4.20751342e+001	5.07137841e-007	5.06716258e-007	-2.06742433e-008	
4.21753131e+001	4.61695177e-007	4.61321881e-007	-1.85622827e-008	
4.22754919e+001	4.25328986e-007	4.25045835e-007	-1.55172385e-008	
4.23756708e+001	3.77887745e-007	3.77811854e-007	-7.57301431e-009	
4.24758497e+001	3.11814901e-007	3.11813353e-007	9.82270006e-010	
4.25760286e+001	2.18349542e-007	2.18147245e-007	9.39691005e-009	
4.26762075e+001	1.27049196e-007	1.26261291e-007	1.41274444e-008	
4.27763864e+001	4.57365115e-008	4.24328738e-008	1.70669185e-008	
4.28765653e+001	2.92906632e-008	-2.40887631e-008	1.66635663e-008	
4.29767442e+001	5.99679396e-008	-5.78130170e-008	1.59313794e-008	
4.30769231e+001	6.59814314e-008	-6.43266522e-008	1.46843832e-008	
4.31771020e+001	6.22683997e-008	-6.08637185e-008	1.31514777e-008	
4.32772809e+001	2.83465854e-008	-2.62497206e-008	1.06995826e-008	
4.33774597e+001	1.45865866e-008	1.21235440e-008	8.11099185e-009	
4.34776386e+001	5.46893991e-008	5.44526840e-008	5.08287129e-009	
4.35778175e+001	7.59630758e-008	7.59135690e-008	2.74206659e-009	
4.36779964e+001	9.44526768e-008	9.44526481e-008	-7.35990258e-011	
4.37781753e+001	1.05470427e-007	1.05436287e-007	-2.68334466e-009	
4.38783542e+001	1.06142727e-007	1.06062085e-007	-4.13676184e-009	
4.39785331e+001	1.00529957e-007	1.00415370e-007	-4.79850456e-009	
4.40787120e+001	9.41202454e-008	9.39823230e-008	-5.09348163e-009	
4.41788909e+001	8.67134731e-008	8.65722765e-008	-4.94644946e-009	
4.42790698e+001	7.65996180e-008	7.64702565e-008	-4.44987061e-009	
4.43792487e+001	6.97216233e-008	6.95988850e-008	-4.13521091e-009	
4.44794275e+001	6.14319129e-008	6.13150278e-008	-3.78778146e-009	
4.45796064e+001	5.57265653e-008	5.56195470e-008	-3.45196715e-009	
4.46797853e+001	5.01970863e-008	5.01002209e-008	-3.11694332e-009	
4.47799642e+001	4.43295528e-008	4.42460451e-008	-2.71969571e-009	
4.48801431e+001	4.17599502e-008	4.16860610e-008	-2.48309465e-009	
4.49803220e+001	3.90501201e-008	3.89852644e-008	-2.24967589e-009	
4.50805009e+001	3.79344417e-008	3.78798545e-008	-2.03432836e-009	
4.51806798e+001	3.70306623e-008	3.69788466e-008	-1.95827866e-009	
4.52808587e+001	3.62976643e-008	3.62446698e-008	-1.96069968e-009	
4.53810376e+001	3.52983554e-008	3.52428856e-008	-1.97810679e-009	
4.54812165e+001	3.38113644e-008	3.37523639e-008	-1.99657057e-009	
4.55813953e+001	3.26625947e-008	3.26005330e-008	-2.01254578e-009	
4.56815742e+001	3.12663622e-008	3.12007062e-008	-2.02517603e-009	
4.57817531e+001	3.02959161e-008	3.02212312e-008	-2.12596317e-009	
4.58819320e+001	3.14192144e-008	3.13337884e-008	-2.31532616e-009	
4.59821109e+001	3.80718983e-008	3.79973349e-008	-2.38159200e-009	
4.60822898e+001	6.47982130e-008	6.46481120e-008	-4.40794989e-009	
4.61824687e+001	3.83391078e-008	3.70860756e-008	-9.72163459e-009	
4.62826476e+001	3.39432602e-008	3.26757631e-008	-9.18909241e-009	
4.63828265e+001	3.54507735e-008	3.42102285e-008	-9.29610714e-009	
4.64830054e+001	3.58854111e-008	3.45318280e-008	-9.76296993e-009	
4.65831843e+001	3.71296340e-008	3.58833915e-008	-9.53896903e-009	
4.66833631e+001	4.23106031e-008	4.09941731e-008	-1.04721014e-008	
4.67835420e+001	4.02683043e-008	3.87965446e-008	-1.07872358e-008	
4.68837209e+001	4.59801594e-008	4.43794715e-008	-1.20265357e-008	
4.69838998e+001	5.40058275e-008	5.22393211e-008	-1.36997347e-008	
4.70840787e+001	5.98211916e-008	5.78062114e-008	-1.53953527e-008	
4.71842576e+001	6.09149079e-008	5.83464498e-008	-1.75019371e-008	
4.72844365e+001	7.55518983e-008	7.33447766e-008	-1.81282401e-008	
4.73846154e+001	7.47542278e-008	7.22352861e-008	-1.92420896e-008	
4.74847943e+001	9.19366902e-008	8.88775123e-008	-2.35189882e-008	
4.75849732e+001	1.15601733e-007	1.12707392e-007	-2.57061168e-008	
4.76851521e+001	1.38167226e-007	1.34673618e-007	-3.08739174e-008	
4.77853309e+001	1.57787835e-007	1.52942661e-007	-3.88013342e-008	
4.78855098e+001	1.91991942e-007	1.86294194e-007	-4.64260624e-008	
4.79856887e+001	2.22678781e-007	2.13930509e-007	-6.18027233e-008	
4.80858676e+001	4.07741850e-007	3.97598195e-007	-9.03830304e-008	
4.81860465e+001	8.17291762e-007	8.09654965e-007	1.11465969e-007	
4.82862254e+001	2.62198556e-007	2.62103985e-007	7.04158302e-009	
4.83864043e+001	1.32156828e-007	1.31930483e-007	7.73141848e-009	
4.84865832e+001	3.62633773e-008	3.56667421e-008	6.55103395e-009	
4.85867621e+001	3.64840964e-008	-3.59444063e-008	6.25211505e-009	
4.86869410e+001	9.73163754e-008	-9.70534249e-008	7.14910062e-009	
4.87871199e+001	1.42752584e-007	-1.42539338e-007	7.79983481e-009	
4.88872987e+001	1.88036738e-007	-1.87868717e-007	7.94732433e-009	
4.89874776e+001	2.33338548e-007	-2.33198096e-007	8.09481385e-009	
4.90876565e+001	2.71949969e-007	-2.71823371e-007	8.29700872e-009	
4.91878354e+001	3.07620894e-007	-3.07502795e-007	8.52324168e-009	
4.92880143e+001	3.43293735e-007	-3.43182219e-007	8.74947464e-009	
4.93881932e+001	3.81509865e-007	-3.81402447e-007	9.05266902e-009	
4.94883721e+001	4.14476293e-007	-4.14373512e-007	9.22986366e-009	
4.95885510e+001	4.43552366e-007	-4.43454014e-007	9.34014055e-009	
4.96887299e+001	4.72629009e-007	-4.72534517e-007	9.45041745e-009	
4.97889088e+001	5.01706124e-007	-5.01615020e-007	9.56069435e-009	
4.98890877e+001	5.31455988e-007	-5.31367874e-007	9.67726250e-009	
4.99892665e+001	5.62189044e-007	-5.62103569e-007	9.80302719e-009	
5.00894454e+001	5.86170538e-007	-5.86087342e-007	9.87556570e-009	
5.01896243e+001	6.07920495e-007	-6.07839489e-007	9.92391429e-009	
5.02898032e+001	6.29670608e-007	-6.29591636e-007	9.97226287e-009	
5.03899821e+001	6.51420859e-007	-6.51343783e-007	1.00206115e-008	
5.04901610e+001	6.73171237e-007	-6.73095930e-007	1.00689600e-008	
5.05903399e+001	6.94921729e-007	-6.94848076e-007	1.01173086e-008	
5.06905188e+001	7.16672324e-007	-7.16600223e-007	1.01656572e-008	
5.07906977e+001	7.36893115e-007	-7.36822606e-007	1.01936399e-008	
5.08908766e+001	7.54702815e-007	-7.54634087e-007	1.01850035e-008	
5.09910555e+001	7.72512597e-007	-7.72445567e-007	1.01763671e-008	
5.10912343e+001	7.90322456e-007	-7.90257047e-007	1.01677307e-008	
5.11914132e+001	8.04673838e-007	-8.04609702e-007	1.01593961e-008	
5.12915921e+001	8.18147488e-007	-8.18084515e-007	1.01507796e-008	
5.13917710e+001	8.29413665e-007	-8.29351964e-007	1.01166843e-008	
5.14919499e+001	8.40679878e-007	-8.40619413e-007	1.00825891e-008	
5.15921288e+001	8.52731825e-007	-8.52672351e-007	1.00711155e-008	
5.16923077e+001	8.64865999e-007	-8.64807465e-007	1.00620085e-008	
5.17924866e+001	8.77000198e-007	-8.76942579e-007	1.00529016e-008	
5.18926655e+001	8.88063211e-007	-8.88006585e-007	1.00286125e-008	
5.19928444e+001	8.97601924e-007	-8.97546172e-007	1.00041785e-008	
5.20930233e+001	9.06765595e-007	-9.06710632e-007	9.98364145e-009	
5.21932021e+001	9.15929281e-007	-9.15875092e-007	9.96310442e-009	
5.22933810e+001	9.21755175e-007	-9.21701706e-007	9.92807971e-009	
5.23935599e+001	9.28205262e-007	-9.28152467e-007	9.89984504e-009	
5.24937388e+001	9.35297183e-007	-9.35245024e-007	9.87755426e-009	
5.25939177e+001	9.42389114e-007	-9.42337581e-007	9.85526348e-009	
5.26940966e+001	9.49464419e-007	-9.49413502e-007	9.83285573e-009	
5.27942755e+001	9.54972532e-007	-9.54922124e-007	9.81194154e-009	
5.28944544e+001	9.60431690e-007	-9.60381775e-007	9.79164390e-009	
5.29946333e+001	9.65890853e-007	-9.65841426e-007	9.77134626e-009	
5.30948122e+001	9.71350022e-007	-9.71301078e-007	9.75104861e-009	
5.31949911e+001	9.76432986e-007	-9.76384513e-007	9.72933122e-009	
5.32951699e+001	9.80658817e-007	-9.80610800e-007	9.70437914e-009	
5.33953488e+001	9.84884653e-007	-9.84837087e-007	9.67942707e-009	
5.34955277e+001	9.89110493e-007	-9.89063374e-007	9.65447500e-009	
5.35957066e+001	9.93886461e-007	-9.93839769e-007	9.63386128e-009	
5.36958855e+001	9.98281745e-007	-9.98235399e-007	9.61934593e-009	
5.37960644e+001	1.00099380e-006	-1.00094771e-006	9.60545529e-009	
5.38962433e+001	1.00378003e-006	-1.00373422e-006	9.58987649e-009	
5.39964222e+001	1.00661862e-006	-1.00657310e-006	9.57310619e-009	
5.40966011e+001	1.00945721e-006	-1.00941198e-006	9.55633588e-009	
5.41967800e+001	1.01192858e-006	-1.01188360e-006	9.54100002e-009	
5.42969589e+001	1.01418694e-006	-1.01414220e-006	9.52649624e-009	
5.43971377e+001	1.01638936e-006	-1.01634483e-006	9.51456664e-009	
5.44973166e+001	1.01855866e-006	-1.01851431e-006	9.50416164e-009	
5.45974955e+001	1.02072795e-006	-1.02068380e-006	9.49375664e-009	
5.46976744e+001	1.02231577e-006	-1.02227179e-006	9.48309256e-009	
5.47978533e+001	1.02371192e-006	-1.02366810e-006	9.47234308e-009	
5.48980322e+001	1.02510808e-006	-1.02506441e-006	9.46159361e-009	
5.49982111e+001	1.02607373e-006	-1.02603018e-006	9.45344212e-009	
5.50983900e+001	1.02675503e-006	-1.02671156e-006	9.44700672e-009	
5.51985689e+001	1.02743632e-006	-1.02739295e-006	9.44057132e-009	
5.52987478e+001	1.02811761e-006	-1.02807433e-006	9.43413592e-009	
5.53989267e+001	1.02879891e-006	-1.02875571e-006	9.42770052e-009	
5.54991055e+001	1.02998077e-006	-1.02993767e-006	9.42286632e-009	
5.55992844e+001	1.03118718e-006	-1.03114417e-006	9.41810912e-009	
5.56994633e+001	1.03226916e-006	-1.03222623e-006	9.41408465e-009	
5.57996422e+001	1.03233349e-006	-1.03229058e-006	9.41272798e-009	
5.58998211e+001	1.03263345e-006	-1.03259056e-006	9.41147812e-009	
5.60000000e+001	1.03252870e-006	-1.03248581e-006	9.41139183e-009	
