% Column 0: Length, cm
% Column 1: |B.n|, Tesla
% Column 2: Re[B.n], Tesla
% Column 3: Im[B.n], Tesla
0.00000000e+000	5.39043155e-016	-5.39042847e-016	-5.76402856e-019	
1.00178891e-001	5.32840713e-015	-5.32840428e-015	-5.50715175e-018	
2.00357782e-001	8.55303920e-015	-8.55303465e-015	-8.82406552e-018	
3.00536673e-001	1.49626983e-014	-1.49626905e-014	-1.52781108e-017	
4.00715564e-001	1.49626983e-014	-1.49626905e-014	-1.52781108e-017	
5.00894454e-001	2.41206183e-014	-2.41206066e-014	-2.37439390e-017	
6.01073345e-001	2.41206183e-014	-2.41206066e-014	-2.37439390e-017	
7.01252236e-001	2.41206183e-014	-2.41206066e-014	-2.37439390e-017	
8.01431127e-001	2.41206183e-014	-2.41206066e-014	-2.37439390e-017	
9.01610018e-001	7.04236321e-014	-7.04236267e-014	-2.77584789e-017	
1.00178891e+000	7.04236321e-014	-7.04236267e-014	-2.77584789e-017	
1.10196780e+000	7.04236321e-014	-7.04236267e-014	-2.77584789e-017	
1.20214669e+000	7.04236321e-014	-7.04236267e-014	-2.77584789e-017	
1.30232558e+000	7.04236321e-014	-7.04236267e-014	-2.77584789e-017	
1.40250447e+000	7.04236321e-014	-7.04236267e-014	-2.77584789e-017	
1.50268336e+000	7.04236321e-014	-7.04236267e-014	-2.77584789e-017	
1.60286225e+000	7.04236321e-014	-7.04236267e-014	-2.77584789e-017	
1.70304114e+000	7.04236321e-014	-7.04236267e-014	-2.77584789e-017	
1.80322004e+000	8.13020810e-014	-8.13020810e-014	-4.33055877e-019	
1.90339893e+000	8.13020810e-014	-8.13020810e-014	-4.33055877e-019	
2.00357782e+000	8.13020810e-014	-8.13020810e-014	-4.33055877e-019	
2.10375671e+000	8.13020810e-014	-8.13020810e-014	-4.33055877e-019	
2.20393560e+000	1.14096772e-013	-1.14096731e-013	9.66400574e-017	
2.30411449e+000	1.14096772e-013	-1.14096731e-013	9.66400574e-017	
2.40429338e+000	1.14096772e-013	-1.14096731e-013	9.66400574e-017	
2.50447227e+000	1.14096772e-013	-1.14096731e-013	9.66400574e-017	
2.60465116e+000	1.14096772e-013	-1.14096731e-013	9.66400574e-017	
2.70483005e+000	1.35127188e-013	-1.35126943e-013	2.57149494e-016	
2.80500894e+000	1.35127188e-013	-1.35126943e-013	2.57149494e-016	
2.90518784e+000	1.35127188e-013	-1.35126943e-013	2.57149494e-016	
3.00536673e+000	1.35127188e-013	-1.35126943e-013	2.57149494e-016	
3.10554562e+000	1.35127188e-013	-1.35126943e-013	2.57149494e-016	
3.20572451e+000	1.35127188e-013	-1.35126943e-013	2.57149494e-016	
3.30590340e+000	1.35127188e-013	-1.35126943e-013	2.57149494e-016	
3.40608229e+000	1.35127188e-013	-1.35126943e-013	2.57149494e-016	
3.50626118e+000	1.35127188e-013	-1.35126943e-013	2.57149494e-016	
3.60644007e+000	1.99773674e-013	-1.99772724e-013	6.16057323e-016	
3.70661896e+000	1.99773674e-013	-1.99772724e-013	6.16057323e-016	
3.80679785e+000	1.99773674e-013	-1.99772724e-013	6.16057323e-016	
3.90697674e+000	1.99773674e-013	-1.99772724e-013	6.16057323e-016	
4.00715564e+000	2.31854075e-013	-2.31851598e-013	1.07182041e-015	
4.10733453e+000	2.31854075e-013	-2.31851598e-013	1.07182041e-015	
4.20751342e+000	2.31854075e-013	-2.31851598e-013	1.07182041e-015	
4.30769231e+000	2.31854075e-013	-2.31851598e-013	1.07182041e-015	
4.40787120e+000	2.31854075e-013	-2.31851598e-013	1.07182041e-015	
4.50805009e+000	2.31854075e-013	-2.31851598e-013	1.07182041e-015	
4.60822898e+000	2.31854075e-013	-2.31851598e-013	1.07182041e-015	
4.70840787e+000	2.31854075e-013	-2.31851598e-013	1.07182041e-015	
4.80858676e+000	2.31854075e-013	-2.31851598e-013	1.07182041e-015	
4.90876565e+000	2.82416551e-013	-2.82411843e-013	1.63069619e-015	
5.00894454e+000	2.82416551e-013	-2.82411843e-013	1.63069619e-015	
5.10912343e+000	2.82416551e-013	-2.82411843e-013	1.63069619e-015	
5.20930233e+000	2.82416551e-013	-2.82411843e-013	1.63069619e-015	
5.30948122e+000	3.03927011e-013	-3.03919522e-013	2.13361838e-015	
5.40966011e+000	3.03927011e-013	-3.03919522e-013	2.13361838e-015	
5.50983900e+000	3.03927011e-013	-3.03919522e-013	2.13361838e-015	
5.61001789e+000	3.03927011e-013	-3.03919522e-013	2.13361838e-015	
5.71019678e+000	2.49519319e-013	-2.49510759e-013	2.06676493e-015	
5.81037567e+000	2.49519319e-013	-2.49510759e-013	2.06676493e-015	
5.91055456e+000	2.49519319e-013	-2.49510759e-013	2.06676493e-015	
6.01073345e+000	2.49519319e-013	-2.49510759e-013	2.06676493e-015	
6.11091234e+000	2.49519319e-013	-2.49510759e-013	2.06676493e-015	
6.21109123e+000	2.49519319e-013	-2.49510759e-013	2.06676493e-015	
6.31127013e+000	2.49519319e-013	-2.49510759e-013	2.06676493e-015	
6.41144902e+000	2.49519319e-013	-2.49510759e-013	2.06676493e-015	
6.51162791e+000	2.49519319e-013	-2.49510759e-013	2.06676493e-015	
6.61180680e+000	2.74356145e-013	-2.74345209e-013	2.44958044e-015	
6.71198569e+000	2.74356145e-013	-2.74345209e-013	2.44958044e-015	
6.81216458e+000	2.74356145e-013	-2.74345209e-013	2.44958044e-015	
6.91234347e+000	2.74356145e-013	-2.74345209e-013	2.44958044e-015	
7.01252236e+000	2.61892169e-013	-2.61882902e-013	2.20312642e-015	
7.11270125e+000	2.61892169e-013	-2.61882902e-013	2.20312642e-015	
7.21288014e+000	2.61892169e-013	-2.61882902e-013	2.20312642e-015	
7.31305903e+000	2.61892169e-013	-2.61882902e-013	2.20312642e-015	
7.41323792e+000	2.61892169e-013	-2.61882902e-013	2.20312642e-015	
7.51341682e+000	1.84803573e-013	-1.84798629e-013	1.35181144e-015	
7.61359571e+000	1.84803573e-013	-1.84798629e-013	1.35181144e-015	
7.71377460e+000	1.84803573e-013	-1.84798629e-013	1.35181144e-015	
7.81395349e+000	1.84803573e-013	-1.84798629e-013	1.35181144e-015	
7.91413238e+000	1.34506249e-013	-1.34506078e-013	-2.14406243e-016	
8.01431127e+000	1.34506249e-013	-1.34506078e-013	-2.14406243e-016	
8.11449016e+000	1.34506249e-013	-1.34506078e-013	-2.14406243e-016	
8.21466905e+000	1.34506249e-013	-1.34506078e-013	-2.14406243e-016	
8.31484794e+000	1.34506249e-013	-1.34506078e-013	-2.14406243e-016	
8.41502683e+000	3.66745741e-014	-3.65331558e-014	-3.21759417e-015	
8.51520572e+000	3.66745741e-014	-3.65331558e-014	-3.21759417e-015	
8.61538462e+000	3.66745741e-014	-3.65331558e-014	-3.21759417e-015	
8.71556351e+000	3.66745741e-014	-3.65331558e-014	-3.21759417e-015	
8.81574240e+000	1.02691665e-013	1.02454851e-013	-6.97004764e-015	
8.91592129e+000	1.02691665e-013	1.02454851e-013	-6.97004764e-015	
9.01610018e+000	1.02691665e-013	1.02454851e-013	-6.97004764e-015	
9.11627907e+000	1.02691665e-013	1.02454851e-013	-6.97004764e-015	
9.21645796e+000	1.02691665e-013	1.02454851e-013	-6.97004764e-015	
9.31663685e+000	1.02691665e-013	1.02454851e-013	-6.97004764e-015	
9.41681574e+000	1.02691665e-013	1.02454851e-013	-6.97004764e-015	
9.51699463e+000	1.02691665e-013	1.02454851e-013	-6.97004764e-015	
9.61717352e+000	1.02691665e-013	1.02454851e-013	-6.97004764e-015	
9.71735242e+000	2.49258671e-013	2.48985959e-013	-1.16566328e-014	
9.81753131e+000	2.49258671e-013	2.48985959e-013	-1.16566328e-014	
9.91771020e+000	2.49258671e-013	2.48985959e-013	-1.16566328e-014	
1.00178891e+001	2.49258671e-013	2.48985959e-013	-1.16566328e-014	
1.01180680e+001	4.82930941e-013	4.82515791e-013	-2.00201180e-014	
1.02182469e+001	4.82930941e-013	4.82515791e-013	-2.00201180e-014	
1.03184258e+001	4.82930941e-013	4.82515791e-013	-2.00201180e-014	
1.04186047e+001	4.82930941e-013	4.82515791e-013	-2.00201180e-014	
1.05187835e+001	7.98306121e-013	7.97807124e-013	-2.82215416e-014	
1.06189624e+001	7.98306121e-013	7.97807124e-013	-2.82215416e-014	
1.07191413e+001	7.98306121e-013	7.97807124e-013	-2.82215416e-014	
1.08193202e+001	7.98306121e-013	7.97807124e-013	-2.82215416e-014	
1.09194991e+001	7.98306121e-013	7.97807124e-013	-2.82215416e-014	
1.10196780e+001	1.02760821e-012	1.02711125e-012	-3.19548307e-014	
1.11198569e+001	1.02760821e-012	1.02711125e-012	-3.19548307e-014	
1.12200358e+001	1.02760821e-012	1.02711125e-012	-3.19548307e-014	
1.13202147e+001	1.02760821e-012	1.02711125e-012	-3.19548307e-014	
1.14203936e+001	1.02760821e-012	1.02711125e-012	-3.19548307e-014	
1.15205725e+001	1.02760821e-012	1.02711125e-012	-3.19548307e-014	
1.16207513e+001	1.02760821e-012	1.02711125e-012	-3.19548307e-014	
1.17209302e+001	1.02760821e-012	1.02711125e-012	-3.19548307e-014	
1.18211091e+001	2.07136523e-012	2.07066679e-012	-5.37862885e-014	
1.19212880e+001	2.07136523e-012	2.07066679e-012	-5.37862885e-014	
1.20214669e+001	2.07136523e-012	2.07066679e-012	-5.37862885e-014	
1.21216458e+001	2.07136523e-012	2.07066679e-012	-5.37862885e-014	
1.22218247e+001	2.07136523e-012	2.07066679e-012	-5.37862885e-014	
1.23220036e+001	3.14298137e-012	3.14233201e-012	-6.38860060e-014	
1.24221825e+001	3.14298137e-012	3.14233201e-012	-6.38860060e-014	
1.25223614e+001	3.14298137e-012	3.14233201e-012	-6.38860060e-014	
1.26225403e+001	3.14298137e-012	3.14233201e-012	-6.38860060e-014	
1.27227191e+001	3.14298137e-012	3.14233201e-012	-6.38860060e-014	
1.28228980e+001	3.14298137e-012	3.14233201e-012	-6.38860060e-014	
1.29230769e+001	3.14298137e-012	3.14233201e-012	-6.38860060e-014	
1.30232558e+001	3.14298137e-012	3.14233201e-012	-6.38860060e-014	
1.31234347e+001	3.14298137e-012	3.14233201e-012	-6.38860060e-014	
1.32236136e+001	6.09858366e-012	6.09800263e-012	-8.41821448e-014	
1.33237925e+001	6.09858366e-012	6.09800263e-012	-8.41821448e-014	
1.34239714e+001	6.09858366e-012	6.09800263e-012	-8.41821448e-014	
1.35241503e+001	6.09858366e-012	6.09800263e-012	-8.41821448e-014	
1.36243292e+001	6.09858366e-012	6.09800263e-012	-8.41821448e-014	
1.37245081e+001	6.09858366e-012	6.09800263e-012	-8.41821448e-014	
1.38246869e+001	6.09858366e-012	6.09800263e-012	-8.41821448e-014	
1.39248658e+001	6.09858366e-012	6.09800263e-012	-8.41821448e-014	
1.40250447e+001	7.43609236e-012	7.43563866e-012	-8.21415553e-014	
1.41252236e+001	7.43609236e-012	7.43563866e-012	-8.21415553e-014	
1.42254025e+001	7.43609236e-012	7.43563866e-012	-8.21415553e-014	
1.43255814e+001	7.43609236e-012	7.43563866e-012	-8.21415553e-014	
1.44257603e+001	7.43609236e-012	7.43563866e-012	-8.21415553e-014	
1.45259392e+001	1.21022496e-011	1.21019388e-011	-8.67333345e-014	
1.46261181e+001	1.21022496e-011	1.21019388e-011	-8.67333345e-014	
1.47262970e+001	1.21022496e-011	1.21019388e-011	-8.67333345e-014	
1.48264758e+001	1.21022496e-011	1.21019388e-011	-8.67333345e-014	
1.49266547e+001	1.35042238e-011	1.35040934e-011	-5.93453560e-014	
1.50268336e+001	1.35042238e-011	1.35040934e-011	-5.93453560e-014	
1.51270125e+001	1.35042238e-011	1.35040934e-011	-5.93453560e-014	
1.52271914e+001	1.35042238e-011	1.35040934e-011	-5.93453560e-014	
1.53273703e+001	1.49714257e-011	1.49713838e-011	-3.54050111e-014	
1.54275492e+001	1.49714257e-011	1.49713838e-011	-3.54050111e-014	
1.55277281e+001	1.49714257e-011	1.49713838e-011	-3.54050111e-014	
1.56279070e+001	1.49714257e-011	1.49713838e-011	-3.54050111e-014	
1.57280859e+001	1.49714257e-011	1.49713838e-011	-3.54050111e-014	
1.58282648e+001	2.49093995e-011	2.49093991e-011	-4.57253014e-015	
1.59284436e+001	2.49093995e-011	2.49093991e-011	-4.57253014e-015	
1.60286225e+001	2.49093995e-011	2.49093991e-011	-4.57253014e-015	
1.61288014e+001	2.49093995e-011	2.49093991e-011	-4.57253014e-015	
1.62289803e+001	2.56057671e-011	2.56057554e-011	2.44631593e-014	
1.63291592e+001	2.56057671e-011	2.56057554e-011	2.44631593e-014	
1.64293381e+001	2.56057671e-011	2.56057554e-011	2.44631593e-014	
1.65295170e+001	2.56057671e-011	2.56057554e-011	2.44631593e-014	
1.66296959e+001	2.52148994e-011	2.52148685e-011	3.94341592e-014	
1.67298748e+001	2.52148994e-011	2.52148685e-011	3.94341592e-014	
1.68300537e+001	2.52148994e-011	2.52148685e-011	3.94341592e-014	
1.69302326e+001	2.52148994e-011	2.52148685e-011	3.94341592e-014	
1.70304114e+001	2.52148994e-011	2.52148685e-011	3.94341592e-014	
1.71305903e+001	2.44702141e-011	2.44701920e-011	3.28633652e-014	
1.72307692e+001	2.44702141e-011	2.44701920e-011	3.28633652e-014	
1.73309481e+001	2.44702141e-011	2.44701920e-011	3.28633652e-014	
1.74311270e+001	2.44702141e-011	2.44701920e-011	3.28633652e-014	
1.75313059e+001	2.44702141e-011	2.44701920e-011	3.28633652e-014	
1.76314848e+001	2.44702141e-011	2.44701920e-011	3.28633652e-014	
1.77316637e+001	2.44702141e-011	2.44701920e-011	3.28633652e-014	
1.78318426e+001	2.44702141e-011	2.44701920e-011	3.28633652e-014	
1.79320215e+001	2.44702141e-011	2.44701920e-011	3.28633652e-014	
1.80322004e+001	3.11534872e-011	3.11534871e-011	9.51636774e-016	
1.81323792e+001	3.11534872e-011	3.11534871e-011	9.51636774e-016	
1.82325581e+001	3.11534872e-011	3.11534871e-011	9.51636774e-016	
1.83327370e+001	3.11534872e-011	3.11534871e-011	9.51636774e-016	
1.84329159e+001	2.69665892e-011	2.69665548e-011	-4.30627099e-014	
1.85330948e+001	2.69665892e-011	2.69665548e-011	-4.30627099e-014	
1.86332737e+001	2.69665892e-011	2.69665548e-011	-4.30627099e-014	
1.87334526e+001	2.69665892e-011	2.69665548e-011	-4.30627099e-014	
1.88336315e+001	2.69665892e-011	2.69665548e-011	-4.30627099e-014	
1.89338104e+001	2.69665892e-011	2.69665548e-011	-4.30627099e-014	
1.90339893e+001	2.69665892e-011	2.69665548e-011	-4.30627099e-014	
1.91341682e+001	2.69665892e-011	2.69665548e-011	-4.30627099e-014	
1.92343470e+001	2.69665892e-011	2.69665548e-011	-4.30627099e-014	
1.93345259e+001	3.04774904e-011	3.04773395e-011	-9.58841322e-014	
1.94347048e+001	3.04774904e-011	3.04773395e-011	-9.58841322e-014	
1.95348837e+001	3.04774904e-011	3.04773395e-011	-9.58841322e-014	
1.96350626e+001	3.04774904e-011	3.04773395e-011	-9.58841322e-014	
1.97352415e+001	2.37226987e-011	2.37224643e-011	-1.05460637e-013	
1.98354204e+001	2.37226987e-011	2.37224643e-011	-1.05460637e-013	
1.99355993e+001	2.37226987e-011	2.37224643e-011	-1.05460637e-013	
2.00357782e+001	2.37226987e-011	2.37224643e-011	-1.05460637e-013	
2.01359571e+001	1.62652935e-011	1.62649983e-011	-9.79917623e-014	
2.02361360e+001	1.62652935e-011	1.62649983e-011	-9.79917623e-014	
2.03363148e+001	1.62652935e-011	1.62649983e-011	-9.79917623e-014	
2.04364937e+001	1.62652935e-011	1.62649983e-011	-9.79917623e-014	
2.05366726e+001	1.62652935e-011	1.62649983e-011	-9.79917623e-014	
2.06368515e+001	8.85643113e-012	8.85626099e-012	-5.48963081e-014	
2.07370304e+001	8.85643113e-012	8.85626099e-012	-5.48963081e-014	
2.08372093e+001	8.85643113e-012	8.85626099e-012	-5.48963081e-014	
2.09373882e+001	8.85643113e-012	8.85626099e-012	-5.48963081e-014	
2.10375671e+001	8.85643113e-012	8.85626099e-012	-5.48963081e-014	
2.11377460e+001	8.85643113e-012	8.85626099e-012	-5.48963081e-014	
2.12379249e+001	8.85643113e-012	8.85626099e-012	-5.48963081e-014	
2.13381038e+001	8.85643113e-012	8.85626099e-012	-5.48963081e-014	
2.14382826e+001	1.75374832e-012	-1.75352699e-012	2.78611161e-014	
2.15384615e+001	1.75374832e-012	-1.75352699e-012	2.78611161e-014	
2.16386404e+001	1.75374832e-012	-1.75352699e-012	2.78611161e-014	
2.17388193e+001	1.75374832e-012	-1.75352699e-012	2.78611161e-014	
2.18389982e+001	1.75374832e-012	-1.75352699e-012	2.78611161e-014	
2.19391771e+001	7.43680062e-012	-7.43644601e-012	7.26231460e-014	
2.20393560e+001	7.43680062e-012	-7.43644601e-012	7.26231460e-014	
2.21395349e+001	7.43680062e-012	-7.43644601e-012	7.26231460e-014	
2.22397138e+001	7.43680062e-012	-7.43644601e-012	7.26231460e-014	
2.23398927e+001	1.32808954e-011	-1.32804613e-011	1.07386176e-013	
2.24400716e+001	1.32808954e-011	-1.32804613e-011	1.07386176e-013	
2.25402504e+001	1.32808954e-011	-1.32804613e-011	1.07386176e-013	
2.26404293e+001	1.32808954e-011	-1.32804613e-011	1.07386176e-013	
2.27406082e+001	1.32808954e-011	-1.32804613e-011	1.07386176e-013	
2.28407871e+001	2.26845801e-011	-2.26841062e-011	1.46616388e-013	
2.29409660e+001	2.26845801e-011	-2.26841062e-011	1.46616388e-013	
2.30411449e+001	2.26845801e-011	-2.26841062e-011	1.46616388e-013	
2.31413238e+001	2.26845801e-011	-2.26841062e-011	1.46616388e-013	
2.32415027e+001	2.26845801e-011	-2.26841062e-011	1.46616388e-013	
2.33416816e+001	2.26845801e-011	-2.26841062e-011	1.46616388e-013	
2.34418605e+001	2.26845801e-011	-2.26841062e-011	1.46616388e-013	
2.35420394e+001	2.26845801e-011	-2.26841062e-011	1.46616388e-013	
2.36422182e+001	2.41185590e-011	-2.41182725e-011	1.17557348e-013	
2.37423971e+001	2.41185590e-011	-2.41182725e-011	1.17557348e-013	
2.38425760e+001	2.41185590e-011	-2.41182725e-011	1.17557348e-013	
2.39427549e+001	2.41185590e-011	-2.41182725e-011	1.17557348e-013	
2.40429338e+001	2.41185590e-011	-2.41182725e-011	1.17557348e-013	
2.41431127e+001	2.90141662e-011	-2.90140139e-011	9.40104907e-014	
2.42432916e+001	2.90141662e-011	-2.90140139e-011	9.40104907e-014	
2.43434705e+001	2.90141662e-011	-2.90140139e-011	9.40104907e-014	
2.44436494e+001	2.90141662e-011	-2.90140139e-011	9.40104907e-014	
2.45438283e+001	2.88127198e-011	-2.88126933e-011	3.90717060e-014	
2.46440072e+001	2.88127198e-011	-2.88126933e-011	3.90717060e-014	
2.47441860e+001	2.88127198e-011	-2.88126933e-011	3.90717060e-014	
2.48443649e+001	2.88127198e-011	-2.88126933e-011	3.90717060e-014	
2.49445438e+001	2.95496604e-011	-2.95496567e-011	1.47390704e-014	
2.50447227e+001	2.95496604e-011	-2.95496567e-011	1.47390704e-014	
2.51449016e+001	2.95496604e-011	-2.95496567e-011	1.47390704e-014	
2.52450805e+001	2.95496604e-011	-2.95496567e-011	1.47390704e-014	
2.53452594e+001	2.95496604e-011	-2.95496567e-011	1.47390704e-014	
2.54454383e+001	2.90646750e-011	-2.90646731e-011	-1.03924722e-014	
2.55456172e+001	2.90646750e-011	-2.90646731e-011	-1.03924722e-014	
2.56457961e+001	2.90646750e-011	-2.90646731e-011	-1.03924722e-014	
2.57459750e+001	2.90646750e-011	-2.90646731e-011	-1.03924722e-014	
2.58461538e+001	1.76375281e-011	-1.76375110e-011	-2.45542534e-014	
2.59463327e+001	1.76375281e-011	-1.76375110e-011	-2.45542534e-014	
2.60465116e+001	1.76375281e-011	-1.76375110e-011	-2.45542534e-014	
2.61466905e+001	1.76375281e-011	-1.76375110e-011	-2.45542534e-014	
2.62468694e+001	1.76375281e-011	-1.76375110e-011	-2.45542534e-014	
2.63470483e+001	1.76375281e-011	-1.76375110e-011	-2.45542534e-014	
2.64472272e+001	1.76375281e-011	-1.76375110e-011	-2.45542534e-014	
2.65474061e+001	1.76375281e-011	-1.76375110e-011	-2.45542534e-014	
2.66475850e+001	1.76375281e-011	-1.76375110e-011	-2.45542534e-014	
2.67477639e+001	2.03788888e-011	-2.03788592e-011	-3.47366543e-014	
2.68479428e+001	2.03788888e-011	-2.03788592e-011	-3.47366543e-014	
2.69481216e+001	2.03788888e-011	-2.03788592e-011	-3.47366543e-014	
2.70483005e+001	2.03788888e-011	-2.03788592e-011	-3.47366543e-014	
2.71484794e+001	1.97203911e-011	-1.97203658e-011	-3.15500231e-014	
2.72486583e+001	1.97203911e-011	-1.97203658e-011	-3.15500231e-014	
2.73488372e+001	1.97203911e-011	-1.97203658e-011	-3.15500231e-014	
2.74490161e+001	1.97203911e-011	-1.97203658e-011	-3.15500231e-014	
2.75491950e+001	1.97203911e-011	-1.97203658e-011	-3.15500231e-014	
2.76493739e+001	1.48127441e-011	-1.48127314e-011	-1.94070958e-014	
2.77495528e+001	1.48127441e-011	-1.48127314e-011	-1.94070958e-014	
2.78497317e+001	1.31809229e-011	-1.31809149e-011	-1.45220918e-014	
2.79499106e+001	1.21247975e-011	-1.21247932e-011	-1.01755062e-014	
2.80500894e+001	1.11765139e-011	-1.11765113e-011	-7.69870680e-015	
2.81502683e+001	1.08622591e-011	-1.08622582e-011	-4.55008887e-015	
2.82504472e+001	1.07494075e-011	-1.07494073e-011	-2.30483865e-015	
2.83506261e+001	1.08169559e-011	-1.08169557e-011	1.94956705e-015	
2.84508050e+001	1.13954910e-011	-1.13954889e-011	7.03072805e-015	
2.85509839e+001	1.13954910e-011	-1.13954889e-011	7.03072805e-015	
2.86511628e+001	1.13954910e-011	-1.13954889e-011	7.03072805e-015	
2.87513417e+001	1.04273636e-011	-1.04273573e-011	1.14794689e-014	
2.88515206e+001	1.04273636e-011	-1.04273573e-011	1.14794689e-014	
2.89516995e+001	7.55473355e-012	-7.55471402e-012	1.71815375e-014	
2.90518784e+001	7.55473355e-012	-7.55471402e-012	1.71815375e-014	
2.91520572e+001	7.55473355e-012	-7.55471402e-012	1.71815375e-014	
2.92522361e+001	7.55473355e-012	-7.55471402e-012	1.71815375e-014	
2.93524150e+001	6.85102918e-012	-6.85096217e-012	3.03021110e-014	
2.94525939e+001	6.85102918e-012	-6.85096217e-012	3.03021110e-014	
2.95527728e+001	6.85102918e-012	-6.85096217e-012	3.03021110e-014	
2.96529517e+001	6.85102918e-012	-6.85096217e-012	3.03021110e-014	
2.97531306e+001	6.85102918e-012	-6.85096217e-012	3.03021110e-014	
2.98533095e+001	4.81353151e-012	-4.81343252e-012	3.08715499e-014	
2.99534884e+001	4.81353151e-012	-4.81343252e-012	3.08715499e-014	
3.00536673e+001	4.81353151e-012	-4.81343252e-012	3.08715499e-014	
3.01538462e+001	4.81353151e-012	-4.81343252e-012	3.08715499e-014	
3.02540250e+001	3.80750858e-012	-3.80734140e-012	3.56788924e-014	
3.03542039e+001	3.80750858e-012	-3.80734140e-012	3.56788924e-014	
3.04543828e+001	3.80750858e-012	-3.80734140e-012	3.56788924e-014	
3.05545617e+001	3.80750858e-012	-3.80734140e-012	3.56788924e-014	
3.06547406e+001	2.94143120e-012	-2.94117417e-012	3.88844709e-014	
3.07549195e+001	2.94143120e-012	-2.94117417e-012	3.88844709e-014	
3.08550984e+001	2.94143120e-012	-2.94117417e-012	3.88844709e-014	
3.09552773e+001	2.94143120e-012	-2.94117417e-012	3.88844709e-014	
3.10554562e+001	2.94143120e-012	-2.94117417e-012	3.88844709e-014	
3.11556351e+001	2.94143120e-012	-2.94117417e-012	3.88844709e-014	
3.12558140e+001	2.94143120e-012	-2.94117417e-012	3.88844709e-014	
3.13559928e+001	2.94143120e-012	-2.94117417e-012	3.88844709e-014	
3.14561717e+001	2.94143120e-012	-2.94117417e-012	3.88844709e-014	
3.15563506e+001	1.92073533e-012	-1.92045172e-012	3.30060487e-014	
3.16565295e+001	1.92073533e-012	-1.92045172e-012	3.30060487e-014	
3.17567084e+001	1.92073533e-012	-1.92045172e-012	3.30060487e-014	
3.18568873e+001	1.92073533e-012	-1.92045172e-012	3.30060487e-014	
3.19570662e+001	1.92073533e-012	-1.92045172e-012	3.30060487e-014	
3.20572451e+001	1.92073533e-012	-1.92045172e-012	3.30060487e-014	
3.21574240e+001	1.92073533e-012	-1.92045172e-012	3.30060487e-014	
3.22576029e+001	1.92073533e-012	-1.92045172e-012	3.30060487e-014	
3.23577818e+001	1.92073533e-012	-1.92045172e-012	3.30060487e-014	
3.24579606e+001	1.41713525e-012	-1.41681245e-012	3.02459792e-014	
3.25581395e+001	1.41713525e-012	-1.41681245e-012	3.02459792e-014	
3.26583184e+001	1.41713525e-012	-1.41681245e-012	3.02459792e-014	
3.27584973e+001	1.41713525e-012	-1.41681245e-012	3.02459792e-014	
3.28586762e+001	1.41713525e-012	-1.41681245e-012	3.02459792e-014	
3.29588551e+001	1.41713525e-012	-1.41681245e-012	3.02459792e-014	
3.30590340e+001	1.41713525e-012	-1.41681245e-012	3.02459792e-014	
3.31592129e+001	1.41713525e-012	-1.41681245e-012	3.02459792e-014	
3.32593918e+001	9.71330238e-013	-9.71095072e-013	2.13726949e-014	
3.33595707e+001	9.71330238e-013	-9.71095072e-013	2.13726949e-014	
3.34597496e+001	9.71330238e-013	-9.71095072e-013	2.13726949e-014	
3.35599284e+001	9.71330238e-013	-9.71095072e-013	2.13726949e-014	
3.36601073e+001	9.71330238e-013	-9.71095072e-013	2.13726949e-014	
3.37602862e+001	1.22620008e-012	-1.22591724e-012	2.63350822e-014	
3.38604651e+001	1.22620008e-012	-1.22591724e-012	2.63350822e-014	
3.39606440e+001	1.22620008e-012	-1.22591724e-012	2.63350822e-014	
3.40608229e+001	1.22620008e-012	-1.22591724e-012	2.63350822e-014	
3.41610018e+001	9.03571308e-013	-9.03385659e-013	1.83155285e-014	
3.42611807e+001	9.03571308e-013	-9.03385659e-013	1.83155285e-014	
3.43613596e+001	9.03571308e-013	-9.03385659e-013	1.83155285e-014	
3.44615385e+001	9.03571308e-013	-9.03385659e-013	1.83155285e-014	
3.45617174e+001	9.03571308e-013	-9.03385659e-013	1.83155285e-014	
3.46618962e+001	9.31701033e-013	-9.31530640e-013	1.78180299e-014	
3.47620751e+001	9.31701033e-013	-9.31530640e-013	1.78180299e-014	
3.48622540e+001	9.31701033e-013	-9.31530640e-013	1.78180299e-014	
3.49624329e+001	9.31701033e-013	-9.31530640e-013	1.78180299e-014	
3.50626118e+001	7.07857701e-013	-7.07753135e-013	1.21665612e-014	
3.51627907e+001	7.07857701e-013	-7.07753135e-013	1.21665612e-014	
3.52629696e+001	7.07857701e-013	-7.07753135e-013	1.21665612e-014	
3.53631485e+001	7.07857701e-013	-7.07753135e-013	1.21665612e-014	
3.54633274e+001	7.07857701e-013	-7.07753135e-013	1.21665612e-014	
3.55635063e+001	7.07857701e-013	-7.07753135e-013	1.21665612e-014	
3.56636852e+001	7.07857701e-013	-7.07753135e-013	1.21665612e-014	
3.57638640e+001	7.07857701e-013	-7.07753135e-013	1.21665612e-014	
3.58640429e+001	7.07857701e-013	-7.07753135e-013	1.21665612e-014	
3.59642218e+001	7.42663818e-013	-7.42582249e-013	1.10068645e-014	
3.60644007e+001	7.42663818e-013	-7.42582249e-013	1.10068645e-014	
3.61645796e+001	7.42663818e-013	-7.42582249e-013	1.10068645e-014	
3.62647585e+001	7.42663818e-013	-7.42582249e-013	1.10068645e-014	
3.63649374e+001	8.26250885e-013	-8.26180996e-013	1.07464472e-014	
3.64651163e+001	8.26250885e-013	-8.26180996e-013	1.07464472e-014	
3.65652952e+001	8.26250885e-013	-8.26180996e-013	1.07464472e-014	
3.66654741e+001	8.26250885e-013	-8.26180996e-013	1.07464472e-014	
3.67656530e+001	8.10454145e-013	-8.10399593e-013	9.40316100e-015	
3.68658318e+001	8.10454145e-013	-8.10399593e-013	9.40316100e-015	
3.69660107e+001	8.10454145e-013	-8.10399593e-013	9.40316100e-015	
3.70661896e+001	8.10454145e-013	-8.10399593e-013	9.40316100e-015	
3.71663685e+001	8.10454145e-013	-8.10399593e-013	9.40316100e-015	
3.72665474e+001	7.80120921e-013	-7.80078203e-013	8.16381775e-015	
3.73667263e+001	7.80120921e-013	-7.80078203e-013	8.16381775e-015	
3.74669052e+001	7.80120921e-013	-7.80078203e-013	8.16381775e-015	
3.75670841e+001	7.80120921e-013	-7.80078203e-013	8.16381775e-015	
3.76672630e+001	7.55374886e-013	-7.55338477e-013	7.41650210e-015	
3.77674419e+001	7.55374886e-013	-7.55338477e-013	7.41650210e-015	
3.78676208e+001	7.55374886e-013	-7.55338477e-013	7.41650210e-015	
3.79677996e+001	7.55374886e-013	-7.55338477e-013	7.41650210e-015	
3.80679785e+001	7.03702364e-013	-7.03670854e-013	6.65933810e-015	
3.81681574e+001	7.03702364e-013	-7.03670854e-013	6.65933810e-015	
3.82683363e+001	7.03702364e-013	-7.03670854e-013	6.65933810e-015	
3.83685152e+001	7.03702364e-013	-7.03670854e-013	6.65933810e-015	
3.84686941e+001	7.03702364e-013	-7.03670854e-013	6.65933810e-015	
3.85688730e+001	7.46890706e-013	-7.46854403e-013	7.36387225e-015	
3.86690519e+001	7.46890706e-013	-7.46854403e-013	7.36387225e-015	
3.87692308e+001	7.46890706e-013	-7.46854403e-013	7.36387225e-015	
3.88694097e+001	7.46890706e-013	-7.46854403e-013	7.36387225e-015	
3.89695886e+001	7.46890706e-013	-7.46854403e-013	7.36387225e-015	
3.90697674e+001	7.46890706e-013	-7.46854403e-013	7.36387225e-015	
3.91699463e+001	7.46890706e-013	-7.46854403e-013	7.36387225e-015	
3.92701252e+001	7.46890706e-013	-7.46854403e-013	7.36387225e-015	
3.93703041e+001	7.46890706e-013	-7.46854403e-013	7.36387225e-015	
3.94704830e+001	6.71298700e-013	-6.71248498e-013	8.20970370e-015	
3.95706619e+001	6.71298700e-013	-6.71248498e-013	8.20970370e-015	
3.96708408e+001	6.71298700e-013	-6.71248498e-013	8.20970370e-015	
3.97710197e+001	6.71298700e-013	-6.71248498e-013	8.20970370e-015	
3.98711986e+001	6.20590976e-013	-6.20527899e-013	8.84790274e-015	
3.99713775e+001	6.20590976e-013	-6.20527899e-013	8.84790274e-015	
4.00715564e+001	6.20590976e-013	-6.20527899e-013	8.84790274e-015	
4.01717352e+001	6.20590976e-013	-6.20527899e-013	8.84790274e-015	
4.02719141e+001	5.37531584e-013	-5.37454652e-013	9.09401390e-015	
4.03720930e+001	5.37531584e-013	-5.37454652e-013	9.09401390e-015	
4.04722719e+001	5.37531584e-013	-5.37454652e-013	9.09401390e-015	
4.05724508e+001	5.37531584e-013	-5.37454652e-013	9.09401390e-015	
4.06726297e+001	5.37531584e-013	-5.37454652e-013	9.09401390e-015	
4.07728086e+001	3.40868047e-013	-3.40791754e-013	7.21153918e-015	
4.08729875e+001	3.40868047e-013	-3.40791754e-013	7.21153918e-015	
4.09731664e+001	3.40868047e-013	-3.40791754e-013	7.21153918e-015	
4.10733453e+001	3.40868047e-013	-3.40791754e-013	7.21153918e-015	
4.11735242e+001	3.40868047e-013	-3.40791754e-013	7.21153918e-015	
4.12737030e+001	3.40868047e-013	-3.40791754e-013	7.21153918e-015	
4.13738819e+001	3.40868047e-013	-3.40791754e-013	7.21153918e-015	
4.14740608e+001	3.40868047e-013	-3.40791754e-013	7.21153918e-015	
4.15742397e+001	2.97710600e-013	-2.97614502e-013	7.56372642e-015	
4.16744186e+001	2.97710600e-013	-2.97614502e-013	7.56372642e-015	
4.17745975e+001	2.97710600e-013	-2.97614502e-013	7.56372642e-015	
4.18747764e+001	2.97710600e-013	-2.97614502e-013	7.56372642e-015	
4.19749553e+001	2.97710600e-013	-2.97614502e-013	7.56372642e-015	
4.20751342e+001	2.25755178e-013	-2.25644056e-013	7.08241235e-015	
4.21753131e+001	2.25755178e-013	-2.25644056e-013	7.08241235e-015	
4.22754919e+001	2.25755178e-013	-2.25644056e-013	7.08241235e-015	
4.23756708e+001	2.25755178e-013	-2.25644056e-013	7.08241235e-015	
4.24758497e+001	1.48056948e-013	-1.47965806e-013	5.19424319e-015	
4.25760286e+001	1.48056948e-013	-1.47965806e-013	5.19424319e-015	
4.26762075e+001	1.48056948e-013	-1.47965806e-013	5.19424319e-015	
4.27763864e+001	1.48056948e-013	-1.47965806e-013	5.19424319e-015	
4.28765653e+001	1.48056948e-013	-1.47965806e-013	5.19424319e-015	
4.29767442e+001	1.48056948e-013	-1.47965806e-013	5.19424319e-015	
4.30769231e+001	1.48056948e-013	-1.47965806e-013	5.19424319e-015	
4.31771020e+001	1.48056948e-013	-1.47965806e-013	5.19424319e-015	
4.32772809e+001	1.48056948e-013	-1.47965806e-013	5.19424319e-015	
4.33774597e+001	1.13844944e-013	-1.13754610e-013	4.53430102e-015	
4.34776386e+001	1.13844944e-013	-1.13754610e-013	4.53430102e-015	
4.35778175e+001	1.13844944e-013	-1.13754610e-013	4.53430102e-015	
4.36779964e+001	1.13844944e-013	-1.13754610e-013	4.53430102e-015	
4.37781753e+001	7.37328121e-014	-7.36540194e-014	3.40778650e-015	
4.38783542e+001	7.37328121e-014	-7.36540194e-014	3.40778650e-015	
4.39785331e+001	7.37328121e-014	-7.36540194e-014	3.40778650e-015	
4.40787120e+001	7.37328121e-014	-7.36540194e-014	3.40778650e-015	
4.41788909e+001	7.37328121e-014	-7.36540194e-014	3.40778650e-015	
4.42790698e+001	4.51741544e-014	-4.51089673e-014	2.42596204e-015	
4.43792487e+001	4.51741544e-014	-4.51089673e-014	2.42596204e-015	
4.44794275e+001	4.51741544e-014	-4.51089673e-014	2.42596204e-015	
4.45796064e+001	4.51741544e-014	-4.51089673e-014	2.42596204e-015	
4.46797853e+001	2.70504770e-014	-2.69963164e-014	1.71090900e-015	
4.47799642e+001	2.70504770e-014	-2.69963164e-014	1.71090900e-015	
4.48801431e+001	2.70504770e-014	-2.69963164e-014	1.71090900e-015	
4.49803220e+001	2.70504770e-014	-2.69963164e-014	1.71090900e-015	
4.50805009e+001	1.55224147e-014	-1.54709291e-014	1.26321513e-015	
4.51806798e+001	1.55224147e-014	-1.54709291e-014	1.26321513e-015	
4.52808587e+001	1.55224147e-014	-1.54709291e-014	1.26321513e-015	
4.53810376e+001	1.55224147e-014	-1.54709291e-014	1.26321513e-015	
4.54812165e+001	1.55224147e-014	-1.54709291e-014	1.26321513e-015	
4.55813953e+001	1.48197008e-015	-1.31456347e-015	6.84220875e-016	
4.56815742e+001	1.48197008e-015	-1.31456347e-015	6.84220875e-016	
4.57817531e+001	1.48197008e-015	-1.31456347e-015	6.84220875e-016	
4.58819320e+001	1.48197008e-015	-1.31456347e-015	6.84220875e-016	
4.59821109e+001	1.48197008e-015	-1.31456347e-015	6.84220875e-016	
4.60822898e+001	1.48197008e-015	-1.31456347e-015	6.84220875e-016	
4.61824687e+001	1.48197008e-015	-1.31456347e-015	6.84220875e-016	
4.62826476e+001	1.48197008e-015	-1.31456347e-015	6.84220875e-016	
4.63828265e+001	1.87488742e-014	1.87485097e-014	-1.16898429e-016	
4.64830054e+001	1.87488742e-014	1.87485097e-014	-1.16898429e-016	
4.65831843e+001	1.87488742e-014	1.87485097e-014	-1.16898429e-016	
4.66833631e+001	1.87488742e-014	1.87485097e-014	-1.16898429e-016	
4.67835420e+001	1.87488742e-014	1.87485097e-014	-1.16898429e-016	
4.68837209e+001	3.16756278e-014	3.16715968e-014	-5.05323915e-016	
4.69838998e+001	3.16756278e-014	3.16715968e-014	-5.05323915e-016	
4.70840787e+001	3.16756278e-014	3.16715968e-014	-5.05323915e-016	
4.71842576e+001	3.16756278e-014	3.16715968e-014	-5.05323915e-016	
4.72844365e+001	3.90698881e-014	3.90634350e-014	-7.10070151e-016	
4.73846154e+001	3.90698881e-014	3.90634350e-014	-7.10070151e-016	
4.74847943e+001	3.90698881e-014	3.90634350e-014	-7.10070151e-016	
4.75849732e+001	3.90698881e-014	3.90634350e-014	-7.10070151e-016	
4.76851521e+001	3.90698881e-014	3.90634350e-014	-7.10070151e-016	
4.77853309e+001	3.90698881e-014	3.90634350e-014	-7.10070151e-016	
4.78855098e+001	3.90698881e-014	3.90634350e-014	-7.10070151e-016	
4.79856887e+001	3.90698881e-014	3.90634350e-014	-7.10070151e-016	
4.80858676e+001	3.90698881e-014	3.90634350e-014	-7.10070151e-016	
4.81860465e+001	5.66182704e-014	5.66099514e-014	-9.70540066e-016	
4.82862254e+001	5.66182704e-014	5.66099514e-014	-9.70540066e-016	
4.83864043e+001	5.66182704e-014	5.66099514e-014	-9.70540066e-016	
4.84865832e+001	5.66182704e-014	5.66099514e-014	-9.70540066e-016	
4.85867621e+001	6.59704648e-014	6.59628769e-014	-1.00054756e-015	
4.86869410e+001	6.59704648e-014	6.59628769e-014	-1.00054756e-015	
4.87871199e+001	6.59704648e-014	6.59628769e-014	-1.00054756e-015	
4.88872987e+001	6.59704648e-014	6.59628769e-014	-1.00054756e-015	
4.89874776e+001	6.59704648e-014	6.59628769e-014	-1.00054756e-015	
4.90876565e+001	7.69824306e-014	7.69756297e-014	-1.02326115e-015	
4.91878354e+001	7.69824306e-014	7.69756297e-014	-1.02326115e-015	
4.92880143e+001	7.69824306e-014	7.69756297e-014	-1.02326115e-015	
4.93881932e+001	7.69824306e-014	7.69756297e-014	-1.02326115e-015	
4.94883721e+001	6.57098348e-014	6.57054214e-014	-7.61569546e-016	
4.95885510e+001	6.57098348e-014	6.57054214e-014	-7.61569546e-016	
4.96887299e+001	6.57098348e-014	6.57054214e-014	-7.61569546e-016	
4.97889088e+001	6.57098348e-014	6.57054214e-014	-7.61569546e-016	
4.98890877e+001	6.57098348e-014	6.57054214e-014	-7.61569546e-016	
4.99892665e+001	6.57098348e-014	6.57054214e-014	-7.61569546e-016	
5.00894454e+001	6.57098348e-014	6.57054214e-014	-7.61569546e-016	
5.01896243e+001	6.57098348e-014	6.57054214e-014	-7.61569546e-016	
5.02898032e+001	6.57098348e-014	6.57054214e-014	-7.61569546e-016	
5.03899821e+001	9.14695275e-014	9.14658758e-014	-8.17327751e-016	
5.04901610e+001	9.14695275e-014	9.14658758e-014	-8.17327751e-016	
5.05903399e+001	9.14695275e-014	9.14658758e-014	-8.17327751e-016	
5.06905188e+001	9.14695275e-014	9.14658758e-014	-8.17327751e-016	
5.07906977e+001	7.13602617e-014	7.13580247e-014	-5.65040302e-016	
5.08908766e+001	7.13602617e-014	7.13580247e-014	-5.65040302e-016	
5.09910555e+001	7.13602617e-014	7.13580247e-014	-5.65040302e-016	
5.10912343e+001	7.13602617e-014	7.13580247e-014	-5.65040302e-016	
5.11914132e+001	6.27522307e-014	6.27508097e-014	-4.22307126e-016	
5.12915921e+001	6.27522307e-014	6.27508097e-014	-4.22307126e-016	
5.13917710e+001	6.27522307e-014	6.27508097e-014	-4.22307126e-016	
5.14919499e+001	6.27522307e-014	6.27508097e-014	-4.22307126e-016	
5.15921288e+001	6.27522307e-014	6.27508097e-014	-4.22307126e-016	
5.16923077e+001	6.30624477e-014	6.30613958e-014	-3.64245681e-016	
5.17924866e+001	6.30624477e-014	6.30613958e-014	-3.64245681e-016	
5.18926655e+001	6.30624477e-014	6.30613958e-014	-3.64245681e-016	
5.19928444e+001	6.30624477e-014	6.30613958e-014	-3.64245681e-016	
5.20930233e+001	6.30624477e-014	6.30613958e-014	-3.64245681e-016	
5.21932021e+001	6.30624477e-014	6.30613958e-014	-3.64245681e-016	
5.22933810e+001	6.30624477e-014	6.30613958e-014	-3.64245681e-016	
5.23935599e+001	6.30624477e-014	6.30613958e-014	-3.64245681e-016	
5.24937388e+001	3.64231421e-014	3.64228537e-014	-1.44939331e-016	
5.25939177e+001	3.64231421e-014	3.64228537e-014	-1.44939331e-016	
5.26940966e+001	3.64231421e-014	3.64228537e-014	-1.44939331e-016	
5.27942755e+001	3.64231421e-014	3.64228537e-014	-1.44939331e-016	
5.28944544e+001	3.64231421e-014	3.64228537e-014	-1.44939331e-016	
5.29946333e+001	3.64231421e-014	3.64228537e-014	-1.44939331e-016	
5.30948122e+001	3.64231421e-014	3.64228537e-014	-1.44939331e-016	
5.31949911e+001	3.64231421e-014	3.64228537e-014	-1.44939331e-016	
5.32951699e+001	3.64231421e-014	3.64228537e-014	-1.44939331e-016	
5.33953488e+001	3.40539284e-014	3.40537533e-014	-1.09204481e-016	
5.34955277e+001	3.40539284e-014	3.40537533e-014	-1.09204481e-016	
5.35957066e+001	3.40539284e-014	3.40537533e-014	-1.09204481e-016	
5.36958855e+001	3.40539284e-014	3.40537533e-014	-1.09204481e-016	
5.37960644e+001	3.40539284e-014	3.40537533e-014	-1.09204481e-016	
5.38962433e+001	2.15935054e-014	2.15934386e-014	-5.37139912e-017	
5.39964222e+001	2.15935054e-014	2.15934386e-014	-5.37139912e-017	
5.40966011e+001	2.15935054e-014	2.15934386e-014	-5.37139912e-017	
5.41967800e+001	2.15935054e-014	2.15934386e-014	-5.37139912e-017	
5.42969589e+001	2.15935054e-014	2.15934386e-014	-5.37139912e-017	
5.43971377e+001	2.15935054e-014	2.15934386e-014	-5.37139912e-017	
5.44973166e+001	2.15935054e-014	2.15934386e-014	-5.37139912e-017	
5.45974955e+001	2.15935054e-014	2.15934386e-014	-5.37139912e-017	
5.46976744e+001	1.55445435e-014	1.55445099e-014	-3.23394263e-017	
5.47978533e+001	1.55445435e-014	1.55445099e-014	-3.23394263e-017	
5.48980322e+001	1.55445435e-014	1.55445099e-014	-3.23394263e-017	
5.49982111e+001	1.55445435e-014	1.55445099e-014	-3.23394263e-017	
5.50983900e+001	1.55445435e-014	1.55445099e-014	-3.23394263e-017	
5.51985689e+001	8.76838618e-015	8.76837161e-015	-1.59823161e-017	
5.52987478e+001	8.76838618e-015	8.76837161e-015	-1.59823161e-017	
5.53989267e+001	8.76838618e-015	8.76837161e-015	-1.59823161e-017	
5.54991055e+001	8.76838618e-015	8.76837161e-015	-1.59823161e-017	
5.55992844e+001	4.40348717e-015	4.40348062e-015	-7.59542296e-018	
5.56994633e+001	4.40348717e-015	4.40348062e-015	-7.59542296e-018	
5.57996422e+001	2.63838398e-015	2.63838006e-015	-4.54830076e-018	
5.58998211e+001	1.65076503e-015	1.65076258e-015	-2.84391592e-018	
5.60000000e+001	1.69420629e-016	1.69420382e-016	-2.89827708e-019	
