% Column 0: Length, cm
% Column 1: |B.n|, Tesla
% Column 2: Re[B.n], Tesla
% Column 3: Im[B.n], Tesla
0.00000000e+000	2.45046359e-016	-2.45046285e-016	-1.90193547e-019	
1.00178891e-001	2.42227256e-015	-2.42227191e-015	-1.77194651e-018	
2.00357782e-001	3.88817599e-015	-3.88817495e-015	-2.83814306e-018	
3.00536673e-001	6.80196432e-015	-6.80196255e-015	-4.90738056e-018	
4.00715564e-001	6.80196432e-015	-6.80196255e-015	-4.90738056e-018	
5.00894454e-001	1.09650071e-014	-1.09650045e-014	-7.60311077e-018	
6.01073345e-001	1.09650071e-014	-1.09650045e-014	-7.60311077e-018	
7.01252236e-001	1.09650071e-014	-1.09650045e-014	-7.60311077e-018	
8.01431127e-001	1.09650071e-014	-1.09650045e-014	-7.60311077e-018	
9.01610018e-001	3.20092292e-014	-3.20092283e-014	-7.74895679e-018	
1.00178891e+000	3.20092292e-014	-3.20092283e-014	-7.74895679e-018	
1.10196780e+000	3.20092292e-014	-3.20092283e-014	-7.74895679e-018	
1.20214669e+000	3.20092292e-014	-3.20092283e-014	-7.74895679e-018	
1.30232558e+000	3.20092292e-014	-3.20092283e-014	-7.74895679e-018	
1.40250447e+000	3.20092292e-014	-3.20092283e-014	-7.74895679e-018	
1.50268336e+000	3.20092292e-014	-3.20092283e-014	-7.74895679e-018	
1.60286225e+000	3.20092292e-014	-3.20092283e-014	-7.74895679e-018	
1.70304114e+000	3.20092292e-014	-3.20092283e-014	-7.74895679e-018	
1.80322004e+000	3.69501702e-014	-3.69501701e-014	2.04792631e-018	
1.90339893e+000	3.69501702e-014	-3.69501701e-014	2.04792631e-018	
2.00357782e+000	3.69501702e-014	-3.69501701e-014	2.04792631e-018	
2.10375671e+000	3.69501702e-014	-3.69501701e-014	2.04792631e-018	
2.20393560e+000	5.18436744e-014	-5.18436614e-014	3.67147050e-017	
2.30411449e+000	5.18436744e-014	-5.18436614e-014	3.67147050e-017	
2.40429338e+000	5.18436744e-014	-5.18436614e-014	3.67147050e-017	
2.50447227e+000	5.18436744e-014	-5.18436614e-014	3.67147050e-017	
2.60465116e+000	5.18436744e-014	-5.18436614e-014	3.67147050e-017	
2.70483005e+000	6.13832916e-014	-6.13832209e-014	9.31943455e-017	
2.80500894e+000	6.13832916e-014	-6.13832209e-014	9.31943455e-017	
2.90518784e+000	6.13832916e-014	-6.13832209e-014	9.31943455e-017	
3.00536673e+000	6.13832916e-014	-6.13832209e-014	9.31943455e-017	
3.10554562e+000	6.13832916e-014	-6.13832209e-014	9.31943455e-017	
3.20572451e+000	6.13832916e-014	-6.13832209e-014	9.31943455e-017	
3.30590340e+000	6.13832916e-014	-6.13832209e-014	9.31943455e-017	
3.40608229e+000	6.13832916e-014	-6.13832209e-014	9.31943455e-017	
3.50626118e+000	6.13832916e-014	-6.13832209e-014	9.31943455e-017	
3.60644007e+000	9.07227497e-014	-9.07224827e-014	2.20106649e-016	
3.70661896e+000	9.07227497e-014	-9.07224827e-014	2.20106649e-016	
3.80679785e+000	9.07227497e-014	-9.07224827e-014	2.20106649e-016	
3.90697674e+000	9.07227497e-014	-9.07224827e-014	2.20106649e-016	
4.00715564e+000	1.05249918e-013	-1.05249230e-013	3.80427161e-016	
4.10733453e+000	1.05249918e-013	-1.05249230e-013	3.80427161e-016	
4.20751342e+000	1.05249918e-013	-1.05249230e-013	3.80427161e-016	
4.30769231e+000	1.05249918e-013	-1.05249230e-013	3.80427161e-016	
4.40787120e+000	1.05249918e-013	-1.05249230e-013	3.80427161e-016	
4.50805009e+000	1.05249918e-013	-1.05249230e-013	3.80427161e-016	
4.60822898e+000	1.05249918e-013	-1.05249230e-013	3.80427161e-016	
4.70840787e+000	1.05249918e-013	-1.05249230e-013	3.80427161e-016	
4.80858676e+000	1.05249918e-013	-1.05249230e-013	3.80427161e-016	
4.90876565e+000	1.28164177e-013	-1.28162874e-013	5.77947740e-016	
5.00894454e+000	1.28164177e-013	-1.28162874e-013	5.77947740e-016	
5.10912343e+000	1.28164177e-013	-1.28162874e-013	5.77947740e-016	
5.20930233e+000	1.28164177e-013	-1.28162874e-013	5.77947740e-016	
5.30948122e+000	1.37879822e-013	-1.37877746e-013	7.56476008e-016	
5.40966011e+000	1.37879822e-013	-1.37877746e-013	7.56476008e-016	
5.50983900e+000	1.37879822e-013	-1.37877746e-013	7.56476008e-016	
5.61001789e+000	1.37879822e-013	-1.37877746e-013	7.56476008e-016	
5.71019678e+000	1.13155198e-013	-1.13152802e-013	7.36294511e-016	
5.81037567e+000	1.13155198e-013	-1.13152802e-013	7.36294511e-016	
5.91055456e+000	1.13155198e-013	-1.13152802e-013	7.36294511e-016	
6.01073345e+000	1.13155198e-013	-1.13152802e-013	7.36294511e-016	
6.11091234e+000	1.13155198e-013	-1.13152802e-013	7.36294511e-016	
6.21109123e+000	1.13155198e-013	-1.13152802e-013	7.36294511e-016	
6.31127013e+000	1.13155198e-013	-1.13152802e-013	7.36294511e-016	
6.41144902e+000	1.13155198e-013	-1.13152802e-013	7.36294511e-016	
6.51162791e+000	1.13155198e-013	-1.13152802e-013	7.36294511e-016	
6.61180680e+000	1.24387442e-013	-1.24384321e-013	8.81226016e-016	
6.71198569e+000	1.24387442e-013	-1.24384321e-013	8.81226016e-016	
6.81216458e+000	1.24387442e-013	-1.24384321e-013	8.81226016e-016	
6.91234347e+000	1.24387442e-013	-1.24384321e-013	8.81226016e-016	
7.01252236e+000	1.18735748e-013	-1.18732992e-013	8.09090706e-016	
7.11270125e+000	1.18735748e-013	-1.18732992e-013	8.09090706e-016	
7.21288014e+000	1.18735748e-013	-1.18732992e-013	8.09090706e-016	
7.31305903e+000	1.18735748e-013	-1.18732992e-013	8.09090706e-016	
7.41323792e+000	1.18735748e-013	-1.18732992e-013	8.09090706e-016	
7.51341682e+000	8.37946246e-014	-8.37930524e-014	5.13317224e-016	
7.61359571e+000	8.37946246e-014	-8.37930524e-014	5.13317224e-016	
7.71377460e+000	8.37946246e-014	-8.37930524e-014	5.13317224e-016	
7.81395349e+000	8.37946246e-014	-8.37930524e-014	5.13317224e-016	
7.91413238e+000	6.10816683e-014	-6.10816681e-014	-4.59155351e-018	
8.01431127e+000	6.10816683e-014	-6.10816681e-014	-4.59155351e-018	
8.11449016e+000	6.10816683e-014	-6.10816681e-014	-4.59155351e-018	
8.21466905e+000	6.10816683e-014	-6.10816681e-014	-4.59155351e-018	
8.31484794e+000	6.10816683e-014	-6.10816681e-014	-4.59155351e-018	
8.41502683e+000	1.68815563e-014	-1.68511340e-014	-1.01302843e-015	
8.51520572e+000	1.68815563e-014	-1.68511340e-014	-1.01302843e-015	
8.61538462e+000	1.68815563e-014	-1.68511340e-014	-1.01302843e-015	
8.71556351e+000	1.68815563e-014	-1.68511340e-014	-1.01302843e-015	
8.81574240e+000	4.59861743e-014	4.59292118e-014	-2.28817130e-015	
8.91592129e+000	4.59861743e-014	4.59292118e-014	-2.28817130e-015	
9.01610018e+000	4.59861743e-014	4.59292118e-014	-2.28817130e-015	
9.11627907e+000	4.59861743e-014	4.59292118e-014	-2.28817130e-015	
9.21645796e+000	4.59861743e-014	4.59292118e-014	-2.28817130e-015	
9.31663685e+000	4.59861743e-014	4.59292118e-014	-2.28817130e-015	
9.41681574e+000	4.59861743e-014	4.59292118e-014	-2.28817130e-015	
9.51699463e+000	4.59861743e-014	4.59292118e-014	-2.28817130e-015	
9.61717352e+000	4.59861743e-014	4.59292118e-014	-2.28817130e-015	
9.71735242e+000	1.12122830e-013	1.12056201e-013	-3.86481903e-015	
9.81753131e+000	1.12122830e-013	1.12056201e-013	-3.86481903e-015	
9.91771020e+000	1.12122830e-013	1.12056201e-013	-3.86481903e-015	
1.00178891e+001	1.12122830e-013	1.12056201e-013	-3.86481903e-015	
1.01180680e+001	2.17477412e-013	2.17375467e-013	-6.65814340e-015	
1.02182469e+001	2.17477412e-013	2.17375467e-013	-6.65814340e-015	
1.03184258e+001	2.17477412e-013	2.17375467e-013	-6.65814340e-015	
1.04186047e+001	2.17477412e-013	2.17375467e-013	-6.65814340e-015	
1.05187835e+001	3.59982871e-013	3.59860160e-013	-9.39852584e-015	
1.06189624e+001	3.59982871e-013	3.59860160e-013	-9.39852584e-015	
1.07191413e+001	3.59982871e-013	3.59860160e-013	-9.39852584e-015	
1.08193202e+001	3.59982871e-013	3.59860160e-013	-9.39852584e-015	
1.09194991e+001	3.59982871e-013	3.59860160e-013	-9.39852584e-015	
1.10196780e+001	4.63830723e-013	4.63708782e-013	-1.06351167e-014	
1.11198569e+001	4.63830723e-013	4.63708782e-013	-1.06351167e-014	
1.12200358e+001	4.63830723e-013	4.63708782e-013	-1.06351167e-014	
1.13202147e+001	4.63830723e-013	4.63708782e-013	-1.06351167e-014	
1.14203936e+001	4.63830723e-013	4.63708782e-013	-1.06351167e-014	
1.15205725e+001	4.63830723e-013	4.63708782e-013	-1.06351167e-014	
1.16207513e+001	4.63830723e-013	4.63708782e-013	-1.06351167e-014	
1.17209302e+001	4.63830723e-013	4.63708782e-013	-1.06351167e-014	
1.18211091e+001	9.36054849e-013	9.35884509e-013	-1.78568324e-014	
1.19212880e+001	9.36054849e-013	9.35884509e-013	-1.78568324e-014	
1.20214669e+001	9.36054849e-013	9.35884509e-013	-1.78568324e-014	
1.21216458e+001	9.36054849e-013	9.35884509e-013	-1.78568324e-014	
1.22218247e+001	9.36054849e-013	9.35884509e-013	-1.78568324e-014	
1.23220036e+001	1.42217081e-012	1.42201427e-012	-2.11004925e-014	
1.24221825e+001	1.42217081e-012	1.42201427e-012	-2.11004925e-014	
1.25223614e+001	1.42217081e-012	1.42201427e-012	-2.11004925e-014	
1.26225403e+001	1.42217081e-012	1.42201427e-012	-2.11004925e-014	
1.27227191e+001	1.42217081e-012	1.42201427e-012	-2.11004925e-014	
1.28228980e+001	1.42217081e-012	1.42201427e-012	-2.11004925e-014	
1.29230769e+001	1.42217081e-012	1.42201427e-012	-2.11004925e-014	
1.30232558e+001	1.42217081e-012	1.42201427e-012	-2.11004925e-014	
1.31234347e+001	1.42217081e-012	1.42201427e-012	-2.11004925e-014	
1.32236136e+001	2.76373533e-012	2.76359900e-012	-2.74513260e-014	
1.33237925e+001	2.76373533e-012	2.76359900e-012	-2.74513260e-014	
1.34239714e+001	2.76373533e-012	2.76359900e-012	-2.74513260e-014	
1.35241503e+001	2.76373533e-012	2.76359900e-012	-2.74513260e-014	
1.36243292e+001	2.76373533e-012	2.76359900e-012	-2.74513260e-014	
1.37245081e+001	2.76373533e-012	2.76359900e-012	-2.74513260e-014	
1.38246869e+001	2.76373533e-012	2.76359900e-012	-2.74513260e-014	
1.39248658e+001	2.76373533e-012	2.76359900e-012	-2.74513260e-014	
1.40250447e+001	3.37203447e-012	3.37193027e-012	-2.65082561e-014	
1.41252236e+001	3.37203447e-012	3.37193027e-012	-2.65082561e-014	
1.42254025e+001	3.37203447e-012	3.37193027e-012	-2.65082561e-014	
1.43255814e+001	3.37203447e-012	3.37193027e-012	-2.65082561e-014	
1.44257603e+001	3.37203447e-012	3.37193027e-012	-2.65082561e-014	
1.45259392e+001	5.49300042e-012	5.49293309e-012	-2.71986690e-014	
1.46261181e+001	5.49300042e-012	5.49293309e-012	-2.71986690e-014	
1.47262970e+001	5.49300042e-012	5.49293309e-012	-2.71986690e-014	
1.48264758e+001	5.49300042e-012	5.49293309e-012	-2.71986690e-014	
1.49266547e+001	6.13330654e-012	6.13328090e-012	-1.77376505e-014	
1.50268336e+001	6.13330654e-012	6.13328090e-012	-1.77376505e-014	
1.51270125e+001	6.13330654e-012	6.13328090e-012	-1.77376505e-014	
1.52271914e+001	6.13330654e-012	6.13328090e-012	-1.77376505e-014	
1.53273703e+001	6.80285547e-012	6.80284882e-012	-9.51300440e-015	
1.54275492e+001	6.80285547e-012	6.80284882e-012	-9.51300440e-015	
1.55277281e+001	6.80285547e-012	6.80284882e-012	-9.51300440e-015	
1.56279070e+001	6.80285547e-012	6.80284882e-012	-9.51300440e-015	
1.57280859e+001	6.80285547e-012	6.80284882e-012	-9.51300440e-015	
1.58282648e+001	1.13237896e-011	1.13237895e-011	1.49675869e-015	
1.59284436e+001	1.13237896e-011	1.13237895e-011	1.49675869e-015	
1.60286225e+001	1.13237896e-011	1.13237895e-011	1.49675869e-015	
1.61288014e+001	1.13237896e-011	1.13237895e-011	1.49675869e-015	
1.62289803e+001	1.16425957e-011	1.16425915e-011	9.92121725e-015	
1.63291592e+001	1.16425957e-011	1.16425915e-011	9.92121725e-015	
1.64293381e+001	1.16425957e-011	1.16425915e-011	9.92121725e-015	
1.65295170e+001	1.16425957e-011	1.16425915e-011	9.92121725e-015	
1.66296959e+001	1.14645959e-011	1.14645898e-011	1.18452049e-014	
1.67298748e+001	1.14645959e-011	1.14645898e-011	1.18452049e-014	
1.68300537e+001	1.14645959e-011	1.14645898e-011	1.18452049e-014	
1.69302326e+001	1.14645959e-011	1.14645898e-011	1.18452049e-014	
1.70304114e+001	1.14645959e-011	1.14645898e-011	1.18452049e-014	
1.71305903e+001	1.11237893e-011	1.11237871e-011	7.08171080e-015	
1.72307692e+001	1.11237893e-011	1.11237871e-011	7.08171080e-015	
1.73309481e+001	1.11237893e-011	1.11237871e-011	7.08171080e-015	
1.74311270e+001	1.11237893e-011	1.11237871e-011	7.08171080e-015	
1.75313059e+001	1.11237893e-011	1.11237871e-011	7.08171080e-015	
1.76314848e+001	1.11237893e-011	1.11237871e-011	7.08171080e-015	
1.77316637e+001	1.11237893e-011	1.11237871e-011	7.08171080e-015	
1.78318426e+001	1.11237893e-011	1.11237871e-011	7.08171080e-015	
1.79320215e+001	1.11237893e-011	1.11237871e-011	7.08171080e-015	
1.80322004e+001	1.41517548e-011	1.41517481e-011	-1.38100671e-014	
1.81323792e+001	1.41517548e-011	1.41517481e-011	-1.38100671e-014	
1.82325581e+001	1.41517548e-011	1.41517481e-011	-1.38100671e-014	
1.83327370e+001	1.41517548e-011	1.41517481e-011	-1.38100671e-014	
1.84329159e+001	1.22402548e-011	1.22402067e-011	-3.43257748e-014	
1.85330948e+001	1.22402548e-011	1.22402067e-011	-3.43257748e-014	
1.86332737e+001	1.22402548e-011	1.22402067e-011	-3.43257748e-014	
1.87334526e+001	1.22402548e-011	1.22402067e-011	-3.43257748e-014	
1.88336315e+001	1.22402548e-011	1.22402067e-011	-3.43257748e-014	
1.89338104e+001	1.22402548e-011	1.22402067e-011	-3.43257748e-014	
1.90339893e+001	1.22402548e-011	1.22402067e-011	-3.43257748e-014	
1.91341682e+001	1.22402548e-011	1.22402067e-011	-3.43257748e-014	
1.92343470e+001	1.22402548e-011	1.22402067e-011	-3.43257748e-014	
1.93345259e+001	1.38237527e-011	1.38236109e-011	-6.25985698e-014	
1.94347048e+001	1.38237527e-011	1.38236109e-011	-6.25985698e-014	
1.95348837e+001	1.38237527e-011	1.38236109e-011	-6.25985698e-014	
1.96350626e+001	1.38237527e-011	1.38236109e-011	-6.25985698e-014	
1.97352415e+001	1.07533480e-011	1.07531557e-011	-6.42988971e-014	
1.98354204e+001	1.07533480e-011	1.07531557e-011	-6.42988971e-014	
1.99355993e+001	1.07533480e-011	1.07531557e-011	-6.42988971e-014	
2.00357782e+001	1.07533480e-011	1.07531557e-011	-6.42988971e-014	
2.01359571e+001	7.36730543e-012	7.36708262e-012	-5.72972071e-014	
2.02361360e+001	7.36730543e-012	7.36708262e-012	-5.72972071e-014	
2.03363148e+001	7.36730543e-012	7.36708262e-012	-5.72972071e-014	
2.04364937e+001	7.36730543e-012	7.36708262e-012	-5.72972071e-014	
2.05366726e+001	7.36730543e-012	7.36708262e-012	-5.72972071e-014	
2.06368515e+001	4.01085232e-012	4.01072087e-012	-3.24720491e-014	
2.07370304e+001	4.01085232e-012	4.01072087e-012	-3.24720491e-014	
2.08372093e+001	4.01085232e-012	4.01072087e-012	-3.24720491e-014	
2.09373882e+001	4.01085232e-012	4.01072087e-012	-3.24720491e-014	
2.10375671e+001	4.01085232e-012	4.01072087e-012	-3.24720491e-014	
2.11377460e+001	4.01085232e-012	4.01072087e-012	-3.24720491e-014	
2.12379249e+001	4.01085232e-012	4.01072087e-012	-3.24720491e-014	
2.13381038e+001	4.01085232e-012	4.01072087e-012	-3.24720491e-014	
2.14382826e+001	7.91901988e-013	-7.91797097e-013	1.28885969e-014	
2.15384615e+001	7.91901988e-013	-7.91797097e-013	1.28885969e-014	
2.16386404e+001	7.91901988e-013	-7.91797097e-013	1.28885969e-014	
2.17388193e+001	7.91901988e-013	-7.91797097e-013	1.28885969e-014	
2.18389982e+001	7.91901988e-013	-7.91797097e-013	1.28885969e-014	
2.19391771e+001	3.36406199e-012	-3.36384999e-012	3.77673700e-014	
2.20393560e+001	3.36406199e-012	-3.36384999e-012	3.77673700e-014	
2.21395349e+001	3.36406199e-012	-3.36384999e-012	3.77673700e-014	
2.22397138e+001	3.36406199e-012	-3.36384999e-012	3.77673700e-014	
2.23398927e+001	6.01155484e-012	-6.01127896e-012	5.75927214e-014	
2.24400716e+001	6.01155484e-012	-6.01127896e-012	5.75927214e-014	
2.25402504e+001	6.01155484e-012	-6.01127896e-012	5.75927214e-014	
2.26404293e+001	6.01155484e-012	-6.01127896e-012	5.75927214e-014	
2.27406082e+001	6.01155484e-012	-6.01127896e-012	5.75927214e-014	
2.28407871e+001	1.02755250e-011	-1.02752095e-011	8.05212863e-014	
2.29409660e+001	1.02755250e-011	-1.02752095e-011	8.05212863e-014	
2.30411449e+001	1.02755250e-011	-1.02752095e-011	8.05212863e-014	
2.31413238e+001	1.02755250e-011	-1.02752095e-011	8.05212863e-014	
2.32415027e+001	1.02755250e-011	-1.02752095e-011	8.05212863e-014	
2.33416816e+001	1.02755250e-011	-1.02752095e-011	8.05212863e-014	
2.34418605e+001	1.02755250e-011	-1.02752095e-011	8.05212863e-014	
2.35420394e+001	1.02755250e-011	-1.02752095e-011	8.05212863e-014	
2.36422182e+001	1.09330900e-011	-1.09328871e-011	6.65985392e-014	
2.37423971e+001	1.09330900e-011	-1.09328871e-011	6.65985392e-014	
2.38425760e+001	1.09330900e-011	-1.09328871e-011	6.65985392e-014	
2.39427549e+001	1.09330900e-011	-1.09328871e-011	6.65985392e-014	
2.40429338e+001	1.09330900e-011	-1.09328871e-011	6.65985392e-014	
2.41431127e+001	1.31623220e-011	-1.31622010e-011	5.64427063e-014	
2.42432916e+001	1.31623220e-011	-1.31622010e-011	5.64427063e-014	
2.43434705e+001	1.31623220e-011	-1.31622010e-011	5.64427063e-014	
2.44436494e+001	1.31623220e-011	-1.31622010e-011	5.64427063e-014	
2.45438283e+001	1.30825293e-011	-1.30824976e-011	2.87876106e-014	
2.46440072e+001	1.30825293e-011	-1.30824976e-011	2.87876106e-014	
2.47441860e+001	1.30825293e-011	-1.30824976e-011	2.87876106e-014	
2.48443649e+001	1.30825293e-011	-1.30824976e-011	2.87876106e-014	
2.49445438e+001	1.34226121e-011	-1.34226017e-011	1.67081714e-014	
2.50447227e+001	1.34226121e-011	-1.34226017e-011	1.67081714e-014	
2.51449016e+001	1.34226121e-011	-1.34226017e-011	1.67081714e-014	
2.52450805e+001	1.34226121e-011	-1.34226017e-011	1.67081714e-014	
2.53452594e+001	1.34226121e-011	-1.34226017e-011	1.67081714e-014	
2.54454383e+001	1.32077842e-011	-1.32077837e-011	3.68994375e-015	
2.55456172e+001	1.32077842e-011	-1.32077837e-011	3.68994375e-015	
2.56457961e+001	1.32077842e-011	-1.32077837e-011	3.68994375e-015	
2.57459750e+001	1.32077842e-011	-1.32077837e-011	3.68994375e-015	
2.58461538e+001	8.01933959e-012	-8.01933593e-012	-7.66530867e-015	
2.59463327e+001	8.01933959e-012	-8.01933593e-012	-7.66530867e-015	
2.60465116e+001	8.01933959e-012	-8.01933593e-012	-7.66530867e-015	
2.61466905e+001	8.01933959e-012	-8.01933593e-012	-7.66530867e-015	
2.62468694e+001	8.01933959e-012	-8.01933593e-012	-7.66530867e-015	
2.63470483e+001	8.01933959e-012	-8.01933593e-012	-7.66530867e-015	
2.64472272e+001	8.01933959e-012	-8.01933593e-012	-7.66530867e-015	
2.65474061e+001	8.01933959e-012	-8.01933593e-012	-7.66530867e-015	
2.66475850e+001	8.01933959e-012	-8.01933593e-012	-7.66530867e-015	
2.67477639e+001	9.26770371e-012	-9.26769464e-012	-1.29669457e-014	
2.68479428e+001	9.26770371e-012	-9.26769464e-012	-1.29669457e-014	
2.69481216e+001	9.26770371e-012	-9.26769464e-012	-1.29669457e-014	
2.70483005e+001	9.26770371e-012	-9.26769464e-012	-1.29669457e-014	
2.71484794e+001	8.96907281e-012	-8.96906264e-012	-1.35057868e-014	
2.72486583e+001	8.96907281e-012	-8.96906264e-012	-1.35057868e-014	
2.73488372e+001	8.96907281e-012	-8.96906264e-012	-1.35057868e-014	
2.74490161e+001	8.96907281e-012	-8.96906264e-012	-1.35057868e-014	
2.75491950e+001	8.96907281e-012	-8.96906264e-012	-1.35057868e-014	
2.76493739e+001	6.73697336e-012	-6.73696687e-012	-9.34609830e-015	
2.77495528e+001	6.73697336e-012	-6.73696687e-012	-9.34609830e-015	
2.78497317e+001	5.99465267e-012	-5.99464785e-012	-7.60585223e-015	
2.79499106e+001	5.51411506e-012	-5.51411167e-012	-6.11453739e-015	
2.80500894e+001	5.08272957e-012	-5.08272696e-012	-5.15177712e-015	
2.81502683e+001	4.93958026e-012	-4.93957853e-012	-4.13230710e-015	
2.82504472e+001	4.88807827e-012	-4.88807707e-012	-3.42394601e-015	
2.83506261e+001	4.91841799e-012	-4.91841753e-012	-2.11868836e-015	
2.84508050e+001	5.18102550e-012	-5.18102546e-012	-6.67863725e-016	
2.85509839e+001	5.18102550e-012	-5.18102546e-012	-6.67863725e-016	
2.86511628e+001	5.18102550e-012	-5.18102546e-012	-6.67863725e-016	
2.87513417e+001	4.74039130e-012	-4.74039119e-012	9.98060065e-016	
2.88515206e+001	4.74039130e-012	-4.74039119e-012	9.98060065e-016	
2.89516995e+001	3.43361335e-012	-3.43361148e-012	3.59172499e-015	
2.90518784e+001	3.43361335e-012	-3.43361148e-012	3.59172499e-015	
2.91520572e+001	3.43361335e-012	-3.43361148e-012	3.59172499e-015	
2.92522361e+001	3.43361335e-012	-3.43361148e-012	3.59172499e-015	
2.93524150e+001	3.11234359e-012	-3.11233315e-012	8.06143757e-015	
2.94525939e+001	3.11234359e-012	-3.11233315e-012	8.06143757e-015	
2.95527728e+001	3.11234359e-012	-3.11233315e-012	8.06143757e-015	
2.96529517e+001	3.11234359e-012	-3.11233315e-012	8.06143757e-015	
2.97531306e+001	3.11234359e-012	-3.11233315e-012	8.06143757e-015	
2.98533095e+001	2.18578041e-012	-2.18576263e-012	8.81632255e-015	
2.99534884e+001	2.18578041e-012	-2.18576263e-012	8.81632255e-015	
3.00536673e+001	2.18578041e-012	-2.18576263e-012	8.81632255e-015	
3.01538462e+001	2.18578041e-012	-2.18576263e-012	8.81632255e-015	
3.02540250e+001	1.72781981e-012	-1.72778667e-012	1.07020618e-014	
3.03542039e+001	1.72781981e-012	-1.72778667e-012	1.07020618e-014	
3.04543828e+001	1.72781981e-012	-1.72778667e-012	1.07020618e-014	
3.05545617e+001	1.72781981e-012	-1.72778667e-012	1.07020618e-014	
3.06547406e+001	1.33364102e-012	-1.33358674e-012	1.20317534e-014	
3.07549195e+001	1.33364102e-012	-1.33358674e-012	1.20317534e-014	
3.08550984e+001	1.33364102e-012	-1.33358674e-012	1.20317534e-014	
3.09552773e+001	1.33364102e-012	-1.33358674e-012	1.20317534e-014	
3.10554562e+001	1.33364102e-012	-1.33358674e-012	1.20317534e-014	
3.11556351e+001	1.33364102e-012	-1.33358674e-012	1.20317534e-014	
3.12558140e+001	1.33364102e-012	-1.33358674e-012	1.20317534e-014	
3.13559928e+001	1.33364102e-012	-1.33358674e-012	1.20317534e-014	
3.14561717e+001	1.33364102e-012	-1.33358674e-012	1.20317534e-014	
3.15563506e+001	8.70061145e-013	-8.69998940e-013	1.04038320e-014	
3.16565295e+001	8.70061145e-013	-8.69998940e-013	1.04038320e-014	
3.17567084e+001	8.70061145e-013	-8.69998940e-013	1.04038320e-014	
3.18568873e+001	8.70061145e-013	-8.69998940e-013	1.04038320e-014	
3.19570662e+001	8.70061145e-013	-8.69998940e-013	1.04038320e-014	
3.20572451e+001	8.70061145e-013	-8.69998940e-013	1.04038320e-014	
3.21574240e+001	8.70061145e-013	-8.69998940e-013	1.04038320e-014	
3.22576029e+001	8.70061145e-013	-8.69998940e-013	1.04038320e-014	
3.23577818e+001	8.70061145e-013	-8.69998940e-013	1.04038320e-014	
3.24579606e+001	6.41286868e-013	-6.41213740e-013	9.68438408e-015	
3.25581395e+001	6.41286868e-013	-6.41213740e-013	9.68438408e-015	
3.26583184e+001	6.41286868e-013	-6.41213740e-013	9.68438408e-015	
3.27584973e+001	6.41286868e-013	-6.41213740e-013	9.68438408e-015	
3.28586762e+001	6.41286868e-013	-6.41213740e-013	9.68438408e-015	
3.29588551e+001	6.41286868e-013	-6.41213740e-013	9.68438408e-015	
3.30590340e+001	6.41286868e-013	-6.41213740e-013	9.68438408e-015	
3.31592129e+001	6.41286868e-013	-6.41213740e-013	9.68438408e-015	
3.32593918e+001	4.39446213e-013	-4.39392062e-013	6.89858122e-015	
3.33595707e+001	4.39446213e-013	-4.39392062e-013	6.89858122e-015	
3.34597496e+001	4.39446213e-013	-4.39392062e-013	6.89858122e-015	
3.35599284e+001	4.39446213e-013	-4.39392062e-013	6.89858122e-015	
3.36601073e+001	4.39446213e-013	-4.39392062e-013	6.89858122e-015	
3.37602862e+001	5.54807861e-013	-5.54742549e-013	8.51272680e-015	
3.38604651e+001	5.54807861e-013	-5.54742549e-013	8.51272680e-015	
3.39606440e+001	5.54807861e-013	-5.54742549e-013	8.51272680e-015	
3.40608229e+001	5.54807861e-013	-5.54742549e-013	8.51272680e-015	
3.41610018e+001	4.08929083e-013	-4.08886040e-013	5.93308275e-015	
3.42611807e+001	4.08929083e-013	-4.08886040e-013	5.93308275e-015	
3.43613596e+001	4.08929083e-013	-4.08886040e-013	5.93308275e-015	
3.44615385e+001	4.08929083e-013	-4.08886040e-013	5.93308275e-015	
3.45617174e+001	4.08929083e-013	-4.08886040e-013	5.93308275e-015	
3.46618962e+001	4.21762114e-013	-4.21722553e-013	5.77663305e-015	
3.47620751e+001	4.21762114e-013	-4.21722553e-013	5.77663305e-015	
3.48622540e+001	4.21762114e-013	-4.21722553e-013	5.77663305e-015	
3.49624329e+001	4.21762114e-013	-4.21722553e-013	5.77663305e-015	
3.50626118e+001	3.20565518e-013	-3.20541201e-013	3.94838598e-015	
3.51627907e+001	3.20565518e-013	-3.20541201e-013	3.94838598e-015	
3.52629696e+001	3.20565518e-013	-3.20541201e-013	3.94838598e-015	
3.53631485e+001	3.20565518e-013	-3.20541201e-013	3.94838598e-015	
3.54633274e+001	3.20565518e-013	-3.20541201e-013	3.94838598e-015	
3.55635063e+001	3.20565518e-013	-3.20541201e-013	3.94838598e-015	
3.56636852e+001	3.20565518e-013	-3.20541201e-013	3.94838598e-015	
3.57638640e+001	3.20565518e-013	-3.20541201e-013	3.94838598e-015	
3.58640429e+001	3.20565518e-013	-3.20541201e-013	3.94838598e-015	
3.59642218e+001	3.36499975e-013	-3.36480998e-013	3.57369986e-015	
3.60644007e+001	3.36499975e-013	-3.36480998e-013	3.57369986e-015	
3.61645796e+001	3.36499975e-013	-3.36480998e-013	3.57369986e-015	
3.62647585e+001	3.36499975e-013	-3.36480998e-013	3.57369986e-015	
3.63649374e+001	3.74518211e-013	-3.74501951e-013	3.48982872e-015	
3.64651163e+001	3.74518211e-013	-3.74501951e-013	3.48982872e-015	
3.65652952e+001	3.74518211e-013	-3.74501951e-013	3.48982872e-015	
3.66654741e+001	3.74518211e-013	-3.74501951e-013	3.48982872e-015	
3.67656530e+001	3.67465174e-013	-3.67452468e-013	3.05579737e-015	
3.68658318e+001	3.67465174e-013	-3.67452468e-013	3.05579737e-015	
3.69660107e+001	3.67465174e-013	-3.67452468e-013	3.05579737e-015	
3.70661896e+001	3.67465174e-013	-3.67452468e-013	3.05579737e-015	
3.71663685e+001	3.67465174e-013	-3.67452468e-013	3.05579737e-015	
3.72665474e+001	3.53790527e-013	-3.53780534e-013	2.65903408e-015	
3.73667263e+001	3.53790527e-013	-3.53780534e-013	2.65903408e-015	
3.74669052e+001	3.53790527e-013	-3.53780534e-013	2.65903408e-015	
3.75670841e+001	3.53790527e-013	-3.53780534e-013	2.65903408e-015	
3.76672630e+001	3.42604670e-013	-3.42596085e-013	2.42546805e-015	
3.77674419e+001	3.42604670e-013	-3.42596085e-013	2.42546805e-015	
3.78676208e+001	3.42604670e-013	-3.42596085e-013	2.42546805e-015	
3.79677996e+001	3.42604670e-013	-3.42596085e-013	2.42546805e-015	
3.80679785e+001	3.19182161e-013	-3.19174662e-013	2.18790248e-015	
3.81681574e+001	3.19182161e-013	-3.19174662e-013	2.18790248e-015	
3.82683363e+001	3.19182161e-013	-3.19174662e-013	2.18790248e-015	
3.83685152e+001	3.19182161e-013	-3.19174662e-013	2.18790248e-015	
3.84686941e+001	3.19182161e-013	-3.19174662e-013	2.18790248e-015	
3.85688730e+001	3.38722193e-013	-3.38713406e-013	2.43968254e-015	
3.86690519e+001	3.38722193e-013	-3.38713406e-013	2.43968254e-015	
3.87692308e+001	3.38722193e-013	-3.38713406e-013	2.43968254e-015	
3.88694097e+001	3.38722193e-013	-3.38713406e-013	2.43968254e-015	
3.89695886e+001	3.38722193e-013	-3.38713406e-013	2.43968254e-015	
3.90697674e+001	3.38722193e-013	-3.38713406e-013	2.43968254e-015	
3.91699463e+001	3.38722193e-013	-3.38713406e-013	2.43968254e-015	
3.92701252e+001	3.38722193e-013	-3.38713406e-013	2.43968254e-015	
3.93703041e+001	3.38722193e-013	-3.38713406e-013	2.43968254e-015	
3.94704830e+001	3.04236737e-013	-3.04224165e-013	2.76575650e-015	
3.95706619e+001	3.04236737e-013	-3.04224165e-013	2.76575650e-015	
3.96708408e+001	3.04236737e-013	-3.04224165e-013	2.76575650e-015	
3.97710197e+001	3.04236737e-013	-3.04224165e-013	2.76575650e-015	
3.98711986e+001	2.81107238e-013	-2.81091251e-013	2.99795559e-015	
3.99713775e+001	2.81107238e-013	-2.81091251e-013	2.99795559e-015	
4.00715564e+001	2.81107238e-013	-2.81091251e-013	2.99795559e-015	
4.01717352e+001	2.81107238e-013	-2.81091251e-013	2.99795559e-015	
4.02719141e+001	2.43317461e-013	-2.43297765e-013	3.09588587e-015	
4.03720930e+001	2.43317461e-013	-2.43297765e-013	3.09588587e-015	
4.04722719e+001	2.43317461e-013	-2.43297765e-013	3.09588587e-015	
4.05724508e+001	2.43317461e-013	-2.43297765e-013	3.09588587e-015	
4.06726297e+001	2.43317461e-013	-2.43297765e-013	3.09588587e-015	
4.07728086e+001	1.54133440e-013	-1.54113766e-013	2.46263378e-015	
4.08729875e+001	1.54133440e-013	-1.54113766e-013	2.46263378e-015	
4.09731664e+001	1.54133440e-013	-1.54113766e-013	2.46263378e-015	
4.10733453e+001	1.54133440e-013	-1.54113766e-013	2.46263378e-015	
4.11735242e+001	1.54133440e-013	-1.54113766e-013	2.46263378e-015	
4.12737030e+001	1.54133440e-013	-1.54113766e-013	2.46263378e-015	
4.13738819e+001	1.54133440e-013	-1.54113766e-013	2.46263378e-015	
4.14740608e+001	1.54133440e-013	-1.54113766e-013	2.46263378e-015	
4.15742397e+001	1.34480567e-013	-1.34455732e-013	2.58440438e-015	
4.16744186e+001	1.34480567e-013	-1.34455732e-013	2.58440438e-015	
4.17745975e+001	1.34480567e-013	-1.34455732e-013	2.58440438e-015	
4.18747764e+001	1.34480567e-013	-1.34455732e-013	2.58440438e-015	
4.19749553e+001	1.34480567e-013	-1.34455732e-013	2.58440438e-015	
4.20751342e+001	1.01836021e-013	-1.01807342e-013	2.41665361e-015	
4.21753131e+001	1.01836021e-013	-1.01807342e-013	2.41665361e-015	
4.22754919e+001	1.01836021e-013	-1.01807342e-013	2.41665361e-015	
4.23756708e+001	1.01836021e-013	-1.01807342e-013	2.41665361e-015	
4.24758497e+001	6.67312688e-014	-6.67077987e-014	1.76969929e-015	
4.25760286e+001	6.67312688e-014	-6.67077987e-014	1.76969929e-015	
4.26762075e+001	6.67312688e-014	-6.67077987e-014	1.76969929e-015	
4.27763864e+001	6.67312688e-014	-6.67077987e-014	1.76969929e-015	
4.28765653e+001	6.67312688e-014	-6.67077987e-014	1.76969929e-015	
4.29767442e+001	6.67312688e-014	-6.67077987e-014	1.76969929e-015	
4.30769231e+001	6.67312688e-014	-6.67077987e-014	1.76969929e-015	
4.31771020e+001	6.67312688e-014	-6.67077987e-014	1.76969929e-015	
4.32772809e+001	6.67312688e-014	-6.67077987e-014	1.76969929e-015	
4.33774597e+001	5.12572342e-014	-5.12340462e-014	1.54161194e-015	
4.34776386e+001	5.12572342e-014	-5.12340462e-014	1.54161194e-015	
4.35778175e+001	5.12572342e-014	-5.12340462e-014	1.54161194e-015	
4.36779964e+001	5.12572342e-014	-5.12340462e-014	1.54161194e-015	
4.37781753e+001	3.31502715e-014	-3.31301322e-014	1.15535557e-015	
4.38783542e+001	3.31502715e-014	-3.31301322e-014	1.15535557e-015	
4.39785331e+001	3.31502715e-014	-3.31301322e-014	1.15535557e-015	
4.40787120e+001	3.31502715e-014	-3.31301322e-014	1.15535557e-015	
4.41788909e+001	3.31502715e-014	-3.31301322e-014	1.15535557e-015	
4.42790698e+001	2.02765805e-014	-2.02599944e-014	8.19967023e-016	
4.43792487e+001	2.02765805e-014	-2.02599944e-014	8.19967023e-016	
4.44794275e+001	2.02765805e-014	-2.02599944e-014	8.19967023e-016	
4.45796064e+001	2.02765805e-014	-2.02599944e-014	8.19967023e-016	
4.46797853e+001	1.21160064e-014	-1.21023022e-014	5.76101190e-016	
4.47799642e+001	1.21160064e-014	-1.21023022e-014	5.76101190e-016	
4.48801431e+001	1.21160064e-014	-1.21023022e-014	5.76101190e-016	
4.49803220e+001	1.21160064e-014	-1.21023022e-014	5.76101190e-016	
4.50805009e+001	6.92416343e-015	-6.91123726e-015	4.22893371e-016	
4.51806798e+001	6.92416343e-015	-6.91123726e-015	4.22893371e-016	
4.52808587e+001	6.92416343e-015	-6.91123726e-015	4.22893371e-016	
4.53810376e+001	6.92416343e-015	-6.91123726e-015	4.22893371e-016	
4.54812165e+001	6.92416343e-015	-6.91123726e-015	4.22893371e-016	
4.55813953e+001	5.82941223e-016	-5.37763580e-016	2.25012892e-016	
4.56815742e+001	5.82941223e-016	-5.37763580e-016	2.25012892e-016	
4.57817531e+001	5.82941223e-016	-5.37763580e-016	2.25012892e-016	
4.58819320e+001	5.82941223e-016	-5.37763580e-016	2.25012892e-016	
4.59821109e+001	5.82941223e-016	-5.37763580e-016	2.25012892e-016	
4.60822898e+001	5.82941223e-016	-5.37763580e-016	2.25012892e-016	
4.61824687e+001	5.82941223e-016	-5.37763580e-016	2.25012892e-016	
4.62826476e+001	5.82941223e-016	-5.37763580e-016	2.25012892e-016	
4.63828265e+001	8.49776304e-015	8.49762505e-015	-4.84272240e-017	
4.64830054e+001	8.49776304e-015	8.49762505e-015	-4.84272240e-017	
4.65831843e+001	8.49776304e-015	8.49762505e-015	-4.84272240e-017	
4.66833631e+001	8.49776304e-015	8.49762505e-015	-4.84272240e-017	
4.67835420e+001	8.49776304e-015	8.49762505e-015	-4.84272240e-017	
4.68837209e+001	1.43316696e-014	1.43305238e-014	-1.81219200e-016	
4.69838998e+001	1.43316696e-014	1.43305238e-014	-1.81219200e-016	
4.70840787e+001	1.43316696e-014	1.43305238e-014	-1.81219200e-016	
4.71842576e+001	1.43316696e-014	1.43305238e-014	-1.81219200e-016	
4.72844365e+001	1.76719468e-014	1.76701768e-014	-2.50108023e-016	
4.73846154e+001	1.76719468e-014	1.76701768e-014	-2.50108023e-016	
4.74847943e+001	1.76719468e-014	1.76701768e-014	-2.50108023e-016	
4.75849732e+001	1.76719468e-014	1.76701768e-014	-2.50108023e-016	
4.76851521e+001	1.76719468e-014	1.76701768e-014	-2.50108023e-016	
4.77853309e+001	1.76719468e-014	1.76701768e-014	-2.50108023e-016	
4.78855098e+001	1.76719468e-014	1.76701768e-014	-2.50108023e-016	
4.79856887e+001	1.76719468e-014	1.76701768e-014	-2.50108023e-016	
4.80858676e+001	1.76719468e-014	1.76701768e-014	-2.50108023e-016	
4.81860465e+001	2.56191461e-014	2.56168920e-014	-3.39844260e-016	
4.82862254e+001	2.56191461e-014	2.56168920e-014	-3.39844260e-016	
4.83864043e+001	2.56191461e-014	2.56168920e-014	-3.39844260e-016	
4.84865832e+001	2.56191461e-014	2.56168920e-014	-3.39844260e-016	
4.85867621e+001	2.98677009e-014	2.98656576e-014	-3.49355552e-016	
4.86869410e+001	2.98677009e-014	2.98656576e-014	-3.49355552e-016	
4.87871199e+001	2.98677009e-014	2.98656576e-014	-3.49355552e-016	
4.88872987e+001	2.98677009e-014	2.98656576e-014	-3.49355552e-016	
4.89874776e+001	2.98677009e-014	2.98656576e-014	-3.49355552e-016	
4.90876565e+001	3.48709111e-014	3.48690863e-014	-3.56741245e-016	
4.91878354e+001	3.48709111e-014	3.48690863e-014	-3.56741245e-016	
4.92880143e+001	3.48709111e-014	3.48690863e-014	-3.56741245e-016	
4.93881932e+001	3.48709111e-014	3.48690863e-014	-3.56741245e-016	
4.94883721e+001	2.97781299e-014	2.97769490e-014	-2.65196046e-016	
4.95885510e+001	2.97781299e-014	2.97769490e-014	-2.65196046e-016	
4.96887299e+001	2.97781299e-014	2.97769490e-014	-2.65196046e-016	
4.97889088e+001	2.97781299e-014	2.97769490e-014	-2.65196046e-016	
4.98890877e+001	2.97781299e-014	2.97769490e-014	-2.65196046e-016	
4.99892665e+001	2.97781299e-014	2.97769490e-014	-2.65196046e-016	
5.00894454e+001	2.97781299e-014	2.97769490e-014	-2.65196046e-016	
5.01896243e+001	2.97781299e-014	2.97769490e-014	-2.65196046e-016	
5.02898032e+001	2.97781299e-014	2.97769490e-014	-2.65196046e-016	
5.03899821e+001	4.14803565e-014	4.14793831e-014	-2.84173574e-016	
5.04901610e+001	4.14803565e-014	4.14793831e-014	-2.84173574e-016	
5.05903399e+001	4.14803565e-014	4.14793831e-014	-2.84173574e-016	
5.06905188e+001	4.14803565e-014	4.14793831e-014	-2.84173574e-016	
5.07906977e+001	3.23694826e-014	3.23688871e-014	-1.96346217e-016	
5.08908766e+001	3.23694826e-014	3.23688871e-014	-1.96346217e-016	
5.09910555e+001	3.23694826e-014	3.23688871e-014	-1.96346217e-016	
5.10912343e+001	3.23694826e-014	3.23688871e-014	-1.96346217e-016	
5.11914132e+001	2.84734578e-014	2.84730802e-014	-1.46640058e-016	
5.12915921e+001	2.84734578e-014	2.84730802e-014	-1.46640058e-016	
5.13917710e+001	2.84734578e-014	2.84730802e-014	-1.46640058e-016	
5.14919499e+001	2.84734578e-014	2.84730802e-014	-1.46640058e-016	
5.15921288e+001	2.84734578e-014	2.84730802e-014	-1.46640058e-016	
5.16923077e+001	2.86211508e-014	2.86208718e-014	-1.26394713e-016	
5.17924866e+001	2.86211508e-014	2.86208718e-014	-1.26394713e-016	
5.18926655e+001	2.86211508e-014	2.86208718e-014	-1.26394713e-016	
5.19928444e+001	2.86211508e-014	2.86208718e-014	-1.26394713e-016	
5.20930233e+001	2.86211508e-014	2.86208718e-014	-1.26394713e-016	
5.21932021e+001	2.86211508e-014	2.86208718e-014	-1.26394713e-016	
5.22933810e+001	2.86211508e-014	2.86208718e-014	-1.26394713e-016	
5.23935599e+001	2.86211508e-014	2.86208718e-014	-1.26394713e-016	
5.24937388e+001	1.65383094e-014	1.65382332e-014	-5.01978170e-017	
5.25939177e+001	1.65383094e-014	1.65382332e-014	-5.01978170e-017	
5.26940966e+001	1.65383094e-014	1.65382332e-014	-5.01978170e-017	
5.27942755e+001	1.65383094e-014	1.65382332e-014	-5.01978170e-017	
5.28944544e+001	1.65383094e-014	1.65382332e-014	-5.01978170e-017	
5.29946333e+001	1.65383094e-014	1.65382332e-014	-5.01978170e-017	
5.30948122e+001	1.65383094e-014	1.65382332e-014	-5.01978170e-017	
5.31949911e+001	1.65383094e-014	1.65382332e-014	-5.01978170e-017	
5.32951699e+001	1.65383094e-014	1.65382332e-014	-5.01978170e-017	
5.33953488e+001	1.54655557e-014	1.54655096e-014	-3.77677478e-017	
5.34955277e+001	1.54655557e-014	1.54655096e-014	-3.77677478e-017	
5.35957066e+001	1.54655557e-014	1.54655096e-014	-3.77677478e-017	
5.36958855e+001	1.54655557e-014	1.54655096e-014	-3.77677478e-017	
5.37960644e+001	1.54655557e-014	1.54655096e-014	-3.77677478e-017	
5.38962433e+001	9.80844399e-015	9.80842647e-015	-1.85374485e-017	
5.39964222e+001	9.80844399e-015	9.80842647e-015	-1.85374485e-017	
5.40966011e+001	9.80844399e-015	9.80842647e-015	-1.85374485e-017	
5.41967800e+001	9.80844399e-015	9.80842647e-015	-1.85374485e-017	
5.42969589e+001	9.80844399e-015	9.80842647e-015	-1.85374485e-017	
5.43971377e+001	9.80844399e-015	9.80842647e-015	-1.85374485e-017	
5.44973166e+001	9.80844399e-015	9.80842647e-015	-1.85374485e-017	
5.45974955e+001	9.80844399e-015	9.80842647e-015	-1.85374485e-017	
5.46976744e+001	7.06153943e-015	7.06153064e-015	-1.11403778e-017	
5.47978533e+001	7.06153943e-015	7.06153064e-015	-1.11403778e-017	
5.48980322e+001	7.06153943e-015	7.06153064e-015	-1.11403778e-017	
5.49982111e+001	7.06153943e-015	7.06153064e-015	-1.11403778e-017	
5.50983900e+001	7.06153943e-015	7.06153064e-015	-1.11403778e-017	
5.51985689e+001	3.98353968e-015	3.98353589e-015	-5.49728105e-018	
5.52987478e+001	3.98353968e-015	3.98353589e-015	-5.49728105e-018	
5.53989267e+001	3.98353968e-015	3.98353589e-015	-5.49728105e-018	
5.54991055e+001	3.98353968e-015	3.98353589e-015	-5.49728105e-018	
5.55992844e+001	2.00058422e-015	2.00058252e-015	-2.61079347e-018	
5.56994633e+001	2.00058422e-015	2.00058252e-015	-2.61079347e-018	
5.57996422e+001	1.19866539e-015	1.19866437e-015	-1.56385446e-018	
5.58998211e+001	7.49972293e-016	7.49971656e-016	-9.77973252e-019	
5.60000000e+001	7.69675862e-017	7.69675185e-017	-1.02067451e-019	
