% Column 0: Length, cm
% Column 1: |B.t|, Tesla
% Column 2: Re[B.t], Tesla
% Column 3: Im[B.t], Tesla
0.00000000e+000	3.95438330e-006	-3.95414650e-006	4.32751621e-008	
1.00178891e-001	3.95462002e-006	-3.95438319e-006	4.32797270e-008	
2.00357782e-001	3.95541830e-006	-3.95518134e-006	4.32952403e-008	
3.00536673e-001	3.95700652e-006	-3.95676929e-006	4.33292676e-008	
4.00715564e-001	3.95956822e-006	-3.95933056e-006	4.33818060e-008	
5.00894454e-001	3.96222064e-006	-3.96198255e-006	4.34360978e-008	
6.01073345e-001	3.96475901e-006	-3.96452051e-006	4.34875000e-008	
7.01252236e-001	3.96753739e-006	-3.96729844e-006	4.35427056e-008	
8.01431127e-001	3.97029721e-006	-3.97005783e-006	4.35979610e-008	
9.01610018e-001	3.97330836e-006	-3.97306850e-006	4.36580278e-008	
1.00178891e+000	3.98010653e-006	-3.97986563e-006	4.37905954e-008	
1.10196780e+000	3.98690471e-006	-3.98666275e-006	4.39231629e-008	
1.20214669e+000	3.99339896e-006	-3.99315587e-006	4.40618599e-008	
1.30232558e+000	3.99975633e-006	-3.99951207e-006	4.42033173e-008	
1.40250447e+000	4.00611371e-006	-4.00586827e-006	4.43447747e-008	
1.50268336e+000	4.01450556e-006	-4.01425870e-006	4.45200678e-008	
1.60286225e+000	4.02388207e-006	-4.02363366e-006	4.47117368e-008	
1.70304114e+000	4.03325859e-006	-4.03300862e-006	4.49034059e-008	
1.80322004e+000	4.04230384e-006	-4.04205242e-006	4.50842533e-008	
1.90339893e+000	4.05214918e-006	-4.05189622e-006	4.52765894e-008	
2.00357782e+000	4.06453896e-006	-4.06428376e-006	4.55470155e-008	
2.10375671e+000	4.07743455e-006	-4.07717685e-006	4.58413104e-008	
2.20393560e+000	4.09033014e-006	-4.09006994e-006	4.61356053e-008	
2.30411449e+000	4.10322573e-006	-4.10296304e-006	4.64299003e-008	
2.40429338e+000	4.11623814e-006	-4.11597310e-006	4.67105994e-008	
2.50447227e+000	4.12940194e-006	-4.12913476e-006	4.69736788e-008	
2.60465116e+000	4.14262522e-006	-4.14235569e-006	4.72555452e-008	
2.70483005e+000	4.15588679e-006	-4.15561476e-006	4.75494991e-008	
2.80500894e+000	4.16914836e-006	-4.16887383e-006	4.78434530e-008	
2.90518784e+000	4.18240993e-006	-4.18213290e-006	4.81374069e-008	
3.00536673e+000	4.19567151e-006	-4.19539197e-006	4.84313608e-008	
3.10554562e+000	4.21248690e-006	-4.21220432e-006	4.87920130e-008	
3.20572451e+000	4.23181071e-006	-4.23152470e-006	4.91997434e-008	
3.30590340e+000	4.25016561e-006	-4.24987605e-006	4.96106137e-008	
3.40608229e+000	4.26760930e-006	-4.26731610e-006	5.00244366e-008	
3.50626118e+000	4.28505300e-006	-4.28475614e-006	5.04382596e-008	
3.60644007e+000	4.30522195e-006	-4.30492109e-006	5.08965837e-008	
3.70661896e+000	4.32577109e-006	-4.32546617e-006	5.13611160e-008	
3.80679785e+000	4.34632025e-006	-4.34601125e-006	5.18256482e-008	
3.90697674e+000	4.36733342e-006	-4.36702060e-006	5.22713572e-008	
4.00715564e+000	4.38909429e-006	-4.38877762e-006	5.27228353e-008	
4.10733453e+000	4.42109215e-006	-4.42076748e-006	5.35790494e-008	
4.20751342e+000	4.45018585e-006	-4.44985381e-006	5.43617497e-008	
4.30769231e+000	4.47428321e-006	-4.47394493e-006	5.50179777e-008	
4.40787120e+000	4.49826271e-006	-4.49791776e-006	5.57070054e-008	
4.50805009e+000	4.52190526e-006	-4.52155295e-006	5.64452635e-008	
4.60822898e+000	4.54510083e-006	-4.54474268e-006	5.70572152e-008	
4.70840787e+000	4.56829643e-006	-4.56793242e-006	5.76691669e-008	
4.80858676e+000	4.59149205e-006	-4.59112215e-006	5.82811186e-008	
4.90876565e+000	4.61470669e-006	-4.61433092e-006	5.88891843e-008	
5.00894454e+000	4.63843536e-006	-4.63805510e-006	5.93920780e-008	
5.10912343e+000	4.66877137e-006	-4.66838353e-006	6.01774649e-008	
5.20930233e+000	4.70014359e-006	-4.69974765e-006	6.10071531e-008	
5.30948122e+000	4.73151586e-006	-4.73111176e-006	6.18368413e-008	
5.40966011e+000	4.76277269e-006	-4.76236038e-006	6.26685081e-008	
5.50983900e+000	4.79134253e-006	-4.79092130e-006	6.35326985e-008	
5.61001789e+000	4.82163538e-006	-4.82120677e-006	6.42889667e-008	
5.71019678e+000	4.85192826e-006	-4.85149224e-006	6.50452349e-008	
5.81037567e+000	4.88222116e-006	-4.88177771e-006	6.58015031e-008	
5.91055456e+000	4.91251408e-006	-4.91206318e-006	6.65577712e-008	
6.01073345e+000	4.94198118e-006	-4.94152179e-006	6.73827649e-008	
6.11091234e+000	4.96930167e-006	-4.96883109e-006	6.83864005e-008	
6.21109123e+000	4.99723336e-006	-4.99675090e-006	6.94389837e-008	
6.31127013e+000	5.02665020e-006	-5.02615424e-006	7.06105087e-008	
6.41144902e+000	5.05621524e-006	-5.05570568e-006	7.17811682e-008	
6.51162791e+000	5.10234920e-006	-5.10182904e-006	7.28549768e-008	
6.61180680e+000	5.14848320e-006	-5.14795239e-006	7.39287853e-008	
6.71198569e+000	5.18633277e-006	-5.18578756e-006	7.51992913e-008	
6.81216458e+000	5.21982568e-006	-5.21926400e-006	7.65732401e-008	
6.91234347e+000	5.25331874e-006	-5.25274043e-006	7.79471890e-008	
7.01252236e+000	5.28681195e-006	-5.28621687e-006	7.93211378e-008	
7.11270125e+000	5.32432739e-006	-5.32371666e-006	8.06419216e-008	
7.21288014e+000	5.36682397e-006	-5.36619645e-006	8.20684155e-008	
7.31305903e+000	5.40909257e-006	-5.40844823e-006	8.34877830e-008	
7.41323792e+000	5.45136128e-006	-5.45070001e-006	8.49071505e-008	
7.51341682e+000	5.49363009e-006	-5.49295178e-006	8.63265180e-008	
7.61359571e+000	5.52544647e-006	-5.52474197e-006	8.82319916e-008	
7.71377460e+000	5.55492916e-006	-5.55419604e-006	9.02460148e-008	
7.81395349e+000	5.59066608e-006	-5.58990765e-006	9.20850806e-008	
7.91413238e+000	5.62800105e-006	-5.62721801e-006	9.38794465e-008	
8.01431127e+000	5.67261644e-006	-5.67180692e-006	9.58306556e-008	
8.11449016e+000	5.72145101e-006	-5.72061383e-006	9.78727567e-008	
8.21466905e+000	5.76595648e-006	-5.76508969e-006	9.99745363e-008	
8.31484794e+000	5.80368310e-006	-5.80278371e-006	1.02169764e-007	
8.41502683e+000	5.84124158e-006	-5.84030879e-006	1.04385776e-007	
8.51520572e+000	5.87148162e-006	-5.87049736e-006	1.07504315e-007	
8.61538462e+000	5.90172278e-006	-5.90068592e-006	1.10622853e-007	
8.71556351e+000	5.93196504e-006	-5.93087448e-006	1.13741392e-007	
8.81574240e+000	5.96220839e-006	-5.96106305e-006	1.16859931e-007	
8.91592129e+000	5.99807476e-006	-5.99687907e-006	1.19759467e-007	
9.01610018e+000	6.04535248e-006	-6.04411140e-006	1.22490675e-007	
9.11627907e+000	6.07916427e-006	-6.07784148e-006	1.26811800e-007	
9.21645796e+000	6.09253604e-006	-6.09110217e-006	1.32173464e-007	
9.31663685e+000	6.09686690e-006	-6.09532456e-006	1.37129767e-007	
9.41681574e+000	6.09655718e-006	-6.09490608e-006	1.41877932e-007	
9.51699463e+000	6.09625118e-006	-6.09448761e-006	1.46626097e-007	
9.61717352e+000	6.09594888e-006	-6.09406913e-006	1.51374262e-007	
9.71735242e+000	6.08412367e-006	-6.08211567e-006	1.56300482e-007	
9.81753131e+000	6.06065466e-006	-6.05850500e-006	1.61406644e-007	
9.91771020e+000	6.06251320e-006	-6.06016216e-006	1.68821932e-007	
1.00178891e+001	6.06783924e-006	-6.06527017e-006	1.76552579e-007	
1.01180680e+001	6.06663354e-006	-6.06383059e-006	1.84393746e-007	
1.02182469e+001	5.90644020e-006	-5.90322297e-006	1.94921604e-007	
1.03184258e+001	5.74628927e-006	-5.74261534e-006	2.05449461e-007	
1.04186047e+001	5.59001640e-006	-5.58567756e-006	2.20203306e-007	
1.05187835e+001	5.43889139e-006	-5.43357062e-006	2.40520047e-007	
1.06189624e+001	5.28790074e-006	-5.28146367e-006	2.60836788e-007	
1.07191413e+001	4.93130917e-006	-4.92325000e-006	2.81814886e-007	
1.08193202e+001	4.50816117e-006	-4.49774213e-006	3.06321455e-007	
1.09194991e+001	3.97249915e-006	-3.95709910e-006	3.49451298e-007	
1.10196780e+001	3.18888883e-006	-3.16490296e-006	3.90385989e-007	
1.11198569e+001	2.22245861e-006	-2.17640913e-006	4.50072843e-007	
1.12200358e+001	1.07838050e-006	-9.47287569e-007	5.15316182e-007	
1.13202147e+001	9.86406784e-007	8.00372483e-007	5.76543348e-007	
1.14203936e+001	2.46032387e-006	2.39045437e-006	5.82169600e-007	
1.15205725e+001	3.64662087e-006	3.61467200e-006	4.81653567e-007	
1.16207513e+001	4.65428948e-006	4.64742498e-006	2.52688705e-007	
1.17209302e+001	4.57125027e-006	4.57124917e-006	3.16167599e-009	
1.18211091e+001	4.57121201e-006	4.56935275e-006	-1.30363551e-007	
1.19212880e+001	4.31104170e-006	4.30741570e-006	-1.76778187e-007	
1.20214669e+001	4.15906222e-006	4.15429299e-006	-1.99118758e-007	
1.21216458e+001	4.03381163e-006	4.02884743e-006	-2.00061619e-007	
1.22218247e+001	3.95831126e-006	3.95350199e-006	-1.95064246e-007	
1.23220036e+001	3.96623406e-006	3.96149304e-006	-1.93869787e-007	
1.24221825e+001	4.02892355e-006	4.02441480e-006	-1.90553131e-007	
1.25223614e+001	4.13404312e-006	4.12968225e-006	-1.89834282e-007	
1.26225403e+001	4.30745183e-006	4.30329490e-006	-1.89193643e-007	
1.27227191e+001	4.54133083e-006	4.53712622e-006	-1.95374871e-007	
1.28228980e+001	4.77325303e-006	4.76901895e-006	-2.01004381e-007	
1.29230769e+001	5.10556382e-006	5.10139244e-006	-2.06342095e-007	
1.30232558e+001	5.45780187e-006	5.45356008e-006	-2.15136559e-007	
1.31234347e+001	5.88189878e-006	5.87756852e-006	-2.25657960e-007	
1.32236136e+001	6.38403565e-006	6.37962482e-006	-2.37272681e-007	
1.33237925e+001	7.00411223e-006	6.99960563e-006	-2.51215281e-007	
1.34239714e+001	7.69458139e-006	7.68992265e-006	-2.67717041e-007	
1.35241503e+001	8.51710564e-006	8.51225483e-006	-2.87413092e-007	
1.36243292e+001	9.38992565e-006	9.38504906e-006	-3.02585182e-007	
1.37245081e+001	1.02728643e-005	1.02677682e-005	-3.23537714e-007	
1.38246869e+001	1.14896173e-005	1.14842348e-005	-3.51649240e-007	
1.39248658e+001	1.29346925e-005	1.29289882e-005	-3.84104153e-007	
1.40250447e+001	1.45732883e-005	1.45678305e-005	-3.98806078e-007	
1.41252236e+001	1.62817464e-005	1.62770061e-005	-3.92858299e-007	
1.42254025e+001	1.84109736e-005	1.84063910e-005	-4.10754300e-007	
1.43255814e+001	2.11228970e-005	2.11186369e-005	-4.24206450e-007	
1.44257603e+001	2.39594410e-005	2.39582828e-005	-2.35580730e-007	
1.45259392e+001	2.76733803e-005	2.76733801e-005	-3.39000750e-009	
1.46261181e+001	3.09451095e-005	3.09393463e-005	5.97205962e-007	
1.47262970e+001	3.22630084e-005	3.22161884e-005	1.73750304e-006	
1.48264758e+001	3.16847104e-005	3.14943017e-005	3.46840511e-006	
1.49266547e+001	2.68126340e-005	2.64626990e-005	4.31774327e-006	
1.50268336e+001	1.77265599e-005	1.72347664e-005	4.14653540e-006	
1.51270125e+001	7.76612810e-006	6.98454223e-006	3.39542569e-006	
1.52271914e+001	3.07848789e-006	-1.57651702e-006	2.64417885e-006	
1.53273703e+001	7.90470468e-006	-7.60463389e-006	2.15728983e-006	
1.54275492e+001	1.18156483e-005	-1.16654942e-005	1.87770874e-006	
1.55277281e+001	1.58355024e-005	-1.57550516e-005	1.59420411e-006	
1.56279070e+001	1.95145900e-005	-1.94670413e-005	1.36144263e-006	
1.57280859e+001	2.31048394e-005	-2.30754604e-005	1.16478733e-006	
1.58282648e+001	2.67014365e-005	-2.66838796e-005	9.68132042e-007	
1.59284436e+001	2.97030922e-005	-2.96919816e-005	8.12351709e-007	
1.60286225e+001	3.16159307e-005	-3.16074795e-005	7.30965611e-007	
1.61288014e+001	3.35429992e-005	-3.35366588e-005	6.52160998e-007	
1.62289803e+001	3.56798243e-005	-3.56745626e-005	6.12740058e-007	
1.63291592e+001	3.78168124e-005	-3.78124663e-005	5.73319118e-007	
1.64293381e+001	3.99539374e-005	-3.99503701e-005	5.33898178e-007	
1.65295170e+001	4.20911784e-005	-4.20882738e-005	4.94477238e-007	
1.66296959e+001	4.46207382e-005	-4.46186165e-005	4.35133061e-007	
1.67298748e+001	4.71179035e-005	-4.71163010e-005	3.88599491e-007	
1.68300537e+001	4.93117392e-005	-4.93104295e-005	3.59392085e-007	
1.69302326e+001	5.13708366e-005	-5.13697543e-005	3.33464887e-007	
1.70304114e+001	5.34299642e-005	-5.34290791e-005	3.07537688e-007	
1.71305903e+001	5.54891185e-005	-5.54884039e-005	2.81610490e-007	
1.72307692e+001	5.81229727e-005	-5.81224180e-005	2.53933327e-007	
1.73309481e+001	6.12926724e-005	-6.12922608e-005	2.24624533e-007	
1.74311270e+001	6.44623995e-005	-6.44621036e-005	1.95315739e-007	
1.75313059e+001	6.73057283e-005	-6.73055137e-005	1.69994079e-007	
1.76314848e+001	6.96268472e-005	-6.96266833e-005	1.51051201e-007	
1.77316637e+001	7.25124735e-005	-7.25123688e-005	1.23251666e-007	
1.78318426e+001	7.57361942e-005	-7.57361405e-005	9.01479134e-008	
1.79320215e+001	7.90011058e-005	-7.90010842e-005	5.84702448e-008	
1.80322004e+001	8.23117078e-005	-8.23117029e-005	2.83746355e-008	
1.81323792e+001	8.56223217e-005	-8.56223217e-005	-1.72097384e-009	
1.82325581e+001	8.91463781e-005	-8.91463711e-005	-3.53960500e-008	
1.83327370e+001	9.45337753e-005	-9.45337221e-005	-1.00320748e-007	
1.84329159e+001	9.99212098e-005	-9.99210731e-005	-1.65245446e-007	
1.85330948e+001	1.05308676e-004	-1.05308424e-004	-2.30170143e-007	
1.86332737e+001	1.10696168e-004	-1.10695775e-004	-2.95094841e-007	
1.87334526e+001	1.16083684e-004	-1.16083126e-004	-3.60019539e-007	
1.88336315e+001	1.22032782e-004	-1.22032025e-004	-4.29776806e-007	
1.89338104e+001	1.28085852e-004	-1.28084894e-004	-4.95473523e-007	
1.90339893e+001	1.34138937e-004	-1.34137763e-004	-5.61170239e-007	
1.91341682e+001	1.40192033e-004	-1.40190632e-004	-6.26866956e-007	
1.92343470e+001	1.46245141e-004	-1.46243501e-004	-6.92563672e-007	
1.93345259e+001	1.52298257e-004	-1.52296370e-004	-7.58260388e-007	
1.94347048e+001	1.59536468e-004	-1.59534282e-004	-8.35111337e-007	
1.95348837e+001	1.71518023e-004	-1.71515355e-004	-9.56607338e-007	
1.96350626e+001	1.83499596e-004	-1.83496429e-004	-1.07810334e-006	
1.97352415e+001	1.93533179e-004	-1.93529594e-004	-1.17794585e-006	
1.98354204e+001	2.03513280e-004	-2.03509747e-004	-1.19909284e-006	
1.99355993e+001	2.14388239e-004	-2.14386053e-004	-9.68046669e-007	
2.00357782e+001	2.25263565e-004	-2.25262360e-004	-7.37000495e-007	
2.01359571e+001	2.36139208e-004	-2.36138666e-004	-5.05954321e-007	
2.02361360e+001	2.48069761e-004	-2.48069612e-004	-2.72378554e-007	
2.03363148e+001	2.58636894e-004	-2.58636889e-004	5.34457227e-008	
2.04364937e+001	2.68061757e-004	-2.68061564e-004	3.21261012e-007	
2.05366726e+001	2.77486865e-004	-2.77486240e-004	5.89076301e-007	
2.06368515e+001	2.86912196e-004	-2.86910916e-004	8.56891590e-007	
2.07370304e+001	2.94674480e-004	-2.94672318e-004	1.12873029e-006	
2.08372093e+001	3.00101626e-004	-3.00098332e-004	1.40621823e-006	
2.09373882e+001	3.05528985e-004	-3.05524346e-004	1.68370617e-006	
2.10375671e+001	3.10889781e-004	-3.10883714e-004	1.94225210e-006	
2.11377460e+001	3.13842469e-004	-3.13835788e-004	2.04789950e-006	
2.12379249e+001	3.17395707e-004	-3.17388165e-004	2.18796263e-006	
2.13381038e+001	3.20948986e-004	-3.20940542e-004	2.32802576e-006	
2.14382826e+001	3.24130206e-004	-3.24120922e-004	2.45318420e-006	
2.15384615e+001	3.24367533e-004	-3.24358201e-004	2.46042247e-006	
2.16386404e+001	3.24627486e-004	-3.24618098e-004	2.46883762e-006	
2.17388193e+001	3.24089314e-004	-3.24080069e-004	2.44796982e-006	
2.18389982e+001	3.22816512e-004	-3.22807577e-004	2.40189868e-006	
2.19391771e+001	3.21543715e-004	-3.21535084e-004	2.35582754e-006	
2.20393560e+001	3.16773108e-004	-3.16765734e-004	2.16138444e-006	
2.21395349e+001	3.11818978e-004	-3.11812823e-004	1.95915286e-006	
2.22397138e+001	3.06864942e-004	-3.06859912e-004	1.75692129e-006	
2.23398927e+001	3.01588623e-004	-3.01584461e-004	1.58443048e-006	
2.24400716e+001	2.94398752e-004	-2.94395957e-004	1.28273169e-006	
2.25402504e+001	2.86741062e-004	-2.86739499e-004	9.46702453e-007	
2.26404293e+001	2.79083710e-004	-2.79083042e-004	6.10673218e-007	
2.27406082e+001	2.69020959e-004	-2.69020823e-004	2.70070939e-007	
2.28407871e+001	2.57459802e-004	-2.57459791e-004	-7.33803930e-008	
2.29409660e+001	2.45899113e-004	-2.45898760e-004	-4.16831725e-007	
2.30411449e+001	2.35043523e-004	-2.35042401e-004	-7.26324916e-007	
2.31413238e+001	2.26591687e-004	-2.26590275e-004	-7.99839986e-007	
2.32415027e+001	2.16097024e-004	-2.16095339e-004	-8.53366483e-007	
2.33416816e+001	2.05037499e-004	-2.05035460e-004	-9.14460064e-007	
2.34418605e+001	1.93978034e-004	-1.93975581e-004	-9.75553645e-007	
2.35420394e+001	1.83500036e-004	-1.83497307e-004	-1.00073486e-006	
2.36422182e+001	1.74442763e-004	-1.74440240e-004	-9.38160780e-007	
2.37423971e+001	1.65385491e-004	-1.65383173e-004	-8.75586698e-007	
2.38425760e+001	1.56328220e-004	-1.56326106e-004	-8.13012616e-007	
2.39427549e+001	1.47233069e-004	-1.47231312e-004	-7.19466465e-007	
2.40429338e+001	1.39544248e-004	-1.39542822e-004	-6.30941133e-007	
2.41431127e+001	1.31789816e-004	-1.31788703e-004	-5.41502598e-007	
2.42432916e+001	1.23937159e-004	-1.23936340e-004	-4.50697028e-007	
2.43434705e+001	1.16084535e-004	-1.16083977e-004	-3.59891458e-007	
2.44436494e+001	1.09078000e-004	-1.09077622e-004	-2.86958937e-007	
2.45438283e+001	1.04052367e-004	-1.04052119e-004	-2.27184351e-007	
2.46440072e+001	9.90267579e-005	-9.90266164e-005	-1.67409764e-007	
2.47441860e+001	9.40011751e-005	-9.40011135e-005	-1.07635177e-007	
2.48443649e+001	8.89756235e-005	-8.89756106e-005	-4.78605909e-008	
2.49445438e+001	8.41868541e-005	-8.41868541e-005	2.11812666e-009	
2.50447227e+001	8.05051306e-005	-8.05051220e-005	3.70971658e-008	
2.51449016e+001	7.68983770e-005	-7.68983434e-005	7.19479071e-008	
2.52450805e+001	7.32916425e-005	-7.32915647e-005	1.06798648e-007	
2.53452594e+001	6.96849300e-005	-6.96847860e-005	1.41649390e-007	
2.54454383e+001	6.60782431e-005	-6.60780074e-005	1.76500131e-007	
2.55456172e+001	6.26198211e-005	-6.26194764e-005	2.07763437e-007	
2.56457961e+001	5.93934383e-005	-5.93929652e-005	2.37061972e-007	
2.57459750e+001	5.64611728e-005	-5.64605446e-005	2.66351234e-007	
2.58461538e+001	5.35289404e-005	-5.35281240e-005	2.95640496e-007	
2.59463327e+001	5.05474859e-005	-5.05464388e-005	3.25361942e-007	
2.60465116e+001	4.73539992e-005	-4.73526539e-005	3.56944077e-007	
2.61466905e+001	4.41605783e-005	-4.41588691e-005	3.88526212e-007	
2.62468694e+001	4.10120807e-005	-4.10099343e-005	4.19579790e-007	
2.63470483e+001	3.83069053e-005	-3.83043029e-005	4.46511654e-007	
2.64472272e+001	3.52746808e-005	-3.52713592e-005	4.84069371e-007	
2.65474061e+001	3.21261618e-005	-3.21218883e-005	5.23988498e-007	
2.66475850e+001	2.89861773e-005	-2.89806956e-005	5.63699832e-007	
2.67477639e+001	2.60096256e-005	-2.60027200e-005	5.99314271e-007	
2.68479428e+001	2.31106246e-005	-2.31018610e-005	6.36385363e-007	
2.69481216e+001	2.00066802e-005	-1.99948403e-005	6.88196450e-007	
2.70483005e+001	1.69040251e-005	-1.68878196e-005	7.40007537e-007	
2.71484794e+001	1.38035284e-005	-1.37807989e-005	7.91818624e-007	
2.72486583e+001	1.07070656e-005	-1.06737783e-005	8.43629712e-007	
2.73488372e+001	8.15133101e-006	-8.10429027e-006	8.74457775e-007	
2.74490161e+001	5.81536103e-006	-5.74539345e-006	8.99376459e-007	
2.75491950e+001	3.50120618e-006	-3.37557788e-006	9.29472275e-007	
2.76493739e+001	1.39008228e-006	-1.00576231e-006	9.59568091e-007	
2.77495528e+001	1.68525249e-006	1.36405327e-006	9.89663906e-007	
2.78497317e+001	3.87061835e-006	3.73386884e-006	1.01975972e-006	
2.79499106e+001	5.30301906e-006	5.20717685e-006	1.00365351e-006	
2.80500894e+001	6.59570586e-006	6.52260334e-006	9.79276025e-007	
2.81502683e+001	7.89598270e-006	7.83802982e-006	9.54898543e-007	
2.82504472e+001	8.79760745e-006	8.74916051e-006	9.22001748e-007	
2.83506261e+001	7.10145202e-006	7.05229153e-006	8.34149236e-007	
2.84508050e+001	5.40717204e-006	5.35542255e-006	7.46296724e-007	
2.85509839e+001	3.94486818e-006	3.88787987e-006	6.68113076e-007	
2.86511628e+001	3.34840096e-006	3.28750796e-006	6.35673186e-007	
2.87513417e+001	2.35860033e-006	2.28113789e-006	5.99504322e-007	
2.88515206e+001	1.31013800e-006	1.18417870e-006	5.60519736e-007	
2.89516995e+001	6.10467381e-007	-3.38060354e-007	5.08316456e-007	
2.90518784e+001	1.48555365e-006	-1.40362994e-006	4.86510686e-007	
2.91520572e+001	2.25724745e-006	-2.20930778e-006	4.62736622e-007	
2.92522361e+001	2.99811633e-006	-2.96592700e-006	4.38153537e-007	
2.93524150e+001	3.74544937e-006	-3.72254623e-006	4.13570453e-007	
2.94525939e+001	4.56198304e-006	-4.54515603e-006	3.91466412e-007	
2.95527728e+001	5.58944776e-006	-5.57670492e-006	3.77211515e-007	
2.96529517e+001	6.18401714e-006	-6.17323801e-006	3.64966383e-007	
2.97531306e+001	6.51306824e-006	-6.50344340e-006	3.53951680e-007	
2.98533095e+001	6.85182477e-006	-6.84331411e-006	3.41401212e-007	
2.99534884e+001	7.19346813e-006	-7.18596769e-006	3.28408559e-007	
3.00536673e+001	7.50558872e-006	-7.49893790e-006	3.15899290e-007	
3.01538462e+001	7.61552094e-006	-7.60934302e-006	3.06688733e-007	
3.02540250e+001	7.72547763e-006	-7.71974814e-006	2.97478176e-007	
3.03542039e+001	7.85428151e-006	-7.84899490e-006	2.88126841e-007	
3.04543828e+001	8.02793830e-006	-8.02310666e-006	2.78483107e-007	
3.05545617e+001	8.09627333e-006	-8.09176122e-006	2.70263262e-007	
3.06547406e+001	8.16462201e-006	-8.16041578e-006	2.62043416e-007	
3.07549195e+001	8.23929434e-006	-8.23539065e-006	2.53598020e-007	
3.08550984e+001	8.29635519e-006	-8.29272411e-006	2.45430741e-007	
3.09552773e+001	8.29486753e-006	-8.29142595e-006	2.38920504e-007	
3.10554562e+001	8.29338492e-006	-8.29012779e-006	2.32410268e-007	
3.11556351e+001	8.29525356e-006	-8.29217776e-006	2.25875187e-007	
3.12558140e+001	8.30103105e-006	-8.29813347e-006	2.19311126e-007	
3.13559928e+001	8.28662154e-006	-8.28388077e-006	2.13110224e-007	
3.14561717e+001	8.24215878e-006	-8.23953786e-006	2.07839400e-007	
3.15563506e+001	8.19769811e-006	-8.19519495e-006	2.02568576e-007	
3.16565295e+001	8.15323957e-006	-8.15085205e-006	1.97297752e-007	
3.17567084e+001	8.10878319e-006	-8.10650914e-006	1.92026928e-007	
3.18568873e+001	8.05316379e-006	-8.05098940e-006	1.87127130e-007	
3.19570662e+001	7.98327142e-006	-7.98120156e-006	1.81780810e-007	
3.20572451e+001	7.90971655e-006	-7.90775520e-006	1.76135050e-007	
3.21574240e+001	7.83616371e-006	-7.83430885e-006	1.70489289e-007	
3.22576029e+001	7.76041000e-006	-7.75863715e-006	1.65870404e-007	
3.23577818e+001	7.67924548e-006	-7.67753950e-006	1.61859326e-007	
3.24579606e+001	7.58443021e-006	-7.58277959e-006	1.58225564e-007	
3.25581395e+001	7.50299060e-006	-7.50139927e-006	1.54521786e-007	
3.26583184e+001	7.42640624e-006	-7.42487517e-006	1.50792596e-007	
3.27584973e+001	7.34650744e-006	-7.34503508e-006	1.47075649e-007	
3.28586762e+001	7.26077036e-006	-7.25935454e-006	1.43380266e-007	
3.29588551e+001	7.17693965e-006	-7.17557617e-006	1.39890544e-007	
3.30590340e+001	7.10004521e-006	-7.09872045e-006	1.37149289e-007	
3.31592129e+001	7.02272953e-006	-7.02144349e-006	1.34392956e-007	
3.32593918e+001	6.93940332e-006	-6.93815874e-006	1.31421588e-007	
3.33595707e+001	6.85623258e-006	-6.85502894e-006	1.28465421e-007	
3.34597496e+001	6.77307322e-006	-6.77190919e-006	1.25565624e-007	
3.35599284e+001	6.68593140e-006	-6.68480467e-006	1.22740271e-007	
3.36601073e+001	6.59878980e-006	-6.59770015e-006	1.19914919e-007	
3.37602862e+001	6.51176731e-006	-6.51070695e-006	1.17509910e-007	
3.38604651e+001	6.42475263e-006	-6.42372096e-006	1.15132132e-007	
3.39606440e+001	6.33723896e-006	-6.33623625e-006	1.12729129e-007	
3.40608229e+001	6.25221287e-006	-6.25123933e-006	1.10329480e-007	
3.41610018e+001	6.16387416e-006	-6.16293399e-006	1.07653285e-007	
3.42611807e+001	6.07553565e-006	-6.07462865e-006	1.04977090e-007	
3.43613596e+001	5.99026334e-006	-5.98938286e-006	1.02702570e-007	
3.44615385e+001	5.90832864e-006	-5.90746760e-006	1.00865302e-007	
3.45617174e+001	5.82639397e-006	-5.82555235e-006	9.90280344e-008	
3.46618962e+001	5.74446133e-006	-5.74363950e-006	9.71662787e-008	
3.47620751e+001	5.66253600e-006	-5.66173542e-006	9.52152925e-008	
3.48622540e+001	5.58203154e-006	-5.58125119e-006	9.33339444e-008	
3.49624329e+001	5.50798578e-006	-5.50722124e-006	9.17691532e-008	
3.50626118e+001	5.43394005e-006	-5.43319129e-006	9.02043619e-008	
3.51627907e+001	5.36123268e-006	-5.36049982e-006	8.86430692e-008	
3.52629696e+001	5.29032912e-006	-5.28961229e-006	8.70864916e-008	
3.53631485e+001	5.21880542e-006	-5.21810449e-006	8.55304431e-008	
3.54633274e+001	5.13892458e-006	-5.13823831e-006	8.39815260e-008	
3.55635063e+001	5.06055740e-006	-5.05988353e-006	8.25820630e-008	
3.56636852e+001	4.98452668e-006	-4.98386177e-006	8.14132986e-008	
3.57638640e+001	4.90805649e-006	-4.90740113e-006	8.02042238e-008	
3.58640429e+001	4.82887864e-006	-4.82823652e-006	7.87467939e-008	
3.59642218e+001	4.75240010e-006	-4.75176942e-006	7.74214685e-008	
3.60644007e+001	4.67839466e-006	-4.67777429e-006	7.61861113e-008	
3.61645796e+001	4.61120502e-006	-4.61059269e-006	7.51450019e-008	
3.62647585e+001	4.54401537e-006	-4.54341109e-006	7.41038925e-008	
3.63649374e+001	4.47532445e-006	-4.47472688e-006	7.31319489e-008	
3.64651163e+001	4.40585117e-006	-4.40525962e-006	7.21960499e-008	
3.65652952e+001	4.33637791e-006	-4.33579235e-006	7.12601508e-008	
3.66654741e+001	4.26690465e-006	-4.26632509e-006	7.03242518e-008	
3.67656530e+001	4.19824284e-006	-4.19766944e-006	6.93844296e-008	
3.68658318e+001	4.13029327e-006	-4.12972625e-006	6.84365813e-008	
3.69660107e+001	4.06277152e-006	-4.06221077e-006	6.74988321e-008	
3.70661896e+001	3.99550205e-006	-3.99494749e-006	6.65670381e-008	
3.71663685e+001	3.92823259e-006	-3.92768422e-006	6.56352442e-008	
3.72665474e+001	3.86285114e-006	-3.86230717e-006	6.48247865e-008	
3.73667263e+001	3.80371552e-006	-3.80317443e-006	6.41560225e-008	
3.74669052e+001	3.74457992e-006	-3.74404169e-006	6.34872584e-008	
3.75670841e+001	3.68544435e-006	-3.68490894e-006	6.28184943e-008	
3.76672630e+001	3.62630882e-006	-3.62577620e-006	6.21497302e-008	
3.77674419e+001	3.56717331e-006	-3.56664346e-006	6.14809662e-008	
3.78676208e+001	3.51037038e-006	-3.50984096e-006	6.09646186e-008	
3.79677996e+001	3.45534135e-006	-3.45481053e-006	6.05641788e-008	
3.80679785e+001	3.40031240e-006	-3.39978010e-006	6.01637391e-008	
3.81681574e+001	3.34329851e-006	-3.34276371e-006	5.97970950e-008	
3.82683363e+001	3.27935553e-006	-3.27881483e-006	5.95484230e-008	
3.83685152e+001	3.21541280e-006	-3.21486594e-006	5.92997510e-008	
3.84686941e+001	3.15444099e-006	-3.15388791e-006	5.90675474e-008	
3.85688730e+001	3.09606173e-006	-3.09550237e-006	5.88497147e-008	
3.86690519e+001	3.03594907e-006	-3.03538163e-006	5.86947981e-008	
3.87692308e+001	2.96952121e-006	-2.96893961e-006	5.87690828e-008	
3.88694097e+001	2.90309401e-006	-2.90249760e-006	5.88433675e-008	
3.89695886e+001	2.83666751e-006	-2.83605558e-006	5.89176522e-008	
3.90697674e+001	2.76631195e-006	-2.76567996e-006	5.91285298e-008	
3.91699463e+001	2.69980895e-006	-2.69915413e-006	5.94587868e-008	
3.92701252e+001	2.63330714e-006	-2.63262830e-006	5.97890438e-008	
3.93703041e+001	2.56680662e-006	-2.56610247e-006	6.01193008e-008	
3.94704830e+001	2.50030748e-006	-2.49957664e-006	6.04495578e-008	
3.95706619e+001	2.42065487e-006	-2.41987544e-006	6.14235125e-008	
3.96708408e+001	2.30665245e-006	-2.30576222e-006	6.40787055e-008	
3.97710197e+001	2.19266477e-006	-2.19164901e-006	6.67338986e-008	
3.98711986e+001	2.08606045e-006	-2.08489944e-006	6.95879813e-008	
3.99713775e+001	1.99012329e-006	-1.98877607e-006	7.32151195e-008	
4.00715564e+001	1.89007056e-006	-1.88850408e-006	7.69353888e-008	
4.01717352e+001	1.79005009e-006	-1.78823208e-006	8.06556581e-008	
4.02719141e+001	1.69006762e-006	-1.68796009e-006	8.43759274e-008	
4.03720930e+001	1.53322372e-006	-1.53034401e-006	9.39264177e-008	
4.04722719e+001	1.33586730e-006	-1.33174063e-006	1.04920532e-007	
4.05724508e+001	1.09858998e-006	-1.09234161e-006	1.17003198e-007	
4.06726297e+001	8.29013452e-007	-8.18079061e-007	1.34201167e-007	
4.07728086e+001	4.24722063e-007	-3.93006348e-007	1.61042978e-007	
4.08729875e+001	1.80982393e-007	-6.32364327e-009	1.80871883e-007	
4.09731664e+001	6.09733311e-007	5.70819249e-007	2.14336408e-007	
4.10733453e+001	1.07746968e-006	1.05921053e-006	1.97519487e-007	
4.11735242e+001	1.36779100e-006	1.35967546e-006	1.48777877e-007	
4.12737030e+001	1.47348524e-006	1.47220664e-006	6.13707602e-008	
4.13738819e+001	1.38565816e-006	1.38565339e-006	-3.63323570e-009	
4.14740608e+001	1.25030170e-006	1.24995587e-006	-2.94051012e-008	
4.15742397e+001	1.07302153e-006	1.07234658e-006	-3.80527122e-008	
4.16744186e+001	9.62445911e-007	9.61470978e-007	-4.33092455e-008	
4.17745975e+001	8.31954969e-007	8.30963271e-007	-4.06092742e-008	
4.18747764e+001	7.38833562e-007	7.37879647e-007	-3.75321132e-008	
4.19749553e+001	6.63827682e-007	6.62911346e-007	-3.48674510e-008	
4.20751342e+001	6.03270877e-007	6.02308828e-007	-3.40562162e-008	
4.21753131e+001	5.42863011e-007	5.41972826e-007	-3.10757829e-008	
4.22754919e+001	4.90314076e-007	4.89471699e-007	-2.87288946e-008	
4.23756708e+001	4.39928395e-007	4.39149752e-007	-2.61627173e-008	
4.24758497e+001	4.02971997e-007	4.02236469e-007	-2.43362604e-008	
4.25760286e+001	3.74433492e-007	3.73721941e-007	-2.30727290e-008	
4.26762075e+001	3.51664389e-007	3.50969715e-007	-2.20930143e-008	
4.27763864e+001	3.32490574e-007	3.31815822e-007	-2.11717273e-008	
4.28765653e+001	3.17004366e-007	3.16368772e-007	-2.00641075e-008	
4.29767442e+001	3.05645539e-007	3.05031777e-007	-1.93600245e-008	
4.30769231e+001	3.00504722e-007	2.99881034e-007	-1.93508069e-008	
4.31771020e+001	2.97434613e-007	2.96809993e-007	-1.92659534e-008	
4.32772809e+001	2.99763695e-007	2.99134406e-007	-1.94134013e-008	
4.33774597e+001	3.03362337e-007	3.02725550e-007	-1.96455886e-008	
4.34776386e+001	3.13359368e-007	3.12690309e-007	-2.04661680e-008	
4.35778175e+001	3.30587832e-007	3.29868749e-007	-2.17927265e-008	
4.36779964e+001	3.54610051e-007	3.53832247e-007	-2.34740186e-008	
4.37781753e+001	3.81349117e-007	3.80582574e-007	-2.41672018e-008	
4.38783542e+001	4.04578977e-007	4.03866982e-007	-2.39918646e-008	
4.39785331e+001	4.43126608e-007	4.42540835e-007	-2.27771795e-008	
4.40787120e+001	4.98396613e-007	4.97964877e-007	-2.07404142e-008	
4.41788909e+001	5.52451841e-007	5.52281580e-007	-1.37147173e-008	
4.42790698e+001	5.94164465e-007	5.94155334e-007	3.29412832e-009	
4.43792487e+001	6.01541389e-007	5.99990607e-007	4.31661202e-008	
4.44794275e+001	4.89925645e-007	4.83594941e-007	7.85052268e-008	
4.45796064e+001	3.03856031e-007	2.88222333e-007	9.62100514e-008	
4.46797853e+001	9.03097951e-008	1.59041485e-008	8.88983530e-008	
4.47799642e+001	2.17790450e-007	-2.02385380e-007	8.04539526e-008	
4.48801431e+001	4.12631826e-007	-4.06808945e-007	6.90760901e-008	
4.49803220e+001	5.07126415e-007	-5.03163887e-007	6.32716582e-008	
4.50805009e+001	6.02266809e-007	-5.99518830e-007	5.74672263e-008	
4.51806798e+001	6.90192513e-007	-6.88274234e-007	5.14225922e-008	
4.52808587e+001	7.61780665e-007	-7.60295561e-007	4.75440973e-008	
4.53810376e+001	8.33461508e-007	-8.32316887e-007	4.36656025e-008	
4.54812165e+001	9.05213024e-007	-9.04338214e-007	3.97871076e-008	
4.55813953e+001	9.34456802e-007	-9.33722634e-007	3.70345577e-008	
4.56815742e+001	9.58086031e-007	-9.57467155e-007	3.44309449e-008	
4.57817531e+001	9.79958278e-007	-9.79413230e-007	3.26795229e-008	
4.58819320e+001	1.00088144e-006	-1.00038915e-006	3.13878062e-008	
4.59821109e+001	1.02180839e-006	-1.02136508e-006	3.00960895e-008	
4.60822898e+001	1.04035792e-006	-1.03995716e-006	2.88740956e-008	
4.61824687e+001	1.04348888e-006	-1.04311036e-006	2.81036588e-008	
4.62826476e+001	1.04662054e-006	-1.04626356e-006	2.73332221e-008	
4.63828265e+001	1.04975289e-006	-1.04941677e-006	2.65627854e-008	
4.64830054e+001	1.05971209e-006	-1.05939885e-006	2.57643910e-008	
4.65831843e+001	1.07188695e-006	-1.07159637e-006	2.49569265e-008	
4.66833631e+001	1.07793587e-006	-1.07766339e-006	2.42353463e-008	
4.67835420e+001	1.07516982e-006	-1.07490996e-006	2.36373347e-008	
4.68837209e+001	1.07612276e-006	-1.07587367e-006	2.31529235e-008	
4.69838998e+001	1.07913318e-006	-1.07889374e-006	2.27313576e-008	
4.70840787e+001	1.08214382e-006	-1.08191382e-006	2.23097918e-008	
4.71842576e+001	1.08515467e-006	-1.08493390e-006	2.18882260e-008	
4.72844365e+001	1.08430048e-006	-1.08408697e-006	2.15167609e-008	
4.73846154e+001	1.08264944e-006	-1.08244138e-006	2.12240288e-008	
4.74847943e+001	1.08200693e-006	-1.08180507e-006	2.08994307e-008	
4.75849732e+001	1.08136451e-006	-1.08116876e-006	2.05748327e-008	
4.76851521e+001	1.08072219e-006	-1.08053245e-006	2.02502346e-008	
4.77853309e+001	1.08009085e-006	-1.07990703e-006	1.99257700e-008	
4.78855098e+001	1.08105216e-006	-1.08087409e-006	1.96208136e-008	
4.79856887e+001	1.08103027e-006	-1.08085752e-006	1.93253332e-008	
4.80858676e+001	1.08025866e-006	-1.08009091e-006	1.90370784e-008	
4.81860465e+001	1.07948713e-006	-1.07932430e-006	1.87488236e-008	
4.82862254e+001	1.07871566e-006	-1.07855769e-006	1.84605689e-008	
4.83864043e+001	1.07794426e-006	-1.07779107e-006	1.81723141e-008	
4.84865832e+001	1.07663116e-006	-1.07648202e-006	1.79197894e-008	
4.85867621e+001	1.07406750e-006	-1.07392100e-006	1.77394026e-008	
4.86869410e+001	1.07150386e-006	-1.07135998e-006	1.75590159e-008	
4.87871199e+001	1.06894023e-006	-1.06879896e-006	1.73786291e-008	
4.88872987e+001	1.06637663e-006	-1.06623793e-006	1.71982424e-008	
4.89874776e+001	1.06381304e-006	-1.06367691e-006	1.70178556e-008	
4.90876565e+001	1.06160802e-006	-1.06147442e-006	1.68418633e-008	
4.91878354e+001	1.05944127e-006	-1.05931011e-006	1.66698304e-008	
4.92880143e+001	1.05667175e-006	-1.05654288e-006	1.65019856e-008	
4.93881932e+001	1.05396802e-006	-1.05384147e-006	1.63325142e-008	
4.94883721e+001	1.05206009e-006	-1.05193623e-006	1.61433649e-008	
4.95885510e+001	1.04962125e-006	-1.04949973e-006	1.59714283e-008	
4.96887299e+001	1.04647651e-006	-1.04635689e-006	1.58223773e-008	
4.97889088e+001	1.04364360e-006	-1.04352579e-006	1.56806835e-008	
4.98890877e+001	1.04107742e-006	-1.04096135e-006	1.55452826e-008	
4.99892665e+001	1.03850385e-006	-1.03838952e-006	1.54099477e-008	
5.00894454e+001	1.03527583e-006	-1.03516305e-006	1.52804623e-008	
5.01896243e+001	1.03216856e-006	-1.03205739e-006	1.51489261e-008	
5.02898032e+001	1.02973389e-006	-1.02962455e-006	1.50059661e-008	
5.03899821e+001	1.02729923e-006	-1.02719171e-006	1.48630061e-008	
5.04901610e+001	1.02448703e-006	-1.02438091e-006	1.47455892e-008	
5.05903399e+001	1.02161686e-006	-1.02151207e-006	1.46320951e-008	
5.06905188e+001	1.01874670e-006	-1.01864324e-006	1.45186009e-008	
5.07906977e+001	1.01592394e-006	-1.01582181e-006	1.44049190e-008	
5.08908766e+001	1.01354824e-006	-1.01344730e-006	1.43040141e-008	
5.09910555e+001	1.01113761e-006	-1.01103777e-006	1.42089573e-008	
5.10912343e+001	1.00872723e-006	-1.00862848e-006	1.41138420e-008	
5.11914132e+001	1.00632260e-006	-1.00622497e-006	1.40173729e-008	
5.12915921e+001	1.00387938e-006	-1.00378285e-006	1.39213004e-008	
5.13917710e+001	1.00146177e-006	-1.00136615e-006	1.38386957e-008	
5.14919499e+001	9.99050123e-007	-9.98955491e-007	1.37504739e-008	
5.15921288e+001	9.96638479e-007	-9.96544831e-007	1.36622522e-008	
5.16923077e+001	9.94226838e-007	-9.94134171e-007	1.35740304e-008	
5.17924866e+001	9.91815199e-007	-9.91723511e-007	1.34858086e-008	
5.18926655e+001	9.89480054e-007	-9.89389352e-007	1.33972470e-008	
5.19928444e+001	9.87538565e-007	-9.87448907e-007	1.33069362e-008	
5.20930233e+001	9.85623771e-007	-9.85535005e-007	1.32276515e-008	
5.21932021e+001	9.83750347e-007	-9.83662246e-007	1.31654571e-008	
5.22933810e+001	9.81876924e-007	-9.81789488e-007	1.31032627e-008	
5.23935599e+001	9.80003503e-007	-9.79916729e-007	1.30410682e-008	
5.24937388e+001	9.77773369e-007	-9.77687361e-007	1.29686306e-008	
5.25939177e+001	9.75751550e-007	-9.75666203e-007	1.29053189e-008	
5.26940966e+001	9.73691484e-007	-9.73606844e-007	1.28381477e-008	
5.27942755e+001	9.71603428e-007	-9.71519529e-007	1.27681519e-008	
5.28944544e+001	9.69515375e-007	-9.69432214e-007	1.26981561e-008	
5.29946333e+001	9.67873803e-007	-9.67791201e-007	1.26447355e-008	
5.30948122e+001	9.66111096e-007	-9.66029074e-007	1.25887613e-008	
5.31949911e+001	9.64347962e-007	-9.64266520e-007	1.25327740e-008	
5.32951699e+001	9.62532672e-007	-9.62451807e-007	1.24765259e-008	
5.33953488e+001	9.60702541e-007	-9.60622252e-007	1.24202035e-008	
5.34955277e+001	9.58975534e-007	-9.58895741e-007	1.23706531e-008	
5.35957066e+001	9.57848629e-007	-9.57769145e-007	1.23393586e-008	
5.36958855e+001	9.56872138e-007	-9.56792937e-007	1.23111501e-008	
5.37960644e+001	9.55895648e-007	-9.55816729e-007	1.22829417e-008	
5.38962433e+001	9.54775082e-007	-9.54696500e-007	1.22494872e-008	
5.39964222e+001	9.53634526e-007	-9.53556289e-007	1.22153049e-008	
5.40966011e+001	9.52459352e-007	-9.52381514e-007	1.21765652e-008	
5.41967800e+001	9.51226304e-007	-9.51148852e-007	1.21384785e-008	
5.42969589e+001	9.49986168e-007	-9.49909085e-007	1.21015978e-008	
5.43971377e+001	9.48746032e-007	-9.48669318e-007	1.20647171e-008	
5.44973166e+001	9.47652528e-007	-9.47576145e-007	1.20317121e-008	
5.45974955e+001	9.46773053e-007	-9.46696947e-007	1.20043641e-008	
5.46976744e+001	9.45861005e-007	-9.45785184e-007	1.19761343e-008	
5.47978533e+001	9.44778301e-007	-9.44702808e-007	1.19432847e-008	
5.48980322e+001	9.43866531e-007	-9.43791313e-007	1.19158007e-008	
5.49982111e+001	9.43302955e-007	-9.43227900e-007	1.18992462e-008	
5.50983900e+001	9.42739378e-007	-9.42664488e-007	1.18826918e-008	
5.51985689e+001	9.42237766e-007	-9.42163021e-007	1.18680595e-008	
5.52987478e+001	9.41762099e-007	-9.41687490e-007	1.18542320e-008	
5.53989267e+001	9.41286431e-007	-9.41211958e-007	1.18404045e-008	
5.54991055e+001	9.40829846e-007	-9.40755500e-007	1.18274370e-008	
5.55992844e+001	9.40628773e-007	-9.40554476e-007	1.18222767e-008	
5.56994633e+001	9.40441507e-007	-9.40367252e-007	1.18177620e-008	
5.57996422e+001	9.40373461e-007	-9.40299217e-007	1.18165174e-008	
5.58998211e+001	9.40356024e-007	-9.40281776e-007	1.18166904e-008	
5.60000000e+001	9.40319755e-007	-9.40245520e-007	1.18153858e-008	
