% Column 0: Length, cm
% Column 1: |B.t|, Tesla
% Column 2: Re[B.t], Tesla
% Column 3: Im[B.t], Tesla
0.00000000e+000	5.68488910e-006	-5.68458196e-006	5.90938416e-008	
1.00178891e-001	5.68601601e-006	-5.68570897e-006	5.90895167e-008	
2.00357782e-001	5.68640527e-006	-5.68609818e-006	5.90964814e-008	
3.00536673e-001	5.68363848e-006	-5.68333093e-006	5.91263510e-008	
4.00715564e-001	5.68249461e-006	-5.68218672e-006	5.91530346e-008	
5.00894454e-001	5.68168900e-006	-5.68138074e-006	5.91839748e-008	
6.01073345e-001	5.67894271e-006	-5.67863375e-006	5.92370276e-008	
7.01252236e-001	5.67477117e-006	-5.67446128e-006	5.93047559e-008	
8.01431127e-001	5.67030290e-006	-5.66999201e-006	5.93761980e-008	
9.01610018e-001	5.66234895e-006	-5.66203642e-006	5.94912656e-008	
1.00178891e+000	5.65439502e-006	-5.65408083e-006	5.96063333e-008	
1.10196780e+000	5.64691425e-006	-5.64659854e-006	5.97109839e-008	
1.20214669e+000	5.63944885e-006	-5.63913169e-006	5.98090792e-008	
1.30232558e+000	5.63180166e-006	-5.63148282e-006	5.99268254e-008	
1.40250447e+000	5.62608466e-006	-5.62576424e-006	6.00445524e-008	
1.50268336e+000	5.62036767e-006	-5.62004566e-006	6.01622795e-008	
1.60286225e+000	5.61312010e-006	-5.61279631e-006	6.02892824e-008	
1.70304114e+000	5.60238079e-006	-5.60205479e-006	6.04374467e-008	
1.80322004e+000	5.59164150e-006	-5.59131327e-006	6.05856111e-008	
1.90339893e+000	5.58300877e-006	-5.58267847e-006	6.07299133e-008	
2.00357782e+000	5.57232176e-006	-5.57198885e-006	6.09105105e-008	
2.10375671e+000	5.55972927e-006	-5.55939326e-006	6.11236501e-008	
2.20393560e+000	5.54711484e-006	-5.54677575e-006	6.13343051e-008	
2.30411449e+000	5.53427951e-006	-5.53393757e-006	6.15199632e-008	
2.40429338e+000	5.51978633e-006	-5.51944140e-006	6.17066712e-008	
2.50447227e+000	5.49600846e-006	-5.49565977e-006	6.19082848e-008	
2.60465116e+000	5.47683905e-006	-5.47648653e-006	6.21385777e-008	
2.70483005e+000	5.45766967e-006	-5.45731329e-006	6.23688707e-008	
2.80500894e+000	5.43850033e-006	-5.43814005e-006	6.25991636e-008	
2.90518784e+000	5.42033698e-006	-5.41997259e-006	6.28498753e-008	
3.00536673e+000	5.40285785e-006	-5.40248919e-006	6.31144742e-008	
3.10554562e+000	5.38537875e-006	-5.38500580e-006	6.33790732e-008	
3.20572451e+000	5.36789970e-006	-5.36752240e-006	6.36436722e-008	
3.30590340e+000	5.35064383e-006	-5.35026201e-006	6.39197318e-008	
3.40608229e+000	5.32232618e-006	-5.32193839e-006	6.42475174e-008	
3.50626118e+000	5.27831732e-006	-5.27792313e-006	6.45065470e-008	
3.60644007e+000	5.23430857e-006	-5.23390788e-006	6.47655767e-008	
3.70661896e+000	5.19029996e-006	-5.18989262e-006	6.50246063e-008	
3.80679785e+000	5.15398214e-006	-5.15356762e-006	6.53661112e-008	
3.90697674e+000	5.12009720e-006	-5.11967510e-006	6.57434220e-008	
4.00715564e+000	5.07441423e-006	-5.07398450e-006	6.60383960e-008	
4.10733453e+000	5.02873141e-006	-5.02829390e-006	6.63333700e-008	
4.20751342e+000	4.98304876e-006	-4.98260330e-006	6.66283440e-008	
4.30769231e+000	4.93542414e-006	-4.93497015e-006	6.69403421e-008	
4.40787120e+000	4.88012812e-006	-4.87966377e-006	6.73195868e-008	
4.50805009e+000	4.81724985e-006	-4.81677442e-006	6.76778645e-008	
4.60822898e+000	4.74116188e-006	-4.74067421e-006	6.79996140e-008	
4.70840787e+000	4.66510760e-006	-4.66460748e-006	6.83080354e-008	
4.80858676e+000	4.59379380e-006	-4.59328334e-006	6.84807858e-008	
4.90876565e+000	4.52713035e-006	-4.52660907e-006	6.86991285e-008	
5.00894454e+000	4.46317041e-006	-4.46263823e-006	6.89208329e-008	
5.10912343e+000	4.39921079e-006	-4.39866740e-006	6.91425373e-008	
5.20930233e+000	4.32636402e-006	-4.32580548e-006	6.95162642e-008	
5.30948122e+000	4.22047656e-006	-4.21990281e-006	6.95891913e-008	
5.40966011e+000	4.10978696e-006	-4.10919765e-006	6.95953496e-008	
5.50983900e+000	3.99909822e-006	-3.99849249e-006	6.96015079e-008	
5.61001789e+000	3.88841042e-006	-3.88778734e-006	6.96076662e-008	
5.71019678e+000	3.77840225e-006	-3.77775947e-006	6.96916916e-008	
5.81037567e+000	3.60962016e-006	-3.60895215e-006	6.94409559e-008	
5.91055456e+000	3.45970769e-006	-3.45901751e-006	6.91024435e-008	
6.01073345e+000	3.31253133e-006	-3.31181779e-006	6.87512109e-008	
6.11091234e+000	3.14527750e-006	-3.14454273e-006	6.79821870e-008	
6.21109123e+000	2.96793478e-006	-2.96717836e-006	6.70031927e-008	
6.31127013e+000	2.79059515e-006	-2.78981399e-006	6.60241985e-008	
6.41144902e+000	2.61368360e-006	-2.61287388e-006	6.50538484e-008	
6.51162791e+000	2.44201179e-006	-2.44116800e-006	6.41901438e-008	
6.61180680e+000	2.27034547e-006	-2.26946212e-006	6.33264392e-008	
6.71198569e+000	2.07511505e-006	-2.07420032e-006	6.16075773e-008	
6.81216458e+000	1.86319022e-006	-1.86223039e-006	5.97977422e-008	
6.91234347e+000	1.64315318e-006	-1.64212356e-006	5.81601714e-008	
7.01252236e+000	1.42313962e-006	-1.42201672e-006	5.65226006e-008	
7.11270125e+000	1.14783751e-006	-1.14659622e-006	5.33672516e-008	
7.21288014e+000	8.77911648e-007	-8.76426667e-007	5.10407584e-008	
7.31305903e+000	5.46655884e-007	-5.44511663e-007	4.83704913e-008	
7.41323792e+000	2.11925316e-007	-2.06844972e-007	4.61248006e-008	
7.51341682e+000	1.85384154e-007	1.81838405e-007	3.60843277e-008	
7.61359571e+000	7.13603189e-007	7.12344733e-007	4.23614572e-008	
7.71377460e+000	1.59803709e-006	1.59675778e-006	6.39306782e-008	
7.81395349e+000	4.67963316e-006	4.61909062e-006	7.50312179e-007	
7.91413238e+000	2.61135514e-006	2.55458538e-006	-5.41543364e-007	
8.01431127e+000	1.64098135e-006	1.58107199e-006	-4.39353115e-007	
8.11449016e+000	1.25052953e-006	1.20748702e-006	-3.25267897e-007	
8.21466905e+000	9.95855584e-007	9.62019616e-007	-2.57384152e-007	
8.31484794e+000	9.30452633e-007	9.03365886e-007	-2.22872558e-007	
8.41502683e+000	7.22960507e-007	6.96474537e-007	-1.93894594e-007	
8.51520572e+000	6.59024413e-007	6.36756833e-007	-1.69864394e-007	
8.61538462e+000	6.45405946e-007	6.25988941e-007	-1.57119959e-007	
8.71556351e+000	5.99375014e-007	5.80172314e-007	-1.50500810e-007	
8.81574240e+000	5.97279223e-007	5.82912688e-007	-1.30212399e-007	
8.91592129e+000	5.22198797e-007	5.05314774e-007	-1.31713945e-007	
9.01610018e+000	4.92574269e-007	4.76631010e-007	-1.24307244e-007	
9.11627907e+000	5.29088013e-007	5.14824965e-007	-1.22022051e-007	
9.21645796e+000	5.00766929e-007	4.85788917e-007	-1.21559226e-007	
9.31663685e+000	5.52912490e-007	5.39308022e-007	-1.21897822e-007	
9.41681574e+000	5.96547752e-007	5.84728302e-007	-1.18161050e-007	
9.51699463e+000	5.78752277e-007	5.59658832e-007	-1.47431986e-007	
9.61717352e+000	6.39146097e-007	6.18051790e-007	-1.62848759e-007	
9.71735242e+000	6.75576815e-007	6.45425661e-007	-1.99573921e-007	
9.81753131e+000	9.12306890e-007	8.85704500e-007	-2.18703911e-007	
9.91771020e+000	1.47403402e-006	1.47372253e-006	-3.03017170e-008	
1.00178891e+001	9.02961470e-007	9.02167411e-007	-3.78599932e-008	
1.01180680e+001	7.74016202e-007	7.72468295e-007	-4.89266286e-008	
1.02182469e+001	7.82003867e-007	7.80591076e-007	-4.69853106e-008	
1.03184258e+001	8.35046019e-007	8.33766562e-007	-4.62079575e-008	
1.04186047e+001	9.13958769e-007	9.12810194e-007	-4.58059192e-008	
1.05187835e+001	9.80990077e-007	9.79936365e-007	-4.54560349e-008	
1.06189624e+001	1.04123352e-006	1.04027015e-006	-4.47800274e-008	
1.07191413e+001	1.10485866e-006	1.10397749e-006	-4.41177367e-008	
1.08193202e+001	1.16211475e-006	1.16123481e-006	-4.52152012e-008	
1.09194991e+001	1.21091295e-006	1.20991168e-006	-4.92329484e-008	
1.10196780e+001	1.29560708e-006	1.29442470e-006	-5.53389776e-008	
1.11198569e+001	1.38580892e-006	1.38441914e-006	-6.20485188e-008	
1.12200358e+001	1.49375654e-006	1.49210012e-006	-7.03264591e-008	
1.13202147e+001	1.68592522e-006	1.68405825e-006	-7.93198498e-008	
1.14203936e+001	1.84804378e-006	1.84607978e-006	-8.51778054e-008	
1.15205725e+001	2.12634859e-006	2.12436658e-006	-9.17874619e-008	
1.16207513e+001	2.44458363e-006	2.44244879e-006	-1.02142338e-007	
1.17209302e+001	2.75875234e-006	2.75648157e-006	-1.11909996e-007	
1.18211091e+001	3.09977930e-006	3.09740702e-006	-1.21249665e-007	
1.19212880e+001	3.42424497e-006	3.42187016e-006	-1.27507654e-007	
1.20214669e+001	3.74367621e-006	3.74132204e-006	-1.32744029e-007	
1.21216458e+001	3.90062784e-006	3.89894498e-006	-1.14566983e-007	
1.22218247e+001	3.99763025e-006	3.99727248e-006	-5.34819182e-008	
1.23220036e+001	3.91673629e-006	3.91673535e-006	2.71483043e-009	
1.24221825e+001	3.67953625e-006	3.67922296e-006	4.80145835e-008	
1.25223614e+001	2.96422693e-006	2.96238462e-006	1.04492230e-007	
1.26225403e+001	2.55823959e-006	2.55391082e-006	1.48759288e-007	
1.27227191e+001	2.21435864e-006	2.20653934e-006	1.85925678e-007	
1.28228980e+001	1.78543567e-006	1.77058066e-006	2.29836206e-007	
1.29230769e+001	1.86350583e-006	1.84429707e-006	2.66874999e-007	
1.30232558e+001	1.95423761e-006	1.93121485e-006	2.99088346e-007	
1.31234347e+001	3.16597301e-006	3.14924050e-006	3.25068314e-007	
1.32236136e+001	4.88748406e-006	4.87764310e-006	3.09997122e-007	
1.33237925e+001	7.06683972e-006	7.06146218e-006	2.75636669e-007	
1.34239714e+001	1.03148562e-005	1.03115628e-005	2.60636856e-007	
1.35241503e+001	1.34128303e-005	1.34128110e-005	2.27178749e-008	
1.36243292e+001	1.55670854e-005	1.55662020e-005	-1.65838521e-007	
1.37245081e+001	1.71645057e-005	1.71605684e-005	-3.67626217e-007	
1.38246869e+001	1.86755077e-005	1.86701554e-005	-4.47083252e-007	
1.39248658e+001	2.03047423e-005	2.02984040e-005	-5.07299102e-007	
1.40250447e+001	2.22053543e-005	2.21990651e-005	-5.28458420e-007	
1.41252236e+001	2.44545966e-005	2.44483166e-005	-5.54171858e-007	
1.42254025e+001	2.68888206e-005	2.68825247e-005	-5.81838470e-007	
1.43255814e+001	2.97519671e-005	2.97456983e-005	-6.10722785e-007	
1.44257603e+001	3.34130338e-005	3.34063581e-005	-6.67884721e-007	
1.45259392e+001	3.70539149e-005	3.70473856e-005	-6.95581730e-007	
1.46261181e+001	4.17852775e-005	4.17786262e-005	-7.45522440e-007	
1.47262970e+001	4.68215193e-005	4.68155833e-005	-7.45540917e-007	
1.48264758e+001	5.21747260e-005	5.21689416e-005	-7.76893669e-007	
1.49266547e+001	6.14207635e-005	6.14156930e-005	-7.89207161e-007	
1.50268336e+001	6.93558359e-005	6.93536204e-005	-5.54359431e-007	
1.51270125e+001	8.14771806e-005	8.14770948e-005	-1.18187079e-007	
1.52271914e+001	9.01625523e-005	9.01577084e-005	9.34587048e-007	
1.53273703e+001	9.94589491e-005	9.94012176e-005	3.38828806e-006	
1.54275492e+001	9.80457053e-005	9.78306755e-005	6.48993531e-006	
1.55277281e+001	8.46396600e-005	8.42358689e-005	8.25774962e-006	
1.56279070e+001	5.79123226e-005	5.73527885e-005	8.03086276e-006	
1.57280859e+001	3.30164077e-005	3.22776131e-005	6.94542083e-006	
1.58282648e+001	8.06636398e-006	6.06836737e-006	5.31423987e-006	
1.59284436e+001	1.54092498e-005	-1.47973047e-005	4.29938977e-006	
1.60286225e+001	3.44078347e-005	-3.42594601e-005	3.19193989e-006	
1.61288014e+001	4.47205720e-005	-4.46348294e-005	2.76795214e-006	
1.62289803e+001	5.74818543e-005	-5.74377153e-005	2.25220524e-006	
1.63291592e+001	7.02620619e-005	-7.02406012e-005	1.73645834e-006	
1.64293381e+001	7.88194160e-005	-7.88058127e-005	1.46431302e-006	
1.65295170e+001	8.55305515e-005	-8.55206937e-005	1.29853347e-006	
1.66296959e+001	9.22425302e-005	-9.22355747e-005	1.13275391e-006	
1.67298748e+001	9.91082137e-005	-9.91034963e-005	9.66972204e-007	
1.68300537e+001	1.06600261e-004	-1.06597075e-004	8.24075185e-007	
1.69302326e+001	1.14140024e-004	-1.14137799e-004	7.12597832e-007	
1.70304114e+001	1.21680008e-004	-1.21678523e-004	6.01120478e-007	
1.71305903e+001	1.29220174e-004	-1.29219247e-004	4.89643125e-007	
1.72307692e+001	1.36472562e-004	-1.36472036e-004	3.78941148e-007	
1.73309481e+001	1.42929774e-004	-1.42929491e-004	2.84208954e-007	
1.74311270e+001	1.49583723e-004	-1.49583604e-004	1.88058755e-007	
1.75313059e+001	1.56237745e-004	-1.56237718e-004	9.19085551e-008	
1.76314848e+001	1.62891831e-004	-1.62891831e-004	-4.24164449e-009	
1.77316637e+001	1.69545974e-004	-1.69545944e-004	-1.00391844e-007	
1.78318426e+001	1.76200167e-004	-1.76200057e-004	-1.96542044e-007	
1.79320215e+001	1.82854405e-004	-1.82854170e-004	-2.92692243e-007	
1.80322004e+001	1.91773507e-004	-1.91773059e-004	-4.14807413e-007	
1.81323792e+001	2.02271454e-004	-2.02270715e-004	-5.46948521e-007	
1.82325581e+001	2.12877273e-004	-2.12876204e-004	-6.74904467e-007	
1.83327370e+001	2.23483135e-004	-2.23481692e-004	-8.02860412e-007	
1.84329159e+001	2.35577721e-004	-2.35575747e-004	-9.64397175e-007	
1.85330948e+001	2.50104977e-004	-2.50102189e-004	-1.18080663e-006	
1.86332737e+001	2.64632320e-004	-2.64628632e-004	-1.39721608e-006	
1.87334526e+001	2.78958947e-004	-2.78954283e-004	-1.61314630e-006	
1.88336315e+001	2.93708879e-004	-2.93702650e-004	-1.91276380e-006	
1.89338104e+001	3.12085695e-004	-3.12078028e-004	-2.18760660e-006	
1.90339893e+001	3.30486351e-004	-3.30477190e-004	-2.46075417e-006	
1.91341682e+001	3.48887063e-004	-3.48876351e-004	-2.73390173e-006	
1.92343470e+001	3.67590228e-004	-3.67576947e-004	-3.12472130e-006	
1.93345259e+001	3.92664806e-004	-3.92647555e-004	-3.68066229e-006	
1.94347048e+001	4.18752326e-004	-4.18734362e-004	-3.87875140e-006	
1.95348837e+001	4.40649881e-004	-4.40632647e-004	-3.89716808e-006	
1.96350626e+001	4.62547506e-004	-4.62530933e-004	-3.91558476e-006	
1.97352415e+001	4.84445192e-004	-4.84429218e-004	-3.93400144e-006	
1.98354204e+001	5.06342929e-004	-5.06327503e-004	-3.95241812e-006	
1.99355993e+001	5.34987820e-004	-5.34974401e-004	-3.78910796e-006	
2.00357782e+001	5.64726187e-004	-5.64719736e-004	-2.69935336e-006	
2.01359571e+001	5.94297306e-004	-5.94295445e-004	-1.48746561e-006	
2.02361360e+001	6.19934719e-004	-6.19934368e-004	-6.59089567e-007	
2.03363148e+001	6.43327021e-004	-6.43327019e-004	-4.95397969e-008	
2.04364937e+001	6.66719905e-004	-6.66719669e-004	5.60009973e-007	
2.05366726e+001	6.88114658e-004	-6.88112419e-004	1.75536079e-006	
2.06368515e+001	7.08288454e-004	-7.08280722e-004	3.30937012e-006	
2.07370304e+001	7.27441292e-004	-7.27425933e-004	4.72717882e-006	
2.08372093e+001	7.41040590e-004	-7.41019752e-004	5.55722031e-006	
2.09373882e+001	7.54872085e-004	-7.54843078e-004	6.61756858e-006	
2.10375671e+001	7.68704750e-004	-7.68666405e-004	7.67791685e-006	
2.11377460e+001	7.78664039e-004	-7.78619708e-004	8.30878478e-006	
2.12379249e+001	7.88461242e-004	-7.88409960e-004	8.99247944e-006	
2.13381038e+001	7.98258861e-004	-7.98200213e-004	9.67617410e-006	
2.14382826e+001	8.00741112e-004	-8.00680469e-004	9.85470882e-006	
2.15384615e+001	8.00603079e-004	-8.00542455e-004	9.85230714e-006	
2.16386404e+001	8.00342328e-004	-8.00281623e-004	9.85724572e-006	
2.17388193e+001	7.99903996e-004	-7.99843419e-004	9.84416679e-006	
2.18389982e+001	7.94239253e-004	-7.94183722e-004	9.39181232e-006	
2.19391771e+001	7.86085970e-004	-7.86036573e-004	8.81236530e-006	
2.20393560e+001	7.79515508e-004	-7.79470827e-004	8.34605866e-006	
2.21395349e+001	7.73963384e-004	-7.73922527e-004	7.95254450e-006	
2.22397138e+001	7.68684995e-004	-7.68647631e-004	7.57896889e-006	
2.23398927e+001	7.53665031e-004	-7.53636921e-004	6.50924642e-006	
2.24400716e+001	7.35351029e-004	-7.35332616e-004	5.20378527e-006	
2.25402504e+001	7.17038908e-004	-7.17028311e-004	3.89832413e-006	
2.26404293e+001	6.96372729e-004	-6.96366625e-004	2.91571519e-006	
2.27406082e+001	6.71453129e-004	-6.71450986e-004	1.69640551e-006	
2.28407871e+001	6.45586576e-004	-6.45586485e-004	3.43485284e-007	
2.29409660e+001	6.19722805e-004	-6.19721983e-004	-1.00943494e-006	
2.30411449e+001	5.93942710e-004	-5.93938033e-004	-2.35691947e-006	
2.31413238e+001	5.74898874e-004	-5.74890200e-004	-3.15803117e-006	
2.32415027e+001	5.45181400e-004	-5.45170158e-004	-3.50110405e-006	
2.33416816e+001	5.15464450e-004	-5.15450116e-004	-3.84417693e-006	
2.34418605e+001	4.85748121e-004	-4.85730074e-004	-4.18724981e-006	
2.35420394e+001	4.59379129e-004	-4.59357821e-004	-4.42453765e-006	
2.36422182e+001	4.36538241e-004	-4.36518357e-004	-4.16650412e-006	
2.37423971e+001	4.12765622e-004	-4.12747955e-004	-3.81898523e-006	
2.38425760e+001	3.88993043e-004	-3.88977553e-004	-3.47146635e-006	
2.39427549e+001	3.65220511e-004	-3.65207151e-004	-3.12394746e-006	
2.40429338e+001	3.45347670e-004	-3.45335736e-004	-2.87101026e-006	
2.41431127e+001	3.28319105e-004	-3.28308109e-004	-2.68705770e-006	
2.42432916e+001	3.08228126e-004	-3.08219277e-004	-2.33559568e-006	
2.43434705e+001	2.87368733e-004	-2.87362170e-004	-1.94209367e-006	
2.44436494e+001	2.71294458e-004	-2.71289598e-004	-1.62391275e-006	
2.45438283e+001	2.57284112e-004	-2.57280426e-004	-1.37719514e-006	
2.46440072e+001	2.41451888e-004	-2.41449106e-004	-1.15895637e-006	
2.47441860e+001	2.25619748e-004	-2.25617786e-004	-9.40717590e-007	
2.48443649e+001	2.11273716e-004	-2.11272411e-004	-7.42636431e-007	
2.49445438e+001	2.02743247e-004	-2.02742279e-004	-6.26585965e-007	
2.50447227e+001	1.94212818e-004	-1.94212147e-004	-5.10535500e-007	
2.51449016e+001	1.85682434e-004	-1.85682015e-004	-3.94485034e-007	
2.52450805e+001	1.77152102e-004	-1.77151883e-004	-2.78434569e-007	
2.53452594e+001	1.69695373e-004	-1.69695255e-004	-1.99861188e-007	
2.54454383e+001	1.62541276e-004	-1.62541222e-004	-1.31851732e-007	
2.55456172e+001	1.55387203e-004	-1.55387190e-004	-6.38422762e-008	
2.56457961e+001	1.48233157e-004	-1.48233157e-004	4.16717962e-009	
2.57459750e+001	1.41101689e-004	-1.41101671e-004	7.15703729e-008	
2.58461538e+001	1.33990649e-004	-1.33990577e-004	1.38425215e-007	
2.59463327e+001	1.26879650e-004	-1.26879484e-004	2.05280058e-007	
2.60465116e+001	1.18724260e-004	-1.18723939e-004	2.76082944e-007	
2.61466905e+001	1.11007759e-004	-1.11007215e-004	3.47499854e-007	
2.62468694e+001	1.03332121e-004	-1.03331264e-004	4.20914918e-007	
2.63470483e+001	9.56565905e-005	-9.56553132e-005	4.94329983e-007	
2.64472272e+001	8.79811941e-005	-8.79793622e-005	5.67745047e-007	
2.65474061e+001	8.03059708e-005	-8.03034113e-005	6.41160111e-007	
2.66475850e+001	7.26309756e-005	-7.26274603e-005	7.14575176e-007	
2.67477639e+001	6.49562891e-005	-6.49515094e-005	7.87990240e-007	
2.68479428e+001	5.75873835e-005	-5.75810097e-005	8.56771031e-007	
2.69481216e+001	4.99413675e-005	-4.99324735e-005	9.42483902e-007	
2.70483005e+001	4.19883271e-005	-4.19753779e-005	1.04272089e-006	
2.71484794e+001	3.40374776e-005	-3.40182823e-005	1.14295788e-006	
2.72486583e+001	2.60908218e-005	-2.60611866e-005	1.24319487e-006	
2.73488372e+001	1.86650397e-005	-1.86175065e-005	1.33122329e-006	
2.74490161e+001	1.19328454e-005	-1.18500595e-005	1.40317151e-006	
2.75491950e+001	4.62994767e-006	-4.38193561e-006	1.49501030e-006	
2.76493739e+001	3.53153728e-006	3.15675815e-006	1.58323514e-006	
2.77495528e+001	7.98558772e-006	7.82281376e-006	1.60411846e-006	
2.78497317e+001	1.25324821e-005	1.24268304e-005	1.62388288e-006	
2.79499106e+001	1.62286830e-005	1.61488442e-005	1.60778902e-006	
2.80500894e+001	1.77756273e-005	1.77102779e-005	1.52282077e-006	
2.81502683e+001	1.84146962e-005	1.83566581e-005	1.46086889e-006	
2.82504472e+001	1.90544598e-005	1.90030384e-005	1.39891701e-006	
2.83506261e+001	1.85455819e-005	1.84994945e-005	1.30664055e-006	
2.84508050e+001	1.45563895e-005	1.45130435e-005	1.12251658e-006	
2.85509839e+001	1.07363854e-005	1.06865091e-005	1.03368081e-006	
2.86511628e+001	6.92530730e-006	6.86050654e-006	9.45161957e-007	
2.87513417e+001	3.72913751e-006	3.62833942e-006	8.61173402e-007	
2.88515206e+001	1.73523308e-006	1.54177240e-006	7.96223412e-007	
2.89516995e+001	9.80190110e-007	-6.15803635e-007	7.62599852e-007	
2.90518784e+001	3.15501870e-006	-3.07025140e-006	7.26429144e-007	
2.91520572e+001	5.56765279e-006	-5.52469917e-006	6.90258436e-007	
2.92522361e+001	8.00591135e-006	-7.97914694e-006	6.54087728e-007	
2.93524150e+001	1.04518764e-005	-1.04335947e-005	6.17917021e-007	
2.94525939e+001	1.13023686e-005	-1.12866722e-005	5.95454670e-007	
2.95527728e+001	1.20912001e-005	-1.20775904e-005	5.73524428e-007	
2.96529517e+001	1.28803249e-005	-1.28685086e-005	5.51594186e-007	
2.97531306e+001	1.37087175e-005	-1.36984701e-005	5.29954953e-007	
2.98533095e+001	1.49869714e-005	-1.49782345e-005	5.11668330e-007	
2.99534884e+001	1.62654835e-005	-1.62579988e-005	4.93381708e-007	
3.00536673e+001	1.75441972e-005	-1.75377632e-005	4.75095085e-007	
3.01538462e+001	1.82012057e-005	-1.81954488e-005	4.57747189e-007	
3.02540250e+001	1.85718465e-005	-1.85666139e-005	4.40831657e-007	
3.03542039e+001	1.89425230e-005	-1.89377790e-005	4.23916125e-007	
3.04543828e+001	1.92934716e-005	-1.92891616e-005	4.07786213e-007	
3.05545617e+001	1.94683455e-005	-1.94642634e-005	3.98656927e-007	
3.06547406e+001	1.96432278e-005	-1.96393653e-005	3.89527640e-007	
3.07549195e+001	1.98181182e-005	-1.98144671e-005	3.80398354e-007	
3.08550984e+001	1.99640029e-005	-1.99605653e-005	3.70467240e-007	
3.09552773e+001	2.00248116e-005	-2.00216079e-005	3.58184698e-007	
3.10554562e+001	2.00686956e-005	-2.00656948e-005	3.47035834e-007	
3.11556351e+001	2.01080405e-005	-2.01052299e-005	3.36191304e-007	
3.12558140e+001	2.00509943e-005	-2.00483350e-005	3.26556693e-007	
3.13559928e+001	1.99513685e-005	-1.99488428e-005	3.17456556e-007	
3.14561717e+001	1.98517456e-005	-1.98493506e-005	3.08356418e-007	
3.15563506e+001	1.97641496e-005	-1.97618824e-005	2.99358756e-007	
3.16565295e+001	1.96786848e-005	-1.96765362e-005	2.90790529e-007	
3.17567084e+001	1.95225518e-005	-1.95204816e-005	2.84300103e-007	
3.18568873e+001	1.93604127e-005	-1.93584121e-005	2.78315058e-007	
3.19570662e+001	1.91982743e-005	-1.91963426e-005	2.72330013e-007	
3.20572451e+001	1.90400237e-005	-1.90381648e-005	2.66056218e-007	
3.21574240e+001	1.88830393e-005	-1.88812536e-005	2.59688439e-007	
3.22576029e+001	1.87158359e-005	-1.87141146e-005	2.53826643e-007	
3.23577818e+001	1.85165429e-005	-1.85148816e-005	2.48028843e-007	
3.24579606e+001	1.83056480e-005	-1.83040573e-005	2.41317510e-007	
3.25581395e+001	1.80947539e-005	-1.80932330e-005	2.34606177e-007	
3.26583184e+001	1.78838608e-005	-1.78824087e-005	2.27894844e-007	
3.27584973e+001	1.76705841e-005	-1.76691840e-005	2.22439158e-007	
3.28586762e+001	1.74571466e-005	-1.74557954e-005	2.17198013e-007	
3.29588551e+001	1.72447652e-005	-1.72434654e-005	2.11721161e-007	
3.30590340e+001	1.70323842e-005	-1.70311354e-005	2.06244310e-007	
3.31592129e+001	1.68127549e-005	-1.68115510e-005	2.01194239e-007	
3.32593918e+001	1.65941384e-005	-1.65929726e-005	1.96695915e-007	
3.33595707e+001	1.63788894e-005	-1.63777580e-005	1.92515640e-007	
3.34597496e+001	1.61636406e-005	-1.61625433e-005	1.88335364e-007	
3.35599284e+001	1.59554011e-005	-1.59543374e-005	1.84236541e-007	
3.36601073e+001	1.57297121e-005	-1.57286806e-005	1.80134098e-007	
3.37602862e+001	1.55030931e-005	-1.55020938e-005	1.76023512e-007	
3.38604651e+001	1.52764744e-005	-1.52755070e-005	1.71912927e-007	
3.39606440e+001	1.50554626e-005	-1.50545239e-005	1.68118156e-007	
3.40608229e+001	1.48431798e-005	-1.48422648e-005	1.64815058e-007	
3.41610018e+001	1.46310368e-005	-1.46301453e-005	1.61513466e-007	
3.42611807e+001	1.44322296e-005	-1.44313608e-005	1.58355685e-007	
3.43613596e+001	1.42334224e-005	-1.42325763e-005	1.55197905e-007	
3.44615385e+001	1.40410438e-005	-1.40402153e-005	1.52523887e-007	
3.45617174e+001	1.38528796e-005	-1.38520657e-005	1.50167024e-007	
3.46618962e+001	1.36465439e-005	-1.36457488e-005	1.47307704e-007	
3.47620751e+001	1.34308215e-005	-1.34300475e-005	1.44188830e-007	
3.48622540e+001	1.32195482e-005	-1.32187933e-005	1.41277810e-007	
3.49624329e+001	1.30194851e-005	-1.30187443e-005	1.38890499e-007	
3.50626118e+001	1.28290019e-005	-1.28282763e-005	1.36442803e-007	
3.51627907e+001	1.26399386e-005	-1.26392273e-005	1.34095820e-007	
3.52629696e+001	1.24508612e-005	-1.24501618e-005	1.31966949e-007	
3.53631485e+001	1.22620095e-005	-1.22613221e-005	1.29835176e-007	
3.54633274e+001	1.20702128e-005	-1.20695372e-005	1.27705882e-007	
3.55635063e+001	1.18743617e-005	-1.18736976e-005	1.25579999e-007	
3.56636852e+001	1.16785106e-005	-1.16778580e-005	1.23454117e-007	
3.57638640e+001	1.14817941e-005	-1.14811534e-005	1.21294791e-007	
3.58640429e+001	1.12911721e-005	-1.12905374e-005	1.19721076e-007	
3.59642218e+001	1.10991710e-005	-1.10985424e-005	1.18126490e-007	
3.60644007e+001	1.09071699e-005	-1.09065474e-005	1.16531904e-007	
3.61645796e+001	1.07151688e-005	-1.07145523e-005	1.14937318e-007	
3.62647585e+001	1.05441087e-005	-1.05434960e-005	1.13666700e-007	
3.63649374e+001	1.03744425e-005	-1.03738333e-005	1.12421850e-007	
3.64651163e+001	1.02047762e-005	-1.02041706e-005	1.11177001e-007	
3.65652952e+001	1.00351101e-005	-1.00345079e-005	1.09932151e-007	
3.66654741e+001	9.86544390e-006	-9.86484518e-006	1.08687302e-007	
3.67656530e+001	9.69577778e-006	-9.69518246e-006	1.07442452e-007	
3.68658318e+001	9.53161196e-006	-9.53101839e-006	1.06371252e-007	
3.69660107e+001	9.36931415e-006	-9.36872175e-006	1.05359026e-007	
3.70661896e+001	9.20701642e-006	-9.20642510e-006	1.04346800e-007	
3.71663685e+001	9.03447799e-006	-9.03388895e-006	1.03164993e-007	
3.72665474e+001	8.86143882e-006	-8.86085206e-006	1.01974893e-007	
3.73667263e+001	8.68997157e-006	-8.68938674e-006	1.00816821e-007	
3.74669052e+001	8.53468619e-006	-8.53410046e-006	9.99884789e-008	
3.75670841e+001	8.36378133e-006	-8.36319223e-006	9.92668429e-008	
3.76672630e+001	8.18221293e-006	-8.18161860e-006	9.86180576e-008	
3.77674419e+001	8.00064482e-006	-8.00004497e-006	9.79692722e-008	
3.78676208e+001	7.82391110e-006	-7.82330664e-006	9.72524133e-008	
3.79677996e+001	7.65538872e-006	-7.65478149e-006	9.64199258e-008	
3.80679785e+001	7.50770869e-006	-7.50709788e-006	9.57660451e-008	
3.81681574e+001	7.33576146e-006	-7.33513944e-006	9.55278995e-008	
3.82683363e+001	7.16381478e-006	-7.16318100e-006	9.52897538e-008	
3.83685152e+001	6.99186869e-006	-6.99122256e-006	9.50516082e-008	
3.84686941e+001	6.81992322e-006	-6.81926412e-006	9.48134625e-008	
3.85688730e+001	6.63125324e-006	-6.63056970e-006	9.52104849e-008	
3.86690519e+001	6.43715890e-006	-6.43644650e-006	9.57664945e-008	
3.87692308e+001	6.24306641e-006	-6.24232330e-006	9.63225041e-008	
3.88694097e+001	6.04897593e-006	-6.04820009e-006	9.68785137e-008	
3.89695886e+001	5.86674002e-006	-5.86591803e-006	9.82046119e-008	
3.90697674e+001	5.68841774e-006	-5.68754248e-006	9.97847697e-008	
3.91699463e+001	5.46076445e-006	-5.45979758e-006	1.02756046e-007	
3.92701252e+001	5.12315607e-006	-5.12200005e-006	1.08828359e-007	
3.93703041e+001	4.78558209e-006	-4.78420253e-006	1.14900672e-007	
3.94704830e+001	4.44805035e-006	-4.44640500e-006	1.20972985e-007	
3.95706619e+001	4.11057124e-006	-4.10860748e-006	1.27045299e-007	
3.96708408e+001	3.82303724e-006	-3.82065034e-006	1.35073007e-007	
3.97710197e+001	3.25243380e-006	-3.24864434e-006	1.56957291e-007	
3.98711986e+001	2.76107231e-006	-2.75574035e-006	1.71509177e-007	
3.99713775e+001	2.29812056e-006	-2.29076826e-006	1.83681403e-007	
4.00715564e+001	1.60396935e-006	-1.58993832e-006	2.11692714e-007	
4.01717352e+001	6.56391517e-007	-6.04196096e-007	2.56509068e-007	
4.02719141e+001	4.11797162e-007	3.11150982e-007	2.69744267e-007	
4.03720930e+001	1.62235792e-006	1.58998312e-006	3.22488605e-007	
4.04722719e+001	3.14540672e-006	3.12700298e-006	3.39758500e-007	
4.05724508e+001	3.69239474e-006	3.68584990e-006	2.19748525e-007	
4.06726297e+001	3.68254840e-006	3.68186841e-006	7.07654011e-008	
4.07728086e+001	3.43332302e-006	3.43328884e-006	-1.53197032e-008	
4.08729875e+001	2.95346747e-006	2.95299989e-006	-5.25520718e-008	
4.09731664e+001	2.58407290e-006	2.58315398e-006	-6.89077779e-008	
4.10733453e+001	2.25053533e-006	2.24936702e-006	-7.25070912e-008	
4.11735242e+001	1.98365179e-006	1.98248407e-006	-6.80538487e-008	
4.12737030e+001	1.73965623e-006	1.73847264e-006	-6.41611630e-008	
4.13738819e+001	1.52209092e-006	1.52099756e-006	-5.76819398e-008	
4.14740608e+001	1.34466139e-006	1.34364255e-006	-5.23349330e-008	
4.15742397e+001	1.19783500e-006	1.19687180e-006	-4.80269227e-008	
4.16744186e+001	1.07870081e-006	1.07778870e-006	-4.43504361e-008	
4.17745975e+001	9.93671323e-007	9.92755396e-007	-4.26546980e-008	
4.18747764e+001	9.14396285e-007	9.13455046e-007	-4.14782424e-008	
4.19749553e+001	8.42761458e-007	8.41822061e-007	-3.97805615e-008	
4.20751342e+001	7.67920353e-007	7.66987629e-007	-3.78370869e-008	
4.21753131e+001	6.99180719e-007	6.98359774e-007	-3.38718662e-008	
4.22754919e+001	6.43849591e-007	6.43242228e-007	-2.79594828e-008	
4.23756708e+001	5.70145735e-007	5.69999428e-007	-1.29155432e-008	
4.24758497e+001	4.68133457e-007	4.68125682e-007	2.69796652e-009	
4.25760286e+001	3.25227559e-007	3.24740387e-007	1.77945482e-008	
4.26762075e+001	1.87134674e-007	1.85296345e-007	2.61658358e-008	
4.27763864e+001	6.64113661e-008	5.85532556e-008	3.13366529e-008	
4.28765653e+001	5.11722073e-008	-4.11376555e-008	3.04349815e-008	
4.29767442e+001	9.60330563e-008	-9.15494188e-008	2.90008936e-008	
4.30769231e+001	1.04436246e-007	-1.00966933e-007	2.66947172e-008	
4.31771020e+001	9.82719560e-008	-9.53240166e-008	2.38895207e-008	
4.32772809e+001	4.68823282e-008	-4.26506586e-008	1.94646864e-008	
4.33774597e+001	2.15767488e-008	1.57054475e-008	1.47951008e-008	
4.34776386e+001	8.06895328e-008	8.01443599e-008	9.36388173e-009	
4.35778175e+001	1.13173116e-007	1.13055836e-007	5.15094813e-009	
4.36779964e+001	1.41735849e-007	1.41735822e-007	8.64705921e-011	
4.37781753e+001	1.59058846e-007	1.58991096e-007	-4.64195116e-009	
4.38783542e+001	1.60507809e-007	1.60341423e-007	-7.30649354e-009	
4.39785331e+001	1.52276657e-007	1.52036182e-007	-8.55450592e-009	
4.40787120e+001	1.42747429e-007	1.42455185e-007	-9.12955373e-009	
4.41788909e+001	1.31588057e-007	1.31287189e-007	-8.89328544e-009	
4.42790698e+001	1.16259348e-007	1.15982277e-007	-8.02168500e-009	
4.43792487e+001	1.05844762e-007	1.05581136e-007	-7.46574197e-009	
4.44794275e+001	9.33041526e-008	9.30522088e-008	-6.85210412e-009	
4.45796064e+001	8.46431041e-008	8.44121659e-008	-6.24830518e-009	
4.46797853e+001	7.62460538e-008	7.60367852e-008	-5.64517584e-009	
4.47799642e+001	6.73223750e-008	6.71417906e-008	-4.92769013e-009	
4.48801431e+001	6.33925171e-008	6.32325082e-008	-4.50123647e-009	
4.49803220e+001	5.92538693e-008	5.91132091e-008	-4.08038366e-009	
4.50805009e+001	5.75084607e-008	5.73897141e-008	-3.69374616e-009	
4.51806798e+001	5.61278559e-008	5.60149355e-008	-3.55854012e-009	
4.52808587e+001	5.50355411e-008	5.49205897e-008	-3.55522322e-009	
4.53810376e+001	5.35487990e-008	5.34289910e-008	-3.58005516e-009	
4.54812165e+001	5.13295066e-008	5.12023480e-008	-3.61079068e-009	
4.55813953e+001	4.96165115e-008	4.94829948e-008	-3.63750502e-009	
4.56815742e+001	4.75323301e-008	4.73913102e-008	-3.65870538e-009	
4.57817531e+001	4.61207612e-008	4.59616349e-008	-3.82788866e-009	
4.58819320e+001	4.78836936e-008	4.77047517e-008	-4.13579192e-009	
4.59821109e+001	5.78913556e-008	5.77434842e-008	-4.13510424e-009	
4.60822898e+001	9.82302249e-008	9.81229499e-008	-4.58953045e-009	
4.61824687e+001	6.15699930e-008	5.94412889e-008	-1.60498353e-008	
4.62826476e+001	5.44902855e-008	5.23859605e-008	-1.49967447e-008	
4.63828265e+001	5.67712995e-008	5.47811739e-008	-1.48997796e-008	
4.64830054e+001	5.76408201e-008	5.54990667e-008	-1.55665582e-008	
4.65831843e+001	5.94915307e-008	5.74674475e-008	-1.53861854e-008	
4.66833631e+001	6.74147860e-008	6.53969425e-008	-1.63705006e-008	
4.67835420e+001	6.47724673e-008	6.23693967e-008	-1.74794417e-008	
4.68837209e+001	7.36386333e-008	7.11513806e-008	-1.89770745e-008	
4.69838998e+001	8.60487850e-008	8.34447331e-008	-2.10088056e-008	
4.70840787e+001	9.53199248e-008	9.23975713e-008	-2.34217179e-008	
4.71842576e+001	9.80180607e-008	9.41678361e-008	-2.72021849e-008	
4.72844365e+001	1.20007475e-007	1.16728825e-007	-2.78599243e-008	
4.73846154e+001	1.19858475e-007	1.15790624e-007	-3.09610308e-008	
4.74847943e+001	1.47051127e-007	1.42342937e-007	-3.69123577e-008	
4.75849732e+001	1.82981196e-007	1.78611372e-007	-3.97504196e-008	
4.76851521e+001	2.18712418e-007	2.13503519e-007	-4.74485984e-008	
4.77853309e+001	2.51340016e-007	2.43960380e-007	-6.04577288e-008	
4.78855098e+001	3.06129679e-007	2.97118704e-007	-7.37282551e-008	
4.79856887e+001	3.57524418e-007	3.43132481e-007	-1.00418176e-007	
4.80858676e+001	6.51045990e-007	6.37429313e-007	-1.32456604e-007	
4.81860465e+001	1.18156514e-006	1.16566836e-006	1.93166889e-007	
4.82862254e+001	3.92100118e-007	3.91814763e-007	1.49564000e-008	
4.83864043e+001	1.96240370e-007	1.95728479e-007	1.41649372e-008	
4.84865832e+001	5.29537763e-008	5.16081863e-008	1.18615987e-008	
4.85867621e+001	5.68708749e-008	-5.57328402e-008	1.13202006e-008	
4.86869410e+001	1.48320289e-007	-1.47763032e-007	1.28450166e-008	
4.87871199e+001	2.16665913e-007	-2.16212834e-007	1.40045868e-008	
4.88872987e+001	2.84617549e-007	-2.84259657e-007	1.42687174e-008	
4.89874776e+001	3.52606098e-007	-3.52306481e-007	1.45328479e-008	
4.90876565e+001	4.10581603e-007	-4.10311345e-007	1.48947202e-008	
4.91878354e+001	4.64155889e-007	-4.63903668e-007	1.52995413e-008	
4.92880143e+001	5.17734225e-007	-5.17495991e-007	1.57043623e-008	
4.93881932e+001	5.75154694e-007	-5.74925198e-007	1.62461969e-008	
4.94883721e+001	6.24658532e-007	-6.24438954e-007	1.65612351e-008	
4.95885510e+001	6.68305356e-007	-6.68095229e-007	1.67574932e-008	
4.96887299e+001	7.11953393e-007	-7.11751504e-007	1.69537513e-008	
4.97889088e+001	7.55602432e-007	-7.55407779e-007	1.71500095e-008	
4.98890877e+001	8.00262882e-007	-8.00074620e-007	1.73575102e-008	
4.99892665e+001	8.46401322e-007	-8.46218701e-007	1.75814454e-008	
5.00894454e+001	8.82395219e-007	-8.82217466e-007	1.77105874e-008	
5.01896243e+001	9.15034157e-007	-9.14861082e-007	1.77962859e-008	
5.02898032e+001	9.47673425e-007	-9.47504699e-007	1.78819844e-008	
5.03899821e+001	9.80312989e-007	-9.80148315e-007	1.79676830e-008	
5.04901610e+001	1.01295282e-006	-1.01279193e-006	1.80533815e-008	
5.05903399e+001	1.04559290e-006	-1.04543555e-006	1.81390801e-008	
5.06905188e+001	1.07823320e-006	-1.07807916e-006	1.82247786e-008	
5.07906977e+001	1.10857229e-006	-1.10842167e-006	1.82740602e-008	
5.08908766e+001	1.13528301e-006	-1.13513619e-006	1.82578306e-008	
5.09910555e+001	1.16199391e-006	-1.16185071e-006	1.82416010e-008	
5.10912343e+001	1.18870496e-006	-1.18856524e-006	1.82253714e-008	
5.11914132e+001	1.21022858e-006	-1.21009158e-006	1.82099256e-008	
5.12915921e+001	1.23043558e-006	-1.23030106e-006	1.81940344e-008	
5.13917710e+001	1.24732325e-006	-1.24719145e-006	1.81325134e-008	
5.14919499e+001	1.26421100e-006	-1.26408184e-006	1.80709924e-008	
5.15921288e+001	1.28228464e-006	-1.28215759e-006	1.80500688e-008	
5.16923077e+001	1.30048239e-006	-1.30035736e-006	1.80333925e-008	
5.17924866e+001	1.31868020e-006	-1.31855712e-006	1.80167161e-008	
5.18926655e+001	1.33526638e-006	-1.33514541e-006	1.79729037e-008	
5.19928444e+001	1.34956614e-006	-1.34944704e-006	1.79288854e-008	
5.20930233e+001	1.36330462e-006	-1.36318721e-006	1.78918550e-008	
5.21932021e+001	1.37704314e-006	-1.37692738e-006	1.78548246e-008	
5.22933810e+001	1.38577044e-006	-1.38565622e-006	1.77919325e-008	
5.23935599e+001	1.39543620e-006	-1.39532342e-006	1.77411906e-008	
5.24937388e+001	1.40606662e-006	-1.40595519e-006	1.77010818e-008	
5.25939177e+001	1.41669705e-006	-1.41658696e-006	1.76609730e-008	
5.26940966e+001	1.42730251e-006	-1.42719374e-006	1.76206554e-008	
5.27942755e+001	1.43555774e-006	-1.43545005e-006	1.75830617e-008	
5.28944544e+001	1.44373973e-006	-1.44363310e-006	1.75465732e-008	
5.29946333e+001	1.45192174e-006	-1.45181615e-006	1.75100846e-008	
5.30948122e+001	1.46010375e-006	-1.45999919e-006	1.74735961e-008	
5.31949911e+001	1.46772103e-006	-1.46761747e-006	1.74345749e-008	
5.32951699e+001	1.47405159e-006	-1.47394901e-006	1.73897835e-008	
5.33953488e+001	1.48038217e-006	-1.48028056e-006	1.73449921e-008	
5.34955277e+001	1.48671276e-006	-1.48661210e-006	1.73002007e-008	
5.35957066e+001	1.49386992e-006	-1.49377017e-006	1.72631673e-008	
5.36958855e+001	1.50045803e-006	-1.50035902e-006	1.72370661e-008	
5.37960644e+001	1.50452156e-006	-1.50442310e-006	1.72121229e-008	
5.38962433e+001	1.50869581e-006	-1.50859794e-006	1.71841543e-008	
5.39964222e+001	1.51294821e-006	-1.51285096e-006	1.71540502e-008	
5.40966011e+001	1.51720061e-006	-1.51710397e-006	1.71239462e-008	
5.41967800e+001	1.52090267e-006	-1.52080657e-006	1.70964194e-008	
5.42969589e+001	1.52428547e-006	-1.52418989e-006	1.70703877e-008	
5.43971377e+001	1.52758521e-006	-1.52749007e-006	1.70489692e-008	
5.44973166e+001	1.53083574e-006	-1.53074100e-006	1.70302830e-008	
5.45974955e+001	1.53408627e-006	-1.53399194e-006	1.70115967e-008	
5.46976744e+001	1.53646453e-006	-1.53637056e-006	1.69924574e-008	
5.47978533e+001	1.53855526e-006	-1.53846164e-006	1.69731686e-008	
5.48980322e+001	1.54064600e-006	-1.54055271e-006	1.69538799e-008	
5.49982111e+001	1.54209184e-006	-1.54199880e-006	1.69392563e-008	
5.50983900e+001	1.54311170e-006	-1.54301885e-006	1.69277143e-008	
5.51985689e+001	1.54413155e-006	-1.54403889e-006	1.69161722e-008	
5.52987478e+001	1.54515141e-006	-1.54505894e-006	1.69046302e-008	
5.53989267e+001	1.54617127e-006	-1.54607898e-006	1.68930881e-008	
5.54991055e+001	1.54794248e-006	-1.54785039e-006	1.68844013e-008	
5.55992844e+001	1.54975053e-006	-1.54965865e-006	1.68758517e-008	
5.56994633e+001	1.55137219e-006	-1.55128048e-006	1.68686356e-008	
5.57996422e+001	1.55146825e-006	-1.55137657e-006	1.68662028e-008	
5.58998211e+001	1.55191779e-006	-1.55182616e-006	1.68639609e-008	
5.60000000e+001	1.55176038e-006	-1.55166875e-006	1.68636302e-008	
